Task

Reconstruct the missing event in this basketball game. Use the available numerical time-series evidence around the marked row to select the most likely event.

Game

Team A versus Team B, season 22-23.

Time Series

| Game time | Marker | Team A score | Team B score | Team A win probability | Team B win probability |
| --- | --- | --- | --- | --- | --- |
| 12:00-1st |  | 0 | 0 | 0.207 | 0.793 |
| 11:45-1st |  | 0 | 2 | 0.19 | 0.81 |
| 11:24-1st |  | 0 | 2 | 0.181 | 0.819 |
| 11:21-1st |  | 0 | 2 | 0.177 | 0.823 |
| 11:12-1st |  | 0 | 2 | 0.188 | 0.812 |
| 11:10-1st |  | 0 | 2 | 0.192 | 0.808 |
| 11:02-1st |  | 0 | 2 | 0.182 | 0.818 |
| 10:59-1st |  | 0 | 2 | 0.193 | 0.807 |
| 10:58-1st |  | 2 | 2 | 0.212 | 0.788 |
| 10:36-1st |  | 2 | 2 | 0.224 | 0.776 |
| 10:34-1st |  | 2 | 2 | 0.228 | 0.772 |
| 10:20-1st |  | 2 | 2 | 0.218 | 0.782 |
| 10:19-1st |  | 2 | 2 | 0.215 | 0.785 |
| 10:10-1st |  | 2 | 2 | 0.226 | 0.774 |
| 10:05-1st |  | 2 | 4 | 0.197 | 0.803 |
| 9:46-1st | TARGET | 5 | 4 | 0.233 | 0.767 |
| 9:27-1st |  | 5 | 6 | 0.217 | 0.783 |
| 9:11-1st |  | 7 | 6 | 0.236 | 0.764 |
| 8:56-1st |  | 7 | 8 | 0.22 | 0.78 |
| 8:45-1st |  | 7 | 8 | 0.221 | 0.779 |
| 8:31-1st |  | 7 | 8 | 0.207 | 0.793 |
| 8:29-1st |  | 7 | 8 | 0.202 | 0.798 |
| 8:22-1st |  | 7 | 8 | 0.218 | 0.782 |
| 8:20-1st |  | 7 | 8 | 0.203 | 0.797 |
| 8:13-1st |  | 7 | 8 | 0.218 | 0.782 |
| 8:11-1st |  | 7 | 8 | 0.224 | 0.776 |
| 7:52-1st |  | 7 | 8 | 0.21 | 0.79 |
| 7:50-1st |  | 7 | 8 | 0.205 | 0.795 |
| 7:41-1st |  | 7 | 10 | 0.19 | 0.81 |
| 7:31-1st |  | 9 | 10 | 0.206 | 0.794 |
| 7:16-1st |  | 9 | 12 | 0.192 | 0.808 |
| 6:56-1st |  | 9 | 12 | 0.181 | 0.819 |
| 6:55-1st |  | 9 | 12 | 0.193 | 0.807 |
| 6:54-1st |  | 9 | 12 | 0.181 | 0.819 |
| 6:48-1st |  | 9 | 12 | 0.177 | 0.823 |
| 6:41-1st |  | 9 | 14 | 0.163 | 0.837 |
| 6:34-1st |  | 9 | 14 | 0.164 | 0.836 |
| 6:29-1st |  | 9 | 14 | 0.152 | 0.848 |
| 6:26-1st |  | 9 | 14 | 0.149 | 0.851 |
| 6:20-1st |  | 9 | 14 | 0.164 | 0.836 |
| 6:19-1st |  | 9 | 14 | 0.163 | 0.837 |
| 6:15-1st |  | 9 | 14 | 0.153 | 0.847 |
| 6:08-1st |  | 11 | 14 | 0.179 | 0.821 |
| 5:54-1st |  | 11 | 16 | 0.166 | 0.834 |
| 5:34-1st |  | 11 | 16 | 0.154 | 0.846 |
| 5:31-1st |  | 11 | 16 | 0.151 | 0.849 |
| 5:28-1st |  | 11 | 16 | 0.167 | 0.833 |
| 5:23-1st |  | 14 | 16 | 0.198 | 0.802 |
| 5:05-1st |  | 14 | 18 | 0.184 | 0.816 |
| 4:52-1st |  | 14 | 18 | 0.172 | 0.828 |
| 4:49-1st |  | 14 | 18 | 0.168 | 0.832 |
| 4:39-1st |  | 14 | 20 | 0.154 | 0.846 |
| 4:12-1st |  | 14 | 20 | 0.144 | 0.856 |
| 4:10-1st |  | 14 | 20 | 0.14 | 0.86 |
| 4:00-1st |  | 14 | 22 | 0.129 | 0.871 |
| 3:46-1st |  | 16 | 22 | 0.141 | 0.859 |
| 3:29-1st |  | 16 | 24 | 0.13 | 0.87 |
| 3:15-1st |  | 16 | 24 | 0.12 | 0.88 |
| 3:06-1st |  | 16 | 24 | 0.117 | 0.883 |
| 2:57-1st |  | 16 | 24 | 0.131 | 0.869 |
| 2:44-1st |  | 18 | 24 | 0.143 | 0.857 |
| 2:31-1st |  | 18 | 27 | 0.119 | 0.881 |
| 2:08-1st |  | 20 | 27 | 0.13 | 0.87 |
| 1:59-1st |  | 20 | 27 | 0.131 | 0.869 |
| 1:42-1st |  | 20 | 27 | 0.142 | 0.858 |
| 1:41-1st |  | 20 | 27 | 0.146 | 0.854 |
| 1:27-1st |  | 20 | 27 | 0.135 | 0.865 |
| 1:24-1st |  | 20 | 27 | 0.132 | 0.868 |
| 1:19-1st |  | 20 | 27 | 0.147 | 0.853 |
| 57.0-1st |  | 20 | 27 | 0.132 | 0.868 |
| 39.1-1st |  | 20 | 27 | 0.148 | 0.852 |
| 28.1-1st |  | 20 | 27 | 0.137 | 0.863 |
| 27.0-1st |  | 20 | 27 | 0.133 | 0.867 |
| 7.1-1st |  | 20 | 27 | 0.146 | 0.854 |
| 5.0-1st |  | 20 | 27 | 0.149 | 0.851 |
| 3.1-1st |  | 20 | 29 | 0.122 | 0.878 |
| 0.0-1st |  | 20 | 29 | 0.115 | 0.885 |
| 12:00-2nd |  | 20 | 29 | 0.115 | 0.885 |
| 11:45-2nd |  | 20 | 29 | 0.112 | 0.888 |
| 11:40-2nd |  | 20 | 29 | 0.109 | 0.891 |
| 11:29-2nd |  | 20 | 29 | 0.119 | 0.881 |
| 11:27-2nd |  | 20 | 29 | 0.122 | 0.878 |
| 11:19-2nd |  | 20 | 29 | 0.113 | 0.887 |
| 11:15-2nd |  | 20 | 29 | 0.122 | 0.878 |
| 11:05-2nd |  | 20 | 29 | 0.113 | 0.887 |
| 11:02-2nd |  | 20 | 29 | 0.122 | 0.878 |
| 10:54-2nd |  | 22 | 29 | 0.136 | 0.864 |
| 10:31-2nd |  | 22 | 32 | 0.11 | 0.89 |
| 10:13-2nd |  | 22 | 32 | 0.101 | 0.899 |
| 10:09-2nd |  | 22 | 32 | 0.098 | 0.902 |
| 10:01-2nd |  | 22 | 32 | 0.11 | 0.89 |
| 9:51-2nd |  | 22 | 32 | 0.107 | 0.893 |
| 9:49-2nd |  | 22 | 32 | 0.11 | 0.89 |
| 9:42-2nd |  | 24 | 32 | 0.124 | 0.876 |
| 9:21-2nd |  | 24 | 35 | 0.099 | 0.901 |
| 9:07-2nd |  | 24 | 35 | 0.099 | 0.901 |
| 8:59-2nd |  | 27 | 35 | 0.125 | 0.875 |
| 8:42-2nd |  | 27 | 37 | 0.112 | 0.888 |
| 8:32-2nd |  | 27 | 37 | 0.098 | 0.902 |
| 8:22-2nd |  | 27 | 37 | 0.109 | 0.891 |
| 8:18-2nd |  | 27 | 39 | 0.088 | 0.912 |
| 7:49-2nd |  | 29 | 39 | 0.098 | 0.902 |
| 7:27-2nd |  | 29 | 39 | 0.113 | 0.887 |
| 7:20-2nd |  | 31 | 39 | 0.127 | 0.873 |
| 7:18-2nd |  | 31 | 39 | 0.127 | 0.873 |
| 6:58-2nd |  | 31 | 39 | 0.14 | 0.86 |
| 6:57-2nd |  | 31 | 39 | 0.144 | 0.856 |
| 6:48-2nd |  | 33 | 39 | 0.159 | 0.841 |
| 6:33-2nd |  | 33 | 41 | 0.145 | 0.855 |
| 6:24-2nd |  | 35 | 41 | 0.159 | 0.841 |
| 6:08-2nd |  | 35 | 43 | 0.146 | 0.854 |
| 5:47-2nd |  | 37 | 43 | 0.161 | 0.839 |
| 5:30-2nd |  | 37 | 46 | 0.129 | 0.871 |
| 5:09-2nd |  | 37 | 46 | 0.117 | 0.883 |
| 5:07-2nd |  | 37 | 46 | 0.113 | 0.887 |
| 4:53-2nd |  | 37 | 48 | 0.1 | 0.9 |
| 4:29-2nd |  | 37 | 48 | 0.091 | 0.909 |
| 4:28-2nd |  | 37 | 48 | 0.101 | 0.899 |
| 4:23-2nd |  | 37 | 48 | 0.091 | 0.909 |
| 4:22-2nd |  | 37 | 48 | 0.088 | 0.912 |
| 4:18-2nd |  | 37 | 48 | 0.089 | 0.911 |
| 4:01-2nd |  | 37 | 48 | 0.098 | 0.902 |
| 3:57-2nd |  | 37 | 48 | 0.102 | 0.898 |
| 3:37-2nd |  | 37 | 48 | 0.092 | 0.908 |
| 3:34-2nd |  | 37 | 48 | 0.088 | 0.912 |
| 3:21-2nd |  | 37 | 50 | 0.077 | 0.923 |
| 3:03-2nd |  | 37 | 50 | 0.068 | 0.932 |
| 3:00-2nd |  | 37 | 50 | 0.066 | 0.934 |
| 2:58-2nd |  | 37 | 50 | 0.074 | 0.926 |
| 2:54-2nd |  | 37 | 50 | 0.076 | 0.924 |
| 2:47-2nd |  | 37 | 50 | 0.068 | 0.932 |
| 2:43-2nd |  | 37 | 50 | 0.066 | 0.934 |
| 2:30-2nd |  | 37 | 52 | 0.057 | 0.943 |
| 2:17-2nd |  | 40 | 52 | 0.076 | 0.924 |
| 1:58-2nd |  | 40 | 52 | 0.086 | 0.914 |
| 1:54-2nd |  | 40 | 52 | 0.089 | 0.911 |
| 1:51-2nd |  | 40 | 52 | 0.089 | 0.911 |
| 1:41-2nd |  | 40 | 52 | 0.079 | 0.921 |
| 1:37-2nd |  | 40 | 52 | 0.076 | 0.924 |
| 1:32-2nd |  | 40 | 52 | 0.088 | 0.912 |
| 1:24-2nd |  | 40 | 52 | 0.079 | 0.921 |
| 1:21-2nd |  | 40 | 52 | 0.075 | 0.925 |
| 1:08-2nd |  | 40 | 54 | 0.066 | 0.934 |
| 54.2-2nd |  | 42 | 54 | 0.075 | 0.925 |
| 38.1-2nd |  | 42 | 57 | 0.055 | 0.945 |
| 20.1-2nd |  | 42 | 57 | 0.047 | 0.953 |
| 4.1-2nd |  | 42 | 59 | 0.04 | 0.96 |
| 0.0-2nd |  | 42 | 59 | 0.036 | 0.964 |
| 12:00-3rd |  | 42 | 59 | 0.036 | 0.964 |
| 11:49-3rd |  | 44 | 59 | 0.044 | 0.956 |
| 11:30-3rd |  | 44 | 59 | 0.051 | 0.949 |
| 11:27-3rd |  | 44 | 59 | 0.053 | 0.947 |
| 11:12-3rd |  | 46 | 59 | 0.063 | 0.937 |
| 11:03-3rd |  | 46 | 59 | 0.063 | 0.937 |
| 10:47-3rd |  | 46 | 59 | 0.069 | 0.931 |
| 10:44-3rd |  | 46 | 59 | 0.071 | 0.929 |
| 10:32-3rd |  | 49 | 59 | 0.098 | 0.902 |
| 10:11-3rd |  | 49 | 59 | 0.11 | 0.89 |
| 10:07-3rd |  | 49 | 59 | 0.114 | 0.886 |
| 9:59-3rd |  | 49 | 59 | 0.102 | 0.898 |
| 9:57-3rd |  | 49 | 59 | 0.098 | 0.902 |
| 9:55-3rd |  | 49 | 59 | 0.111 | 0.889 |
| 9:54-3rd |  | 49 | 59 | 0.101 | 0.899 |
| 9:53-3rd |  | 49 | 62 | 0.071 | 0.929 |
| 9:43-3rd |  | 49 | 62 | 0.063 | 0.937 |
| 9:39-3rd |  | 49 | 62 | 0.06 | 0.94 |
| 9:32-3rd |  | 49 | 62 | 0.071 | 0.929 |
| 9:20-3rd |  | 49 | 62 | 0.062 | 0.938 |
| 9:14-3rd |  | 49 | 62 | 0.062 | 0.938 |
| 9:13-3rd |  | 49 | 62 | 0.059 | 0.941 |
| 9:11-3rd |  | 49 | 62 | 0.067 | 0.933 |
| 9:08-3rd |  | 49 | 62 | 0.07 | 0.93 |
| 8:52-3rd |  | 49 | 62 | 0.061 | 0.939 |
| 8:49-3rd |  | 49 | 62 | 0.058 | 0.942 |
| 8:44-3rd |  | 49 | 62 | 0.06 | 0.94 |
| 8:37-3rd |  | 49 | 65 | 0.042 | 0.958 |
| 8:28-3rd |  | 51 | 65 | 0.049 | 0.951 |
| 8:12-3rd |  | 51 | 65 | 0.056 | 0.944 |
| 8:08-3rd |  | 51 | 65 | 0.059 | 0.941 |
| 7:54-3rd |  | 51 | 65 | 0.058 | 0.942 |
| 7:48-3rd |  | 51 | 65 | 0.05 | 0.95 |
| 7:47-3rd |  | 51 | 65 | 0.048 | 0.952 |
| 7:44-3rd |  | 51 | 67 | 0.04 | 0.96 |
| 7:29-3rd |  | 53 | 67 | 0.047 | 0.953 |
| 7:08-3rd |  | 53 | 68 | 0.047 | 0.953 |
| 7:06-3rd |  | 53 | 68 | 0.047 | 0.953 |
| 6:54-3rd |  | 53 | 68 | 0.04 | 0.96 |
| 6:49-3rd |  | 55 | 68 | 0.056 | 0.944 |
| 6:25-3rd |  | 55 | 71 | 0.037 | 0.963 |
| 6:12-3rd |  | 55 | 71 | 0.037 | 0.963 |
| 6:01-3rd |  | 55 | 71 | 0.031 | 0.969 |
| 5:59-3rd |  | 55 | 71 | 0.029 | 0.971 |
| 5:55-3rd |  | 55 | 71 | 0.035 | 0.965 |
| 5:53-3rd |  | 55 | 71 | 0.036 | 0.964 |
| 5:48-3rd |  | 55 | 71 | 0.03 | 0.97 |
| 5:43-3rd |  | 55 | 71 | 0.028 | 0.972 |
| 5:39-3rd |  | 55 | 74 | 0.018 | 0.982 |
| 5:19-3rd |  | 57 | 74 | 0.022 | 0.978 |
| 4:58-3rd |  | 57 | 74 | 0.025 | 0.975 |
| 4:52-3rd |  | 57 | 74 | 0.027 | 0.973 |
| 4:40-3rd |  | 57 | 74 | 0.022 | 0.978 |
| 4:37-3rd |  | 57 | 74 | 0.021 | 0.979 |
| 4:26-3rd |  | 57 | 74 | 0.026 | 0.974 |
| 4:09-3rd |  | 60 | 74 | 0.039 | 0.961 |
| 3:52-3rd |  | 60 | 74 | 0.047 | 0.953 |
| 3:48-3rd |  | 60 | 76 | 0.031 | 0.969 |
| 3:31-3rd |  | 60 | 76 | 0.025 | 0.975 |
| 3:29-3rd |  | 60 | 76 | 0.023 | 0.977 |
| 3:20-3rd |  | 60 | 76 | 0.028 | 0.972 |
| 3:16-3rd |  | 60 | 76 | 0.03 | 0.97 |
| 3:10-3rd |  | 60 | 76 | 0.024 | 0.976 |
| 3:07-3rd |  | 60 | 76 | 0.022 | 0.978 |
| 2:51-3rd |  | 60 | 79 | 0.013 | 0.987 |
| 2:28-3rd |  | 60 | 79 | 0.01 | 0.99 |
| 2:26-3rd |  | 60 | 79 | 0.01 | 0.99 |
| 2:08-3rd |  | 60 | 81 | 0.007 | 0.993 |
| 1:57-3rd |  | 60 | 81 | 0.01 | 0.99 |
| 1:43-3rd |  | 60 | 81 | 0.005 | 0.995 |
| 1:41-3rd |  | 60 | 81 | 0.005 | 0.995 |
| 1:29-3rd |  | 60 | 81 | 0.006 | 0.994 |
| 1:11-3rd |  | 60 | 81 | 0.005 | 0.995 |
| 1:09-3rd |  | 60 | 81 | 0.004 | 0.996 |
| 1:01-3rd |  | 60 | 82 | 0.004 | 0.996 |
| 53.1-3rd |  | 60 | 82 | 0.003 | 0.997 |
| 51.1-3rd |  | 60 | 82 | 0.003 | 0.997 |
| 40.1-3rd |  | 60 | 84 | 0.002 | 0.998 |
| 32.1-3rd |  | 63 | 84 | 0.004 | 0.996 |
| 22.1-3rd |  | 63 | 84 | 0.004 | 0.996 |
| 3.1-3rd |  | 63 | 84 | 0.003 | 0.997 |
| 0.0-3rd |  | 63 | 84 | 0.004 | 0.996 |
| 12:00-4th |  | 63 | 84 | 0.004 | 0.996 |
| 11:55-4th |  | 63 | 84 | 0.005 | 0.995 |
| 11:51-4th |  | 65 | 84 | 0.006 | 0.994 |
| 11:33-4th |  | 65 | 84 | 0.007 | 0.993 |
| 11:31-4th |  | 65 | 84 | 0.007 | 0.993 |
| 11:18-4th |  | 68 | 84 | 0.013 | 0.987 |
| 11:02-4th |  | 68 | 84 | 0.015 | 0.985 |
| 11:00-4th |  | 68 | 84 | 0.016 | 0.984 |
| 10:46-4th |  | 68 | 84 | 0.013 | 0.987 |
| 10:41-4th |  | 68 | 84 | 0.012 | 0.988 |
| 10:25-4th |  | 68 | 84 | 0.014 | 0.986 |
| 10:22-4th |  | 68 | 84 | 0.015 | 0.985 |
| 10:03-4th |  | 71 | 84 | 0.026 | 0.974 |
| 10:02-4th |  | 71 | 84 | 0.026 | 0.974 |
| 9:40-4th |  | 71 | 84 | 0.032 | 0.968 |
| 9:37-4th |  | 71 | 84 | 0.034 | 0.966 |
| 9:29-4th |  | 74 | 84 | 0.055 | 0.945 |
| 9:02-4th |  | 74 | 86 | 0.04 | 0.96 |
| 8:39-4th |  | 74 | 86 | 0.031 | 0.969 |
| 8:36-4th |  | 74 | 86 | 0.028 | 0.972 |
| 8:18-4th |  | 74 | 86 | 0.034 | 0.966 |
| 8:16-4th |  | 74 | 86 | 0.036 | 0.964 |
| 8:08-4th |  | 74 | 86 | 0.029 | 0.971 |
| 8:06-4th |  | 74 | 86 | 0.026 | 0.974 |
| 7:58-4th |  | 74 | 88 | 0.017 | 0.983 |
| 7:46-4th |  | 74 | 88 | 0.012 | 0.988 |
| 7:28-4th |  | 74 | 88 | 0.016 | 0.984 |
| 7:25-4th |  | 74 | 88 | 0.011 | 0.989 |
| 7:16-4th |  | 74 | 90 | 0.007 | 0.993 |
| 6:54-4th |  | 76 | 90 | 0.01 | 0.99 |
| 6:26-4th |  | 76 | 92 | 0.006 | 0.994 |
| 6:15-4th |  | 78 | 92 | 0.008 | 0.992 |
| 5:52-4th |  | 78 | 92 | 0.01 | 0.99 |
| 5:49-4th |  | 78 | 92 | 0.011 | 0.989 |
| 5:41-4th |  | 78 | 92 | 0.008 | 0.992 |
| 5:38-4th |  | 78 | 92 | 0.007 | 0.993 |
| 5:25-4th |  | 78 | 92 | 0.009 | 0.991 |
| 5:22-4th |  | 78 | 92 | 0.009 | 0.991 |
| 5:14-4th |  | 78 | 92 | 0.007 | 0.993 |
| 5:10-4th |  | 78 | 92 | 0.006 | 0.994 |
| 4:49-4th |  | 78 | 92 | 0.007 | 0.993 |
| 4:47-4th |  | 78 | 92 | 0.007 | 0.993 |
| 4:45-4th |  | 78 | 92 | 0.007 | 0.993 |
| 4:41-4th |  | 80 | 92 | 0.01 | 0.99 |
| 4:24-4th |  | 80 | 92 | 0.013 | 0.987 |
| 4:21-4th |  | 80 | 92 | 0.014 | 0.986 |
| 4:16-4th |  | 82 | 92 | 0.021 | 0.979 |
| 3:56-4th |  | 82 | 94 | 0.012 | 0.988 |
| 3:43-4th |  | 82 | 94 | 0.007 | 0.993 |
| 3:42-4th |  | 82 | 94 | 0.006 | 0.994 |
| 3:27-4th |  | 82 | 96 | 0.003 | 0.997 |
| 3:07-4th |  | 84 | 96 | 0.004 | 0.996 |
| 2:50-4th |  | 84 | 96 | 0.006 | 0.994 |
| 2:45-4th |  | 84 | 96 | 0.006 | 0.994 |
| 2:34-4th |  | 87 | 96 | 0.016 | 0.984 |
| 2:11-4th |  | 87 | 98 | 0.008 | 0.992 |
| 1:58-4th |  | 87 | 98 | 0.004 | 0.996 |
| 1:52-4th |  | 87 | 100 | 0.002 | 0.998 |
| 1:44-4th |  | 87 | 100 | 0.001 | 0.999 |
| 1:42-4th |  | 87 | 100 | 0.001 | 0.999 |
| 1:38-4th |  | 87 | 102 | 0.001 | 0.999 |
| 1:24-4th |  | 90 | 102 | 0.001 | 0.999 |
| 1:02-4th |  | 90 | 104 | 0.001 | 0.999 |
| 55.1-4th |  | 93 | 104 | 0.001 | 0.999 |
| 32.1-4th |  | 93 | 104 | 0.001 | 0.999 |
| 29.1-4th |  | 93 | 104 | 0.001 | 0.999 |
| 28.1-4th |  | 93 | 104 | 0.001 | 0.999 |
| 21.1-4th |  | 93 | 104 | 0.001 | 0.999 |
| 0.0-4th |  | 93 | 104 | 0.0 | 1.0 |

Question

Which event most likely happened at the marked missing position?

Answer Choices

A. Player 11 (Team B) makes 24-foot three point jumper (Player 6 (Team B) assists)
B. Player 16 (Team B) makes 28-foot three point jumper (Player 8 (Team B) assists)
C. Player 7 (Team A) makes dunk (Player 8 (Team A) assists)
D. Player 2 (Team A) makes 25-foot three pointer (Player 6 (Team A) assists)

Response Format

Return exactly one JSON object:

{
  "answer": "<A|B|C|D>",
  "rationale": "<brief evidence-based justification in 1-3 sentences>",
  "evidence_event_ids": [],
  "evidence_series_times": []
}

Use only event IDs and time labels that are provided above and that support the answer. Use an empty array when the corresponding evidence type is unavailable or unused. Return only the JSON object.
