Task

Reconstruct the missing event in this basketball game. Use the available numerical time-series evidence around the marked row to select the most likely event.

Game

Team A versus Team B, season 22-23.

Time Series

| Game time | Marker | Team A score | Team B score | Team A win probability | Team B win probability |
| --- | --- | --- | --- | --- | --- |
| 12:00-1st |  | 0 | 0 | 0.622 | 0.378 |
| 11:37-1st |  | 0 | 0 | 0.635 | 0.365 |
| 11:36-1st |  | 0 | 0 | 0.62 | 0.38 |
| 11:33-1st |  | 0 | 2 | 0.592 | 0.408 |
| 11:11-1st |  | 3 | 2 | 0.64 | 0.36 |
| 10:47-1st |  | 3 | 2 | 0.667 | 0.333 |
| 10:41-1st |  | 3 | 2 | 0.646 | 0.354 |
| 10:36-1st |  | 3 | 2 | 0.639 | 0.361 |
| 10:25-1st |  | 3 | 4 | 0.615 | 0.385 |
| 10:18-1st |  | 3 | 4 | 0.593 | 0.407 |
| 10:15-1st |  | 3 | 4 | 0.585 | 0.415 |
| 10:12-1st |  | 3 | 6 | 0.566 | 0.434 |
| 9:54-1st |  | 5 | 6 | 0.584 | 0.416 |
| 9:33-1st |  | 5 | 8 | 0.563 | 0.437 |
| 9:32-1st |  | 5 | 8 | 0.563 | 0.437 |
| 9:23-1st |  | 5 | 8 | 0.535 | 0.465 |
| 9:16-1st |  | 5 | 11 | 0.481 | 0.519 |
| 8:58-1st |  | 5 | 11 | 0.459 | 0.541 |
| 8:56-1st |  | 5 | 11 | 0.452 | 0.548 |
| 8:34-1st |  | 5 | 13 | 0.425 | 0.575 |
| 8:27-1st |  | 5 | 13 | 0.406 | 0.594 |
| 8:24-1st |  | 5 | 13 | 0.4 | 0.6 |
| 8:16-1st |  | 5 | 13 | 0.424 | 0.576 |
| 8:13-1st |  | 6 | 13 | 0.426 | 0.574 |
| 8:11-1st |  | 6 | 13 | 0.426 | 0.574 |
| 8:02-1st |  | 6 | 13 | 0.451 | 0.549 |
| 7:57-1st |  | 6 | 13 | 0.431 | 0.569 |
| 7:53-1st |  | 6 | 13 | 0.425 | 0.575 |
| 7:42-1st |  | 6 | 15 | 0.395 | 0.605 |
| 7:27-1st |  | 6 | 15 | 0.375 | 0.625 |
| 7:24-1st |  | 6 | 15 | 0.368 | 0.632 |
| 7:19-1st |  | 6 | 17 | 0.343 | 0.657 |
| 7:05-1st |  | 8 | 17 | 0.367 | 0.633 |
| 6:50-1st |  | 8 | 20 | 0.317 | 0.683 |
| 6:39-1st |  | 8 | 20 | 0.289 | 0.711 |
| 6:24-1st |  | 8 | 22 | 0.264 | 0.736 |
| 6:01-1st |  | 11 | 22 | 0.31 | 0.69 |
| 5:44-1st |  | 11 | 24 | 0.283 | 0.717 |
| 5:35-1st |  | 11 | 24 | 0.283 | 0.717 |
| 5:26-1st |  | 14 | 24 | 0.33 | 0.67 |
| 5:06-1st |  | 14 | 26 | 0.305 | 0.695 |
| 4:55-1st |  | 16 | 26 | 0.327 | 0.673 |
| 4:43-1st |  | 16 | 26 | 0.346 | 0.654 |
| 4:40-1st |  | 16 | 26 | 0.353 | 0.647 |
| 4:37-1st |  | 18 | 26 | 0.38 | 0.62 |
| 4:35-1st |  | 18 | 26 | 0.38 | 0.62 |
| 4:18-1st |  | 18 | 26 | 0.399 | 0.601 |
| 4:14-1st |  | 18 | 26 | 0.405 | 0.595 |
| 4:09-1st |  | 18 | 26 | 0.378 | 0.622 |
| 4:03-1st |  | 18 | 26 | 0.404 | 0.596 |
| 3:50-1st |  | 20 | 26 | 0.431 | 0.569 |
| 3:32-1st |  | 20 | 26 | 0.45 | 0.55 |
| 3:29-1st |  | 20 | 26 | 0.457 | 0.543 |
| 3:24-1st |  | 23 | 26 | 0.513 | 0.487 |
| 3:05-1st |  | 23 | 26 | 0.532 | 0.468 |
| 3:04-1st |  | 23 | 26 | 0.58 | 0.42 |
| 2:46-1st |  | 23 | 26 | 0.518 | 0.482 |
| 2:42-1st |  | 23 | 26 | 0.51 | 0.49 |
| 2:29-1st |  | 23 | 26 | 0.531 | 0.469 |
| 2:28-1st |  | 23 | 26 | 0.578 | 0.422 |
| 2:19-1st |  | 23 | 26 | 0.509 | 0.491 |
| 2:06-1st |  | 23 | 28 | 0.478 | 0.522 |
| 1:49-1st |  | 23 | 28 | 0.454 | 0.546 |
| 1:47-1st |  | 23 | 28 | 0.447 | 0.553 |
| 1:40-1st |  | 23 | 30 | 0.42 | 0.58 |
| 1:22-1st |  | 23 | 30 | 0.392 | 0.608 |
| 1:01-1st |  | 23 | 33 | 0.334 | 0.666 |
| 45.8-1st |  | 23 | 33 | 0.311 | 0.689 |
| 43.1-1st |  | 23 | 33 | 0.304 | 0.696 |
| 30.4-1st |  | 23 | 33 | 0.324 | 0.676 |
| 27.7-1st |  | 23 | 33 | 0.331 | 0.669 |
| 10.2-1st |  | 23 | 33 | 0.309 | 0.691 |
| 8.0-1st |  | 23 | 33 | 0.327 | 0.673 |
| 1.7-1st |  | 25 | 33 | 0.353 | 0.647 |
| 0.0-1st |  | 25 | 33 | 0.367 | 0.633 |
| 12:00-2nd |  | 25 | 33 | 0.367 | 0.633 |
| 11:51-2nd |  | 25 | 33 | 0.351 | 0.649 |
| 11:49-2nd |  | 25 | 33 | 0.383 | 0.617 |
| 11:34-2nd |  | 25 | 33 | 0.35 | 0.65 |
| 11:28-2nd |  | 25 | 35 | 0.323 | 0.677 |
| 11:10-2nd |  | 25 | 35 | 0.302 | 0.698 |
| 11:07-2nd |  | 25 | 35 | 0.296 | 0.704 |
| 11:05-2nd |  | 25 | 35 | 0.32 | 0.68 |
| 10:58-2nd |  | 27 | 35 | 0.346 | 0.654 |
| 10:41-2nd |  | 27 | 37 | 0.318 | 0.682 |
| 10:17-2nd |  | 27 | 37 | 0.296 | 0.704 |
| 10:13-2nd |  | 27 | 37 | 0.315 | 0.685 |
| 10:11-2nd |  | 27 | 37 | 0.289 | 0.711 |
| 10:04-2nd |  | 27 | 37 | 0.308 | 0.692 |
| 10:02-2nd |  | 27 | 39 | 0.264 | 0.736 |
| 9:53-2nd |  | 27 | 39 | 0.238 | 0.762 |
| 9:44-2nd |  | 27 | 39 | 0.262 | 0.738 |
| 9:29-2nd |  | 30 | 39 | 0.312 | 0.688 |
| 9:17-2nd |  | 30 | 41 | 0.338 | 0.662 |
| 9:07-2nd |  | 32 | 41 | 0.31 | 0.69 |
| 8:48-2nd |  | 32 | 43 | 0.28 | 0.72 |
| 8:38-2nd |  | 32 | 43 | 0.261 | 0.739 |
| 8:34-2nd |  | 32 | 43 | 0.255 | 0.745 |
| 8:23-2nd |  | 32 | 45 | 0.228 | 0.772 |
| 8:04-2nd |  | 34 | 45 | 0.252 | 0.748 |
| 7:50-2nd |  | 34 | 45 | 0.273 | 0.727 |
| 7:40-2nd |  | 36 | 45 | 0.301 | 0.699 |
| 7:24-2nd |  | 36 | 47 | 0.271 | 0.729 |
| 7:11-2nd |  | 36 | 47 | 0.252 | 0.748 |
| 7:09-2nd |  | 36 | 47 | 0.246 | 0.754 |
| 6:55-2nd |  | 36 | 47 | 0.262 | 0.738 |
| 6:51-2nd |  | 36 | 47 | 0.267 | 0.733 |
| 6:46-2nd |  | 39 | 47 | 0.322 | 0.678 |
| 6:29-2nd |  | 39 | 47 | 0.281 | 0.719 |
| 6:14-2nd |  | 39 | 47 | 0.353 | 0.647 |
| 6:00-2nd |  | 41 | 47 | 0.379 | 0.621 |
| 5:55-2nd |  | 41 | 47 | 0.378 | 0.622 |
| 5:42-2nd |  | 41 | 47 | 0.401 | 0.599 |
| 5:39-2nd |  | 41 | 47 | 0.409 | 0.591 |
| 5:35-2nd |  | 41 | 47 | 0.376 | 0.624 |
| 5:31-2nd |  | 41 | 49 | 0.346 | 0.654 |
| 5:19-2nd |  | 41 | 49 | 0.323 | 0.677 |
| 5:17-2nd |  | 41 | 49 | 0.315 | 0.685 |
| 5:13-2nd |  | 41 | 49 | 0.315 | 0.685 |
| 5:10-2nd |  | 41 | 51 | 0.283 | 0.717 |
| 4:43-2nd |  | 41 | 51 | 0.26 | 0.74 |
| 4:40-2nd |  | 41 | 51 | 0.253 | 0.747 |
| 4:28-2nd |  | 41 | 51 | 0.271 | 0.729 |
| 4:26-2nd |  | 41 | 51 | 0.277 | 0.723 |
| 4:07-2nd |  | 41 | 51 | 0.25 | 0.75 |
| 4:02-2nd |  | 41 | 51 | 0.255 | 0.745 |
| 3:58-2nd |  | 41 | 51 | 0.248 | 0.752 |
| 3:43-2nd |  | 41 | 53 | 0.221 | 0.779 |
| 3:36-2nd |  | 41 | 53 | 0.201 | 0.799 |
| 3:32-2nd |  | 41 | 53 | 0.22 | 0.78 |
| 3:31-2nd |  | 43 | 53 | 0.245 | 0.755 |
| 3:14-2nd |  | 43 | 55 | 0.218 | 0.782 |
| 2:58-2nd |  | 43 | 55 | 0.189 | 0.811 |
| 2:55-2nd |  | 43 | 55 | 0.188 | 0.812 |
| 2:44-2nd |  | 43 | 55 | 0.207 | 0.793 |
| 2:42-2nd |  | 43 | 55 | 0.187 | 0.813 |
| 2:36-2nd |  | 43 | 55 | 0.206 | 0.794 |
| 2:31-2nd |  | 43 | 55 | 0.185 | 0.815 |
| 2:28-2nd |  | 43 | 55 | 0.205 | 0.795 |
| 2:23-2nd |  | 43 | 55 | 0.211 | 0.789 |
| 2:16-2nd |  | 43 | 55 | 0.19 | 0.81 |
| 2:15-2nd |  | 43 | 55 | 0.183 | 0.817 |
| 1:59-2nd |  | 43 | 57 | 0.16 | 0.84 |
| 1:47-2nd |  | 43 | 57 | 0.139 | 0.861 |
| 1:37-2nd |  | 43 | 61 | 0.086 | 0.914 |
| 1:21-2nd |  | 45 | 61 | 0.101 | 0.899 |
| 1:10-2nd |  | 45 | 63 | 0.084 | 0.916 |
| 54.9-2nd |  | 45 | 63 | 0.073 | 0.927 |
| 49.1-2nd |  | 45 | 63 | 0.07 | 0.93 |
| 39.1-2nd |  | 45 | 63 | 0.078 | 0.922 |
| 34.7-2nd |  | 45 | 63 | 0.08 | 0.92 |
| 33.7-2nd |  | 47 | 63 | 0.096 | 0.904 |
| 15.3-2nd |  | 47 | 65 | 0.078 | 0.922 |
| 4.8-2nd |  | 47 | 65 | 0.102 | 0.898 |
| 0.0-2nd |  | 47 | 65 | 0.075 | 0.925 |
| 12:00-3rd |  | 47 | 65 | 0.075 | 0.925 |
| 11:51-3rd |  | 47 | 65 | 0.077 | 0.923 |
| 11:36-3rd |  | 47 | 65 | 0.065 | 0.935 |
| 11:33-3rd |  | 47 | 65 | 0.061 | 0.939 |
| 11:31-3rd |  | 47 | 65 | 0.076 | 0.924 |
| 11:17-3rd |  | 47 | 65 | 0.063 | 0.937 |
| 11:14-3rd |  | 47 | 65 | 0.059 | 0.941 |
| 11:00-3rd |  | 47 | 67 | 0.048 | 0.952 |
| 10:52-3rd |  | 49 | 67 | 0.058 | 0.942 |
| 10:31-3rd |  | 49 | 67 | 0.066 | 0.934 |
| 10:28-3rd |  | 49 | 67 | 0.069 | 0.931 |
| 10:24-3rd |  | 49 | 67 | 0.059 | 0.941 |
| 10:21-3rd |  | 49 | 67 | 0.056 | 0.944 |
| 10:13-3rd |  | 49 | 67 | 0.067 | 0.933 |
| 9:56-3rd |  | 52 | 67 | 0.091 | 0.909 |
| 9:55-3rd |  | 52 | 67 | 0.091 | 0.909 |
| 9:37-3rd |  | 52 | 67 | 0.103 | 0.897 |
| 9:35-3rd |  | 52 | 67 | 0.108 | 0.892 |
| 9:30-3rd |  | 54 | 67 | 0.125 | 0.875 |
| 9:13-3rd |  | 54 | 67 | 0.146 | 0.854 |
| 8:57-3rd |  | 56 | 67 | 0.166 | 0.834 |
| 8:38-3rd |  | 56 | 69 | 0.141 | 0.859 |
| 8:19-3rd |  | 59 | 69 | 0.186 | 0.814 |
| 7:59-3rd |  | 59 | 69 | 0.204 | 0.796 |
| 7:56-3rd |  | 59 | 69 | 0.211 | 0.789 |
| 7:45-3rd |  | 59 | 69 | 0.209 | 0.791 |
| 7:32-3rd |  | 59 | 69 | 0.186 | 0.814 |
| 7:29-3rd |  | 59 | 69 | 0.206 | 0.794 |
| 7:27-3rd |  | 61 | 69 | 0.237 | 0.763 |
| 7:12-3rd |  | 61 | 71 | 0.203 | 0.797 |
| 7:05-3rd |  | 63 | 71 | 0.234 | 0.766 |
| 6:53-3rd |  | 63 | 71 | 0.258 | 0.742 |
| 6:50-3rd |  | 63 | 71 | 0.266 | 0.734 |
| 6:45-3rd |  | 63 | 71 | 0.23 | 0.77 |
| 6:33-3rd |  | 63 | 71 | 0.254 | 0.746 |
| 6:31-3rd |  | 63 | 71 | 0.228 | 0.772 |
| 6:28-3rd |  | 63 | 73 | 0.197 | 0.803 |
| 6:15-3rd |  | 63 | 73 | 0.175 | 0.825 |
| 6:12-3rd |  | 63 | 73 | 0.168 | 0.832 |
| 6:03-3rd |  | 63 | 73 | 0.193 | 0.807 |
| 5:58-3rd |  | 65 | 73 | 0.223 | 0.777 |
| 5:41-3rd |  | 66 | 73 | 0.289 | 0.711 |
| 5:25-3rd |  | 68 | 73 | 0.32 | 0.68 |
| 5:11-3rd |  | 68 | 73 | 0.36 | 0.64 |
| 5:01-3rd |  | 70 | 73 | 0.4 | 0.6 |
| 4:42-3rd |  | 70 | 75 | 0.356 | 0.644 |
| 4:32-3rd |  | 72 | 75 | 0.397 | 0.603 |
| 4:15-3rd |  | 72 | 75 | 0.428 | 0.572 |
| 4:13-3rd |  | 72 | 75 | 0.438 | 0.562 |
| 4:04-3rd |  | 72 | 75 | 0.405 | 0.595 |
| 4:00-3rd |  | 72 | 75 | 0.393 | 0.607 |
| 3:44-3rd |  | 72 | 75 | 0.424 | 0.576 |
| 3:42-3rd |  | 72 | 75 | 0.435 | 0.565 |
| 3:37-3rd |  | 72 | 75 | 0.401 | 0.599 |
| 3:34-3rd |  | 72 | 75 | 0.39 | 0.61 |
| 3:25-3rd |  | 72 | 75 | 0.422 | 0.578 |
| 3:22-3rd |  | 72 | 75 | 0.432 | 0.568 |
| 3:18-3rd |  | 72 | 75 | 0.399 | 0.601 |
| 3:15-3rd |  | 72 | 75 | 0.387 | 0.613 |
| 3:12-3rd |  | 72 | 75 | 0.387 | 0.613 |
| 2:59-3rd |  | 72 | 75 | 0.419 | 0.581 |
| 2:56-3rd |  | 72 | 75 | 0.429 | 0.571 |
| 2:50-3rd |  | 74 | 75 | 0.469 | 0.531 |
| 2:33-3rd |  | 74 | 77 | 0.428 | 0.572 |
| 2:19-3rd |  | 74 | 77 | 0.39 | 0.61 |
| 2:12-3rd |  | 76 | 77 | 0.466 | 0.534 |
| 2:03-3rd |  | 76 | 77 | 0.517 | 0.483 |
| 1:54-3rd |  | 78 | 77 | 0.562 | 0.438 |
| 1:39-3rd |  | 78 | 77 | 0.61 | 0.39 |
| 1:28-3rd |  | 78 | 77 | 0.561 | 0.439 |
| 1:11-3rd |  | 78 | 77 | 0.598 | 0.402 |
| 1:09-3rd |  | 78 | 77 | 0.61 | 0.39 |
| 57.9-3rd |  | 78 | 77 | 0.573 | 0.427 |
| 54.5-3rd |  | 78 | 77 | 0.561 | 0.439 |
| 51.0-3rd |  | 78 | 77 | 0.486 | 0.514 |
| 42.0-3rd |  | 78 | 77 | 0.611 | 0.389 |
| 38.1-3rd |  | 80 | 77 | 0.651 | 0.349 |
| 25.9-3rd |  | 80 | 77 | 0.685 | 0.315 |
| 22.7-3rd |  | 80 | 77 | 0.696 | 0.304 |
| 1.5-3rd |  | 83 | 77 | 0.78 | 0.22 |
| 0.0-3rd |  | 83 | 77 | 0.796 | 0.204 |
| 12:00-4th |  | 83 | 77 | 0.796 | 0.204 |
| 11:40-4th |  | 83 | 77 | 0.819 | 0.181 |
| 11:27-4th |  | 86 | 77 | 0.878 | 0.122 |
| 11:04-4th |  | 86 | 80 | 0.818 | 0.182 |
| 10:55-4th |  | 86 | 80 | 0.784 | 0.216 |
| 10:44-4th |  | 89 | 80 | 0.88 | 0.12 |
| 10:24-4th |  | 89 | 80 | 0.873 | 0.127 |
| 10:12-4th |  | 89 | 82 | 0.848 | 0.152 |
| 9:55-4th |  | 92 | 82 | 0.903 | 0.097 |
| 9:39-4th |  | 92 | 82 | 0.922 | 0.078 |
| 9:35-4th |  | 92 | 82 | 0.928 | 0.072 |
| 9:33-4th |  | 92 | 82 | 0.911 | 0.089 |
| 9:28-4th |  | 92 | 82 | 0.907 | 0.093 |
| 9:20-4th |  | 92 | 82 | 0.93 | 0.07 |
| 9:13-4th |  | 92 | 82 | 0.925 | 0.075 |
| 9:11-4th |  | 92 | 82 | 0.909 | 0.091 |
| 9:10-4th |  | 92 | 84 | 0.887 | 0.113 |
| 8:52-4th |  | 92 | 84 | 0.857 | 0.143 |
| 8:40-4th |  | 92 | 84 | 0.857 | 0.143 |
| 8:24-4th |  | 92 | 86 | 0.829 | 0.171 |
| 8:10-4th |  | 92 | 86 | 0.791 | 0.209 |
| 8:03-4th |  | 92 | 88 | 0.832 | 0.168 |
| 7:48-4th |  | 92 | 88 | 0.699 | 0.301 |
| 7:44-4th |  | 92 | 90 | 0.646 | 0.354 |
| 7:43-4th |  | 92 | 90 | 0.585 | 0.415 |
| 7:32-4th |  | 92 | 90 | 0.591 | 0.409 |
| 7:28-4th |  | 92 | 90 | 0.591 | 0.409 |
| 7:17-4th |  | 92 | 90 | 0.639 | 0.361 |
| 7:14-4th |  | 92 | 90 | 0.655 | 0.345 |
| 7:03-4th |  | 92 | 90 | 0.61 | 0.39 |
| 7:01-4th |  | 92 | 90 | 0.594 | 0.406 |
| 6:40-4th |  | 92 | 92 | 0.535 | 0.465 |
| 6:22-4th |  | 92 | 92 | 0.483 | 0.517 |
| 6:17-4th |  | 92 | 92 | 0.465 | 0.535 |
| 6:09-4th |  | 92 | 94 | 0.402 | 0.598 |
| 5:49-4th |  | 95 | 94 | 0.534 | 0.466 |
| 5:23-4th |  | 95 | 96 | 0.465 | 0.535 |
| 5:07-4th |  | 95 | 96 | 0.409 | 0.591 |
| 5:05-4th |  | 95 | 96 | 0.39 | 0.61 |
| 4:46-4th |  | 95 | 96 | 0.444 | 0.556 |
| 4:41-4th |  | 95 | 96 | 0.462 | 0.538 |
| 4:35-4th |  | 95 | 96 | 0.405 | 0.595 |
| 4:31-4th |  | 95 | 96 | 0.385 | 0.615 |
| 4:14-4th |  | 95 | 96 | 0.441 | 0.559 |
| 4:10-4th |  | 95 | 96 | 0.46 | 0.54 |
| 4:02-4th |  | 96 | 96 | 0.461 | 0.539 |
| 3:50-4th |  | 96 | 96 | 0.332 | 0.668 |
| 3:39-4th |  | 96 | 96 | 0.525 | 0.475 |
| 3:26-4th |  | 98 | 96 | 0.604 | 0.396 |
| 3:08-4th |  | 98 | 98 | 0.527 | 0.473 |
| 2:55-4th |  | 98 | 98 | 0.457 | 0.543 |
| 2:51-4th |  | 98 | 98 | 0.434 | 0.566 |
| 2:35-4th |  | 98 | 100 | 0.354 | 0.646 |
| 2:21-4th |  | 98 | 100 | 0.28 | 0.72 |
| 2:17-4th |  | 98 | 100 | 0.255 | 0.745 |
| 1:57-4th |  | 98 | 102 | 0.179 | 0.821 |
| 1:41-4th |  | 100 | 102 | 0.235 | 0.765 |
| 1:21-4th |  | 100 | 104 | 0.169 | 0.831 |
| 1:20-4th |  | 100 | 104 | 0.168 | 0.832 |
| 1:15-4th |  | 102 | 104 | 0.218 | 0.782 |
| 59.5-4th |  | 102 | 106 | 0.162 | 0.838 |
| 51.9-4th |  | 104 | 106 | 0.245 | 0.755 |
| 36.1-4th |  | 104 | 106 | 0.317 | 0.683 |
| 32.7-4th |  | 104 | 106 | 0.345 | 0.655 |
| 25.4-4th |  | 106 | 106 | 0.457 | 0.543 |
| 6.9-4th |  | 106 | 106 | 0.518 | 0.482 |
| 3.0-4th |  | 106 | 106 | 0.486 | 0.514 |
| 0.6-4th |  | 106 | 106 | 0.503 | 0.497 |
| 0.0-4th |  | 106 | 106 | 0.5 | 0.5 |
| 5:00-OT |  | 106 | 106 | 0.5 | 0.5 |
| 4:46-OT |  | 108 | 106 | 0.611 | 0.389 |
| 4:23-OT |  | 108 | 108 | 0.535 | 0.465 |
| 4:09-OT |  | 110 | 108 | 0.616 | 0.384 |
| 3:51-OT |  | 110 | 111 | 0.465 | 0.535 |
| 3:38-OT |  | 112 | 111 | 0.537 | 0.463 |
| 3:16-OT |  | 112 | 111 | 0.601 | 0.399 |
| 3:13-OT |  | 112 | 111 | 0.623 | 0.377 |
| 3:03-OT |  | 117 | 111 | 0.881 | 0.119 |
| 2:47-OT |  | 115 | 111 | 0.827 | 0.173 |
| 2:44-OT |  | 115 | 111 | 0.844 | 0.156 |
| 2:38-OT |  | 116 | 111 | 0.846 | 0.154 |
| 2:27-OT |  | 116 | 111 | 0.888 | 0.112 |
| 2:25-OT |  | 116 | 111 | 0.853 | 0.147 |
| 2:23-OT |  | 116 | 111 | 0.902 | 0.098 |
| 2:11-OT |  | 116 | 111 | 0.86 | 0.14 |
| 2:05-OT |  | 116 | 113 | 0.812 | 0.188 |
| 1:40-OT |  | 116 | 113 | 0.77 | 0.23 |
| 1:38-OT |  | 116 | 113 | 0.831 | 0.169 |
| 1:26-OT |  | 116 | 113 | 0.779 | 0.221 |
| 1:23-OT |  | 116 | 113 | 0.76 | 0.24 |
| 1:14-OT |  | 116 | 113 | 0.848 | 0.152 |
| 1:06-OT |  | 116 | 113 | 0.854 | 0.146 |
| 54.8-OT |  | 119 | 113 | 0.942 | 0.058 |
| 46.4-OT |  | 119 | 113 | 0.845 | 0.155 |
| 41.3-OT |  | 119 | 115 | 0.889 | 0.111 |
| 28.3-OT |  | 119 | 115 | 0.832 | 0.168 |
| 25.0-OT |  | 120 | 117 | 0.778 | 0.222 |
| 21.5-OT |  | 119 | 117 | 0.911 | 0.089 |
| 20.5-OT |  | 121 | 117 | 0.873 | 0.127 |
| 14.7-OT |  | 121 | 119 | 0.827 | 0.173 |
| 14.1-OT |  | 123 | 119 | 0.893 | 0.107 |
| 11.7-OT |  | 123 | 121 | 0.836 | 0.164 |
| 6.6-OT |  | 123 | 121 | 0.806 | 0.194 |
| 2.5-OT |  | 123 | 123 | 0.513 | 0.487 |
| 0.0-OT | TARGET | 126 | 123 | 1.0 | 0.0 |

Question

Which event most likely happened at the marked missing position?

Answer Choices

A. Player 8 (Team A) makes 7-foot two point shot (Player 18 (Team B) assists)
B. Player 15 (Team A) disc dribble turnover
C. Player 10 (Team B) misses 4-foot two point shot
D. Player 1 (Team A) makes 32-foot three point jumper | End of the 1st  Overtime | End of Game

Response Format

Return exactly one JSON object:

{
  "answer": "<A|B|C|D>",
  "rationale": "<brief evidence-based justification in 1-3 sentences>",
  "evidence_event_ids": [],
  "evidence_series_times": []
}

Use only event IDs and time labels that are provided above and that support the answer. Use an empty array when the corresponding evidence type is unavailable or unused. Return only the JSON object.
