Task

Reconstruct the missing event in this basketball game. Use the available numerical time-series evidence around the marked row to select the most likely event.

Game

Team A versus Team B, season 22-23.

Time Series

| Game time | Marker | Team A score | Team B score | Team A win probability | Team B win probability |
| --- | --- | --- | --- | --- | --- |
| 12:00-1st |  | 0.0 | 0.0 | 0.406 | 0.594 |
| 11:47-1st |  | 3.0 | 0.0 | 0.458 | 0.542 |
| 11:32-1st |  | 3.0 | 2.0 | 0.434 | 0.566 |
| 11:16-1st |  | 3.0 | 2.0 | 0.411 | 0.589 |
| 11:14-1st |  | 3.0 | 2.0 | 0.435 | 0.565 |
| 11:06-1st |  | 3.0 | 2.0 | 0.418 | 0.582 |
| 11:02-1st |  | 3.0 | 2.0 | 0.412 | 0.588 |
| 10:53-1st |  | 3.0 | 2.0 | 0.43 | 0.57 |
| 10:51-1st |  | 3.0 | 2.0 | 0.436 | 0.564 |
| 10:45-1st |  | 3.0 | 2.0 | 0.418 | 0.582 |
| 10:44-1st |  | 3.0 | 2.0 | 0.412 | 0.588 |
| 10:35-1st |  | 3.0 | 2.0 | 0.431 | 0.569 |
| 10:31-1st |  | 3.0 | 2.0 | 0.437 | 0.563 |
| 10:25-1st |  | 3.0 | 2.0 | 0.419 | 0.581 |
| 10:20-1st |  | 3.0 | 2.0 | 0.413 | 0.587 |
| 10:07-1st |  | 3.0 | 2.0 | 0.432 | 0.568 |
| 10:05-1st |  | 3.0 | 2.0 | 0.438 | 0.562 |
| 9:57-1st |  | 6.0 | 2.0 | 0.488 | 0.512 |
| 9:33-1st |  | 6.0 | 2.0 | 0.511 | 0.489 |
| 9:29-1st |  | 6.0 | 2.0 | 0.518 | 0.482 |
| 9:27-1st |  | 6.0 | 2.0 | 0.497 | 0.503 |
| 9:26-1st |  | 7.0 | 2.0 | 0.516 | 0.484 |
| 9:24-1st |  | 7.0 | 2.0 | 0.544 | 0.456 |
| 9:17-1st |  | 7.0 | 2.0 | 0.524 | 0.476 |
| 9:13-1st |  | 7.0 | 2.0 | 0.517 | 0.483 |
| 9:09-1st |  | 7.0 | 2.0 | 0.538 | 0.462 |
| 9:05-1st |  | 7.0 | 2.0 | 0.545 | 0.455 |
| 8:55-1st |  | 10.0 | 2.0 | 0.596 | 0.404 |
| 8:36-1st |  | 10.0 | 2.0 | 0.619 | 0.381 |
| 8:33-1st |  | 10.0 | 2.0 | 0.626 | 0.374 |
| 8:24-1st |  | 10.0 | 2.0 | 0.605 | 0.395 |
| 8:21-1st |  | 10.0 | 2.0 | 0.598 | 0.402 |
| 8:12-1st |  | 10.0 | 2.0 | 0.62 | 0.38 |
| 8:10-1st |  | 10.0 | 2.0 | 0.599 | 0.401 |
| 8:03-1st |  | 10.0 | 5.0 | 0.55 | 0.45 |
| 7:49-1st |  | 11.0 | 5.0 | 0.576 | 0.424 |
| 7:39-1st |  | 11.0 | 5.0 | 0.557 | 0.443 |
| 7:35-1st |  | 11.0 | 5.0 | 0.551 | 0.449 |
| 7:32-1st |  | 11.0 | 5.0 | 0.551 | 0.449 |
| 7:26-1st |  | 11.0 | 5.0 | 0.571 | 0.429 |
| 7:22-1st |  | 11.0 | 5.0 | 0.578 | 0.422 |
| 7:12-1st |  | 11.0 | 5.0 | 0.559 | 0.441 |
| 7:09-1st |  | 11.0 | 5.0 | 0.552 | 0.448 |
| 7:04-1st |  | 11.0 | 5.0 | 0.572 | 0.428 |
| 7:01-1st |  | 11.0 | 5.0 | 0.579 | 0.421 |
| 6:55-1st |  | 11.0 | 5.0 | 0.553 | 0.447 |
| 6:51-1st |  | 11.0 | 7.0 | 0.528 | 0.472 |
| 6:33-1st |  | 11.0 | 7.0 | 0.508 | 0.492 |
| 6:30-1st |  | 11.0 | 7.0 | 0.501 | 0.499 |
| 6:22-1st |  | 11.0 | 7.0 | 0.523 | 0.477 |
| 6:19-1st |  | 11.0 | 7.0 | 0.53 | 0.47 |
| 6:07-1st |  | 13.0 | 7.0 | 0.557 | 0.443 |
| 5:47-1st |  | 13.0 | 7.0 | 0.578 | 0.422 |
| 5:46-1st |  | 13.0 | 7.0 | 0.558 | 0.442 |
| 5:44-1st |  | 13.0 | 7.0 | 0.578 | 0.422 |
| 5:38-1st |  | 13.0 | 7.0 | 0.558 | 0.442 |
| 5:32-1st |  | 13.0 | 7.0 | 0.579 | 0.421 |
| 5:28-1st |  | 13.0 | 7.0 | 0.586 | 0.414 |
| 5:21-1st |  | 13.0 | 7.0 | 0.56 | 0.44 |
| 5:18-1st |  | 13.0 | 7.0 | 0.58 | 0.42 |
| 5:12-1st |  | 13.0 | 9.0 | 0.534 | 0.466 |
| 5:05-1st |  | 13.0 | 9.0 | 0.506 | 0.494 |
| 4:52-1st |  | 13.0 | 12.0 | 0.453 | 0.547 |
| 4:38-1st |  | 13.0 | 12.0 | 0.433 | 0.567 |
| 4:34-1st |  | 13.0 | 12.0 | 0.426 | 0.574 |
| 4:27-1st |  | 13.0 | 12.0 | 0.447 | 0.553 |
| 4:24-1st |  | 13.0 | 12.0 | 0.454 | 0.546 |
| 4:06-1st |  | 13.0 | 12.0 | 0.427 | 0.573 |
| 3:54-1st |  | 13.0 | 14.0 | 0.402 | 0.598 |
| 3:47-1st |  | 13.0 | 14.0 | 0.403 | 0.597 |
| 3:31-1st |  | 13.0 | 14.0 | 0.382 | 0.618 |
| 3:26-1st |  | 15.0 | 14.0 | 0.429 | 0.571 |
| 3:13-1st |  | 15.0 | 17.0 | 0.377 | 0.623 |
| 3:00-1st |  | 17.0 | 17.0 | 0.404 | 0.596 |
| 2:58-1st |  | 17.0 | 17.0 | 0.404 | 0.596 |
| 2:45-1st |  | 17.0 | 19.0 | 0.377 | 0.623 |
| 2:35-1st |  | 20.0 | 19.0 | 0.43 | 0.57 |
| 2:28-1st |  | 20.0 | 19.0 | 0.43 | 0.57 |
| 2:23-1st |  | 20.0 | 21.0 | 0.405 | 0.595 |
| 2:13-1st |  | 20.0 | 21.0 | 0.383 | 0.617 |
| 2:09-1st |  | 20.0 | 21.0 | 0.376 | 0.624 |
| 2:01-1st |  | 20.0 | 22.0 | 0.352 | 0.648 |
| 1:48-1st |  | 20.0 | 22.0 | 0.371 | 0.629 |
| 1:46-1st |  | 20.0 | 22.0 | 0.377 | 0.623 |
| 1:39-1st |  | 20.0 | 22.0 | 0.352 | 0.648 |
| 1:25-1st |  | 20.0 | 22.0 | 0.371 | 0.629 |
| 1:22-1st |  | 20.0 | 22.0 | 0.378 | 0.622 |
| 1:16-1st |  | 20.0 | 22.0 | 0.359 | 0.641 |
| 1:12-1st |  | 20.0 | 22.0 | 0.353 | 0.647 |
| 1:03-1st |  | 20.0 | 22.0 | 0.372 | 0.628 |
| 57.1-1st |  | 20.0 | 22.0 | 0.353 | 0.647 |
| 43.1-1st |  | 20.0 | 22.0 | 0.372 | 0.628 |
| 39.1-1st |  | 20.0 | 22.0 | 0.379 | 0.621 |
| 37.1-1st |  | 22.0 | 22.0 | 0.407 | 0.593 |
| 30.1-1st |  | 22.0 | 22.0 | 0.429 | 0.571 |
| 27.0-1st |  | 22.0 | 22.0 | 0.436 | 0.564 |
| 9.1-1st |  | 22.0 | 22.0 | 0.413 | 0.587 |
| 6.0-1st |  | 22.0 | 22.0 | 0.406 | 0.594 |
| 0.0-1st |  | 22.0 | 22.0 | 0.424 | 0.576 |
| 12:00-2nd |  | 22.0 | 22.0 | 0.424 | 0.576 |
| 11:39-2nd |  | 22.0 | 22.0 | 0.43 | 0.57 |
| 11:32-2nd |  | 22.0 | 22.0 | 0.438 | 0.562 |
| 11:27-2nd |  | 22.0 | 22.0 | 0.416 | 0.584 |
| 11:24-2nd |  | 22.0 | 22.0 | 0.438 | 0.562 |
| 11:23-2nd |  | 24.0 | 22.0 | 0.468 | 0.532 |
| 11:05-2nd |  | 24.0 | 24.0 | 0.439 | 0.561 |
| 10:53-2nd |  | 24.0 | 24.0 | 0.438 | 0.562 |
| 10:47-2nd |  | 24.0 | 24.0 | 0.417 | 0.583 |
| 10:42-2nd |  | 26.0 | 24.0 | 0.47 | 0.53 |
| 10:33-2nd |  | 26.0 | 26.0 | 0.441 | 0.559 |
| 10:32-2nd |  | 26.0 | 26.0 | 0.441 | 0.559 |
| 10:19-2nd |  | 26.0 | 26.0 | 0.418 | 0.582 |
| 10:16-2nd |  | 26.0 | 26.0 | 0.41 | 0.59 |
| 10:08-2nd |  | 26.0 | 28.0 | 0.383 | 0.617 |
| 9:47-2nd |  | 29.0 | 28.0 | 0.442 | 0.558 |
| 9:22-2nd |  | 29.0 | 30.0 | 0.413 | 0.587 |
| 9:08-2nd |  | 29.0 | 30.0 | 0.392 | 0.608 |
| 9:07-2nd |  | 29.0 | 30.0 | 0.385 | 0.615 |
| 8:51-2nd |  | 29.0 | 32.0 | 0.358 | 0.642 |
| 8:37-2nd |  | 32.0 | 32.0 | 0.413 | 0.587 |
| 8:10-2nd |  | 32.0 | 32.0 | 0.439 | 0.561 |
| 8:09-2nd |  | 32.0 | 35.0 | 0.359 | 0.641 |
| 7:51-2nd |  | 32.0 | 35.0 | 0.338 | 0.662 |
| 7:49-2nd |  | 32.0 | 35.0 | 0.36 | 0.64 |
| 7:48-2nd |  | 34.0 | 35.0 | 0.388 | 0.612 |
| 7:18-2nd |  | 34.0 | 37.0 | 0.36 | 0.64 |
| 6:52-2nd |  | 36.0 | 37.0 | 0.388 | 0.612 |
| 6:31-2nd |  | 36.0 | 37.0 | 0.411 | 0.589 |
| 6:27-2nd |  | 36.0 | 37.0 | 0.418 | 0.582 |
| 6:26-2nd |  | 36.0 | 37.0 | 0.389 | 0.611 |
| 6:22-2nd |  | 36.0 | 40.0 | 0.331 | 0.669 |
| 6:21-2nd |  | 36.0 | 40.0 | 0.331 | 0.669 |
| 6:03-2nd |  | 38.0 | 40.0 | 0.359 | 0.641 |
| 5:48-2nd |  | 38.0 | 40.0 | 0.382 | 0.618 |
| 5:44-2nd |  | 38.0 | 40.0 | 0.389 | 0.611 |
| 5:40-2nd |  | 38.0 | 40.0 | 0.367 | 0.633 |
| 5:38-2nd |  | 38.0 | 40.0 | 0.359 | 0.641 |
| 5:25-2nd |  | 38.0 | 43.0 | 0.302 | 0.698 |
| 5:13-2nd |  | 39.0 | 43.0 | 0.301 | 0.699 |
| 4:54-2nd |  | 39.0 | 43.0 | 0.323 | 0.677 |
| 4:52-2nd |  | 39.0 | 43.0 | 0.301 | 0.699 |
| 4:44-2nd |  | 39.0 | 43.0 | 0.323 | 0.677 |
| 4:40-2nd |  | 39.0 | 43.0 | 0.33 | 0.67 |
| 4:36-2nd |  | 39.0 | 43.0 | 0.301 | 0.699 |
| 4:13-2nd |  | 39.0 | 43.0 | 0.323 | 0.677 |
| 4:11-2nd |  | 39.0 | 43.0 | 0.301 | 0.699 |
| 3:56-2nd |  | 39.0 | 45.0 | 0.275 | 0.725 |
| 3:43-2nd |  | 39.0 | 45.0 | 0.255 | 0.745 |
| 3:42-2nd |  | 39.0 | 45.0 | 0.248 | 0.752 |
| 3:30-2nd |  | 39.0 | 47.0 | 0.223 | 0.777 |
| 3:17-2nd |  | 39.0 | 47.0 | 0.198 | 0.802 |
| 3:03-2nd |  | 39.0 | 47.0 | 0.216 | 0.784 |
| 3:01-2nd |  | 39.0 | 47.0 | 0.198 | 0.802 |
| 2:59-2nd |  | 39.0 | 47.0 | 0.216 | 0.784 |
| 2:56-2nd |  | 39.0 | 47.0 | 0.221 | 0.779 |
| 2:38-2nd |  | 41.0 | 47.0 | 0.246 | 0.754 |
| 2:16-2nd |  | 41.0 | 49.0 | 0.22 | 0.78 |
| 2:07-2nd |  | 41.0 | 49.0 | 0.196 | 0.804 |
| 1:54-2nd |  | 41.0 | 49.0 | 0.213 | 0.787 |
| 1:51-2nd |  | 41.0 | 49.0 | 0.195 | 0.805 |
| 1:42-2nd |  | 41.0 | 49.0 | 0.213 | 0.787 |
| 1:40-2nd |  | 41.0 | 49.0 | 0.219 | 0.781 |
| 1:32-2nd |  | 43.0 | 49.0 | 0.244 | 0.756 |
| 1:05-2nd |  | 43.0 | 49.0 | 0.265 | 0.735 |
| 1:04-2nd |  | 43.0 | 49.0 | 0.243 | 0.757 |
| 59.1-2nd |  | 43.0 | 51.0 | 0.217 | 0.783 |
| 46.1-2nd |  | 43.0 | 51.0 | 0.195 | 0.805 |
| 32.0-2nd |  | 43.0 | 51.0 | 0.216 | 0.784 |
| 20.1-2nd |  | 46.0 | 51.0 | 0.269 | 0.731 |
| 2.1-2nd |  | 46.0 | 51.0 | 0.267 | 0.733 |
| 0.0-2nd |  | 46.0 | 51.0 | 0.289 | 0.711 |
| 12:00-3rd |  | 46.0 | 51.0 | 0.289 | 0.711 |
| 11:35-3rd |  | 46.0 | 54.0 | 0.214 | 0.786 |
| 11:10-3rd |  | 46.0 | 54.0 | 0.194 | 0.806 |
| 11:09-3rd |  | 46.0 | 54.0 | 0.213 | 0.787 |
| 11:05-3rd |  | 48.0 | 54.0 | 0.237 | 0.763 |
| 10:39-3rd |  | 48.0 | 57.0 | 0.187 | 0.813 |
| 10:30-3rd |  | 48.0 | 57.0 | 0.162 | 0.838 |
| 10:14-3rd |  | 48.0 | 57.0 | 0.179 | 0.821 |
| 10:10-3rd |  | 48.0 | 57.0 | 0.185 | 0.815 |
| 9:57-3rd |  | 50.0 | 57.0 | 0.208 | 0.792 |
| 9:38-3rd |  | 50.0 | 57.0 | 0.228 | 0.772 |
| 9:32-3rd |  | 50.0 | 57.0 | 0.235 | 0.765 |
| 9:28-3rd |  | 50.0 | 57.0 | 0.214 | 0.786 |
| 9:26-3rd |  | 51.0 | 57.0 | 0.233 | 0.767 |
| 9:07-3rd |  | 51.0 | 60.0 | 0.182 | 0.818 |
| 8:51-3rd |  | 51.0 | 60.0 | 0.162 | 0.838 |
| 8:49-3rd |  | 51.0 | 60.0 | 0.156 | 0.844 |
| 8:37-3rd |  | 51.0 | 60.0 | 0.18 | 0.82 |
| 8:24-3rd |  | 51.0 | 60.0 | 0.161 | 0.839 |
| 8:21-3rd |  | 51.0 | 60.0 | 0.154 | 0.846 |
| 8:19-3rd |  | 51.0 | 62.0 | 0.133 | 0.867 |
| 8:07-3rd |  | 51.0 | 62.0 | 0.113 | 0.887 |
| 7:46-3rd |  | 51.0 | 62.0 | 0.126 | 0.874 |
| 7:43-3rd |  | 51.0 | 62.0 | 0.13 | 0.87 |
| 7:39-3rd |  | 53.0 | 62.0 | 0.152 | 0.848 |
| 7:17-3rd |  | 53.0 | 62.0 | 0.168 | 0.832 |
| 7:13-3rd |  | 53.0 | 62.0 | 0.174 | 0.826 |
| 7:04-3rd |  | 53.0 | 62.0 | 0.155 | 0.845 |
| 7:01-3rd |  | 53.0 | 62.0 | 0.149 | 0.851 |
| 6:52-3rd |  | 53.0 | 64.0 | 0.126 | 0.874 |
| 6:38-3rd |  | 53.0 | 64.0 | 0.11 | 0.89 |
| 6:36-3rd |  | 53.0 | 64.0 | 0.105 | 0.895 |
| 6:20-3rd |  | 53.0 | 66.0 | 0.088 | 0.912 |
| 6:08-3rd |  | 53.0 | 66.0 | 0.071 | 0.929 |
| 5:51-3rd |  | 53.0 | 68.0 | 0.058 | 0.942 |
| 5:38-3rd |  | 53.0 | 68.0 | 0.057 | 0.943 |
| 5:28-3rd |  | 53.0 | 68.0 | 0.049 | 0.951 |
| 5:27-3rd |  | 53.0 | 68.0 | 0.046 | 0.954 |
| 5:19-3rd |  | 53.0 | 68.0 | 0.053 | 0.947 |
| 5:18-3rd |  | 53.0 | 68.0 | 0.056 | 0.944 |
| 5:10-3rd |  | 53.0 | 68.0 | 0.047 | 0.953 |
| 5:08-3rd |  | 53.0 | 68.0 | 0.045 | 0.955 |
| 5:00-3rd |  | 53.0 | 70.0 | 0.036 | 0.964 |
| 4:49-3rd |  | 53.0 | 70.0 | 0.029 | 0.971 |
| 4:45-3rd |  | 53.0 | 70.0 | 0.035 | 0.965 |
| 4:41-3rd |  | 56.0 | 70.0 | 0.053 | 0.947 |
| 4:23-3rd |  | 56.0 | 70.0 | 0.063 | 0.937 |
| 4:10-3rd |  | 56.0 | 70.0 | 0.054 | 0.946 |
| 4:07-3rd |  | 56.0 | 70.0 | 0.061 | 0.939 |
| 3:59-3rd |  | 56.0 | 70.0 | 0.053 | 0.947 |
| 3:57-3rd |  | 56.0 | 70.0 | 0.05 | 0.95 |
| 3:42-3rd |  | 56.0 | 70.0 | 0.057 | 0.943 |
| 3:39-3rd |  | 56.0 | 70.0 | 0.059 | 0.941 |
| 3:38-3rd |  | 58.0 | 70.0 | 0.074 | 0.926 |
| 3:18-3rd |  | 58.0 | 70.0 | 0.084 | 0.916 |
| 3:14-3rd |  | 58.0 | 70.0 | 0.072 | 0.928 |
| 3:12-3rd |  | 58.0 | 73.0 | 0.047 | 0.953 |
| 2:55-3rd |  | 60.0 | 73.0 | 0.057 | 0.943 |
| 2:40-3rd |  | 60.0 | 73.0 | 0.056 | 0.944 |
| 2:26-3rd |  | 60.0 | 73.0 | 0.064 | 0.936 |
| 2:25-3rd |  | 60.0 | 76.0 | 0.035 | 0.965 |
| 2:12-3rd |  | 62.0 | 76.0 | 0.041 | 0.959 |
| 1:44-3rd |  | 62.0 | 76.0 | 0.048 | 0.952 |
| 1:41-3rd |  | 62.0 | 76.0 | 0.039 | 0.961 |
| 1:40-3rd |  | 62.0 | 76.0 | 0.051 | 0.949 |
| 1:36-3rd |  | 64.0 | 76.0 | 0.061 | 0.939 |
| 1:25-3rd |  | 64.0 | 76.0 | 0.074 | 0.926 |
| 1:22-3rd |  | 64.0 | 76.0 | 0.074 | 0.926 |
| 1:21-3rd |  | 64.0 | 76.0 | 0.079 | 0.921 |
| 1:15-3rd |  | 67.0 | 76.0 | 0.113 | 0.887 |
| 51.1-3rd |  | 67.0 | 76.0 | 0.132 | 0.868 |
| 48.0-3rd |  | 67.0 | 76.0 | 0.11 | 0.89 |
| 46.0-3rd |  | 67.0 | 76.0 | 0.131 | 0.869 |
| 43.1-3rd |  | 67.0 | 76.0 | 0.138 | 0.862 |
| 33.1-3rd |  | 70.0 | 76.0 | 0.192 | 0.808 |
| 20.1-3rd |  | 70.0 | 78.0 | 0.162 | 0.838 |
| 2.1-3rd |  | 73.0 | 78.0 | 0.23 | 0.77 |
| 0.0-3rd |  | 73.0 | 78.0 | 0.247 | 0.753 |
| 12:00-4th |  | 73.0 | 78.0 | 0.247 | 0.753 |
| 11:40-4th |  | 73.0 | 78.0 | 0.231 | 0.769 |
| 11:39-4th |  | 73.0 | 78.0 | 0.22 | 0.78 |
| 11:23-4th |  | 73.0 | 81.0 | 0.151 | 0.849 |
| 11:09-4th |  | 73.0 | 81.0 | 0.114 | 0.886 |
| 10:53-4th |  | 73.0 | 81.0 | 0.136 | 0.864 |
| 10:50-4th |  | 73.0 | 81.0 | 0.143 | 0.857 |
| 10:39-4th |  | 76.0 | 81.0 | 0.21 | 0.79 |
| 10:28-4th |  | 76.0 | 81.0 | 0.241 | 0.759 |
| 10:27-4th |  | 76.0 | 81.0 | 0.252 | 0.748 |
| 10:12-4th |  | 79.0 | 81.0 | 0.341 | 0.659 |
| 9:51-4th |  | 79.0 | 81.0 | 0.38 | 0.62 |
| 9:47-4th |  | 79.0 | 81.0 | 0.393 | 0.607 |
| 9:31-4th |  | 82.0 | 81.0 | 0.499 | 0.501 |
| 9:26-4th |  | 82.0 | 81.0 | 0.5 | 0.5 |
| 9:17-4th |  | 82.0 | 81.0 | 0.544 | 0.456 |
| 9:16-4th |  | 82.0 | 81.0 | 0.5 | 0.5 |
| 9:13-4th |  | 82.0 | 84.0 | 0.393 | 0.607 |
| 8:54-4th |  | 82.0 | 84.0 | 0.35 | 0.65 |
| 8:51-4th |  | 82.0 | 84.0 | 0.336 | 0.664 |
| 8:36-4th |  | 82.0 | 84.0 | 0.378 | 0.622 |
| 8:34-4th |  | 82.0 | 84.0 | 0.393 | 0.607 |
| 8:23-4th |  | 85.0 | 84.0 | 0.504 | 0.496 |
| 8:10-4th |  | 85.0 | 84.0 | 0.565 | 0.435 |
| 7:57-4th |  | 85.0 | 84.0 | 0.521 | 0.479 |
| 7:53-4th |  | 85.0 | 84.0 | 0.506 | 0.494 |
| 7:47-4th |  | 85.0 | 84.0 | 0.568 | 0.432 |
| 7:41-4th |  | 85.0 | 84.0 | 0.507 | 0.493 |
| 7:27-4th |  | 85.0 | 84.0 | 0.556 | 0.444 |
| 7:23-4th |  | 85.0 | 84.0 | 0.572 | 0.428 |
| 7:13-4th |  | 85.0 | 84.0 | 0.526 | 0.474 |
| 7:10-4th |  | 85.0 | 84.0 | 0.574 | 0.426 |
| 7:08-4th |  | 87.0 | 84.0 | 0.633 | 0.367 |
| 6:51-4th |  | 87.0 | 87.0 | 0.514 | 0.486 |
| 6:31-4th |  | 87.0 | 87.0 | 0.467 | 0.533 |
| 6:29-4th |  | 87.0 | 87.0 | 0.451 | 0.549 |
| 6:20-4th |  | 87.0 | 87.0 | 0.501 | 0.499 |
| 6:16-4th |  | 87.0 | 87.0 | 0.517 | 0.483 |
| 6:09-4th |  | 87.0 | 87.0 | 0.468 | 0.532 |
| 6:04-4th |  | 87.0 | 87.0 | 0.519 | 0.481 |
| 5:59-4th |  | 87.0 | 87.0 | 0.468 | 0.532 |
| 5:54-4th |  | 87.0 | 87.0 | 0.452 | 0.548 |
| 5:49-4th |  | 87.0 | 87.0 | 0.503 | 0.497 |
| 5:46-4th |  | 87.0 | 89.0 | 0.384 | 0.616 |
| 5:29-4th |  | 90.0 | 89.0 | 0.52 | 0.48 |
| 5:06-4th |  | 90.0 | 91.0 | 0.452 | 0.548 |
| 4:45-4th |  | 90.0 | 91.0 | 0.397 | 0.603 |
| 4:42-4th |  | 92.0 | 91.0 | 0.524 | 0.476 |
| 4:19-4th |  | 92.0 | 94.0 | 0.379 | 0.621 |
| 4:18-4th |  | 92.0 | 94.0 | 0.379 | 0.621 |
| 4:06-4th |  | 92.0 | 94.0 | 0.323 | 0.677 |
| 4:03-4th |  | 92.0 | 94.0 | 0.304 | 0.696 |
| 3:44-4th |  | 92.0 | 94.0 | 0.375 | 0.625 |
| 3:34-4th |  | 94.0 | 94.0 | 0.452 | 0.548 |
| 3:05-4th |  | 94.0 | 94.0 | 0.513 | 0.487 |
| 3:03-4th |  | 94.0 | 94.0 | 0.534 | 0.466 |
| 2:51-4th |  | 94.0 | 94.0 | 0.471 | 0.529 |
| 2:49-4th |  | 94.0 | 94.0 | 0.449 | 0.551 |
| 2:34-4th |  | 94.0 | 96.0 | 0.362 | 0.638 |
| 2:23-4th |  | 97.0 | 96.0 | 0.533 | 0.467 |
| 2:00-4th |  | 97.0 | 97.0 | 0.511 | 0.489 |
| 1:46-4th | TARGET | 100.0 | 97.0 | 0.702 | 0.298 |
| 1:29-4th |  | 100.0 | 99.0 | 0.622 | 0.378 |
| 1:09-4th |  | 100.0 | 99.0 | 0.538 | 0.462 |
| 1:06-4th |  | 100.0 | 99.0 | 0.626 | 0.374 |
| 54.0-4th |  | 100.0 | 99.0 | 0.538 | 0.462 |
| 52.2-4th |  | 100.0 | 99.0 | 0.632 | 0.368 |
| 47.1-4th |  | 103.0 | 99.0 | 0.816 | 0.184 |
| 47.0-4th |  | 103.0 | 99.0 | 0.817 | 0.183 |
| 42.1-4th |  | 103.0 | 101.0 | 0.756 | 0.244 |
| 29.1-4th |  | 105.0 | 101.0 | 0.842 | 0.158 |
| 25.2-4th |  | 105.0 | 103.0 | 0.785 | 0.215 |
| 16.1-4th |  | 107.0 | 103.0 | 0.88 | 0.12 |
| 9.1-4th |  | 107.0 | 105.0 | 0.843 | 0.157 |
| 8.1-4th |  | 107.0 | 105.0 | 0.86 | 0.14 |
| 8.0-4th |  | 109.0 | 105.0 | 0.925 | 0.075 |
| 1.1-4th |  | 109.0 | 107.0 | 0.972 | 0.028 |
| 0.1-4th |  | 111.0 | 107.0 | 0.995 | 0.005 |
| 0.0-4th |  | 111.0 | 107.0 | 1.0 | 0.0 |

Question

Which event most likely happened at the marked missing position?

Answer Choices

A. Player 4 (Team A) makes three point jumper (Player 2 (Team A) assists)
B. Player 2 (Team A) misses 21-foot jumper
C. Player 10 (Team A) enters the game for Player 18 (Team A)
D. Player 3 (Team A) enters the game for Player 8 (Team A)

Response Format

Return exactly one JSON object:

{
  "answer": "<A|B|C|D>",
  "rationale": "<brief evidence-based justification in 1-3 sentences>",
  "evidence_event_ids": [],
  "evidence_series_times": []
}

Use only event IDs and time labels that are provided above and that support the answer. Use an empty array when the corresponding evidence type is unavailable or unused. Return only the JSON object.
