Task

Reconstruct the missing event in this basketball game. Use the available numerical time-series evidence around the marked row to select the most likely event.

Game

Team A versus Team B, season 22-23.

Time Series

| Game time | Marker | Team A score | Team B score | Team A win probability | Team B win probability |
| --- | --- | --- | --- | --- | --- |
| 12:00-1st |  | 0.0 | 0.0 | 0.653 | 0.347 |
| 11:47-1st |  | 0.0 | 0.0 | 0.639 | 0.361 |
| 11:43-1st |  | 0.0 | 0.0 | 0.634 | 0.366 |
| 11:27-1st |  | 0.0 | 0.0 | 0.647 | 0.353 |
| 11:24-1st |  | 0.0 | 2.0 | 0.605 | 0.395 |
| 11:13-1st |  | 2.0 | 2.0 | 0.633 | 0.367 |
| 11:05-1st |  | 2.0 | 2.0 | 0.646 | 0.354 |
| 11:03-1st |  | 2.0 | 2.0 | 0.651 | 0.349 |
| 10:56-1st | TARGET | 5.0 | 2.0 | 0.697 | 0.303 |
| 10:34-1st |  | 5.0 | 4.0 | 0.679 | 0.321 |
| 10:16-1st |  | 8.0 | 4.0 | 0.716 | 0.284 |
| 10:00-1st |  | 8.0 | 4.0 | 0.739 | 0.261 |
| 9:42-1st |  | 8.0 | 4.0 | 0.721 | 0.279 |
| 9:38-1st |  | 8.0 | 4.0 | 0.738 | 0.262 |
| 9:36-1st |  | 8.0 | 4.0 | 0.715 | 0.285 |
| 9:23-1st |  | 8.0 | 4.0 | 0.732 | 0.268 |
| 9:19-1st |  | 8.0 | 4.0 | 0.737 | 0.263 |
| 9:12-1st |  | 10.0 | 4.0 | 0.758 | 0.242 |
| 9:01-1st |  | 10.0 | 7.0 | 0.716 | 0.284 |
| 8:46-1st |  | 13.0 | 7.0 | 0.757 | 0.243 |
| 8:41-1st |  | 13.0 | 9.0 | 0.736 | 0.264 |
| 8:31-1st |  | 13.0 | 9.0 | 0.719 | 0.281 |
| 8:30-1st |  | 13.0 | 9.0 | 0.713 | 0.287 |
| 8:23-1st |  | 13.0 | 9.0 | 0.73 | 0.27 |
| 8:20-1st |  | 13.0 | 9.0 | 0.735 | 0.265 |
| 8:12-1st |  | 13.0 | 9.0 | 0.718 | 0.282 |
| 8:08-1st |  | 13.0 | 9.0 | 0.712 | 0.288 |
| 8:04-1st |  | 13.0 | 11.0 | 0.693 | 0.307 |
| 7:47-1st |  | 14.0 | 11.0 | 0.692 | 0.308 |
| 7:36-1st |  | 14.0 | 11.0 | 0.708 | 0.292 |
| 7:34-1st |  | 14.0 | 11.0 | 0.713 | 0.287 |
| 7:27-1st |  | 16.0 | 11.0 | 0.733 | 0.267 |
| 7:22-1st |  | 16.0 | 11.0 | 0.733 | 0.267 |
| 7:07-1st |  | 16.0 | 11.0 | 0.749 | 0.251 |
| 7:05-1st |  | 16.0 | 11.0 | 0.755 | 0.245 |
| 6:52-1st |  | 16.0 | 11.0 | 0.738 | 0.262 |
| 6:49-1st |  | 16.0 | 11.0 | 0.733 | 0.267 |
| 6:40-1st |  | 16.0 | 11.0 | 0.732 | 0.268 |
| 6:33-1st |  | 16.0 | 14.0 | 0.689 | 0.311 |
| 6:17-1st |  | 16.0 | 14.0 | 0.689 | 0.311 |
| 6:10-1st |  | 19.0 | 14.0 | 0.732 | 0.268 |
| 5:50-1st |  | 19.0 | 16.0 | 0.711 | 0.289 |
| 5:46-1st |  | 19.0 | 16.0 | 0.688 | 0.312 |
| 5:43-1st |  | 19.0 | 16.0 | 0.705 | 0.295 |
| 5:39-1st |  | 19.0 | 16.0 | 0.71 | 0.29 |
| 5:29-1st |  | 22.0 | 16.0 | 0.753 | 0.247 |
| 5:22-1st |  | 22.0 | 19.0 | 0.71 | 0.29 |
| 5:08-1st |  | 22.0 | 19.0 | 0.692 | 0.308 |
| 5:05-1st |  | 22.0 | 19.0 | 0.709 | 0.291 |
| 5:02-1st |  | 25.0 | 19.0 | 0.752 | 0.248 |
| 4:43-1st |  | 25.0 | 22.0 | 0.709 | 0.291 |
| 4:32-1st |  | 28.0 | 22.0 | 0.752 | 0.248 |
| 4:18-1st |  | 28.0 | 22.0 | 0.767 | 0.233 |
| 4:14-1st |  | 28.0 | 22.0 | 0.752 | 0.248 |
| 4:11-1st |  | 28.0 | 25.0 | 0.708 | 0.292 |
| 3:57-1st |  | 30.0 | 25.0 | 0.729 | 0.271 |
| 3:41-1st |  | 30.0 | 25.0 | 0.747 | 0.253 |
| 3:39-1st |  | 30.0 | 25.0 | 0.752 | 0.248 |
| 3:30-1st |  | 30.0 | 25.0 | 0.735 | 0.265 |
| 3:26-1st |  | 30.0 | 25.0 | 0.729 | 0.271 |
| 3:18-1st |  | 30.0 | 27.0 | 0.706 | 0.294 |
| 3:11-1st |  | 30.0 | 27.0 | 0.706 | 0.294 |
| 3:03-1st |  | 30.0 | 27.0 | 0.689 | 0.311 |
| 2:59-1st |  | 30.0 | 27.0 | 0.683 | 0.317 |
| 2:43-1st |  | 30.0 | 27.0 | 0.705 | 0.295 |
| 2:33-1st |  | 33.0 | 27.0 | 0.75 | 0.25 |
| 2:20-1st |  | 33.0 | 27.0 | 0.766 | 0.234 |
| 2:17-1st |  | 33.0 | 27.0 | 0.771 | 0.229 |
| 2:07-1st |  | 35.0 | 27.0 | 0.79 | 0.21 |
| 1:52-1st |  | 35.0 | 27.0 | 0.805 | 0.195 |
| 1:50-1st |  | 35.0 | 27.0 | 0.81 | 0.19 |
| 1:48-1st |  | 35.0 | 27.0 | 0.795 | 0.205 |
| 1:44-1st |  | 35.0 | 27.0 | 0.81 | 0.19 |
| 1:40-1st |  | 38.0 | 27.0 | 0.845 | 0.155 |
| 1:24-1st |  | 38.0 | 30.0 | 0.81 | 0.19 |
| 1:05-1st |  | 38.0 | 30.0 | 0.795 | 0.205 |
| 1:02-1st |  | 38.0 | 30.0 | 0.81 | 0.19 |
| 59.1-1st |  | 40.0 | 30.0 | 0.827 | 0.173 |
| 46.1-1st |  | 40.0 | 30.0 | 0.842 | 0.158 |
| 42.1-1st |  | 40.0 | 30.0 | 0.846 | 0.154 |
| 30.1-1st |  | 42.0 | 30.0 | 0.859 | 0.141 |
| 13.1-1st |  | 42.0 | 30.0 | 0.872 | 0.128 |
| 10.1-1st |  | 42.0 | 30.0 | 0.876 | 0.124 |
| 1.0-1st |  | 45.0 | 30.0 | 0.902 | 0.098 |
| 0.0-1st |  | 45.0 | 30.0 | 0.906 | 0.094 |
| 12:00-2nd |  | 45.0 | 30.0 | 0.91 | 0.09 |
| 11:48-2nd |  | 45.0 | 30.0 | 0.912 | 0.088 |
| 11:44-2nd |  | 45.0 | 30.0 | 0.915 | 0.085 |
| 11:32-2nd |  | 48.0 | 30.0 | 0.932 | 0.068 |
| 11:04-2nd |  | 48.0 | 30.0 | 0.94 | 0.06 |
| 11:01-2nd |  | 48.0 | 30.0 | 0.943 | 0.057 |
| 10:56-2nd |  | 48.0 | 30.0 | 0.936 | 0.064 |
| 10:52-2nd |  | 48.0 | 30.0 | 0.934 | 0.066 |
| 10:49-2nd |  | 48.0 | 32.0 | 0.925 | 0.075 |
| 10:32-2nd |  | 50.0 | 32.0 | 0.934 | 0.066 |
| 10:18-2nd |  | 50.0 | 32.0 | 0.941 | 0.059 |
| 10:13-2nd |  | 50.0 | 32.0 | 0.943 | 0.057 |
| 10:00-2nd |  | 53.0 | 32.0 | 0.959 | 0.041 |
| 9:51-2nd |  | 53.0 | 34.0 | 0.952 | 0.048 |
| 9:43-2nd |  | 55.0 | 34.0 | 0.959 | 0.041 |
| 9:26-2nd |  | 55.0 | 36.0 | 0.953 | 0.047 |
| 9:13-2nd |  | 57.0 | 36.0 | 0.959 | 0.041 |
| 9:04-2nd |  | 57.0 | 38.0 | 0.953 | 0.047 |
| 8:53-2nd |  | 59.0 | 38.0 | 0.96 | 0.04 |
| 8:41-2nd |  | 59.0 | 40.0 | 0.954 | 0.046 |
| 8:38-2nd |  | 59.0 | 41.0 | 0.938 | 0.062 |
| 8:26-2nd |  | 61.0 | 41.0 | 0.954 | 0.046 |
| 8:15-2nd |  | 61.0 | 43.0 | 0.947 | 0.053 |
| 7:58-2nd |  | 63.0 | 43.0 | 0.954 | 0.046 |
| 7:54-2nd |  | 63.0 | 43.0 | 0.955 | 0.045 |
| 7:45-2nd |  | 63.0 | 43.0 | 0.962 | 0.038 |
| 7:42-2nd |  | 63.0 | 43.0 | 0.962 | 0.038 |
| 7:35-2nd |  | 63.0 | 43.0 | 0.955 | 0.045 |
| 7:22-2nd |  | 63.0 | 43.0 | 0.96 | 0.04 |
| 7:19-2nd |  | 63.0 | 43.0 | 0.962 | 0.038 |
| 7:11-2nd |  | 63.0 | 43.0 | 0.957 | 0.043 |
| 7:09-2nd |  | 63.0 | 43.0 | 0.956 | 0.044 |
| 7:05-2nd |  | 63.0 | 45.0 | 0.949 | 0.051 |
| 6:49-2nd |  | 63.0 | 45.0 | 0.943 | 0.057 |
| 6:48-2nd |  | 63.0 | 45.0 | 0.949 | 0.051 |
| 6:46-2nd |  | 63.0 | 45.0 | 0.95 | 0.05 |
| 6:38-2nd |  | 63.0 | 45.0 | 0.941 | 0.059 |
| 6:31-2nd |  | 63.0 | 45.0 | 0.948 | 0.052 |
| 6:30-2nd |  | 63.0 | 45.0 | 0.95 | 0.05 |
| 6:16-2nd |  | 65.0 | 45.0 | 0.957 | 0.043 |
| 6:05-2nd |  | 65.0 | 45.0 | 0.963 | 0.037 |
| 6:03-2nd |  | 65.0 | 45.0 | 0.964 | 0.036 |
| 5:57-2nd |  | 65.0 | 45.0 | 0.96 | 0.04 |
| 5:55-2nd |  | 65.0 | 45.0 | 0.965 | 0.035 |
| 5:54-2nd |  | 67.0 | 45.0 | 0.97 | 0.03 |
| 5:30-2nd |  | 67.0 | 47.0 | 0.965 | 0.035 |
| 5:15-2nd |  | 69.0 | 47.0 | 0.971 | 0.029 |
| 5:00-2nd |  | 69.0 | 48.0 | 0.972 | 0.028 |
| 4:45-2nd |  | 71.0 | 48.0 | 0.977 | 0.023 |
| 4:32-2nd |  | 71.0 | 48.0 | 0.98 | 0.02 |
| 4:30-2nd |  | 71.0 | 48.0 | 0.981 | 0.019 |
| 4:18-2nd |  | 74.0 | 48.0 | 0.988 | 0.012 |
| 4:03-2nd |  | 74.0 | 48.0 | 0.989 | 0.011 |
| 4:01-2nd |  | 74.0 | 48.0 | 0.99 | 0.01 |
| 3:57-2nd |  | 76.0 | 48.0 | 0.992 | 0.008 |
| 3:56-2nd |  | 76.0 | 48.0 | 0.992 | 0.008 |
| 3:45-2nd |  | 76.0 | 49.0 | 0.992 | 0.008 |
| 3:44-2nd |  | 76.0 | 49.0 | 0.992 | 0.008 |
| 3:34-2nd |  | 76.0 | 49.0 | 0.991 | 0.009 |
| 3:31-2nd |  | 76.0 | 49.0 | 0.991 | 0.009 |
| 3:25-2nd |  | 76.0 | 49.0 | 0.993 | 0.007 |
| 3:20-2nd |  | 76.0 | 49.0 | 0.991 | 0.009 |
| 3:13-2nd |  | 76.0 | 49.0 | 0.993 | 0.007 |
| 3:07-2nd |  | 76.0 | 49.0 | 0.995 | 0.005 |
| 3:05-2nd |  | 76.0 | 49.0 | 0.991 | 0.009 |
| 3:01-2nd |  | 76.0 | 49.0 | 0.99 | 0.01 |
| 2:50-2nd |  | 76.0 | 52.0 | 0.986 | 0.014 |
| 2:29-2nd |  | 79.0 | 52.0 | 0.991 | 0.009 |
| 2:19-2nd |  | 79.0 | 52.0 | 0.992 | 0.008 |
| 2:16-2nd |  | 79.0 | 52.0 | 0.993 | 0.007 |
| 2:15-2nd |  | 79.0 | 52.0 | 0.991 | 0.009 |
| 2:12-2nd |  | 79.0 | 52.0 | 0.993 | 0.007 |
| 2:07-2nd |  | 81.0 | 52.0 | 0.995 | 0.005 |
| 1:52-2nd |  | 81.0 | 52.0 | 0.996 | 0.004 |
| 1:51-2nd |  | 81.0 | 52.0 | 0.996 | 0.004 |
| 1:35-2nd |  | 83.0 | 52.0 | 0.997 | 0.003 |
| 1:23-2nd |  | 83.0 | 52.0 | 0.998 | 0.002 |
| 1:20-2nd |  | 83.0 | 52.0 | 0.998 | 0.002 |
| 1:14-2nd |  | 83.0 | 52.0 | 0.998 | 0.002 |
| 1:09-2nd |  | 83.0 | 52.0 | 0.998 | 0.002 |
| 1:08-2nd |  | 83.0 | 52.0 | 0.997 | 0.003 |
| 1:03-2nd |  | 83.0 | 52.0 | 0.998 | 0.002 |
| 1:00-2nd |  | 83.0 | 52.0 | 0.998 | 0.002 |
| 42.1-2nd |  | 85.0 | 52.0 | 0.998 | 0.002 |
| 30.1-2nd |  | 85.0 | 53.0 | 0.999 | 0.001 |
| 10.1-2nd |  | 85.0 | 53.0 | 0.999 | 0.001 |
| 7.1-2nd |  | 85.0 | 53.0 | 0.998 | 0.002 |
| 3.0-2nd |  | 85.0 | 56.0 | 0.997 | 0.003 |
| 0.0-2nd |  | 85.0 | 56.0 | 0.997 | 0.003 |
| 12:00-3rd |  | 85.0 | 56.0 | 0.997 | 0.003 |
| 11:42-3rd |  | 85.0 | 59.0 | 0.994 | 0.006 |
| 11:21-3rd |  | 85.0 | 59.0 | 0.993 | 0.007 |
| 11:17-3rd |  | 85.0 | 59.0 | 0.995 | 0.005 |
| 11:14-3rd |  | 87.0 | 59.0 | 0.996 | 0.004 |
| 11:04-3rd |  | 87.0 | 61.0 | 0.995 | 0.005 |
| 10:46-3rd |  | 87.0 | 61.0 | 0.993 | 0.007 |
| 10:45-3rd |  | 87.0 | 61.0 | 0.993 | 0.007 |
| 10:33-3rd |  | 87.0 | 64.0 | 0.989 | 0.011 |
| 10:10-3rd |  | 87.0 | 64.0 | 0.987 | 0.013 |
| 10:08-3rd |  | 87.0 | 64.0 | 0.99 | 0.01 |
| 10:06-3rd |  | 90.0 | 64.0 | 0.994 | 0.006 |
| 9:44-3rd |  | 90.0 | 66.0 | 0.992 | 0.008 |
| 9:31-3rd |  | 90.0 | 66.0 | 0.992 | 0.008 |
| 9:29-3rd |  | 92.0 | 66.0 | 0.994 | 0.006 |
| 9:14-3rd |  | 92.0 | 67.0 | 0.994 | 0.006 |
| 9:12-3rd |  | 92.0 | 67.0 | 0.994 | 0.006 |
| 9:03-3rd |  | 94.0 | 67.0 | 0.996 | 0.004 |
| 9:02-3rd |  | 94.0 | 67.0 | 0.996 | 0.004 |
| 8:51-3rd |  | 94.0 | 69.0 | 0.994 | 0.006 |
| 8:36-3rd |  | 94.0 | 69.0 | 0.994 | 0.006 |
| 8:33-3rd |  | 94.0 | 69.0 | 0.993 | 0.007 |
| 8:32-3rd |  | 94.0 | 71.0 | 0.991 | 0.009 |
| 8:17-3rd |  | 97.0 | 71.0 | 0.995 | 0.005 |
| 8:01-3rd |  | 97.0 | 71.0 | 0.996 | 0.004 |
| 7:58-3rd |  | 97.0 | 71.0 | 0.996 | 0.004 |
| 7:56-3rd |  | 98.0 | 71.0 | 0.996 | 0.004 |
| 7:45-3rd |  | 98.0 | 73.0 | 0.995 | 0.005 |
| 7:35-3rd |  | 98.0 | 73.0 | 0.994 | 0.006 |
| 7:33-3rd |  | 98.0 | 73.0 | 0.994 | 0.006 |
| 7:29-3rd |  | 98.0 | 75.0 | 0.992 | 0.008 |
| 7:19-3rd |  | 98.0 | 75.0 | 0.992 | 0.008 |
| 7:07-3rd |  | 100.0 | 75.0 | 0.994 | 0.006 |
| 6:43-3rd |  | 100.0 | 75.0 | 0.996 | 0.004 |
| 6:39-3rd |  | 100.0 | 75.0 | 0.996 | 0.004 |
| 6:30-3rd |  | 102.0 | 75.0 | 0.997 | 0.003 |
| 6:15-3rd |  | 102.0 | 78.0 | 0.995 | 0.005 |
| 5:59-3rd |  | 102.0 | 78.0 | 0.994 | 0.006 |
| 5:58-3rd |  | 102.0 | 78.0 | 0.995 | 0.005 |
| 5:56-3rd |  | 102.0 | 78.0 | 0.994 | 0.006 |
| 5:53-3rd |  | 102.0 | 78.0 | 0.994 | 0.006 |
| 5:50-3rd |  | 102.0 | 80.0 | 0.992 | 0.008 |
| 5:32-3rd |  | 102.0 | 80.0 | 0.99 | 0.01 |
| 5:29-3rd |  | 102.0 | 80.0 | 0.99 | 0.01 |
| 5:21-3rd |  | 102.0 | 82.0 | 0.987 | 0.013 |
| 5:03-3rd |  | 102.0 | 82.0 | 0.985 | 0.015 |
| 5:01-3rd |  | 104.0 | 82.0 | 0.991 | 0.009 |
| 4:48-3rd |  | 104.0 | 82.0 | 0.993 | 0.007 |
| 4:44-3rd |  | 104.0 | 82.0 | 0.993 | 0.007 |
| 4:40-3rd |  | 104.0 | 82.0 | 0.991 | 0.009 |
| 4:36-3rd |  | 104.0 | 84.0 | 0.989 | 0.011 |
| 4:22-3rd |  | 104.0 | 84.0 | 0.986 | 0.014 |
| 4:19-3rd |  | 104.0 | 84.0 | 0.989 | 0.011 |
| 4:18-3rd |  | 106.0 | 84.0 | 0.992 | 0.008 |
| 4:08-3rd |  | 106.0 | 86.0 | 0.99 | 0.01 |
| 3:58-3rd |  | 109.0 | 86.0 | 0.994 | 0.006 |
| 3:40-3rd |  | 109.0 | 87.0 | 0.995 | 0.005 |
| 3:25-3rd |  | 111.0 | 89.0 | 0.993 | 0.007 |
| 3:13-3rd |  | 111.0 | 91.0 | 0.991 | 0.009 |
| 3:07-3rd |  | 111.0 | 91.0 | 0.988 | 0.012 |
| 3:05-3rd |  | 111.0 | 93.0 | 0.984 | 0.016 |
| 2:52-3rd |  | 111.0 | 93.0 | 0.979 | 0.021 |
| 2:40-3rd |  | 111.0 | 93.0 | 0.984 | 0.016 |
| 2:36-3rd |  | 111.0 | 93.0 | 0.986 | 0.014 |
| 2:23-3rd |  | 111.0 | 93.0 | 0.982 | 0.018 |
| 2:20-3rd |  | 111.0 | 93.0 | 0.986 | 0.014 |
| 2:19-3rd |  | 111.0 | 93.0 | 0.982 | 0.018 |
| 2:14-3rd |  | 111.0 | 93.0 | 0.981 | 0.019 |
| 1:57-3rd |  | 111.0 | 96.0 | 0.971 | 0.029 |
| 1:42-3rd |  | 111.0 | 96.0 | 0.963 | 0.037 |
| 1:32-3rd |  | 111.0 | 96.0 | 0.972 | 0.028 |
| 1:25-3rd |  | 111.0 | 96.0 | 0.967 | 0.033 |
| 1:21-3rd |  | 111.0 | 96.0 | 0.965 | 0.035 |
| 1:16-3rd |  | 111.0 | 96.0 | 0.971 | 0.029 |
| 1:13-3rd |  | 111.0 | 96.0 | 0.974 | 0.026 |
| 1:03-3rd |  | 111.0 | 96.0 | 0.968 | 0.032 |
| 1:00-3rd |  | 111.0 | 96.0 | 0.967 | 0.033 |
| 56.0-3rd |  | 111.0 | 96.0 | 0.973 | 0.027 |
| 52.0-3rd |  | 111.0 | 96.0 | 0.975 | 0.025 |
| 40.1-3rd |  | 111.0 | 96.0 | 0.968 | 0.032 |
| 37.1-3rd |  | 111.0 | 98.0 | 0.959 | 0.041 |
| 29.1-3rd |  | 114.0 | 98.0 | 0.975 | 0.025 |
| 16.1-3rd |  | 114.0 | 98.0 | 0.964 | 0.036 |
| 4.1-3rd |  | 114.0 | 99.0 | 0.978 | 0.022 |
| 3.0-3rd |  | 114.0 | 99.0 | 0.978 | 0.022 |
| 0.0-3rd |  | 114.0 | 99.0 | 0.973 | 0.027 |
| 12:00-4th |  | 114.0 | 99.0 | 0.973 | 0.027 |
| 11:46-4th |  | 114.0 | 99.0 | 0.974 | 0.026 |
| 11:43-4th |  | 114.0 | 99.0 | 0.972 | 0.028 |
| 11:29-4th |  | 114.0 | 99.0 | 0.979 | 0.021 |
| 11:27-4th |  | 114.0 | 99.0 | 0.981 | 0.019 |
| 11:25-4th |  | 114.0 | 99.0 | 0.982 | 0.018 |
| 11:23-4th |  | 114.0 | 99.0 | 0.975 | 0.025 |
| 11:08-4th |  | 114.0 | 99.0 | 0.982 | 0.018 |
| 11:02-4th |  | 114.0 | 99.0 | 0.976 | 0.024 |
| 10:53-4th |  | 114.0 | 101.0 | 0.968 | 0.032 |
| 10:40-4th |  | 114.0 | 101.0 | 0.971 | 0.029 |
| 10:28-4th |  | 116.0 | 101.0 | 0.979 | 0.021 |
| 10:17-4th |  | 116.0 | 101.0 | 0.977 | 0.023 |
| 10:05-4th |  | 116.0 | 101.0 | 0.976 | 0.024 |
| 10:00-4th |  | 116.0 | 103.0 | 0.971 | 0.029 |
| 9:48-4th |  | 116.0 | 103.0 | 0.964 | 0.036 |
| 9:46-4th |  | 116.0 | 103.0 | 0.961 | 0.039 |
| 9:36-4th |  | 116.0 | 103.0 | 0.958 | 0.042 |
| 9:24-4th |  | 116.0 | 103.0 | 0.972 | 0.028 |
| 9:14-4th |  | 116.0 | 103.0 | 0.965 | 0.035 |
| 9:11-4th |  | 116.0 | 103.0 | 0.963 | 0.037 |
| 9:03-4th |  | 116.0 | 105.0 | 0.952 | 0.048 |
| 8:48-4th |  | 118.0 | 105.0 | 0.965 | 0.035 |
| 8:39-4th |  | 118.0 | 105.0 | 0.976 | 0.024 |
| 8:35-4th |  | 120.0 | 105.0 | 0.983 | 0.017 |
| 8:33-4th |  | 120.0 | 105.0 | 0.989 | 0.011 |
| 8:32-4th |  | 120.0 | 105.0 | 0.985 | 0.015 |
| 8:29-4th |  | 120.0 | 105.0 | 0.984 | 0.016 |
| 8:17-4th |  | 120.0 | 107.0 | 0.978 | 0.022 |
| 8:03-4th |  | 120.0 | 107.0 | 0.973 | 0.027 |
| 8:00-4th |  | 120.0 | 107.0 | 0.971 | 0.029 |
| 7:56-4th |  | 120.0 | 107.0 | 0.978 | 0.022 |
| 7:54-4th |  | 120.0 | 107.0 | 0.98 | 0.02 |
| 7:52-4th |  | 122.0 | 107.0 | 0.986 | 0.014 |
| 7:36-4th |  | 122.0 | 109.0 | 0.981 | 0.019 |
| 7:17-4th |  | 122.0 | 109.0 | 0.977 | 0.023 |
| 7:15-4th |  | 122.0 | 109.0 | 0.975 | 0.025 |
| 7:05-4th |  | 122.0 | 111.0 | 0.967 | 0.033 |
| 6:48-4th |  | 124.0 | 111.0 | 0.978 | 0.022 |
| 6:45-4th |  | 124.0 | 111.0 | 0.985 | 0.015 |
| 6:41-4th |  | 125.0 | 111.0 | 0.978 | 0.022 |
| 6:29-4th |  | 125.0 | 111.0 | 0.991 | 0.009 |
| 6:26-4th |  | 127.0 | 111.0 | 0.994 | 0.006 |
| 6:17-4th |  | 127.0 | 111.0 | 0.996 | 0.004 |
| 6:10-4th |  | 127.0 | 111.0 | 0.995 | 0.005 |
| 6:07-4th |  | 127.0 | 113.0 | 0.991 | 0.009 |
| 5:53-4th |  | 127.0 | 113.0 | 0.988 | 0.012 |
| 5:52-4th |  | 129.0 | 113.0 | 0.995 | 0.005 |
| 5:39-4th |  | 129.0 | 113.0 | 0.997 | 0.003 |
| 5:35-4th |  | 129.0 | 113.0 | 0.995 | 0.005 |
| 5:30-4th |  | 129.0 | 116.0 | 0.989 | 0.011 |
| 5:05-4th |  | 129.0 | 116.0 | 0.987 | 0.013 |
| 5:03-4th |  | 129.0 | 116.0 | 0.985 | 0.015 |
| 4:59-4th |  | 129.0 | 116.0 | 0.992 | 0.008 |
| 4:51-4th |  | 129.0 | 116.0 | 0.988 | 0.012 |
| 4:46-4th |  | 129.0 | 116.0 | 0.992 | 0.008 |
| 4:43-4th |  | 129.0 | 116.0 | 0.989 | 0.011 |
| 4:42-4th |  | 129.0 | 116.0 | 0.987 | 0.013 |
| 4:31-4th |  | 129.0 | 118.0 | 0.983 | 0.017 |
| 4:22-4th |  | 129.0 | 118.0 | 0.984 | 0.016 |
| 4:13-4th |  | 129.0 | 118.0 | 0.975 | 0.025 |
| 4:06-4th |  | 129.0 | 121.0 | 0.949 | 0.051 |
| 3:55-4th |  | 130.0 | 121.0 | 0.95 | 0.05 |
| 3:47-4th |  | 130.0 | 122.0 | 0.953 | 0.047 |
| 3:41-4th |  | 131.0 | 122.0 | 0.954 | 0.046 |
| 3:40-4th |  | 131.0 | 122.0 | 0.954 | 0.046 |
| 3:33-4th |  | 131.0 | 122.0 | 0.967 | 0.033 |
| 3:30-4th |  | 131.0 | 122.0 | 0.956 | 0.044 |
| 3:29-4th |  | 131.0 | 124.0 | 0.937 | 0.063 |
| 3:21-4th |  | 133.0 | 124.0 | 0.958 | 0.042 |
| 3:10-4th |  | 133.0 | 124.0 | 0.972 | 0.028 |
| 3:06-4th |  | 133.0 | 124.0 | 0.976 | 0.024 |
| 3:01-4th |  | 134.0 | 124.0 | 0.977 | 0.023 |
| 2:56-4th |  | 134.0 | 124.0 | 0.978 | 0.022 |
| 2:50-4th |  | 134.0 | 124.0 | 0.986 | 0.014 |
| 2:47-4th |  | 134.0 | 124.0 | 0.979 | 0.021 |
| 2:37-4th |  | 134.0 | 126.0 | 0.969 | 0.031 |
| 2:22-4th |  | 134.0 | 126.0 | 0.958 | 0.042 |
| 2:20-4th |  | 134.0 | 126.0 | 0.954 | 0.046 |
| 2:06-4th |  | 134.0 | 127.0 | 0.96 | 0.04 |
| 1:54-4th |  | 136.0 | 127.0 | 0.977 | 0.023 |
| 1:45-4th |  | 136.0 | 127.0 | 0.987 | 0.013 |
| 1:42-4th |  | 136.0 | 127.0 | 0.99 | 0.01 |
| 1:24-4th |  | 139.0 | 127.0 | 0.999 | 0.001 |
| 1:18-4th |  | 139.0 | 129.0 | 0.997 | 0.003 |
| 57.1-4th |  | 141.0 | 129.0 | 0.999 | 0.001 |
| 48.2-4th |  | 141.0 | 129.0 | 0.999 | 0.001 |
| 45.0-4th |  | 141.0 | 129.0 | 0.999 | 0.001 |
| 39.1-4th |  | 141.0 | 129.0 | 0.999 | 0.001 |
| 37.0-4th |  | 141.0 | 129.0 | 0.999 | 0.001 |
| 25.1-4th |  | 141.0 | 129.0 | 0.999 | 0.001 |
| 21.1-4th |  | 141.0 | 129.0 | 0.999 | 0.001 |
| 8.0-4th |  | 141.0 | 131.0 | 0.999 | 0.001 |
| 0.0-4th |  | 141.0 | 131.0 | 1.0 | 0.0 |

Question

Which event most likely happened at the marked missing position?

Answer Choices

A. Player 7 (Team A) makes 28-foot three point jumper (Player 4 (Team A) assists)
B. Player 3 (Team A) misses 13-foot pullup jump shot
C. Player 8 (Team B) makes 4-foot driving dunk (Player 11 (Team B) assists)
D. Player 16 (Team A) makes 13-foot jumper (Player 4 (Team A) assists)

Response Format

Return exactly one JSON object:

{
  "answer": "<A|B|C|D>",
  "rationale": "<brief evidence-based justification in 1-3 sentences>",
  "evidence_event_ids": [],
  "evidence_series_times": []
}

Use only event IDs and time labels that are provided above and that support the answer. Use an empty array when the corresponding evidence type is unavailable or unused. Return only the JSON object.
