Task

Reconstruct the missing event in this basketball game. Use the available numerical time-series evidence around the marked row to select the most likely event.

Game

Team A versus Team B, season 22-23.

Time Series

| Game time | Marker | Team A score | Team B score | Team A win probability | Team B win probability |
| --- | --- | --- | --- | --- | --- |
| 12:00-1st |  | 0 | 0 | 0.283 | 0.717 |
| 11:45-1st |  | 0 | 0 | 0.296 | 0.704 |
| 11:43-1st |  | 0 | 0 | 0.3 | 0.7 |
| 11:26-1st |  | 2 | 0 | 0.327 | 0.673 |
| 11:11-1st |  | 2 | 0 | 0.344 | 0.656 |
| 11:09-1st |  | 2 | 0 | 0.349 | 0.651 |
| 11:03-1st |  | 4 | 0 | 0.371 | 0.629 |
| 10:52-1st |  | 4 | 3 | 0.332 | 0.668 |
| 10:39-1st |  | 4 | 3 | 0.33 | 0.67 |
| 10:34-1st |  | 4 | 3 | 0.312 | 0.688 |
| 10:31-1st |  | 4 | 3 | 0.332 | 0.668 |
| 10:29-1st |  | 7 | 3 | 0.376 | 0.624 |
| 10:17-1st |  | 7 | 5 | 0.353 | 0.647 |
| 10:06-1st |  | 7 | 5 | 0.337 | 0.663 |
| 10:05-1st |  | 7 | 5 | 0.331 | 0.669 |
| 10:01-1st |  | 7 | 8 | 0.288 | 0.712 |
| 9:40-1st |  | 10 | 8 | 0.333 | 0.667 |
| 9:21-1st |  | 10 | 8 | 0.352 | 0.648 |
| 9:19-1st |  | 10 | 8 | 0.335 | 0.665 |
| 9:16-1st |  | 10 | 8 | 0.352 | 0.648 |
| 9:14-1st |  | 10 | 8 | 0.358 | 0.642 |
| 8:55-1st |  | 10 | 8 | 0.342 | 0.658 |
| 8:53-1st |  | 10 | 8 | 0.337 | 0.663 |
| 8:43-1st |  | 10 | 8 | 0.355 | 0.645 |
| 8:40-1st |  | 10 | 8 | 0.361 | 0.639 |
| 8:25-1st |  | 10 | 8 | 0.344 | 0.656 |
| 8:23-1st |  | 10 | 8 | 0.339 | 0.661 |
| 8:20-1st |  | 10 | 10 | 0.315 | 0.685 |
| 7:56-1st |  | 10 | 10 | 0.301 | 0.699 |
| 7:53-1st |  | 10 | 10 | 0.296 | 0.704 |
| 7:48-1st |  | 10 | 12 | 0.275 | 0.725 |
| 7:35-1st |  | 12 | 12 | 0.297 | 0.703 |
| 7:22-1st |  | 12 | 12 | 0.315 | 0.685 |
| 7:20-1st |  | 12 | 12 | 0.298 | 0.702 |
| 7:16-1st |  | 12 | 12 | 0.316 | 0.684 |
| 7:14-1st |  | 12 | 12 | 0.322 | 0.678 |
| 7:08-1st |  | 14 | 12 | 0.344 | 0.656 |
| 6:50-1st |  | 14 | 12 | 0.372 | 0.628 |
| 6:48-1st |  | 16 | 12 | 0.395 | 0.605 |
| 6:46-1st |  | 16 | 12 | 0.395 | 0.605 |
| 6:27-1st |  | 16 | 12 | 0.417 | 0.583 |
| 6:26-1st |  | 16 | 14 | 0.372 | 0.628 |
| 6:06-1st |  | 16 | 14 | 0.355 | 0.645 |
| 6:05-1st |  | 16 | 14 | 0.374 | 0.626 |
| 5:55-1st |  | 16 | 14 | 0.356 | 0.644 |
| 5:51-1st |  | 16 | 14 | 0.35 | 0.65 |
| 5:47-1st |  | 16 | 17 | 0.304 | 0.696 |
| 5:28-1st |  | 18 | 17 | 0.327 | 0.673 |
| 5:10-1st |  | 18 | 17 | 0.348 | 0.652 |
| 5:09-1st |  | 18 | 17 | 0.328 | 0.672 |
| 5:04-1st |  | 18 | 17 | 0.348 | 0.652 |
| 5:03-1st |  | 18 | 17 | 0.331 | 0.669 |
| 4:51-1st |  | 18 | 19 | 0.308 | 0.692 |
| 4:38-1st |  | 18 | 19 | 0.291 | 0.709 |
| 4:36-1st |  | 18 | 19 | 0.284 | 0.716 |
| 4:30-1st |  | 18 | 19 | 0.304 | 0.696 |
| 4:26-1st |  | 18 | 19 | 0.31 | 0.69 |
| 4:04-1st |  | 18 | 19 | 0.286 | 0.714 |
| 3:44-1st |  | 18 | 19 | 0.307 | 0.693 |
| 3:42-1st |  | 18 | 19 | 0.313 | 0.687 |
| 3:29-1st |  | 18 | 19 | 0.35 | 0.65 |
| 3:19-1st |  | 20 | 19 | 0.337 | 0.663 |
| 3:07-1st |  | 20 | 19 | 0.366 | 0.634 |
| 2:51-1st |  | 22 | 19 | 0.392 | 0.608 |
| 2:32-1st |  | 22 | 19 | 0.413 | 0.587 |
| 2:31-1st |  | 22 | 19 | 0.419 | 0.581 |
| 2:25-1st |  | 25 | 19 | 0.476 | 0.524 |
| 2:03-1st |  | 25 | 21 | 0.451 | 0.549 |
| 1:48-1st |  | 28 | 21 | 0.51 | 0.49 |
| 1:40-1st |  | 28 | 23 | 0.479 | 0.521 |
| 1:25-1st |  | 28 | 23 | 0.46 | 0.54 |
| 1:22-1st |  | 30 | 23 | 0.512 | 0.488 |
| 1:09-1st |  | 30 | 23 | 0.539 | 0.461 |
| 1:06-1st |  | 30 | 23 | 0.548 | 0.452 |
| 1:05-1st |  | 30 | 23 | 0.514 | 0.486 |
| 58.1-1st |  | 30 | 23 | 0.54 | 0.46 |
| 55.1-1st |  | 30 | 23 | 0.549 | 0.451 |
| 42.1-1st |  | 30 | 23 | 0.517 | 0.483 |
| 39.0-1st |  | 30 | 23 | 0.543 | 0.457 |
| 34.1-1st |  | 30 | 24 | 0.518 | 0.482 |
| 25.1-1st |  | 31 | 24 | 0.519 | 0.481 |
| 2.1-1st |  | 31 | 24 | 0.547 | 0.453 |
| 0.2-1st |  | 31 | 24 | 0.551 | 0.449 |
| 0.0-1st |  | 31 | 24 | 0.537 | 0.463 |
| 12:00-2nd |  | 31 | 24 | 0.537 | 0.463 |
| 11:39-2nd |  | 31 | 24 | 0.534 | 0.466 |
| 11:35-2nd |  | 31 | 24 | 0.526 | 0.474 |
| 11:33-2nd |  | 31 | 24 | 0.558 | 0.442 |
| 11:25-2nd |  | 31 | 24 | 0.535 | 0.465 |
| 11:22-2nd |  | 31 | 24 | 0.528 | 0.472 |
| 11:16-2nd |  | 31 | 26 | 0.502 | 0.498 |
| 11:02-2nd |  | 31 | 26 | 0.478 | 0.522 |
| 11:00-2nd |  | 31 | 26 | 0.47 | 0.53 |
| 10:42-2nd |  | 31 | 26 | 0.497 | 0.503 |
| 10:39-2nd |  | 31 | 26 | 0.506 | 0.494 |
| 10:29-2nd |  | 33 | 26 | 0.535 | 0.465 |
| 10:13-2nd |  | 33 | 26 | 0.561 | 0.439 |
| 10:12-2nd |  | 33 | 26 | 0.535 | 0.465 |
| 10:02-2nd |  | 33 | 26 | 0.563 | 0.437 |
| 10:01-2nd |  | 33 | 26 | 0.571 | 0.429 |
| 9:58-2nd |  | 33 | 26 | 0.547 | 0.453 |
| 9:56-2nd |  | 33 | 26 | 0.569 | 0.431 |
| 9:47-2nd |  | 33 | 26 | 0.539 | 0.461 |
| 9:39-2nd |  | 33 | 29 | 0.481 | 0.519 |
| 9:21-2nd |  | 35 | 29 | 0.511 | 0.489 |
| 9:00-2nd |  | 35 | 29 | 0.545 | 0.455 |
| 8:51-2nd |  | 35 | 29 | 0.523 | 0.477 |
| 8:48-2nd |  | 35 | 29 | 0.515 | 0.485 |
| 8:39-2nd |  | 35 | 31 | 0.487 | 0.513 |
| 8:22-2nd |  | 37 | 31 | 0.518 | 0.482 |
| 8:04-2nd |  | 37 | 34 | 0.46 | 0.54 |
| 7:53-2nd |  | 37 | 34 | 0.437 | 0.563 |
| 7:51-2nd |  | 37 | 34 | 0.429 | 0.571 |
| 7:47-2nd |  | 37 | 36 | 0.402 | 0.598 |
| 7:32-2nd |  | 37 | 36 | 0.379 | 0.621 |
| 7:31-2nd |  | 37 | 36 | 0.371 | 0.629 |
| 7:14-2nd |  | 37 | 36 | 0.397 | 0.603 |
| 7:11-2nd |  | 37 | 36 | 0.405 | 0.595 |
| 7:04-2nd |  | 39 | 36 | 0.433 | 0.567 |
| 6:41-2nd |  | 39 | 36 | 0.461 | 0.539 |
| 6:39-2nd |  | 39 | 36 | 0.469 | 0.531 |
| 6:26-2nd |  | 41 | 36 | 0.502 | 0.498 |
| 6:06-2nd |  | 41 | 36 | 0.529 | 0.471 |
| 6:04-2nd |  | 41 | 36 | 0.537 | 0.463 |
| 5:52-2nd |  | 41 | 36 | 0.514 | 0.486 |
| 5:50-2nd |  | 41 | 36 | 0.506 | 0.494 |
| 5:40-2nd |  | 41 | 39 | 0.444 | 0.556 |
| 5:19-2nd |  | 41 | 39 | 0.422 | 0.578 |
| 5:17-2nd |  | 41 | 39 | 0.414 | 0.586 |
| 5:11-2nd |  | 41 | 39 | 0.447 | 0.553 |
| 5:06-2nd |  | 41 | 39 | 0.415 | 0.585 |
| 5:02-2nd |  | 41 | 42 | 0.355 | 0.645 |
| 4:35-2nd |  | 41 | 42 | 0.327 | 0.673 |
| 4:21-2nd |  | 41 | 44 | 0.301 | 0.699 |
| 4:07-2nd |  | 41 | 44 | 0.274 | 0.726 |
| 3:54-2nd |  | 41 | 44 | 0.295 | 0.705 |
| 3:53-2nd |  | 41 | 44 | 0.302 | 0.698 |
| 3:42-2nd |  | 41 | 44 | 0.282 | 0.718 |
| 3:40-2nd |  | 41 | 44 | 0.275 | 0.725 |
| 3:36-2nd |  | 41 | 47 | 0.224 | 0.776 |
| 3:34-2nd |  | 41 | 47 | 0.224 | 0.776 |
| 3:15-2nd |  | 41 | 47 | 0.205 | 0.795 |
| 3:14-2nd |  | 41 | 47 | 0.199 | 0.801 |
| 3:12-2nd |  | 41 | 47 | 0.202 | 0.798 |
| 2:52-2nd |  | 41 | 47 | 0.224 | 0.776 |
| 2:46-2nd |  | 41 | 47 | 0.206 | 0.794 |
| 2:44-2nd |  | 41 | 47 | 0.224 | 0.776 |
| 2:41-2nd |  | 43 | 47 | 0.248 | 0.752 |
| 2:20-2nd |  | 43 | 47 | 0.277 | 0.723 |
| 2:06-2nd |  | 43 | 47 | 0.256 | 0.744 |
| 2:04-2nd |  | 43 | 47 | 0.249 | 0.751 |
| 1:52-2nd |  | 43 | 49 | 0.226 | 0.774 |
| 1:34-2nd |  | 45 | 49 | 0.251 | 0.749 |
| 1:11-2nd |  | 45 | 49 | 0.271 | 0.729 |
| 1:10-2nd |  | 45 | 49 | 0.278 | 0.722 |
| 1:00-2nd |  | 47 | 49 | 0.31 | 0.69 |
| 45.0-2nd |  | 47 | 52 | 0.253 | 0.747 |
| 32.0-2nd |  | 47 | 52 | 0.232 | 0.768 |
| 29.1-2nd |  | 49 | 52 | 0.276 | 0.724 |
| 16.1-2nd |  | 49 | 54 | 0.253 | 0.747 |
| 1.1-2nd |  | 49 | 54 | 0.23 | 0.77 |
| 0.1-2nd |  | 51 | 54 | 0.285 | 0.715 |
| 0.0-2nd |  | 51 | 54 | 0.299 | 0.701 |
| 12:00-3rd |  | 51 | 54 | 0.299 | 0.701 |
| 11:46-3rd |  | 51 | 54 | 0.288 | 0.712 |
| 11:44-3rd |  | 51 | 54 | 0.28 | 0.72 |
| 11:35-3rd |  | 51 | 54 | 0.311 | 0.689 |
| 11:23-3rd |  | 51 | 54 | 0.303 | 0.697 |
| 11:20-3rd |  | 51 | 54 | 0.311 | 0.689 |
| 11:10-3rd |  | 51 | 54 | 0.289 | 0.711 |
| 11:06-3rd |  | 51 | 54 | 0.281 | 0.719 |
| 10:56-3rd |  | 51 | 54 | 0.304 | 0.696 |
| 10:54-3rd |  | 51 | 54 | 0.312 | 0.688 |
| 10:47-3rd |  | 51 | 54 | 0.289 | 0.711 |
| 10:44-3rd |  | 51 | 54 | 0.281 | 0.719 |
| 10:27-3rd |  | 51 | 54 | 0.305 | 0.695 |
| 10:26-3rd |  | 51 | 54 | 0.282 | 0.718 |
| 10:16-3rd |  | 51 | 56 | 0.251 | 0.749 |
| 9:53-3rd |  | 51 | 56 | 0.233 | 0.767 |
| 9:50-3rd |  | 51 | 56 | 0.226 | 0.774 |
| 9:43-3rd |  | 51 | 58 | 0.198 | 0.802 |
| 9:23-3rd |  | 51 | 58 | 0.172 | 0.828 |
| 9:20-3rd |  | 51 | 60 | 0.151 | 0.849 |
| 9:04-3rd |  | 51 | 60 | 0.131 | 0.869 |
| 8:40-3rd |  | 51 | 62 | 0.114 | 0.886 |
| 8:27-3rd |  | 53 | 62 | 0.129 | 0.871 |
| 8:02-3rd |  | 53 | 62 | 0.144 | 0.856 |
| 8:00-3rd |  | 53 | 62 | 0.149 | 0.851 |
| 7:54-3rd |  | 55 | 62 | 0.171 | 0.829 |
| 7:33-3rd |  | 55 | 64 | 0.149 | 0.851 |
| 7:19-3rd |  | 57 | 64 | 0.17 | 0.83 |
| 7:01-3rd |  | 57 | 66 | 0.147 | 0.853 |
| 6:45-3rd |  | 60 | 66 | 0.193 | 0.807 |
| 6:20-3rd |  | 60 | 66 | 0.215 | 0.785 |
| 6:19-3rd |  | 60 | 66 | 0.192 | 0.808 |
| 6:18-3rd |  | 60 | 66 | 0.215 | 0.785 |
| 6:17-3rd |  | 60 | 66 | 0.223 | 0.777 |
| 6:10-3rd |  | 62 | 66 | 0.254 | 0.746 |
| 5:50-3rd |  | 62 | 68 | 0.221 | 0.779 |
| 5:31-3rd |  | 62 | 68 | 0.198 | 0.802 |
| 5:28-3rd |  | 62 | 68 | 0.191 | 0.809 |
| 5:22-3rd |  | 62 | 68 | 0.221 | 0.779 |
| 5:17-3rd |  | 62 | 68 | 0.22 | 0.78 |
| 5:06-3rd |  | 62 | 68 | 0.198 | 0.802 |
| 5:02-3rd |  | 62 | 68 | 0.19 | 0.81 |
| 4:56-3rd |  | 62 | 68 | 0.212 | 0.788 |
| 4:53-3rd |  | 62 | 68 | 0.22 | 0.78 |
| 4:41-3rd |  | 64 | 68 | 0.252 | 0.748 |
| 4:39-3rd |  | 64 | 68 | 0.252 | 0.748 |
| 4:20-3rd |  | 64 | 68 | 0.278 | 0.722 |
| 4:17-3rd |  | 64 | 68 | 0.286 | 0.714 |
| 4:15-3rd |  | 64 | 68 | 0.261 | 0.739 |
| 4:10-3rd |  | 64 | 68 | 0.287 | 0.713 |
| 4:05-3rd |  | 64 | 68 | 0.261 | 0.739 |
| 4:03-3rd |  | 64 | 68 | 0.252 | 0.748 |
| 3:57-3rd |  | 64 | 68 | 0.278 | 0.722 |
| 3:52-3rd |  | 64 | 68 | 0.287 | 0.713 |
| 3:44-3rd |  | 64 | 68 | 0.285 | 0.715 |
| 3:33-3rd |  | 66 | 68 | 0.325 | 0.675 |
| 3:10-3rd |  | 66 | 68 | 0.357 | 0.643 |
| 3:07-3rd |  | 66 | 68 | 0.368 | 0.632 |
| 2:59-3rd |  | 66 | 68 | 0.336 | 0.664 |
| 2:56-3rd |  | 66 | 68 | 0.326 | 0.674 |
| 2:48-3rd |  | 66 | 68 | 0.358 | 0.642 |
| 2:44-3rd |  | 66 | 68 | 0.369 | 0.631 |
| 2:37-3rd |  | 69 | 68 | 0.455 | 0.545 |
| 2:35-3rd |  | 69 | 68 | 0.455 | 0.545 |
| 2:17-3rd |  | 69 | 70 | 0.416 | 0.584 |
| 2:04-3rd |  | 71 | 70 | 0.458 | 0.542 |
| 1:47-3rd |  | 71 | 72 | 0.418 | 0.582 |
| 1:23-3rd |  | 73 | 72 | 0.462 | 0.538 |
| 1:03-3rd |  | 73 | 75 | 0.373 | 0.627 |
| 49.1-3rd |  | 73 | 75 | 0.34 | 0.66 |
| 45.1-3rd |  | 73 | 75 | 0.329 | 0.671 |
| 39.1-3rd |  | 73 | 75 | 0.362 | 0.638 |
| 35.1-3rd |  | 73 | 75 | 0.374 | 0.626 |
| 31.0-3rd |  | 75 | 75 | 0.416 | 0.584 |
| 7.2-3rd |  | 75 | 78 | 0.326 | 0.674 |
| 2.0-3rd |  | 77 | 78 | 0.374 | 0.626 |
| 0.0-3rd |  | 77 | 78 | 0.419 | 0.581 |
| 12:00-4th |  | 77 | 78 | 0.419 | 0.581 |
| 11:47-4th |  | 77 | 78 | 0.413 | 0.587 |
| 11:43-4th |  | 77 | 78 | 0.375 | 0.625 |
| 11:35-4th |  | 77 | 78 | 0.426 | 0.574 |
| 11:29-4th |  | 79 | 78 | 0.477 | 0.523 |
| 11:14-4th |  | 79 | 80 | 0.433 | 0.567 |
| 10:59-4th |  | 81 | 80 | 0.479 | 0.521 |
| 10:46-4th |  | 81 | 80 | 0.521 | 0.479 |
| 10:44-4th |  | 81 | 80 | 0.535 | 0.465 |
| 10:39-4th |  | 81 | 80 | 0.495 | 0.505 |
| 10:34-4th |  | 81 | 80 | 0.482 | 0.518 |
| 10:28-4th |  | 81 | 82 | 0.435 | 0.565 |
| 10:06-4th |  | 83 | 82 | 0.485 | 0.515 |
| 9:45-4th |  | 83 | 82 | 0.529 | 0.471 |
| 9:42-4th |  | 83 | 82 | 0.544 | 0.456 |
| 9:37-4th |  | 83 | 82 | 0.502 | 0.498 |
| 9:34-4th |  | 83 | 82 | 0.488 | 0.512 |
| 9:30-4th |  | 83 | 85 | 0.384 | 0.616 |
| 9:29-4th |  | 83 | 85 | 0.384 | 0.616 |
| 9:16-4th |  | 86 | 85 | 0.489 | 0.511 |
| 8:52-4th |  | 86 | 85 | 0.536 | 0.464 |
| 8:50-4th |  | 86 | 85 | 0.551 | 0.449 |
| 8:33-4th |  | 89 | 85 | 0.662 | 0.338 |
| 8:08-4th |  | 89 | 85 | 0.709 | 0.291 |
| 8:06-4th |  | 89 | 85 | 0.667 | 0.333 |
| 8:05-4th |  | 89 | 87 | 0.617 | 0.383 |
| 7:47-4th |  | 89 | 87 | 0.573 | 0.427 |
| 7:44-4th |  | 89 | 87 | 0.558 | 0.442 |
| 7:33-4th |  | 89 | 89 | 0.5 | 0.5 |
| 7:16-4th |  | 91 | 89 | 0.563 | 0.437 |
| 6:51-4th |  | 91 | 91 | 0.504 | 0.496 |
| 6:21-4th |  | 91 | 91 | 0.457 | 0.543 |
| 6:18-4th |  | 91 | 91 | 0.441 | 0.559 |
| 6:12-4th |  | 91 | 91 | 0.508 | 0.492 |
| 6:09-4th |  | 93 | 91 | 0.581 | 0.419 |
| 6:07-4th |  | 93 | 91 | 0.581 | 0.419 |
| 5:48-4th |  | 93 | 91 | 0.637 | 0.363 |
| 5:45-4th |  | 93 | 91 | 0.655 | 0.345 |
| 5:37-4th |  | 93 | 91 | 0.604 | 0.396 |
| 5:34-4th |  | 93 | 91 | 0.587 | 0.413 |
| 5:26-4th |  | 93 | 92 | 0.588 | 0.412 |
| 5:24-4th |  | 93 | 92 | 0.588 | 0.412 |
| 5:09-4th |  | 93 | 92 | 0.614 | 0.386 |
| 4:59-4th |  | 93 | 92 | 0.547 | 0.453 |
| 4:58-4th |  | 93 | 92 | 0.603 | 0.397 |
| 4:57-4th |  | 93 | 92 | 0.547 | 0.453 |
| 4:55-4th |  | 93 | 92 | 0.529 | 0.471 |
| 4:43-4th |  | 93 | 92 | 0.513 | 0.487 |
| 4:39-4th |  | 93 | 92 | 0.581 | 0.419 |
| 4:35-4th |  | 93 | 92 | 0.601 | 0.399 |
| 4:24-4th |  | 93 | 92 | 0.526 | 0.474 |
| 4:06-4th |  | 93 | 95 | 0.38 | 0.62 |
| 4:04-4th |  | 93 | 95 | 0.38 | 0.62 |
| 3:45-4th |  | 96 | 95 | 0.529 | 0.471 |
| 3:32-4th |  | 96 | 95 | 0.504 | 0.496 |
| 3:21-4th |  | 96 | 95 | 0.588 | 0.412 |
| 3:16-4th |  | 96 | 95 | 0.611 | 0.389 |
| 3:01-4th |  | 98 | 95 | 0.691 | 0.309 |
| 2:35-4th |  | 98 | 98 | 0.534 | 0.466 |
| 2:12-4th |  | 100 | 98 | 0.629 | 0.371 |
| 1:53-4th |  | 100 | 98 | 0.709 | 0.291 |
| 1:52-4th |  | 100 | 98 | 0.734 | 0.266 |
| 1:39-4th |  | 100 | 98 | 0.667 | 0.333 |
| 1:36-4th |  | 100 | 98 | 0.641 | 0.359 |
| 1:23-4th |  | 100 | 100 | 0.505 | 0.495 |
| 1:21-4th |  | 100 | 100 | 0.505 | 0.495 |
| 1:00-4th |  | 102 | 100 | 0.63 | 0.37 |
| 40.1-4th |  | 102 | 100 | 0.74 | 0.26 |
| 39.1-4th |  | 102 | 100 | 0.649 | 0.351 |
| 19.1-4th | TARGET | 104 | 100 | 0.876 | 0.124 |
| 14.0-4th |  | 104 | 102 | 0.828 | 0.172 |
| 12.1-4th |  | 105 | 102 | 0.826 | 0.174 |
| 8.1-4th |  | 105 | 102 | 0.857 | 0.143 |
| 3.2-4th |  | 105 | 102 | 0.962 | 0.038 |
| 2.1-4th |  | 107 | 102 | 0.99 | 0.01 |
| 0.0-4th |  | 107 | 102 | 1.0 | 0.0 |

Question

Which event most likely happened at the marked missing position?

Answer Choices

A. Player 12 (Team B) shooting foul | Player 1 (Team A) makes free throw 1 of 2 | Player 9 (Team A) enters the game for Player 2 (Team A) | Player 1 (Team A) makes free throw 2 of 2
B. Jared Butler misses 15-foot pullup jump shot
C. Player 9 (Team A) enters the game for Player 15 (Team B)
D. Player 19 (Team B) enters the game for Player 3 (Team B)

Response Format

Return exactly one JSON object:

{
  "answer": "<A|B|C|D>",
  "rationale": "<brief evidence-based justification in 1-3 sentences>",
  "evidence_event_ids": [],
  "evidence_series_times": []
}

Use only event IDs and time labels that are provided above and that support the answer. Use an empty array when the corresponding evidence type is unavailable or unused. Return only the JSON object.
