Task

Reconstruct the missing event in this basketball game. Use the available numerical time-series evidence around the marked row to select the most likely event.

Game

Team A versus Team B, season 22-23.

Time Series

| Game time | Marker | Team A score | Team B score | Team A win probability | Team B win probability |
| --- | --- | --- | --- | --- | --- |
| 12:00-1st |  | 0 | 0 | 0.335 | 0.665 |
| 11:43-1st |  | 0 | 3 | 0.291 | 0.709 |
| 11:22-1st |  | 0 | 3 | 0.275 | 0.725 |
| 11:18-1st |  | 0 | 3 | 0.269 | 0.731 |
| 11:00-1st |  | 0 | 3 | 0.287 | 0.713 |
| 10:57-1st |  | 0 | 3 | 0.292 | 0.708 |
| 10:49-1st |  | 3 | 3 | 0.338 | 0.662 |
| 10:31-1st |  | 3 | 5 | 0.313 | 0.687 |
| 10:13-1st |  | 5 | 5 | 0.34 | 0.66 |
| 9:59-1st |  | 5 | 5 | 0.355 | 0.645 |
| 9:55-1st |  | 5 | 5 | 0.36 | 0.64 |
| 9:48-1st |  | 5 | 5 | 0.346 | 0.654 |
| 9:46-1st |  | 5 | 5 | 0.341 | 0.659 |
| 9:43-1st |  | 5 | 5 | 0.36 | 0.64 |
| 9:31-1st |  | 5 | 5 | 0.347 | 0.653 |
| 9:27-1st |  | 5 | 5 | 0.342 | 0.658 |
| 9:26-1st |  | 5 | 5 | 0.361 | 0.639 |
| 9:22-1st |  | 5 | 5 | 0.361 | 0.639 |
| 9:02-1st |  | 5 | 5 | 0.348 | 0.652 |
| 9:01-1st |  | 5 | 5 | 0.343 | 0.657 |
| 8:44-1st |  | 5 | 7 | 0.319 | 0.681 |
| 8:23-1st |  | 7 | 7 | 0.345 | 0.655 |
| 8:07-1st |  | 7 | 7 | 0.366 | 0.634 |
| 7:54-1st |  | 9 | 7 | 0.393 | 0.607 |
| 7:37-1st |  | 9 | 7 | 0.419 | 0.581 |
| 7:31-1st |  | 9 | 7 | 0.4 | 0.6 |
| 7:27-1st |  | 9 | 7 | 0.419 | 0.581 |
| 7:24-1st |  | 9 | 7 | 0.401 | 0.599 |
| 7:22-1st |  | 9 | 7 | 0.394 | 0.606 |
| 7:18-1st |  | 9 | 7 | 0.395 | 0.605 |
| 7:02-1st |  | 9 | 10 | 0.348 | 0.652 |
| 6:43-1st |  | 11 | 10 | 0.372 | 0.628 |
| 6:30-1st |  | 11 | 10 | 0.373 | 0.627 |
| 6:24-1st |  | 11 | 10 | 0.4 | 0.6 |
| 6:22-1st |  | 13 | 10 | 0.424 | 0.576 |
| 6:08-1st |  | 13 | 10 | 0.446 | 0.554 |
| 6:05-1st |  | 13 | 10 | 0.453 | 0.547 |
| 6:00-1st |  | 16 | 10 | 0.508 | 0.492 |
| 5:46-1st |  | 16 | 10 | 0.509 | 0.491 |
| 5:38-1st |  | 16 | 10 | 0.538 | 0.462 |
| 5:22-1st |  | 19 | 10 | 0.596 | 0.404 |
| 5:01-1st |  | 19 | 10 | 0.617 | 0.383 |
| 4:59-1st |  | 19 | 10 | 0.598 | 0.402 |
| 4:51-1st |  | 19 | 10 | 0.618 | 0.382 |
| 4:47-1st |  | 19 | 10 | 0.625 | 0.375 |
| 4:44-1st |  | 19 | 10 | 0.606 | 0.394 |
| 4:39-1st |  | 19 | 10 | 0.6 | 0.4 |
| 4:25-1st |  | 19 | 10 | 0.621 | 0.379 |
| 4:23-1st |  | 19 | 10 | 0.601 | 0.399 |
| 4:22-1st |  | 19 | 12 | 0.572 | 0.428 |
| 4:02-1st |  | 21 | 12 | 0.603 | 0.397 |
| 3:47-1st |  | 21 | 12 | 0.625 | 0.375 |
| 3:44-1st |  | 21 | 12 | 0.632 | 0.368 |
| 3:40-1st |  | 21 | 12 | 0.605 | 0.395 |
| 3:33-1st |  | 21 | 12 | 0.626 | 0.374 |
| 3:29-1st |  | 21 | 12 | 0.634 | 0.366 |
| 3:26-1st |  | 21 | 12 | 0.634 | 0.366 |
| 3:23-1st |  | 24 | 12 | 0.686 | 0.314 |
| 2:59-1st |  | 24 | 14 | 0.665 | 0.335 |
| 2:49-1st |  | 24 | 14 | 0.645 | 0.355 |
| 2:47-1st |  | 24 | 14 | 0.638 | 0.362 |
| 2:36-1st |  | 24 | 14 | 0.66 | 0.34 |
| 2:33-1st |  | 24 | 14 | 0.668 | 0.332 |
| 2:26-1st |  | 24 | 14 | 0.647 | 0.353 |
| 2:22-1st |  | 24 | 14 | 0.669 | 0.331 |
| 2:16-1st |  | 27 | 14 | 0.72 | 0.28 |
| 1:53-1st |  | 27 | 16 | 0.698 | 0.302 |
| 1:41-1st |  | 29 | 16 | 0.722 | 0.278 |
| 1:29-1st |  | 29 | 19 | 0.673 | 0.327 |
| 1:14-1st |  | 31 | 19 | 0.699 | 0.301 |
| 54.1-1st |  | 31 | 22 | 0.651 | 0.349 |
| 39.0-1st |  | 31 | 22 | 0.622 | 0.378 |
| 30.0-1st |  | 31 | 22 | 0.646 | 0.354 |
| 25.0-1st |  | 31 | 22 | 0.655 | 0.345 |
| 14.1-1st |  | 31 | 22 | 0.632 | 0.368 |
| 10.1-1st |  | 31 | 22 | 0.625 | 0.375 |
| 8.1-1st |  | 31 | 22 | 0.657 | 0.343 |
| 5.1-1st |  | 34 | 22 | 0.705 | 0.295 |
| 0.0-1st |  | 34 | 22 | 0.719 | 0.281 |
| 12:00-2nd |  | 34 | 22 | 0.719 | 0.281 |
| 11:39-2nd |  | 34 | 22 | 0.722 | 0.278 |
| 11:36-2nd |  | 34 | 22 | 0.715 | 0.285 |
| 11:16-2nd |  | 34 | 22 | 0.747 | 0.253 |
| 10:51-2nd |  | 34 | 22 | 0.72 | 0.28 |
| 10:47-2nd |  | 34 | 25 | 0.665 | 0.335 |
| 10:40-2nd |  | 36 | 25 | 0.693 | 0.307 |
| 10:15-2nd |  | 36 | 27 | 0.669 | 0.331 |
| 10:07-2nd |  | 36 | 27 | 0.647 | 0.353 |
| 10:04-2nd |  | 36 | 27 | 0.639 | 0.361 |
| 10:00-2nd |  | 36 | 27 | 0.671 | 0.329 |
| 9:56-2nd |  | 38 | 27 | 0.698 | 0.302 |
| 9:38-2nd |  | 38 | 29 | 0.675 | 0.325 |
| 9:15-2nd |  | 38 | 29 | 0.653 | 0.347 |
| 9:14-2nd |  | 38 | 29 | 0.645 | 0.355 |
| 8:58-2nd |  | 38 | 29 | 0.671 | 0.329 |
| 8:56-2nd |  | 38 | 29 | 0.647 | 0.353 |
| 8:53-2nd |  | 38 | 29 | 0.679 | 0.321 |
| 8:36-2nd |  | 40 | 29 | 0.707 | 0.293 |
| 8:15-2nd |  | 40 | 29 | 0.738 | 0.262 |
| 7:57-2nd |  | 40 | 29 | 0.719 | 0.281 |
| 7:54-2nd |  | 40 | 29 | 0.741 | 0.259 |
| 7:51-2nd |  | 40 | 29 | 0.72 | 0.28 |
| 7:47-2nd |  | 40 | 29 | 0.713 | 0.287 |
| 7:44-2nd |  | 40 | 31 | 0.687 | 0.313 |
| 7:21-2nd |  | 40 | 31 | 0.667 | 0.333 |
| 7:18-2nd |  | 40 | 31 | 0.659 | 0.341 |
| 7:13-2nd |  | 40 | 33 | 0.63 | 0.37 |
| 6:57-2nd |  | 40 | 33 | 0.609 | 0.391 |
| 6:55-2nd |  | 40 | 33 | 0.601 | 0.399 |
| 6:52-2nd |  | 40 | 33 | 0.632 | 0.368 |
| 6:44-2nd |  | 40 | 33 | 0.603 | 0.397 |
| 6:18-2nd |  | 40 | 33 | 0.628 | 0.372 |
| 6:15-2nd |  | 40 | 33 | 0.636 | 0.364 |
| 6:01-2nd |  | 40 | 33 | 0.607 | 0.393 |
| 5:38-2nd |  | 40 | 33 | 0.633 | 0.367 |
| 5:35-2nd |  | 40 | 33 | 0.64 | 0.36 |
| 5:31-2nd |  | 40 | 33 | 0.618 | 0.382 |
| 5:29-2nd |  | 40 | 33 | 0.611 | 0.389 |
| 5:27-2nd |  | 40 | 35 | 0.578 | 0.422 |
| 5:07-2nd |  | 42 | 35 | 0.613 | 0.387 |
| 4:51-2nd |  | 42 | 38 | 0.552 | 0.448 |
| 4:31-2nd |  | 44 | 38 | 0.584 | 0.416 |
| 4:19-2nd |  | 44 | 40 | 0.556 | 0.444 |
| 3:57-2nd |  | 44 | 40 | 0.521 | 0.479 |
| 3:54-2nd |  | 44 | 43 | 0.455 | 0.545 |
| 3:53-2nd | TARGET | 44 | 43 | 0.558 | 0.442 |
| 3:33-2nd |  | 46 | 43 | 0.489 | 0.511 |
| 3:15-2nd |  | 46 | 45 | 0.458 | 0.542 |
| 3:00-2nd |  | 49 | 45 | 0.526 | 0.474 |
| 2:47-2nd |  | 49 | 45 | 0.479 | 0.521 |
| 2:43-2nd |  | 49 | 45 | 0.565 | 0.435 |
| 2:38-2nd |  | 51 | 45 | 0.596 | 0.404 |
| 2:23-2nd |  | 51 | 45 | 0.622 | 0.378 |
| 2:21-2nd |  | 51 | 45 | 0.63 | 0.37 |
| 2:15-2nd |  | 54 | 45 | 0.698 | 0.302 |
| 1:54-2nd |  | 53 | 45 | 0.695 | 0.305 |
| 1:50-2nd |  | 53 | 45 | 0.704 | 0.296 |
| 1:47-2nd |  | 56 | 45 | 0.761 | 0.239 |
| 1:32-2nd |  | 56 | 45 | 0.784 | 0.216 |
| 1:29-2nd |  | 56 | 45 | 0.792 | 0.208 |
| 1:21-2nd |  | 58 | 45 | 0.813 | 0.187 |
| 59.1-2nd |  | 58 | 47 | 0.796 | 0.204 |
| 38.1-2nd |  | 61 | 47 | 0.84 | 0.16 |
| 30.1-2nd |  | 61 | 47 | 0.86 | 0.14 |
| 29.0-2nd |  | 61 | 47 | 0.841 | 0.159 |
| 26.1-2nd |  | 61 | 47 | 0.861 | 0.139 |
| 22.2-2nd |  | 61 | 47 | 0.868 | 0.132 |
| 21.0-2nd |  | 64 | 47 | 0.901 | 0.099 |
| 0.1-2nd |  | 64 | 49 | 0.889 | 0.111 |
| 0.0-2nd |  | 64 | 49 | 0.879 | 0.121 |
| 12:00-3rd |  | 65 | 49 | 0.879 | 0.121 |
| 11:46-3rd |  | 68 | 49 | 0.934 | 0.066 |
| 11:21-3rd |  | 68 | 52 | 0.909 | 0.091 |
| 11:00-3rd |  | 70 | 52 | 0.925 | 0.075 |
| 10:49-3rd |  | 70 | 55 | 0.899 | 0.101 |
| 10:36-3rd |  | 70 | 55 | 0.886 | 0.114 |
| 10:33-3rd |  | 70 | 54 | 0.899 | 0.101 |
| 10:20-3rd |  | 70 | 57 | 0.862 | 0.138 |
| 10:06-3rd |  | 70 | 57 | 0.864 | 0.136 |
| 10:03-3rd |  | 70 | 57 | 0.848 | 0.152 |
| 10:00-3rd |  | 70 | 57 | 0.843 | 0.157 |
| 9:56-3rd |  | 70 | 59 | 0.82 | 0.18 |
| 9:40-3rd |  | 73 | 60 | 0.845 | 0.155 |
| 9:21-3rd |  | 73 | 60 | 0.865 | 0.135 |
| 9:20-3rd |  | 73 | 60 | 0.848 | 0.152 |
| 9:04-3rd |  | 73 | 60 | 0.868 | 0.132 |
| 9:01-3rd |  | 73 | 60 | 0.874 | 0.126 |
| 8:56-3rd |  | 76 | 60 | 0.911 | 0.089 |
| 8:37-3rd |  | 76 | 60 | 0.924 | 0.076 |
| 8:34-3rd |  | 76 | 60 | 0.928 | 0.072 |
| 8:27-3rd |  | 76 | 60 | 0.918 | 0.082 |
| 8:22-3rd |  | 76 | 60 | 0.915 | 0.085 |
| 8:16-3rd |  | 76 | 63 | 0.88 | 0.12 |
| 7:56-3rd |  | 76 | 63 | 0.86 | 0.14 |
| 7:52-3rd |  | 76 | 63 | 0.86 | 0.14 |
| 7:44-3rd |  | 76 | 63 | 0.885 | 0.115 |
| 7:19-3rd |  | 76 | 63 | 0.871 | 0.129 |
| 7:17-3rd |  | 76 | 63 | 0.889 | 0.111 |
| 7:07-3rd |  | 76 | 63 | 0.867 | 0.133 |
| 6:58-3rd |  | 76 | 63 | 0.886 | 0.114 |
| 6:56-3rd |  | 76 | 63 | 0.892 | 0.108 |
| 6:49-3rd |  | 78 | 63 | 0.91 | 0.09 |
| 6:48-3rd |  | 78 | 63 | 0.91 | 0.09 |
| 6:29-3rd |  | 78 | 63 | 0.925 | 0.075 |
| 6:26-3rd |  | 78 | 63 | 0.929 | 0.071 |
| 6:17-3rd |  | 78 | 63 | 0.914 | 0.086 |
| 6:14-3rd |  | 78 | 63 | 0.914 | 0.086 |
| 6:07-3rd |  | 78 | 63 | 0.915 | 0.085 |
| 5:55-3rd |  | 78 | 63 | 0.916 | 0.084 |
| 5:47-3rd |  | 78 | 63 | 0.933 | 0.067 |
| 5:32-3rd |  | 80 | 63 | 0.946 | 0.054 |
| 5:22-3rd |  | 80 | 63 | 0.927 | 0.073 |
| 5:14-3rd |  | 80 | 65 | 0.936 | 0.064 |
| 4:58-3rd |  | 80 | 65 | 0.923 | 0.077 |
| 4:53-3rd |  | 80 | 67 | 0.907 | 0.093 |
| 4:41-3rd |  | 80 | 67 | 0.895 | 0.105 |
| 4:38-3rd |  | 80 | 67 | 0.891 | 0.109 |
| 4:33-3rd |  | 80 | 67 | 0.905 | 0.095 |
| 4:30-3rd |  | 80 | 67 | 0.91 | 0.09 |
| 4:26-3rd |  | 80 | 67 | 0.897 | 0.103 |
| 4:23-3rd |  | 80 | 67 | 0.911 | 0.089 |
| 4:14-3rd |  | 82 | 67 | 0.928 | 0.072 |
| 3:58-3rd |  | 82 | 67 | 0.941 | 0.059 |
| 3:55-3rd |  | 82 | 67 | 0.931 | 0.069 |
| 3:43-3rd |  | 82 | 70 | 0.899 | 0.101 |
| 3:23-3rd |  | 82 | 70 | 0.886 | 0.114 |
| 3:17-3rd |  | 84 | 70 | 0.922 | 0.078 |
| 3:16-3rd |  | 84 | 72 | 0.903 | 0.097 |
| 2:56-3rd |  | 84 | 72 | 0.89 | 0.11 |
| 2:55-3rd |  | 85 | 72 | 0.906 | 0.094 |
| 2:53-3rd |  | 85 | 72 | 0.906 | 0.094 |
| 2:36-3rd |  | 85 | 75 | 0.864 | 0.136 |
| 2:17-3rd |  | 87 | 75 | 0.891 | 0.109 |
| 1:49-3rd |  | 87 | 75 | 0.912 | 0.088 |
| 1:46-3rd |  | 87 | 75 | 0.918 | 0.082 |
| 1:34-3rd |  | 87 | 75 | 0.903 | 0.097 |
| 1:32-3rd |  | 87 | 75 | 0.898 | 0.102 |
| 1:29-3rd |  | 87 | 75 | 0.921 | 0.079 |
| 1:25-3rd |  | 89 | 75 | 0.937 | 0.063 |
| 1:08-3rd |  | 89 | 77 | 0.924 | 0.076 |
| 56.1-3rd |  | 91 | 77 | 0.941 | 0.059 |
| 37.1-3rd |  | 91 | 77 | 0.954 | 0.046 |
| 35.1-3rd |  | 91 | 77 | 0.944 | 0.056 |
| 35.0-3rd |  | 91 | 77 | 0.957 | 0.043 |
| 33.1-3rd |  | 91 | 77 | 0.957 | 0.043 |
| 17.0-3rd |  | 91 | 77 | 0.949 | 0.051 |
| 14.0-3rd |  | 91 | 77 | 0.945 | 0.055 |
| 2.1-3rd |  | 91 | 77 | 0.957 | 0.043 |
| 1.1-3rd |  | 91 | 77 | 0.945 | 0.055 |
| 1.0-3rd |  | 91 | 79 | 0.935 | 0.065 |
| 0.0-3rd |  | 91 | 79 | 0.92 | 0.08 |
| 12:00-4th |  | 91 | 79 | 0.92 | 0.08 |
| 11:50-4th |  | 91 | 81 | 0.893 | 0.107 |
| 11:31-4th |  | 94 | 81 | 0.934 | 0.066 |
| 11:16-4th |  | 94 | 81 | 0.949 | 0.051 |
| 11:13-4th |  | 94 | 81 | 0.953 | 0.047 |
| 11:04-4th |  | 97 | 81 | 0.975 | 0.025 |
| 10:47-4th |  | 97 | 83 | 0.968 | 0.032 |
| 10:33-4th |  | 99 | 83 | 0.978 | 0.022 |
| 10:21-4th |  | 99 | 83 | 0.983 | 0.017 |
| 10:19-4th |  | 99 | 83 | 0.985 | 0.015 |
| 10:15-4th |  | 102 | 83 | 0.992 | 0.008 |
| 10:13-4th |  | 102 | 83 | 0.993 | 0.007 |
| 9:54-4th |  | 102 | 85 | 0.99 | 0.01 |
| 9:34-4th |  | 102 | 85 | 0.987 | 0.013 |
| 9:24-4th |  | 102 | 88 | 0.976 | 0.024 |
| 8:59-4th |  | 105 | 88 | 0.989 | 0.011 |
| 8:46-4th |  | 105 | 91 | 0.979 | 0.021 |
| 8:33-4th |  | 105 | 91 | 0.974 | 0.026 |
| 8:30-4th |  | 105 | 91 | 0.981 | 0.019 |
| 8:28-4th |  | 107 | 91 | 0.987 | 0.013 |
| 8:17-4th |  | 107 | 91 | 0.991 | 0.009 |
| 8:14-4th |  | 107 | 91 | 0.992 | 0.008 |
| 8:04-4th |  | 109 | 91 | 0.995 | 0.005 |
| 7:53-4th |  | 109 | 93 | 0.993 | 0.007 |
| 7:33-4th |  | 109 | 93 | 0.991 | 0.009 |
| 7:30-4th |  | 109 | 93 | 0.99 | 0.01 |
| 7:29-4th |  | 109 | 94 | 0.99 | 0.01 |
| 7:26-4th |  | 109 | 94 | 0.99 | 0.01 |
| 7:10-4th |  | 109 | 94 | 0.987 | 0.013 |
| 7:07-4th |  | 109 | 94 | 0.985 | 0.015 |
| 7:04-4th |  | 109 | 97 | 0.971 | 0.029 |
| 6:48-4th |  | 109 | 97 | 0.961 | 0.039 |
| 6:37-4th |  | 109 | 97 | 0.971 | 0.029 |
| 6:35-4th |  | 109 | 97 | 0.963 | 0.037 |
| 6:23-4th |  | 109 | 100 | 0.934 | 0.066 |
| 6:10-4th |  | 112 | 100 | 0.967 | 0.033 |
| 5:50-4th |  | 112 | 102 | 0.955 | 0.045 |
| 5:35-4th |  | 114 | 102 | 0.971 | 0.029 |
| 5:21-4th |  | 114 | 104 | 0.962 | 0.038 |
| 5:10-4th |  | 114 | 104 | 0.968 | 0.032 |
| 5:01-4th |  | 116 | 104 | 0.977 | 0.023 |
| 4:42-4th |  | 116 | 106 | 0.971 | 0.029 |
| 4:18-4th |  | 116 | 106 | 0.964 | 0.036 |
| 4:15-4th |  | 116 | 106 | 0.961 | 0.039 |
| 4:07-4th |  | 116 | 107 | 0.96 | 0.04 |
| 3:48-4th |  | 116 | 107 | 0.944 | 0.056 |
| 3:41-4th |  | 116 | 109 | 0.922 | 0.078 |
| 3:27-4th |  | 118 | 109 | 0.95 | 0.05 |
| 3:12-4th |  | 118 | 111 | 0.932 | 0.068 |
| 3:01-4th |  | 118 | 111 | 0.967 | 0.033 |
| 2:52-4th |  | 118 | 111 | 0.944 | 0.056 |
| 2:27-4th |  | 118 | 111 | 0.944 | 0.056 |
| 2:25-4th |  | 118 | 111 | 0.952 | 0.048 |
| 2:06-4th |  | 121 | 111 | 0.985 | 0.015 |
| 1:54-4th |  | 121 | 113 | 0.977 | 0.023 |
| 1:39-4th |  | 121 | 113 | 0.968 | 0.032 |
| 1:36-4th |  | 121 | 113 | 0.965 | 0.035 |
| 1:34-4th |  | 121 | 113 | 0.982 | 0.018 |
| 1:15-4th |  | 121 | 113 | 0.971 | 0.029 |
| 1:05-4th |  | 121 | 115 | 0.957 | 0.043 |
| 51.1-4th |  | 121 | 115 | 0.932 | 0.068 |
| 44.0-4th |  | 121 | 117 | 0.9 | 0.1 |
| 41.0-4th |  | 123 | 117 | 0.942 | 0.058 |
| 31.1-4th |  | 123 | 117 | 0.971 | 0.029 |
| 27.1-4th |  | 123 | 117 | 0.98 | 0.02 |
| 20.1-4th |  | 123 | 117 | 0.986 | 0.014 |
| 13.1-4th |  | 125 | 117 | 0.996 | 0.004 |
| 10.1-4th |  | 125 | 117 | 0.999 | 0.001 |
| 7.2-4th |  | 125 | 117 | 0.999 | 0.001 |
| 0.0-4th |  | 125 | 117 | 1.0 | 0.0 |

Question

Which event most likely happened at the marked missing position?

Answer Choices

A. Player 11 (Team B) makes 6-foot two point shot
B. Team A Full timeout | Player 19 (Team A) enters the game for Player 16 (Team A) | Player 4 (Team A) enters the game for Player 9 (Team A) | Player 2 (Team A) enters the game for Player 7 (Team A)
C. Player 13 (Team B) bad pass (Player 4 (Team A) steals)
D. Player 4 (Team B) makes two point shot (Player 20 (Team A) assists)

Response Format

Return exactly one JSON object:

{
  "answer": "<A|B|C|D>",
  "rationale": "<brief evidence-based justification in 1-3 sentences>",
  "evidence_event_ids": [],
  "evidence_series_times": []
}

Use only event IDs and time labels that are provided above and that support the answer. Use an empty array when the corresponding evidence type is unavailable or unused. Return only the JSON object.
