Task

Reconstruct the missing event in this basketball game. Use the available numerical time-series evidence around the marked row to select the most likely event.

Game

Team A versus Team B, season 22-23.

Time Series

| Game time | Marker | Team A score | Team B score | Team A win probability | Team B win probability |
| --- | --- | --- | --- | --- | --- |
| 12:00-1st |  | 0 | 0 | 0.621 | 0.379 |
| 11:36-1st |  | 2 | 0 | 0.647 | 0.353 |
| 11:08-1st |  | 2 | 0 | 0.662 | 0.338 |
| 11:07-1st |  | 2 | 0 | 0.646 | 0.354 |
| 11:04-1st |  | 2 | 0 | 0.662 | 0.338 |
| 11:03-1st |  | 2 | 0 | 0.646 | 0.354 |
| 10:59-1st |  | 2 | 2 | 0.619 | 0.381 |
| 10:51-1st |  | 4 | 2 | 0.646 | 0.354 |
| 10:32-1st |  | 4 | 2 | 0.661 | 0.339 |
| 10:31-1st |  | 4 | 2 | 0.667 | 0.333 |
| 10:18-1st |  | 4 | 2 | 0.65 | 0.35 |
| 10:17-1st |  | 4 | 2 | 0.644 | 0.356 |
| 9:55-1st |  | 4 | 2 | 0.66 | 0.34 |
| 9:54-1st |  | 4 | 2 | 0.666 | 0.334 |
| 9:45-1st |  | 7 | 2 | 0.709 | 0.291 |
| 9:21-1st |  | 7 | 2 | 0.725 | 0.275 |
| 9:19-1st |  | 7 | 2 | 0.73 | 0.27 |
| 9:14-1st |  | 9 | 2 | 0.752 | 0.248 |
| 8:57-1st |  | 9 | 2 | 0.752 | 0.248 |
| 8:48-1st |  | 9 | 5 | 0.71 | 0.29 |
| 8:39-1st |  | 11 | 5 | 0.731 | 0.269 |
| 8:27-1st |  | 11 | 7 | 0.709 | 0.291 |
| 8:10-1st |  | 14 | 7 | 0.751 | 0.249 |
| 7:54-1st |  | 14 | 7 | 0.766 | 0.234 |
| 7:52-1st |  | 14 | 7 | 0.771 | 0.229 |
| 7:39-1st |  | 14 | 7 | 0.756 | 0.244 |
| 7:37-1st |  | 14 | 7 | 0.751 | 0.249 |
| 7:27-1st |  | 14 | 7 | 0.766 | 0.234 |
| 7:25-1st |  | 14 | 7 | 0.771 | 0.229 |
| 7:21-1st |  | 17 | 7 | 0.807 | 0.193 |
| 7:06-1st |  | 17 | 7 | 0.808 | 0.192 |
| 6:58-1st |  | 17 | 8 | 0.809 | 0.191 |
| 6:40-1st |  | 20 | 8 | 0.841 | 0.159 |
| 6:19-1st |  | 20 | 8 | 0.853 | 0.147 |
| 6:17-1st |  | 20 | 8 | 0.857 | 0.143 |
| 6:13-1st |  | 20 | 8 | 0.845 | 0.155 |
| 6:11-1st |  | 20 | 8 | 0.841 | 0.159 |
| 5:54-1st |  | 20 | 10 | 0.827 | 0.173 |
| 5:39-1st |  | 23 | 10 | 0.857 | 0.143 |
| 5:26-1st |  | 23 | 12 | 0.843 | 0.157 |
| 5:10-1st |  | 26 | 12 | 0.873 | 0.127 |
| 4:45-1st |  | 26 | 14 | 0.858 | 0.142 |
| 4:35-1st |  | 26 | 14 | 0.858 | 0.142 |
| 4:22-1st |  | 26 | 14 | 0.847 | 0.153 |
| 4:20-1st |  | 26 | 14 | 0.842 | 0.158 |
| 3:57-1st |  | 26 | 14 | 0.843 | 0.157 |
| 3:48-1st |  | 26 | 16 | 0.829 | 0.171 |
| 3:42-1st |  | 26 | 16 | 0.81 | 0.19 |
| 3:39-1st |  | 26 | 17 | 0.809 | 0.191 |
| 3:22-1st |  | 26 | 17 | 0.795 | 0.205 |
| 3:21-1st |  | 26 | 17 | 0.79 | 0.21 |
| 3:15-1st |  | 26 | 20 | 0.751 | 0.249 |
| 2:53-1st |  | 26 | 20 | 0.734 | 0.266 |
| 2:52-1st |  | 26 | 20 | 0.729 | 0.271 |
| 2:43-1st |  | 26 | 22 | 0.707 | 0.293 |
| 2:28-1st |  | 26 | 22 | 0.689 | 0.311 |
| 2:27-1st |  | 26 | 22 | 0.683 | 0.317 |
| 2:19-1st |  | 26 | 24 | 0.657 | 0.343 |
| 1:58-1st |  | 26 | 24 | 0.631 | 0.369 |
| 1:55-1st |  | 26 | 26 | 0.603 | 0.397 |
| 1:30-1st |  | 26 | 26 | 0.574 | 0.426 |
| 1:18-1st |  | 26 | 26 | 0.595 | 0.405 |
| 1:17-1st |  | 26 | 26 | 0.602 | 0.398 |
| 1:03-1st |  | 26 | 26 | 0.573 | 0.427 |
| 59.1-1st |  | 26 | 28 | 0.544 | 0.456 |
| 38.1-1st |  | 26 | 28 | 0.522 | 0.478 |
| 35.1-1st |  | 26 | 28 | 0.515 | 0.485 |
| 31.1-1st |  | 26 | 31 | 0.46 | 0.54 |
| 12.0-1st |  | 26 | 31 | 0.435 | 0.565 |
| 10.1-1st |  | 26 | 31 | 0.428 | 0.572 |
| 0.0-1st |  | 26 | 31 | 0.443 | 0.557 |
| 12:00-2nd |  | 26 | 31 | 0.443 | 0.557 |
| 11:51-2nd |  | 26 | 31 | 0.446 | 0.554 |
| 11:50-2nd |  | 26 | 31 | 0.421 | 0.579 |
| 11:42-2nd |  | 26 | 34 | 0.368 | 0.632 |
| 11:40-2nd |  | 26 | 34 | 0.368 | 0.632 |
| 11:25-2nd |  | 26 | 34 | 0.343 | 0.657 |
| 11:23-2nd |  | 26 | 34 | 0.335 | 0.665 |
| 11:11-2nd |  | 26 | 34 | 0.365 | 0.635 |
| 11:00-2nd |  | 28 | 34 | 0.391 | 0.609 |
| 10:47-2nd |  | 28 | 36 | 0.361 | 0.639 |
| 10:31-2nd |  | 30 | 36 | 0.39 | 0.61 |
| 10:19-2nd |  | 30 | 36 | 0.411 | 0.589 |
| 10:17-2nd |  | 30 | 36 | 0.418 | 0.582 |
| 10:13-2nd |  | 30 | 36 | 0.396 | 0.604 |
| 10:11-2nd |  | 30 | 36 | 0.388 | 0.612 |
| 10:00-2nd |  | 30 | 36 | 0.41 | 0.59 |
| 9:58-2nd |  | 30 | 36 | 0.417 | 0.583 |
| 9:47-2nd |  | 32 | 36 | 0.444 | 0.556 |
| 9:28-2nd |  | 32 | 38 | 0.414 | 0.586 |
| 9:16-2nd |  | 32 | 38 | 0.39 | 0.61 |
| 9:14-2nd |  | 32 | 38 | 0.382 | 0.618 |
| 8:58-2nd |  | 32 | 38 | 0.404 | 0.596 |
| 8:57-2nd |  | 32 | 38 | 0.412 | 0.588 |
| 8:49-2nd |  | 32 | 38 | 0.387 | 0.613 |
| 8:47-2nd |  | 32 | 38 | 0.379 | 0.621 |
| 8:43-2nd |  | 32 | 38 | 0.379 | 0.621 |
| 8:29-2nd |  | 34 | 38 | 0.438 | 0.562 |
| 8:18-2nd |  | 34 | 38 | 0.439 | 0.561 |
| 8:08-2nd |  | 34 | 40 | 0.408 | 0.592 |
| 7:50-2nd |  | 34 | 40 | 0.384 | 0.616 |
| 7:48-2nd |  | 34 | 40 | 0.377 | 0.623 |
| 7:40-2nd |  | 34 | 40 | 0.398 | 0.602 |
| 7:39-2nd |  | 34 | 40 | 0.406 | 0.594 |
| 7:33-2nd |  | 36 | 40 | 0.435 | 0.565 |
| 7:14-2nd |  | 36 | 42 | 0.403 | 0.597 |
| 7:01-2nd |  | 36 | 42 | 0.38 | 0.62 |
| 6:58-2nd |  | 36 | 42 | 0.372 | 0.628 |
| 6:52-2nd |  | 36 | 42 | 0.401 | 0.599 |
| 6:48-2nd |  | 39 | 42 | 0.464 | 0.536 |
| 6:31-2nd |  | 39 | 42 | 0.495 | 0.505 |
| 6:17-2nd |  | 39 | 42 | 0.47 | 0.53 |
| 6:15-2nd |  | 39 | 42 | 0.462 | 0.538 |
| 6:01-2nd |  | 39 | 42 | 0.485 | 0.515 |
| 5:59-2nd |  | 39 | 42 | 0.493 | 0.507 |
| 5:54-2nd |  | 40 | 42 | 0.49 | 0.51 |
| 5:35-2nd |  | 40 | 45 | 0.425 | 0.575 |
| 5:21-2nd |  | 42 | 45 | 0.456 | 0.544 |
| 5:12-2nd |  | 42 | 45 | 0.49 | 0.51 |
| 5:08-2nd |  | 44 | 45 | 0.52 | 0.48 |
| 4:51-2nd |  | 44 | 45 | 0.551 | 0.449 |
| 4:47-2nd |  | 46 | 45 | 0.584 | 0.416 |
| 4:29-2nd |  | 46 | 45 | 0.614 | 0.386 |
| 4:23-2nd |  | 46 | 45 | 0.591 | 0.409 |
| 4:22-2nd |  | 46 | 45 | 0.614 | 0.386 |
| 4:21-2nd |  | 48 | 45 | 0.643 | 0.357 |
| 4:01-2nd |  | 48 | 47 | 0.613 | 0.387 |
| 3:43-2nd |  | 48 | 47 | 0.59 | 0.41 |
| 3:41-2nd |  | 48 | 47 | 0.613 | 0.387 |
| 3:40-2nd |  | 48 | 47 | 0.582 | 0.418 |
| 3:34-2nd |  | 48 | 47 | 0.583 | 0.417 |
| 3:24-2nd |  | 48 | 47 | 0.605 | 0.395 |
| 3:23-2nd |  | 48 | 47 | 0.613 | 0.387 |
| 3:15-2nd |  | 48 | 47 | 0.589 | 0.411 |
| 3:14-2nd |  | 48 | 47 | 0.581 | 0.419 |
| 2:58-2nd |  | 48 | 47 | 0.605 | 0.395 |
| 2:57-2nd |  | 48 | 47 | 0.581 | 0.419 |
| 2:51-2nd |  | 48 | 47 | 0.605 | 0.395 |
| 2:50-2nd |  | 48 | 47 | 0.58 | 0.42 |
| 2:46-2nd |  | 48 | 49 | 0.546 | 0.454 |
| 2:33-2nd |  | 48 | 49 | 0.52 | 0.48 |
| 2:32-2nd |  | 48 | 49 | 0.545 | 0.455 |
| 2:30-2nd |  | 48 | 49 | 0.52 | 0.48 |
| 2:29-2nd |  | 48 | 49 | 0.511 | 0.489 |
| 2:13-2nd |  | 48 | 49 | 0.545 | 0.455 |
| 1:55-2nd |  | 48 | 49 | 0.518 | 0.482 |
| 1:53-2nd |  | 48 | 49 | 0.544 | 0.456 |
| 1:52-2nd |  | 50 | 49 | 0.578 | 0.422 |
| 1:36-2nd |  | 50 | 49 | 0.603 | 0.397 |
| 1:32-2nd |  | 50 | 49 | 0.612 | 0.388 |
| 1:26-2nd |  | 50 | 49 | 0.586 | 0.414 |
| 1:25-2nd |  | 50 | 49 | 0.611 | 0.389 |
| 1:23-2nd |  | 52 | 49 | 0.643 | 0.357 |
| 1:03-2nd |  | 52 | 49 | 0.675 | 0.325 |
| 55.1-2nd |  | 54 | 49 | 0.703 | 0.297 |
| 32.0-2nd |  | 54 | 49 | 0.727 | 0.273 |
| 28.2-2nd |  | 54 | 49 | 0.735 | 0.265 |
| 8.0-2nd |  | 54 | 49 | 0.712 | 0.288 |
| 5.0-2nd |  | 54 | 49 | 0.704 | 0.296 |
| 0.1-2nd |  | 54 | 49 | 0.701 | 0.299 |
| 0.0-2nd |  | 54 | 49 | 0.715 | 0.285 |
| 12:00-3rd |  | 54 | 49 | 0.715 | 0.285 |
| 11:36-3rd |  | 54 | 49 | 0.728 | 0.272 |
| 11:35-3rd |  | 54 | 49 | 0.734 | 0.266 |
| 11:13-3rd |  | 56 | 49 | 0.767 | 0.233 |
| 10:58-3rd |  | 56 | 49 | 0.789 | 0.211 |
| 10:56-3rd |  | 56 | 49 | 0.796 | 0.204 |
| 10:48-3rd |  | 56 | 49 | 0.775 | 0.225 |
| 10:46-3rd |  | 56 | 49 | 0.768 | 0.232 |
| 10:33-3rd |  | 56 | 51 | 0.736 | 0.264 |
| 10:20-3rd |  | 56 | 51 | 0.738 | 0.262 |
| 10:11-3rd |  | 59 | 51 | 0.793 | 0.207 |
| 9:55-3rd |  | 59 | 51 | 0.814 | 0.186 |
| 9:53-3rd |  | 59 | 51 | 0.794 | 0.206 |
| 9:46-3rd |  | 59 | 51 | 0.814 | 0.186 |
| 9:44-3rd |  | 59 | 51 | 0.821 | 0.179 |
| 9:39-3rd |  | 61 | 51 | 0.842 | 0.158 |
| 9:25-3rd |  | 61 | 54 | 0.797 | 0.203 |
| 9:02-3rd |  | 64 | 54 | 0.845 | 0.155 |
| 8:38-3rd |  | 64 | 57 | 0.799 | 0.201 |
| 8:24-3rd |  | 64 | 57 | 0.798 | 0.202 |
| 8:11-3rd |  | 64 | 57 | 0.801 | 0.199 |
| 8:10-3rd |  | 64 | 57 | 0.797 | 0.203 |
| 8:07-3rd |  | 66 | 57 | 0.825 | 0.175 |
| 7:45-3rd |  | 66 | 59 | 0.802 | 0.198 |
| 7:29-3rd |  | 68 | 59 | 0.828 | 0.172 |
| 7:10-3rd |  | 68 | 59 | 0.848 | 0.152 |
| 7:08-3rd |  | 68 | 59 | 0.855 | 0.145 |
| 7:03-3rd |  | 71 | 59 | 0.895 | 0.105 |
| 6:45-3rd |  | 71 | 59 | 0.912 | 0.088 |
| 6:41-3rd |  | 71 | 59 | 0.897 | 0.103 |
| 6:37-3rd |  | 71 | 61 | 0.878 | 0.122 |
| 6:19-3rd |  | 73 | 61 | 0.899 | 0.101 |
| 6:06-3rd |  | 73 | 61 | 0.911 | 0.089 |
| 6:04-3rd |  | 73 | 61 | 0.9 | 0.1 |
| 5:56-3rd |  | 73 | 61 | 0.912 | 0.088 |
| 5:54-3rd |  | 73 | 61 | 0.916 | 0.084 |
| 5:52-3rd |  | 75 | 61 | 0.931 | 0.069 |
| 5:37-3rd |  | 75 | 63 | 0.917 | 0.083 |
| 5:24-3rd |  | 77 | 63 | 0.933 | 0.067 |
| 5:07-3rd |  | 77 | 65 | 0.919 | 0.081 |
| 4:55-3rd |  | 77 | 65 | 0.941 | 0.059 |
| 4:51-3rd |  | 80 | 65 | 0.947 | 0.053 |
| 4:35-3rd |  | 80 | 67 | 0.936 | 0.064 |
| 4:15-3rd |  | 82 | 67 | 0.95 | 0.05 |
| 3:54-3rd |  | 82 | 67 | 0.959 | 0.041 |
| 3:52-3rd |  | 82 | 67 | 0.962 | 0.038 |
| 3:33-3rd |  | 82 | 67 | 0.955 | 0.045 |
| 3:31-3rd |  | 82 | 67 | 0.953 | 0.047 |
| 3:29-3rd |  | 82 | 70 | 0.927 | 0.073 |
| 3:13-3rd |  | 85 | 70 | 0.955 | 0.045 |
| 2:58-3rd |  | 85 | 73 | 0.931 | 0.069 |
| 2:44-3rd |  | 85 | 73 | 0.931 | 0.069 |
| 2:40-3rd |  | 87 | 73 | 0.945 | 0.055 |
| 2:19-3rd |  | 87 | 73 | 0.959 | 0.041 |
| 2:13-3rd |  | 89 | 73 | 0.967 | 0.033 |
| 2:00-3rd |  | 89 | 73 | 0.974 | 0.026 |
| 1:57-3rd |  | 89 | 73 | 0.977 | 0.023 |
| 1:45-3rd |  | 89 | 73 | 0.969 | 0.031 |
| 1:31-3rd |  | 89 | 76 | 0.952 | 0.048 |
| 1:08-3rd |  | 89 | 76 | 0.944 | 0.056 |
| 1:05-3rd |  | 89 | 76 | 0.941 | 0.059 |
| 1:01-3rd |  | 89 | 76 | 0.951 | 0.049 |
| 59.1-3rd |  | 89 | 76 | 0.941 | 0.059 |
| 57.1-3rd |  | 89 | 76 | 0.952 | 0.048 |
| 54.1-3rd |  | 89 | 76 | 0.942 | 0.058 |
| 51.1-3rd |  | 89 | 76 | 0.956 | 0.044 |
| 47.1-3rd |  | 90 | 76 | 0.956 | 0.044 |
| 30.1-3rd |  | 90 | 78 | 0.946 | 0.054 |
| 6.1-3rd |  | 90 | 78 | 0.936 | 0.064 |
| 4.0-3rd |  | 90 | 78 | 0.933 | 0.067 |
| 1.1-3rd |  | 90 | 80 | 0.917 | 0.083 |
| 0.0-3rd |  | 90 | 80 | 0.909 | 0.091 |
| 12:00-4th |  | 90 | 80 | 0.909 | 0.091 |
| 11:48-4th |  | 92 | 80 | 0.937 | 0.063 |
| 11:24-4th |  | 92 | 80 | 0.955 | 0.045 |
| 11:20-4th |  | 94 | 80 | 0.965 | 0.035 |
| 10:58-4th |  | 94 | 82 | 0.957 | 0.043 |
| 10:43-4th |  | 94 | 82 | 0.947 | 0.053 |
| 10:41-4th |  | 94 | 82 | 0.944 | 0.056 |
| 10:36-4th |  | 94 | 82 | 0.956 | 0.044 |
| 10:34-4th |  | 94 | 82 | 0.945 | 0.055 |
| 10:33-4th |  | 94 | 84 | 0.93 | 0.07 |
| 10:11-4th |  | 97 | 84 | 0.96 | 0.04 |
| 9:47-4th |  | 97 | 84 | 0.97 | 0.03 |
| 9:46-4th |  | 97 | 84 | 0.972 | 0.028 |
| 9:38-4th |  | 99 | 84 | 0.98 | 0.02 |
| 9:11-4th |  | 99 | 85 | 0.982 | 0.018 |
| 9:04-4th |  | 99 | 85 | 0.976 | 0.024 |
| 9:03-4th |  | 99 | 85 | 0.975 | 0.025 |
| 8:46-4th |  | 99 | 88 | 0.956 | 0.044 |
| 8:21-4th |  | 99 | 88 | 0.948 | 0.052 |
| 8:20-4th |  | 99 | 88 | 0.944 | 0.056 |
| 8:11-4th |  | 99 | 90 | 0.923 | 0.077 |
| 7:52-4th |  | 99 | 90 | 0.9 | 0.1 |
| 7:37-4th |  | 99 | 93 | 0.845 | 0.155 |
| 7:17-4th |  | 99 | 93 | 0.82 | 0.18 |
| 7:15-4th |  | 99 | 93 | 0.81 | 0.19 |
| 7:07-4th |  | 99 | 93 | 0.842 | 0.158 |
| 7:06-4th |  | 99 | 93 | 0.812 | 0.188 |
| 7:01-4th |  | 99 | 95 | 0.77 | 0.23 |
| 6:51-4th |  | 101 | 95 | 0.816 | 0.184 |
| 6:33-4th |  | 101 | 96 | 0.813 | 0.187 |
| 6:18-4th |  | 101 | 96 | 0.782 | 0.218 |
| 6:13-4th |  | 101 | 96 | 0.772 | 0.228 |
| 6:12-4th |  | 101 | 98 | 0.71 | 0.29 |
| 5:57-4th |  | 101 | 98 | 0.725 | 0.275 |
| 5:50-4th |  | 101 | 98 | 0.672 | 0.328 |
| 5:48-4th |  | 101 | 98 | 0.657 | 0.343 |
| 5:31-4th |  | 101 | 98 | 0.706 | 0.294 |
| 5:29-4th |  | 101 | 98 | 0.722 | 0.278 |
| 5:14-4th |  | 103 | 98 | 0.786 | 0.214 |
| 4:53-4th |  | 103 | 98 | 0.837 | 0.163 |
| 4:33-4th |  | 103 | 98 | 0.794 | 0.206 |
| 4:30-4th |  | 103 | 100 | 0.741 | 0.259 |
| 4:10-4th |  | 103 | 100 | 0.693 | 0.307 |
| 4:08-4th |  | 103 | 100 | 0.677 | 0.323 |
| 4:07-4th |  | 103 | 102 | 0.61 | 0.39 |
| 3:47-4th |  | 105 | 102 | 0.691 | 0.309 |
| 3:32-4th |  | 105 | 102 | 0.696 | 0.304 |
| 3:30-4th |  | 105 | 104 | 0.627 | 0.373 |
| 3:18-4th |  | 107 | 104 | 0.7 | 0.3 |
| 3:14-4th |  | 107 | 104 | 0.701 | 0.299 |
| 3:06-4th |  | 107 | 104 | 0.756 | 0.244 |
| 3:04-4th |  | 107 | 104 | 0.774 | 0.226 |
| 2:49-4th |  | 110 | 104 | 0.883 | 0.117 |
| 2:32-4th |  | 110 | 104 | 0.917 | 0.083 |
| 2:30-4th |  | 110 | 104 | 0.927 | 0.073 |
| 2:18-4th |  | 110 | 104 | 0.895 | 0.105 |
| 2:13-4th |  | 110 | 107 | 0.794 | 0.206 |
| 1:54-4th |  | 110 | 107 | 0.747 | 0.253 |
| 1:50-4th |  | 110 | 107 | 0.73 | 0.27 |
| 1:28-4th |  | 110 | 107 | 0.796 | 0.204 |
| 1:26-4th |  | 110 | 107 | 0.818 | 0.182 |
| 1:25-4th |  | 112 | 107 | 0.87 | 0.13 |
| 1:13-4th |  | 112 | 107 | 0.925 | 0.075 |
| 1:10-4th |  | 112 | 109 | 0.827 | 0.173 |
| 54.0-4th |  | 112 | 109 | 0.77 | 0.23 |
| 52.0-4th |  | 112 | 109 | 0.749 | 0.251 |
| 39.0-4th |  | 112 | 109 | 0.836 | 0.164 |
| 38.1-4th |  | 112 | 109 | 0.765 | 0.235 |
| 35.1-4th |  | 112 | 111 | 0.675 | 0.325 |
| 19.1-4th |  | 112 | 111 | 0.579 | 0.421 |
| 15.1-4th |  | 112 | 111 | 0.703 | 0.297 |
| 5.0-4th |  | 112 | 111 | 0.785 | 0.215 |
| 4.0-4th |  | 112 | 111 | 0.817 | 0.183 |
| 0.1-4th | TARGET | 112 | 114 | 0.012 | 0.988 |
| 0.0-4th |  | 112 | 114 | 0.0 | 1.0 |

Question

Which event most likely happened at the marked missing position?

Answer Choices

A. Player 4 (Team B) makes 29-foot three pointer (Player 8 (Team B) assists) | Team A Full timeout | Player 11 (Team B) enters the game for Player 1 (Team B) | Player 5 (Team B) enters the game for Player 3 (Team B) | Player 3 (Team A) enters the game for Player 9 (Team A) | Player 6 (Team A) enters the game for Player 8 (Team A)
B. Player 4 (Team A) makes 27-foot three point shot (Player 6 (Team B) assists)
C. Player 4 (Team B) makes 13-foot two point shot (Player 17 (Team B) assists)
D. Player 10 (Team A) makes 23-foot three point jumper (Player 10 (Team B) assists)

Response Format

Return exactly one JSON object:

{
  "answer": "<A|B|C|D>",
  "rationale": "<brief evidence-based justification in 1-3 sentences>",
  "evidence_event_ids": [],
  "evidence_series_times": []
}

Use only event IDs and time labels that are provided above and that support the answer. Use an empty array when the corresponding evidence type is unavailable or unused. Return only the JSON object.
