Task

Reconstruct the missing event in this basketball game. Use the available numerical time-series evidence around the marked row to select the most likely event.

Game

Team A versus Team B, season 22-23.

Time Series

| Game time | Marker | Team A score | Team B score | Team A win probability | Team B win probability |
| --- | --- | --- | --- | --- | --- |
| 12:00-1st |  | 0 | 0 | 0.355 | 0.645 |
| 11:41-1st |  | 0 | 0 | 0.375 | 0.625 |
| 11:20-1st |  | 2 | 0 | 0.404 | 0.596 |
| 11:07-1st |  | 2 | 2 | 0.376 | 0.624 |
| 10:46-1st |  | 4 | 2 | 0.405 | 0.595 |
| 10:36-1st |  | 4 | 5 | 0.357 | 0.643 |
| 10:26-1st |  | 4 | 5 | 0.33 | 0.67 |
| 10:20-1st |  | 6 | 5 | 0.38 | 0.62 |
| 10:00-1st |  | 6 | 8 | 0.334 | 0.666 |
| 9:37-1st |  | 9 | 8 | 0.382 | 0.618 |
| 9:21-1st |  | 9 | 8 | 0.405 | 0.595 |
| 9:18-1st |  | 9 | 8 | 0.413 | 0.587 |
| 9:10-1st |  | 11 | 8 | 0.433 | 0.567 |
| 8:47-1st |  | 11 | 11 | 0.383 | 0.617 |
| 8:30-1st |  | 11 | 11 | 0.364 | 0.636 |
| 8:23-1st |  | 11 | 11 | 0.379 | 0.621 |
| 8:20-1st |  | 11 | 11 | 0.385 | 0.615 |
| 8:07-1st |  | 13 | 11 | 0.412 | 0.588 |
| 7:46-1st |  | 13 | 11 | 0.439 | 0.561 |
| 7:33-1st |  | 13 | 11 | 0.414 | 0.586 |
| 7:31-1st |  | 13 | 11 | 0.439 | 0.561 |
| 7:18-1st |  | 13 | 11 | 0.421 | 0.579 |
| 7:15-1st |  | 13 | 11 | 0.414 | 0.586 |
| 7:11-1st |  | 13 | 13 | 0.389 | 0.611 |
| 6:57-1st |  | 13 | 13 | 0.372 | 0.628 |
| 6:55-1st |  | 13 | 13 | 0.366 | 0.634 |
| 6:46-1st |  | 13 | 15 | 0.342 | 0.658 |
| 6:33-1st |  | 13 | 15 | 0.324 | 0.676 |
| 6:30-1st |  | 13 | 15 | 0.318 | 0.682 |
| 6:19-1st |  | 13 | 15 | 0.337 | 0.663 |
| 6:18-1st |  | 13 | 15 | 0.343 | 0.657 |
| 6:15-1st |  | 16 | 15 | 0.392 | 0.608 |
| 6:02-1st |  | 16 | 15 | 0.412 | 0.588 |
| 5:56-1st |  | 16 | 17 | 0.368 | 0.632 |
| 5:37-1st |  | 18 | 17 | 0.393 | 0.607 |
| 5:25-1st |  | 18 | 17 | 0.414 | 0.586 |
| 5:22-1st |  | 18 | 17 | 0.414 | 0.586 |
| 5:20-1st |  | 18 | 17 | 0.421 | 0.579 |
| 5:07-1st |  | 18 | 17 | 0.395 | 0.605 |
| 5:04-1st |  | 18 | 19 | 0.37 | 0.63 |
| 4:38-1st |  | 18 | 19 | 0.353 | 0.647 |
| 4:33-1st |  | 20 | 19 | 0.396 | 0.604 |
| 4:21-1st |  | 20 | 19 | 0.398 | 0.602 |
| 4:14-1st |  | 20 | 21 | 0.374 | 0.626 |
| 3:51-1st |  | 20 | 21 | 0.355 | 0.645 |
| 3:50-1st |  | 20 | 21 | 0.348 | 0.652 |
| 3:44-1st |  | 20 | 23 | 0.323 | 0.677 |
| 3:29-1st |  | 20 | 23 | 0.301 | 0.699 |
| 3:22-1st |  | 20 | 25 | 0.276 | 0.724 |
| 3:10-1st |  | 22 | 25 | 0.301 | 0.699 |
| 2:48-1st |  | 22 | 28 | 0.256 | 0.744 |
| 2:39-1st |  | 22 | 28 | 0.24 | 0.76 |
| 2:38-1st |  | 22 | 28 | 0.235 | 0.765 |
| 2:33-1st |  | 22 | 28 | 0.251 | 0.749 |
| 2:31-1st |  | 22 | 28 | 0.256 | 0.744 |
| 2:25-1st |  | 24 | 28 | 0.278 | 0.722 |
| 2:02-1st |  | 24 | 28 | 0.296 | 0.704 |
| 2:00-1st |  | 24 | 28 | 0.302 | 0.698 |
| 1:50-1st |  | 24 | 28 | 0.34 | 0.66 |
| 1:47-1st |  | 27 | 28 | 0.35 | 0.65 |
| 1:33-1st |  | 27 | 28 | 0.379 | 0.621 |
| 1:14-1st |  | 27 | 28 | 0.358 | 0.642 |
| 1:12-1st |  | 27 | 28 | 0.351 | 0.649 |
| 1:09-1st |  | 27 | 28 | 0.373 | 0.627 |
| 1:05-1st |  | 27 | 28 | 0.351 | 0.649 |
| 1:04-1st |  | 27 | 28 | 0.373 | 0.627 |
| 1:03-1st |  | 27 | 28 | 0.351 | 0.649 |
| 1:01-1st |  | 27 | 28 | 0.373 | 0.627 |
| 59.1-1st |  | 27 | 28 | 0.351 | 0.649 |
| 59.0-1st |  | 27 | 28 | 0.38 | 0.62 |
| 55.1-1st | TARGET | 30 | 28 | 0.437 | 0.563 |
| 39.1-1st |  | 30 | 31 | 0.381 | 0.619 |
| 21.1-1st |  | 32 | 31 | 0.41 | 0.59 |
| 6.0-1st |  | 32 | 31 | 0.37 | 0.63 |
| 1.0-1st |  | 32 | 31 | 0.412 | 0.588 |
| 0.0-1st |  | 32 | 31 | 0.427 | 0.573 |
| 12:00-2nd |  | 32 | 31 | 0.427 | 0.573 |
| 11:46-2nd |  | 32 | 31 | 0.411 | 0.589 |
| 11:41-2nd |  | 32 | 31 | 0.435 | 0.565 |
| 11:40-2nd |  | 32 | 31 | 0.444 | 0.556 |
| 11:30-2nd |  | 34 | 31 | 0.469 | 0.531 |
| 11:06-2nd |  | 34 | 33 | 0.445 | 0.555 |
| 10:48-2nd |  | 34 | 33 | 0.421 | 0.579 |
| 10:46-2nd |  | 34 | 33 | 0.413 | 0.587 |
| 10:40-2nd |  | 34 | 36 | 0.358 | 0.642 |
| 10:14-2nd |  | 37 | 36 | 0.414 | 0.586 |
| 9:54-2nd |  | 37 | 38 | 0.391 | 0.609 |
| 9:46-2nd |  | 39 | 38 | 0.415 | 0.585 |
| 9:26-2nd |  | 39 | 40 | 0.393 | 0.607 |
| 9:05-2nd |  | 39 | 40 | 0.361 | 0.639 |
| 8:52-2nd |  | 39 | 40 | 0.386 | 0.614 |
| 8:50-2nd |  | 39 | 40 | 0.361 | 0.639 |
| 8:46-2nd |  | 39 | 40 | 0.387 | 0.613 |
| 8:43-2nd |  | 39 | 40 | 0.362 | 0.638 |
| 8:42-2nd |  | 39 | 42 | 0.337 | 0.663 |
| 8:26-2nd |  | 39 | 42 | 0.308 | 0.692 |
| 8:10-2nd |  | 39 | 45 | 0.26 | 0.74 |
| 7:48-2nd |  | 41 | 45 | 0.283 | 0.717 |
| 7:30-2nd |  | 41 | 47 | 0.26 | 0.74 |
| 7:08-2nd |  | 41 | 47 | 0.242 | 0.758 |
| 7:06-2nd |  | 41 | 47 | 0.236 | 0.764 |
| 6:55-2nd |  | 41 | 49 | 0.212 | 0.788 |
| 6:41-2nd |  | 41 | 49 | 0.213 | 0.787 |
| 6:32-2nd |  | 41 | 49 | 0.19 | 0.81 |
| 6:29-2nd |  | 41 | 49 | 0.212 | 0.788 |
| 6:21-2nd |  | 41 | 49 | 0.195 | 0.805 |
| 6:18-2nd |  | 41 | 49 | 0.189 | 0.811 |
| 6:11-2nd |  | 41 | 49 | 0.206 | 0.794 |
| 6:09-2nd |  | 41 | 49 | 0.189 | 0.811 |
| 5:58-2nd |  | 41 | 49 | 0.206 | 0.794 |
| 5:57-2nd |  | 41 | 49 | 0.19 | 0.81 |
| 5:45-2nd |  | 41 | 51 | 0.17 | 0.83 |
| 5:17-2nd |  | 41 | 51 | 0.155 | 0.845 |
| 5:15-2nd |  | 41 | 51 | 0.15 | 0.85 |
| 5:05-2nd |  | 41 | 51 | 0.164 | 0.836 |
| 5:03-2nd |  | 41 | 51 | 0.164 | 0.836 |
| 5:02-2nd |  | 41 | 51 | 0.164 | 0.836 |
| 5:00-2nd |  | 41 | 51 | 0.15 | 0.85 |
| 4:51-2nd |  | 41 | 51 | 0.163 | 0.837 |
| 4:50-2nd |  | 43 | 51 | 0.188 | 0.812 |
| 4:34-2nd |  | 43 | 51 | 0.205 | 0.795 |
| 4:32-2nd |  | 43 | 51 | 0.21 | 0.79 |
| 4:16-2nd |  | 45 | 51 | 0.235 | 0.765 |
| 3:58-2nd |  | 45 | 51 | 0.235 | 0.765 |
| 3:52-2nd |  | 45 | 54 | 0.19 | 0.81 |
| 3:41-2nd |  | 45 | 54 | 0.166 | 0.834 |
| 3:33-2nd |  | 45 | 57 | 0.131 | 0.869 |
| 3:10-2nd |  | 45 | 57 | 0.117 | 0.883 |
| 3:06-2nd |  | 47 | 57 | 0.146 | 0.854 |
| 2:43-2nd |  | 47 | 60 | 0.111 | 0.889 |
| 2:29-2nd |  | 47 | 60 | 0.1 | 0.9 |
| 2:28-2nd |  | 47 | 60 | 0.096 | 0.904 |
| 2:23-2nd |  | 47 | 60 | 0.107 | 0.893 |
| 2:22-2nd |  | 47 | 60 | 0.111 | 0.889 |
| 2:05-2nd |  | 47 | 60 | 0.099 | 0.901 |
| 2:02-2nd |  | 47 | 60 | 0.11 | 0.89 |
| 2:00-2nd |  | 49 | 60 | 0.126 | 0.874 |
| 1:40-2nd |  | 49 | 62 | 0.109 | 0.891 |
| 1:27-2nd |  | 49 | 62 | 0.098 | 0.902 |
| 1:26-2nd |  | 49 | 62 | 0.094 | 0.906 |
| 1:18-2nd |  | 49 | 62 | 0.108 | 0.892 |
| 1:11-2nd |  | 49 | 62 | 0.097 | 0.903 |
| 1:09-2nd |  | 49 | 62 | 0.093 | 0.907 |
| 58.2-2nd |  | 49 | 64 | 0.08 | 0.92 |
| 48.0-2nd |  | 49 | 64 | 0.07 | 0.93 |
| 45.1-2nd |  | 49 | 64 | 0.067 | 0.933 |
| 40.1-2nd |  | 49 | 66 | 0.058 | 0.942 |
| 30.1-2nd |  | 51 | 66 | 0.067 | 0.933 |
| 19.0-2nd |  | 51 | 66 | 0.052 | 0.948 |
| 12.0-2nd |  | 51 | 68 | 0.056 | 0.944 |
| 7.0-2nd |  | 51 | 68 | 0.073 | 0.927 |
| 0.1-2nd |  | 51 | 68 | 0.048 | 0.952 |
| 0.0-2nd |  | 51 | 68 | 0.052 | 0.948 |
| 12:00-3rd |  | 51 | 68 | 0.052 | 0.948 |
| 11:41-3rd |  | 53 | 68 | 0.063 | 0.937 |
| 11:39-3rd |  | 53 | 68 | 0.075 | 0.925 |
| 11:30-3rd |  | 53 | 68 | 0.065 | 0.935 |
| 11:28-3rd |  | 55 | 68 | 0.089 | 0.911 |
| 11:11-3rd |  | 55 | 68 | 0.098 | 0.902 |
| 11:07-3rd |  | 55 | 68 | 0.101 | 0.899 |
| 10:59-3rd |  | 55 | 68 | 0.087 | 0.913 |
| 10:48-3rd |  | 55 | 70 | 0.073 | 0.927 |
| 10:33-3rd |  | 57 | 70 | 0.085 | 0.915 |
| 10:17-3rd |  | 57 | 72 | 0.071 | 0.929 |
| 10:04-3rd |  | 59 | 72 | 0.083 | 0.917 |
| 9:40-3rd |  | 59 | 72 | 0.093 | 0.907 |
| 9:36-3rd |  | 59 | 72 | 0.096 | 0.904 |
| 9:29-3rd |  | 61 | 72 | 0.112 | 0.888 |
| 9:01-3rd |  | 61 | 72 | 0.125 | 0.875 |
| 8:56-3rd |  | 61 | 72 | 0.129 | 0.871 |
| 8:52-3rd |  | 61 | 72 | 0.114 | 0.886 |
| 8:48-3rd |  | 61 | 72 | 0.109 | 0.891 |
| 8:40-3rd |  | 61 | 74 | 0.093 | 0.907 |
| 8:26-3rd |  | 61 | 74 | 0.081 | 0.919 |
| 8:24-3rd |  | 61 | 74 | 0.077 | 0.923 |
| 8:18-3rd |  | 61 | 74 | 0.077 | 0.923 |
| 8:09-3rd |  | 61 | 77 | 0.053 | 0.947 |
| 7:52-3rd |  | 64 | 77 | 0.075 | 0.925 |
| 7:37-3rd |  | 64 | 80 | 0.051 | 0.949 |
| 7:27-3rd |  | 66 | 80 | 0.061 | 0.939 |
| 7:14-3rd |  | 66 | 83 | 0.041 | 0.959 |
| 6:54-3rd |  | 66 | 83 | 0.032 | 0.968 |
| 6:48-3rd |  | 66 | 83 | 0.038 | 0.962 |
| 6:44-3rd |  | 66 | 83 | 0.039 | 0.961 |
| 6:36-3rd |  | 69 | 83 | 0.058 | 0.942 |
| 6:24-3rd |  | 69 | 83 | 0.069 | 0.931 |
| 6:20-3rd |  | 71 | 83 | 0.083 | 0.917 |
| 5:57-3rd |  | 71 | 83 | 0.094 | 0.906 |
| 5:55-3rd |  | 71 | 83 | 0.098 | 0.902 |
| 5:42-3rd |  | 71 | 83 | 0.08 | 0.92 |
| 5:26-3rd |  | 71 | 83 | 0.083 | 0.917 |
| 5:24-3rd |  | 71 | 83 | 0.079 | 0.921 |
| 5:13-3rd |  | 71 | 83 | 0.09 | 0.91 |
| 5:11-3rd |  | 71 | 83 | 0.094 | 0.906 |
| 5:05-3rd |  | 71 | 83 | 0.082 | 0.918 |
| 5:04-3rd |  | 71 | 83 | 0.078 | 0.922 |
| 4:53-3rd |  | 71 | 83 | 0.089 | 0.911 |
| 4:51-3rd |  | 71 | 83 | 0.077 | 0.923 |
| 4:50-3rd |  | 71 | 83 | 0.077 | 0.923 |
| 4:38-3rd |  | 71 | 86 | 0.051 | 0.949 |
| 4:14-3rd |  | 71 | 86 | 0.042 | 0.958 |
| 4:13-3rd |  | 71 | 86 | 0.039 | 0.961 |
| 4:08-3rd |  | 71 | 86 | 0.046 | 0.954 |
| 4:05-3rd |  | 71 | 86 | 0.049 | 0.951 |
| 3:46-3rd |  | 71 | 86 | 0.038 | 0.962 |
| 3:40-3rd |  | 71 | 87 | 0.037 | 0.963 |
| 3:30-3rd |  | 74 | 87 | 0.058 | 0.942 |
| 3:09-3rd |  | 74 | 87 | 0.068 | 0.932 |
| 3:03-3rd |  | 75 | 87 | 0.068 | 0.932 |
| 2:49-3rd |  | 75 | 89 | 0.054 | 0.946 |
| 2:41-3rd |  | 75 | 89 | 0.045 | 0.955 |
| 2:37-3rd |  | 75 | 89 | 0.042 | 0.958 |
| 2:14-3rd |  | 75 | 89 | 0.048 | 0.952 |
| 2:11-3rd |  | 75 | 89 | 0.05 | 0.95 |
| 2:05-3rd |  | 75 | 89 | 0.05 | 0.95 |
| 1:57-3rd |  | 75 | 89 | 0.041 | 0.959 |
| 1:54-3rd |  | 75 | 89 | 0.049 | 0.951 |
| 1:53-3rd |  | 77 | 89 | 0.061 | 0.939 |
| 1:44-3rd |  | 77 | 89 | 0.043 | 0.957 |
| 1:39-3rd |  | 77 | 89 | 0.078 | 0.922 |
| 1:36-3rd |  | 77 | 89 | 0.058 | 0.942 |
| 1:34-3rd |  | 77 | 90 | 0.061 | 0.939 |
| 1:32-3rd |  | 77 | 90 | 0.061 | 0.939 |
| 1:21-3rd |  | 77 | 90 | 0.05 | 0.95 |
| 1:18-3rd |  | 77 | 90 | 0.047 | 0.953 |
| 1:04-3rd |  | 77 | 92 | 0.036 | 0.964 |
| 47.2-3rd |  | 79 | 92 | 0.044 | 0.956 |
| 39.2-3rd |  | 79 | 94 | 0.034 | 0.966 |
| 30.1-3rd |  | 79 | 94 | 0.028 | 0.972 |
| 26.1-3rd |  | 79 | 94 | 0.026 | 0.974 |
| 5.2-3rd |  | 79 | 94 | 0.029 | 0.971 |
| 4.1-3rd |  | 79 | 94 | 0.031 | 0.969 |
| 1.1-3rd |  | 81 | 94 | 0.041 | 0.959 |
| 0.1-3rd |  | 81 | 94 | 0.051 | 0.949 |
| 0.0-3rd |  | 81 | 94 | 0.048 | 0.952 |
| 12:00-4th |  | 81 | 94 | 0.048 | 0.952 |
| 11:47-4th |  | 81 | 96 | 0.029 | 0.971 |
| 11:36-4th |  | 84 | 96 | 0.05 | 0.95 |
| 11:21-4th |  | 84 | 98 | 0.038 | 0.962 |
| 11:05-4th |  | 85 | 98 | 0.037 | 0.963 |
| 11:03-4th |  | 85 | 98 | 0.037 | 0.963 |
| 10:42-4th |  | 85 | 100 | 0.028 | 0.972 |
| 10:28-4th |  | 87 | 100 | 0.034 | 0.966 |
| 10:09-4th |  | 87 | 100 | 0.042 | 0.958 |
| 10:04-4th |  | 87 | 100 | 0.044 | 0.956 |
| 10:00-4th |  | 90 | 100 | 0.073 | 0.927 |
| 9:32-4th |  | 90 | 102 | 0.053 | 0.947 |
| 9:16-4th |  | 92 | 102 | 0.067 | 0.933 |
| 8:54-4th |  | 92 | 104 | 0.049 | 0.951 |
| 8:31-4th |  | 92 | 104 | 0.049 | 0.951 |
| 8:29-4th |  | 92 | 104 | 0.037 | 0.963 |
| 8:26-4th |  | 92 | 104 | 0.034 | 0.966 |
| 8:21-4th |  | 92 | 106 | 0.024 | 0.976 |
| 7:58-4th |  | 92 | 106 | 0.017 | 0.983 |
| 7:55-4th |  | 92 | 106 | 0.015 | 0.985 |
| 7:46-4th |  | 92 | 106 | 0.02 | 0.98 |
| 7:45-4th |  | 92 | 106 | 0.021 | 0.979 |
| 7:40-4th |  | 95 | 106 | 0.042 | 0.958 |
| 7:25-4th |  | 95 | 109 | 0.022 | 0.978 |
| 7:06-4th |  | 95 | 109 | 0.015 | 0.985 |
| 7:01-4th |  | 95 | 109 | 0.014 | 0.986 |
| 6:57-4th |  | 95 | 112 | 0.007 | 0.993 |
| 6:56-4th |  | 95 | 112 | 0.007 | 0.993 |
| 6:41-4th |  | 95 | 112 | 0.011 | 0.989 |
| 6:26-4th |  | 95 | 112 | 0.004 | 0.996 |
| 6:23-4th |  | 95 | 112 | 0.004 | 0.996 |
| 6:12-4th |  | 95 | 114 | 0.003 | 0.997 |
| 5:55-4th |  | 95 | 114 | 0.002 | 0.998 |
| 5:54-4th |  | 95 | 114 | 0.002 | 0.998 |
| 5:46-4th |  | 95 | 114 | 0.001 | 0.999 |
| 5:36-4th |  | 95 | 114 | 0.002 | 0.998 |
| 5:34-4th |  | 95 | 114 | 0.002 | 0.998 |
| 5:32-4th |  | 95 | 114 | 0.001 | 0.999 |
| 5:22-4th |  | 95 | 116 | 0.001 | 0.999 |
| 5:13-4th |  | 95 | 116 | 0.001 | 0.999 |
| 5:09-4th |  | 95 | 118 | 0.001 | 0.999 |
| 4:56-4th |  | 95 | 118 | 0.001 | 0.999 |
| 4:54-4th |  | 95 | 118 | 0.001 | 0.999 |
| 4:47-4th |  | 95 | 118 | 0.001 | 0.999 |
| 4:44-4th |  | 95 | 118 | 0.001 | 0.999 |
| 4:31-4th |  | 95 | 120 | 0.001 | 0.999 |
| 4:23-4th |  | 98 | 120 | 0.001 | 0.999 |
| 3:56-4th |  | 98 | 120 | 0.001 | 0.999 |
| 3:55-4th |  | 100 | 120 | 0.001 | 0.999 |
| 3:34-4th |  | 100 | 120 | 0.001 | 0.999 |
| 3:33-4th |  | 100 | 120 | 0.001 | 0.999 |
| 3:28-4th |  | 100 | 122 | 0.001 | 0.999 |
| 3:19-4th |  | 100 | 122 | 0.001 | 0.999 |
| 3:16-4th |  | 100 | 122 | 0.001 | 0.999 |
| 3:13-4th |  | 100 | 122 | 0.001 | 0.999 |
| 2:54-4th |  | 100 | 125 | 0.001 | 0.999 |
| 2:39-4th |  | 100 | 125 | 0.001 | 0.999 |
| 2:37-4th |  | 100 | 125 | 0.001 | 0.999 |
| 2:20-4th |  | 100 | 125 | 0.001 | 0.999 |
| 2:16-4th |  | 100 | 125 | 0.001 | 0.999 |
| 2:07-4th |  | 100 | 125 | 0.001 | 0.999 |
| 2:06-4th |  | 100 | 125 | 0.001 | 0.999 |
| 2:02-4th |  | 100 | 125 | 0.001 | 0.999 |
| 1:59-4th |  | 100 | 125 | 0.001 | 0.999 |
| 1:55-4th |  | 102 | 125 | 0.001 | 0.999 |
| 1:38-4th |  | 102 | 125 | 0.001 | 0.999 |
| 1:34-4th |  | 102 | 125 | 0.001 | 0.999 |
| 1:26-4th |  | 102 | 125 | 0.001 | 0.999 |
| 1:22-4th |  | 104 | 125 | 0.001 | 0.999 |
| 1:05-4th |  | 104 | 125 | 0.001 | 0.999 |
| 1:03-4th |  | 104 | 125 | 0.001 | 0.999 |
| 59.0-4th |  | 107 | 125 | 0.001 | 0.999 |
| 39.2-4th |  | 107 | 125 | 0.001 | 0.999 |
| 31.1-4th |  | 107 | 125 | 0.001 | 0.999 |
| 26.0-4th |  | 107 | 125 | 0.001 | 0.999 |
| 2.2-4th |  | 107 | 125 | 0.001 | 0.999 |
| 0.0-4th |  | 107 | 125 | 0.0 | 1.0 |

Question

Which event most likely happened at the marked missing position?

Answer Choices

A. Player 4 (Team A) misses 4-foot two point shot
B. Player 16 (Team A) makes 7-foot two point shot
C. Player 10 (Team A) blocks Player 20 (Team A)'s driving layup
D. Player 8 (Team B) shooting foul | Team A Coach's Challenge | (00:55.4) [Team A] COACH'S CHALLENGE (CALL OVERTURNED) [Team A] retain their timeout | Player 4 (Team A) makes two point shot | Player 4 (Team A) makes free throw 1 of 1

Response Format

Return exactly one JSON object:

{
  "answer": "<A|B|C|D>",
  "rationale": "<brief evidence-based justification in 1-3 sentences>",
  "evidence_event_ids": [],
  "evidence_series_times": []
}

Use only event IDs and time labels that are provided above and that support the answer. Use an empty array when the corresponding evidence type is unavailable or unused. Return only the JSON object.
