Task

Reconstruct the missing event in this basketball game. Use the available numerical time-series evidence around the marked row to select the most likely event.

Game

Team A versus Team B, season 22-23.

Time Series

| Game time | Marker | Team A score | Team B score | Team A win probability | Team B win probability |
| --- | --- | --- | --- | --- | --- |
| 12:00-1st |  | 0 | 0 | 0.077 | 0.923 |
| 11:35-1st |  | 0 | 2 | 0.07 | 0.93 |
| 11:14-1st |  | 0 | 2 | 0.067 | 0.933 |
| 11:11-1st |  | 0 | 2 | 0.065 | 0.935 |
| 11:06-1st |  | 0 | 2 | 0.07 | 0.93 |
| 11:02-1st |  | 0 | 2 | 0.072 | 0.928 |
| 10:59-1st |  | 3 | 2 | 0.087 | 0.913 |
| 10:39-1st |  | 3 | 4 | 0.081 | 0.919 |
| 10:25-1st |  | 3 | 4 | 0.075 | 0.925 |
| 10:22-1st |  | 3 | 4 | 0.073 | 0.927 |
| 10:18-1st |  | 3 | 7 | 0.062 | 0.938 |
| 10:00-1st |  | 3 | 7 | 0.058 | 0.942 |
| 9:57-1st |  | 3 | 7 | 0.057 | 0.943 |
| 9:50-1st |  | 3 | 7 | 0.064 | 0.936 |
| 9:36-1st |  | 3 | 7 | 0.059 | 0.941 |
| 9:33-1st |  | 3 | 7 | 0.058 | 0.942 |
| 9:30-1st |  | 3 | 9 | 0.052 | 0.948 |
| 9:11-1st |  | 5 | 9 | 0.059 | 0.941 |
| 8:55-1st |  | 5 | 11 | 0.054 | 0.946 |
| 8:48-1st |  | 5 | 11 | 0.049 | 0.951 |
| 8:43-1st |  | 5 | 14 | 0.04 | 0.96 |
| 8:42-1st |  | 5 | 14 | 0.04 | 0.96 |
| 8:23-1st |  | 5 | 14 | 0.038 | 0.962 |
| 8:20-1st |  | 5 | 14 | 0.037 | 0.963 |
| 8:05-1st |  | 5 | 14 | 0.041 | 0.959 |
| 7:53-1st |  | 5 | 14 | 0.038 | 0.962 |
| 7:49-1st |  | 5 | 14 | 0.038 | 0.962 |
| 7:39-1st |  | 5 | 14 | 0.041 | 0.959 |
| 7:36-1st |  | 5 | 14 | 0.042 | 0.958 |
| 7:31-1st |  | 8 | 14 | 0.051 | 0.949 |
| 7:18-1st |  | 8 | 16 | 0.047 | 0.953 |
| 7:04-1st |  | 8 | 16 | 0.044 | 0.956 |
| 7:01-1st |  | 8 | 16 | 0.043 | 0.957 |
| 6:56-1st |  | 8 | 19 | 0.035 | 0.965 |
| 6:39-1st |  | 11 | 19 | 0.043 | 0.957 |
| 6:32-1st |  | 11 | 19 | 0.044 | 0.956 |
| 6:25-1st |  | 11 | 19 | 0.048 | 0.952 |
| 6:23-1st |  | 11 | 19 | 0.049 | 0.951 |
| 6:10-1st |  | 13 | 19 | 0.054 | 0.946 |
| 5:55-1st |  | 13 | 21 | 0.05 | 0.95 |
| 5:37-1st |  | 13 | 21 | 0.046 | 0.954 |
| 5:31-1st |  | 13 | 21 | 0.045 | 0.955 |
| 5:26-1st |  | 13 | 21 | 0.046 | 0.954 |
| 5:10-1st |  | 13 | 21 | 0.05 | 0.95 |
| 5:07-1st |  | 13 | 21 | 0.052 | 0.948 |
| 4:51-1st |  | 13 | 21 | 0.048 | 0.952 |
| 4:47-1st |  | 13 | 21 | 0.047 | 0.953 |
| 4:36-1st |  | 13 | 21 | 0.053 | 0.947 |
| 4:29-1st |  | 15 | 21 | 0.058 | 0.942 |
| 4:16-1st |  | 15 | 21 | 0.064 | 0.936 |
| 4:13-1st |  | 15 | 21 | 0.066 | 0.934 |
| 4:03-1st |  | 15 | 21 | 0.059 | 0.941 |
| 3:56-1st |  | 15 | 23 | 0.054 | 0.946 |
| 3:49-1st |  | 17 | 23 | 0.06 | 0.94 |
| 3:32-1st |  | 17 | 23 | 0.067 | 0.933 |
| 3:30-1st |  | 17 | 23 | 0.067 | 0.933 |
| 3:21-1st |  | 17 | 23 | 0.063 | 0.937 |
| 3:17-1st |  | 17 | 23 | 0.061 | 0.939 |
| 3:10-1st |  | 17 | 23 | 0.068 | 0.932 |
| 2:55-1st |  | 17 | 23 | 0.064 | 0.936 |
| 2:54-1st |  | 17 | 23 | 0.062 | 0.938 |
| 2:50-1st |  | 17 | 23 | 0.062 | 0.938 |
| 2:38-1st |  | 17 | 25 | 0.057 | 0.943 |
| 2:23-1st |  | 17 | 25 | 0.052 | 0.948 |
| 2:20-1st |  | 17 | 25 | 0.057 | 0.943 |
| 2:13-1st |  | 17 | 25 | 0.053 | 0.947 |
| 2:10-1st |  | 17 | 25 | 0.051 | 0.949 |
| 2:05-1st |  | 17 | 25 | 0.056 | 0.944 |
| 2:02-1st |  | 17 | 25 | 0.058 | 0.942 |
| 1:58-1st |  | 17 | 25 | 0.058 | 0.942 |
| 1:51-1st |  | 19 | 25 | 0.064 | 0.936 |
| 1:38-1st |  | 19 | 25 | 0.072 | 0.928 |
| 1:35-1st |  | 19 | 25 | 0.067 | 0.933 |
| 1:33-1st |  | 19 | 25 | 0.065 | 0.935 |
| 1:22-1st |  | 19 | 25 | 0.073 | 0.927 |
| 1:10-1st |  | 19 | 25 | 0.066 | 0.934 |
| 49.1-1st |  | 19 | 27 | 0.061 | 0.939 |
| 39.0-1st |  | 19 | 27 | 0.056 | 0.944 |
| 38.1-1st |  | 19 | 27 | 0.055 | 0.945 |
| 32.1-1st |  | 19 | 27 | 0.055 | 0.945 |
| 29.1-1st |  | 19 | 27 | 0.06 | 0.94 |
| 26.1-1st |  | 19 | 27 | 0.062 | 0.938 |
| 26.0-1st |  | 19 | 27 | 0.062 | 0.938 |
| 24.1-1st |  | 20 | 27 | 0.062 | 0.938 |
| 22.1-1st |  | 20 | 27 | 0.062 | 0.938 |
| 5.0-1st |  | 20 | 27 | 0.062 | 0.938 |
| 0.1-1st |  | 20 | 27 | 0.068 | 0.932 |
| 0.0-1st |  | 20 | 27 | 0.066 | 0.934 |
| 11:51-2nd |  | 20 | 27 | 0.064 | 0.936 |
| 11:48-2nd |  | 20 | 27 | 0.062 | 0.938 |
| 11:35-2nd |  | 20 | 29 | 0.056 | 0.944 |
| 11:17-2nd |  | 22 | 29 | 0.063 | 0.937 |
| 11:04-2nd |  | 22 | 31 | 0.057 | 0.943 |
| 10:54-2nd |  | 24 | 31 | 0.064 | 0.936 |
| 10:33-2nd |  | 24 | 31 | 0.071 | 0.929 |
| 10:30-2nd |  | 24 | 31 | 0.073 | 0.927 |
| 10:24-2nd |  | 24 | 31 | 0.065 | 0.935 |
| 10:16-2nd |  | 24 | 33 | 0.058 | 0.942 |
| 10:01-2nd |  | 26 | 33 | 0.066 | 0.934 |
| 9:44-2nd |  | 26 | 33 | 0.075 | 0.925 |
| 9:35-2nd | TARGET | 29 | 33 | 0.094 | 0.906 |
| 9:11-2nd |  | 29 | 35 | 0.087 | 0.913 |
| 9:02-2nd |  | 29 | 35 | 0.087 | 0.913 |
| 8:55-2nd |  | 29 | 35 | 0.079 | 0.921 |
| 8:52-2nd |  | 29 | 35 | 0.077 | 0.923 |
| 8:47-2nd |  | 29 | 35 | 0.088 | 0.912 |
| 8:44-2nd |  | 29 | 35 | 0.08 | 0.92 |
| 8:42-2nd |  | 29 | 35 | 0.077 | 0.923 |
| 8:33-2nd |  | 29 | 35 | 0.088 | 0.912 |
| 8:19-2nd |  | 29 | 35 | 0.081 | 0.919 |
| 8:17-2nd |  | 29 | 35 | 0.079 | 0.921 |
| 8:13-2nd |  | 29 | 38 | 0.063 | 0.937 |
| 8:12-2nd |  | 29 | 38 | 0.063 | 0.937 |
| 7:58-2nd |  | 29 | 38 | 0.056 | 0.944 |
| 7:47-2nd |  | 29 | 40 | 0.05 | 0.95 |
| 7:22-2nd |  | 29 | 40 | 0.045 | 0.955 |
| 7:20-2nd |  | 29 | 40 | 0.044 | 0.956 |
| 7:16-2nd |  | 29 | 40 | 0.044 | 0.956 |
| 7:11-2nd |  | 29 | 40 | 0.05 | 0.95 |
| 6:49-2nd |  | 29 | 40 | 0.046 | 0.954 |
| 6:44-2nd |  | 29 | 40 | 0.045 | 0.955 |
| 6:34-2nd |  | 29 | 43 | 0.035 | 0.965 |
| 6:22-2nd |  | 29 | 43 | 0.035 | 0.965 |
| 6:16-2nd |  | 29 | 43 | 0.031 | 0.969 |
| 6:14-2nd |  | 29 | 43 | 0.03 | 0.97 |
| 6:01-2nd |  | 29 | 45 | 0.026 | 0.974 |
| 5:47-2nd |  | 29 | 45 | 0.023 | 0.977 |
| 5:45-2nd |  | 29 | 45 | 0.022 | 0.978 |
| 5:37-2nd |  | 29 | 45 | 0.025 | 0.975 |
| 5:36-2nd |  | 29 | 47 | 0.019 | 0.981 |
| 5:21-2nd |  | 29 | 47 | 0.017 | 0.983 |
| 5:18-2nd |  | 29 | 47 | 0.016 | 0.984 |
| 5:08-2nd |  | 29 | 47 | 0.019 | 0.981 |
| 5:06-2nd |  | 29 | 47 | 0.016 | 0.984 |
| 5:05-2nd |  | 29 | 47 | 0.013 | 0.987 |
| 5:00-2nd |  | 29 | 48 | 0.017 | 0.983 |
| 4:59-2nd |  | 29 | 48 | 0.017 | 0.983 |
| 4:40-2nd |  | 32 | 48 | 0.023 | 0.977 |
| 4:24-2nd |  | 32 | 50 | 0.02 | 0.98 |
| 4:12-2nd |  | 32 | 50 | 0.017 | 0.983 |
| 4:09-2nd |  | 32 | 50 | 0.017 | 0.983 |
| 4:04-2nd |  | 32 | 50 | 0.019 | 0.981 |
| 4:01-2nd |  | 32 | 50 | 0.02 | 0.98 |
| 3:54-2nd |  | 32 | 50 | 0.017 | 0.983 |
| 3:51-2nd |  | 32 | 50 | 0.017 | 0.983 |
| 3:32-2nd |  | 32 | 50 | 0.019 | 0.981 |
| 3:30-2nd |  | 32 | 50 | 0.02 | 0.98 |
| 3:25-2nd |  | 34 | 50 | 0.023 | 0.977 |
| 3:05-2nd |  | 34 | 53 | 0.016 | 0.984 |
| 2:49-2nd |  | 36 | 53 | 0.019 | 0.981 |
| 2:46-2nd |  | 36 | 53 | 0.023 | 0.977 |
| 2:36-2nd |  | 36 | 53 | 0.022 | 0.978 |
| 2:35-2nd |  | 36 | 53 | 0.023 | 0.977 |
| 2:34-2nd |  | 36 | 53 | 0.019 | 0.981 |
| 2:32-2nd |  | 36 | 56 | 0.013 | 0.987 |
| 2:18-2nd |  | 39 | 56 | 0.019 | 0.981 |
| 2:03-2nd |  | 39 | 58 | 0.016 | 0.984 |
| 1:50-2nd |  | 39 | 58 | 0.014 | 0.986 |
| 1:47-2nd |  | 39 | 58 | 0.014 | 0.986 |
| 1:42-2nd |  | 39 | 60 | 0.011 | 0.989 |
| 1:24-2nd |  | 39 | 60 | 0.01 | 0.99 |
| 1:21-2nd |  | 39 | 60 | 0.009 | 0.991 |
| 1:12-2nd |  | 39 | 60 | 0.011 | 0.989 |
| 58.1-2nd |  | 39 | 60 | 0.01 | 0.99 |
| 58.0-2nd |  | 39 | 62 | 0.008 | 0.992 |
| 45.1-2nd |  | 41 | 62 | 0.009 | 0.991 |
| 23.1-2nd |  | 41 | 65 | 0.006 | 0.994 |
| 1.1-2nd |  | 43 | 65 | 0.007 | 0.993 |
| 0.1-2nd |  | 43 | 65 | 0.008 | 0.992 |
| 0.0-2nd |  | 43 | 65 | 0.008 | 0.992 |
| 12:00-3rd |  | 43 | 65 | 0.008 | 0.992 |
| 11:45-3rd |  | 43 | 65 | 0.008 | 0.992 |
| 11:43-3rd |  | 43 | 65 | 0.007 | 0.993 |
| 11:27-3rd |  | 43 | 68 | 0.004 | 0.996 |
| 11:13-3rd |  | 43 | 68 | 0.004 | 0.996 |
| 11:11-3rd |  | 43 | 68 | 0.004 | 0.996 |
| 11:07-3rd |  | 43 | 68 | 0.004 | 0.996 |
| 11:03-3rd |  | 43 | 68 | 0.004 | 0.996 |
| 10:56-3rd |  | 45 | 68 | 0.005 | 0.995 |
| 10:40-3rd |  | 45 | 71 | 0.004 | 0.996 |
| 10:27-3rd |  | 45 | 71 | 0.003 | 0.997 |
| 10:26-3rd |  | 45 | 71 | 0.004 | 0.996 |
| 10:24-3rd |  | 45 | 71 | 0.003 | 0.997 |
| 10:22-3rd |  | 45 | 71 | 0.003 | 0.997 |
| 10:13-3rd |  | 45 | 71 | 0.003 | 0.997 |
| 10:10-3rd |  | 45 | 71 | 0.004 | 0.996 |
| 10:00-3rd |  | 45 | 71 | 0.003 | 0.997 |
| 9:57-3rd |  | 45 | 71 | 0.003 | 0.997 |
| 9:43-3rd |  | 45 | 71 | 0.003 | 0.997 |
| 9:39-3rd |  | 45 | 71 | 0.003 | 0.997 |
| 9:38-3rd |  | 45 | 71 | 0.003 | 0.997 |
| 9:37-3rd |  | 45 | 71 | 0.003 | 0.997 |
| 9:34-3rd |  | 45 | 71 | 0.003 | 0.997 |
| 9:31-3rd |  | 48 | 71 | 0.005 | 0.995 |
| 9:19-3rd |  | 48 | 74 | 0.003 | 0.997 |
| 9:00-3rd |  | 51 | 74 | 0.005 | 0.995 |
| 8:42-3rd |  | 51 | 74 | 0.006 | 0.994 |
| 8:35-3rd |  | 53 | 74 | 0.007 | 0.993 |
| 8:24-3rd |  | 53 | 74 | 0.007 | 0.993 |
| 8:13-3rd |  | 53 | 74 | 0.008 | 0.992 |
| 8:10-3rd |  | 53 | 74 | 0.007 | 0.993 |
| 8:05-3rd |  | 53 | 76 | 0.005 | 0.995 |
| 7:44-3rd |  | 55 | 76 | 0.007 | 0.993 |
| 7:31-3rd |  | 55 | 79 | 0.004 | 0.996 |
| 7:16-3rd |  | 55 | 79 | 0.004 | 0.996 |
| 7:12-3rd |  | 55 | 79 | 0.003 | 0.997 |
| 7:11-3rd |  | 55 | 82 | 0.002 | 0.998 |
| 7:07-3rd |  | 55 | 82 | 0.002 | 0.998 |
| 6:59-3rd |  | 56 | 82 | 0.002 | 0.998 |
| 6:57-3rd |  | 56 | 82 | 0.002 | 0.998 |
| 6:46-3rd |  | 56 | 84 | 0.002 | 0.998 |
| 6:33-3rd |  | 56 | 84 | 0.002 | 0.998 |
| 6:30-3rd |  | 56 | 84 | 0.001 | 0.999 |
| 6:23-3rd |  | 56 | 86 | 0.001 | 0.999 |
| 6:13-3rd |  | 56 | 86 | 0.001 | 0.999 |
| 6:09-3rd |  | 56 | 88 | 0.001 | 0.999 |
| 6:00-3rd |  | 56 | 88 | 0.001 | 0.999 |
| 5:47-3rd |  | 56 | 91 | 0.001 | 0.999 |
| 5:33-3rd |  | 56 | 91 | 0.001 | 0.999 |
| 5:25-3rd |  | 56 | 91 | 0.001 | 0.999 |
| 5:22-3rd |  | 56 | 93 | 0.001 | 0.999 |
| 5:14-3rd |  | 56 | 93 | 0.001 | 0.999 |
| 5:10-3rd |  | 56 | 93 | 0.001 | 0.999 |
| 4:48-3rd |  | 56 | 95 | 0.001 | 0.999 |
| 4:33-3rd |  | 56 | 95 | 0.001 | 0.999 |
| 4:30-3rd |  | 56 | 95 | 0.001 | 0.999 |
| 4:21-3rd |  | 56 | 97 | 0.001 | 0.999 |
| 4:06-3rd |  | 56 | 97 | 0.001 | 0.999 |
| 4:05-3rd |  | 56 | 97 | 0.001 | 0.999 |
| 4:02-3rd |  | 56 | 97 | 0.001 | 0.999 |
| 4:00-3rd |  | 58 | 97 | 0.001 | 0.999 |
| 3:53-3rd |  | 58 | 99 | 0.001 | 0.999 |
| 3:50-3rd |  | 58 | 99 | 0.001 | 0.999 |
| 3:40-3rd |  | 61 | 99 | 0.001 | 0.999 |
| 3:20-3rd |  | 61 | 99 | 0.001 | 0.999 |
| 3:09-3rd |  | 61 | 99 | 0.001 | 0.999 |
| 3:06-3rd |  | 61 | 99 | 0.001 | 0.999 |
| 2:59-3rd |  | 63 | 99 | 0.001 | 0.999 |
| 2:48-3rd |  | 63 | 99 | 0.001 | 0.999 |
| 2:45-3rd |  | 63 | 99 | 0.001 | 0.999 |
| 2:44-3rd |  | 63 | 99 | 0.001 | 0.999 |
| 2:30-3rd |  | 63 | 101 | 0.001 | 0.999 |
| 2:17-3rd |  | 63 | 101 | 0.001 | 0.999 |
| 2:10-3rd |  | 63 | 103 | 0.001 | 0.999 |
| 1:58-3rd |  | 65 | 103 | 0.001 | 0.999 |
| 1:51-3rd |  | 65 | 103 | 0.001 | 0.999 |
| 1:46-3rd |  | 68 | 103 | 0.001 | 0.999 |
| 1:32-3rd |  | 68 | 103 | 0.001 | 0.999 |
| 1:28-3rd |  | 70 | 103 | 0.001 | 0.999 |
| 1:06-3rd |  | 70 | 105 | 0.001 | 0.999 |
| 54.0-3rd |  | 72 | 105 | 0.001 | 0.999 |
| 39.1-3rd |  | 72 | 107 | 0.001 | 0.999 |
| 30.1-3rd |  | 75 | 107 | 0.001 | 0.999 |
| 10.0-3rd |  | 75 | 107 | 0.001 | 0.999 |
| 6.0-3rd |  | 75 | 107 | 0.001 | 0.999 |
| 0.1-3rd |  | 75 | 107 | 0.001 | 0.999 |
| 0.0-3rd |  | 75 | 107 | 0.001 | 0.999 |
| 12:00-4th |  | 75 | 107 | 0.001 | 0.999 |
| 11:44-4th |  | 75 | 107 | 0.001 | 0.999 |
| 11:39-4th |  | 77 | 107 | 0.001 | 0.999 |
| 11:23-4th |  | 77 | 109 | 0.001 | 0.999 |
| 11:14-4th |  | 80 | 109 | 0.001 | 0.999 |
| 11:03-4th |  | 80 | 111 | 0.001 | 0.999 |
| 10:48-4th |  | 82 | 111 | 0.001 | 0.999 |
| 10:33-4th |  | 82 | 113 | 0.001 | 0.999 |
| 10:25-4th |  | 84 | 113 | 0.001 | 0.999 |
| 10:13-4th |  | 84 | 116 | 0.001 | 0.999 |
| 10:03-4th |  | 86 | 116 | 0.001 | 0.999 |
| 9:49-4th |  | 86 | 118 | 0.001 | 0.999 |
| 9:43-4th |  | 88 | 118 | 0.001 | 0.999 |
| 9:25-4th |  | 88 | 118 | 0.001 | 0.999 |
| 9:21-4th |  | 88 | 118 | 0.001 | 0.999 |
| 9:20-4th |  | 88 | 118 | 0.001 | 0.999 |
| 9:10-4th |  | 88 | 118 | 0.001 | 0.999 |
| 9:09-4th |  | 88 | 118 | 0.001 | 0.999 |
| 9:07-4th |  | 90 | 118 | 0.001 | 0.999 |
| 8:55-4th |  | 90 | 118 | 0.001 | 0.999 |
| 8:50-4th |  | 90 | 118 | 0.001 | 0.999 |
| 8:43-4th |  | 93 | 118 | 0.001 | 0.999 |
| 8:27-4th |  | 93 | 119 | 0.001 | 0.999 |
| 8:09-4th |  | 95 | 119 | 0.001 | 0.999 |
| 7:56-4th |  | 95 | 121 | 0.001 | 0.999 |
| 7:44-4th |  | 97 | 121 | 0.001 | 0.999 |
| 7:27-4th |  | 97 | 121 | 0.001 | 0.999 |
| 7:24-4th |  | 97 | 123 | 0.001 | 0.999 |
| 7:18-4th |  | 97 | 123 | 0.001 | 0.999 |
| 7:15-4th |  | 97 | 125 | 0.001 | 0.999 |
| 7:03-4th |  | 99 | 125 | 0.001 | 0.999 |
| 6:49-4th |  | 99 | 127 | 0.001 | 0.999 |
| 6:40-4th |  | 101 | 127 | 0.001 | 0.999 |
| 6:23-4th |  | 101 | 130 | 0.001 | 0.999 |
| 6:06-4th |  | 102 | 130 | 0.001 | 0.999 |
| 5:54-4th |  | 102 | 132 | 0.001 | 0.999 |
| 5:42-4th |  | 104 | 132 | 0.001 | 0.999 |
| 5:35-4th |  | 104 | 134 | 0.001 | 0.999 |
| 5:24-4th |  | 104 | 134 | 0.001 | 0.999 |
| 5:21-4th |  | 104 | 134 | 0.001 | 0.999 |
| 5:10-4th |  | 104 | 137 | 0.001 | 0.999 |
| 4:52-4th |  | 105 | 137 | 0.001 | 0.999 |
| 4:42-4th |  | 105 | 139 | 0.001 | 0.999 |
| 4:24-4th |  | 105 | 139 | 0.001 | 0.999 |
| 4:19-4th |  | 105 | 139 | 0.001 | 0.999 |
| 4:17-4th |  | 107 | 139 | 0.001 | 0.999 |
| 3:55-4th |  | 107 | 139 | 0.001 | 0.999 |
| 3:52-4th |  | 107 | 139 | 0.001 | 0.999 |
| 3:48-4th |  | 110 | 139 | 0.001 | 0.999 |
| 3:25-4th |  | 110 | 141 | 0.001 | 0.999 |
| 3:15-4th |  | 113 | 141 | 0.001 | 0.999 |
| 3:03-4th |  | 113 | 143 | 0.001 | 0.999 |
| 2:57-4th |  | 113 | 143 | 0.001 | 0.999 |
| 2:42-4th |  | 113 | 143 | 0.001 | 0.999 |
| 2:39-4th |  | 113 | 143 | 0.001 | 0.999 |
| 2:32-4th |  | 113 | 145 | 0.001 | 0.999 |
| 2:11-4th |  | 116 | 145 | 0.001 | 0.999 |
| 1:43-4th |  | 116 | 145 | 0.001 | 0.999 |
| 1:39-4th |  | 116 | 147 | 0.001 | 0.999 |
| 1:22-4th |  | 116 | 147 | 0.001 | 0.999 |
| 1:18-4th |  | 116 | 147 | 0.001 | 0.999 |
| 1:05-4th |  | 116 | 147 | 0.001 | 0.999 |
| 56.0-4th |  | 116 | 147 | 0.001 | 0.999 |
| 53.1-4th |  | 116 | 147 | 0.001 | 0.999 |
| 43.1-4th |  | 116 | 147 | 0.001 | 0.999 |
| 40.1-4th |  | 116 | 147 | 0.001 | 0.999 |
| 31.0-4th |  | 116 | 147 | 0.001 | 0.999 |
| 25.0-4th |  | 116 | 147 | 0.001 | 0.999 |
| 4.1-4th |  | 116 | 147 | 0.001 | 0.999 |
| 0.0-4th |  | 116 | 147 | 0.0 | 1.0 |

Question

Which event most likely happened at the marked missing position?

Answer Choices

A. Player 3 (Team B) misses 14-foot pullup jump shot
B. Player 16 (Team A) makes 26-foot three point jumper (Player 3 (Team A) assists)
C. Player 16 (Team A) enters the game for Player 17 (Team A)
D. Player 10 (Team B) misses 28-foot step back jumpshot

Response Format

Return exactly one JSON object:

{
  "answer": "<A|B|C|D>",
  "rationale": "<brief evidence-based justification in 1-3 sentences>",
  "evidence_event_ids": [],
  "evidence_series_times": []
}

Use only event IDs and time labels that are provided above and that support the answer. Use an empty array when the corresponding evidence type is unavailable or unused. Return only the JSON object.
