Task

Reconstruct the missing event in this basketball game. Use the available numerical time-series evidence around the marked row to select the most likely event.

Game

Team A versus Team B, season 22-23.

Time Series

| Game time | Marker | Team A score | Team B score | Team A win probability | Team B win probability |
| --- | --- | --- | --- | --- | --- |
| 12:00-1st |  | 0 | 0 | 0.429 | 0.571 |
| 11:42-1st |  | 0 | 3 | 0.379 | 0.621 |
| 11:23-1st |  | 0 | 3 | 0.354 | 0.646 |
| 11:20-1st |  | 0 | 3 | 0.354 | 0.646 |
| 11:17-1st |  | 0 | 6 | 0.306 | 0.694 |
| 11:02-1st |  | 2 | 6 | 0.33 | 0.67 |
| 10:50-1st |  | 2 | 9 | 0.287 | 0.713 |
| 10:41-1st |  | 2 | 9 | 0.272 | 0.728 |
| 10:38-1st |  | 2 | 9 | 0.267 | 0.733 |
| 10:17-1st |  | 2 | 9 | 0.287 | 0.713 |
| 10:01-1st |  | 2 | 9 | 0.267 | 0.733 |
| 9:50-1st |  | 2 | 11 | 0.247 | 0.753 |
| 9:37-1st |  | 4 | 11 | 0.267 | 0.733 |
| 9:29-1st |  | 4 | 13 | 0.246 | 0.754 |
| 9:13-1st |  | 4 | 13 | 0.225 | 0.775 |
| 9:08-1st |  | 4 | 15 | 0.21 | 0.79 |
| 8:49-1st |  | 4 | 15 | 0.188 | 0.812 |
| 8:36-1st |  | 4 | 16 | 0.19 | 0.81 |
| 8:20-1st |  | 6 | 16 | 0.207 | 0.793 |
| 8:05-1st |  | 6 | 19 | 0.172 | 0.828 |
| 7:39-1st |  | 6 | 19 | 0.159 | 0.841 |
| 7:36-1st |  | 6 | 19 | 0.155 | 0.845 |
| 7:25-1st |  | 6 | 21 | 0.14 | 0.86 |
| 7:07-1st |  | 6 | 21 | 0.129 | 0.871 |
| 7:06-1st |  | 6 | 21 | 0.14 | 0.86 |
| 7:03-1st |  | 6 | 21 | 0.129 | 0.871 |
| 6:58-1st |  | 6 | 21 | 0.14 | 0.86 |
| 6:56-1st |  | 6 | 21 | 0.125 | 0.875 |
| 6:51-1st |  | 6 | 21 | 0.136 | 0.864 |
| 6:47-1st |  | 6 | 21 | 0.139 | 0.861 |
| 6:42-1st |  | 8 | 21 | 0.153 | 0.847 |
| 6:29-1st |  | 8 | 23 | 0.138 | 0.862 |
| 6:19-1st |  | 11 | 23 | 0.168 | 0.832 |
| 6:05-1st |  | 11 | 26 | 0.137 | 0.863 |
| 5:53-1st |  | 14 | 26 | 0.168 | 0.832 |
| 5:45-1st |  | 14 | 26 | 0.182 | 0.818 |
| 5:40-1st |  | 14 | 26 | 0.187 | 0.813 |
| 5:36-1st |  | 17 | 26 | 0.222 | 0.778 |
| 5:18-1st |  | 17 | 28 | 0.201 | 0.799 |
| 5:00-1st |  | 20 | 28 | 0.241 | 0.759 |
| 4:47-1st |  | 20 | 28 | 0.241 | 0.759 |
| 4:37-1st |  | 20 | 30 | 0.22 | 0.78 |
| 4:16-1st |  | 23 | 30 | 0.26 | 0.74 |
| 3:58-1st |  | 23 | 32 | 0.241 | 0.759 |
| 3:51-1st |  | 25 | 32 | 0.26 | 0.74 |
| 3:41-1st |  | 25 | 32 | 0.285 | 0.715 |
| 3:31-1st |  | 25 | 32 | 0.26 | 0.74 |
| 3:11-1st |  | 25 | 32 | 0.278 | 0.722 |
| 3:09-1st |  | 25 | 32 | 0.284 | 0.716 |
| 3:05-1st |  | 25 | 32 | 0.266 | 0.734 |
| 3:01-1st |  | 25 | 32 | 0.26 | 0.74 |
| 2:52-1st |  | 25 | 32 | 0.278 | 0.722 |
| 2:49-1st |  | 25 | 32 | 0.284 | 0.716 |
| 2:47-1st |  | 26 | 32 | 0.283 | 0.717 |
| 2:43-1st |  | 26 | 32 | 0.282 | 0.718 |
| 2:27-1st |  | 26 | 34 | 0.263 | 0.737 |
| 2:14-1st |  | 26 | 34 | 0.237 | 0.763 |
| 1:59-1st |  | 26 | 34 | 0.263 | 0.737 |
| 1:51-1st |  | 29 | 34 | 0.309 | 0.691 |
| 1:37-1st |  | 29 | 34 | 0.327 | 0.673 |
| 1:34-1st |  | 29 | 34 | 0.333 | 0.667 |
| 1:31-1st |  | 31 | 34 | 0.361 | 0.639 |
| 1:07-1st |  | 31 | 36 | 0.333 | 0.667 |
| 53.9-1st |  | 31 | 36 | 0.314 | 0.686 |
| 50.2-1st |  | 31 | 36 | 0.333 | 0.667 |
| 49.2-1st |  | 31 | 36 | 0.314 | 0.686 |
| 46.4-1st |  | 31 | 36 | 0.308 | 0.692 |
| 40.5-1st |  | 31 | 38 | 0.282 | 0.718 |
| 33.4-1st |  | 33 | 38 | 0.308 | 0.692 |
| 31.3-1st |  | 33 | 38 | 0.307 | 0.693 |
| 14.5-1st |  | 33 | 38 | 0.324 | 0.676 |
| 12.9-1st |  | 33 | 38 | 0.33 | 0.67 |
| 0.1-1st |  | 33 | 38 | 0.332 | 0.668 |
| 0.0-1st |  | 33 | 38 | 0.319 | 0.681 |
| 12:00-2nd |  | 33 | 38 | 0.319 | 0.681 |
| 11:49-2nd |  | 33 | 38 | 0.309 | 0.691 |
| 11:46-2nd |  | 33 | 38 | 0.302 | 0.698 |
| 11:39-2nd |  | 33 | 40 | 0.28 | 0.72 |
| 11:33-2nd |  | 34 | 40 | 0.277 | 0.723 |
| 11:22-2nd |  | 34 | 42 | 0.258 | 0.742 |
| 10:59-2nd |  | 34 | 42 | 0.257 | 0.743 |
| 10:56-2nd |  | 36 | 42 | 0.277 | 0.723 |
| 10:44-2nd |  | 36 | 44 | 0.257 | 0.743 |
| 10:26-2nd |  | 36 | 44 | 0.237 | 0.763 |
| 10:20-2nd |  | 36 | 44 | 0.23 | 0.77 |
| 10:19-2nd |  | 36 | 46 | 0.208 | 0.792 |
| 10:05-2nd |  | 36 | 46 | 0.192 | 0.808 |
| 10:03-2nd |  | 36 | 46 | 0.187 | 0.813 |
| 9:53-2nd |  | 36 | 49 | 0.151 | 0.849 |
| 9:34-2nd |  | 36 | 49 | 0.137 | 0.863 |
| 9:30-2nd |  | 36 | 49 | 0.151 | 0.849 |
| 9:26-2nd |  | 38 | 49 | 0.167 | 0.833 |
| 9:02-2nd |  | 38 | 51 | 0.15 | 0.85 |
| 8:47-2nd |  | 38 | 51 | 0.13 | 0.87 |
| 8:39-2nd |  | 38 | 53 | 0.117 | 0.883 |
| 8:25-2nd |  | 40 | 53 | 0.13 | 0.87 |
| 8:10-2nd |  | 40 | 53 | 0.143 | 0.857 |
| 8:07-2nd |  | 40 | 53 | 0.148 | 0.852 |
| 7:47-2nd |  | 42 | 53 | 0.164 | 0.836 |
| 7:28-2nd |  | 42 | 54 | 0.164 | 0.836 |
| 7:08-2nd |  | 42 | 54 | 0.145 | 0.855 |
| 7:02-2nd |  | 42 | 56 | 0.128 | 0.872 |
| 6:43-2nd |  | 44 | 56 | 0.144 | 0.856 |
| 6:27-2nd |  | 44 | 56 | 0.157 | 0.843 |
| 6:26-2nd |  | 44 | 56 | 0.161 | 0.839 |
| 6:18-2nd |  | 44 | 56 | 0.147 | 0.853 |
| 6:16-2nd |  | 44 | 56 | 0.143 | 0.857 |
| 6:07-2nd |  | 44 | 56 | 0.159 | 0.841 |
| 5:56-2nd |  | 44 | 56 | 0.146 | 0.854 |
| 5:55-2nd |  | 44 | 56 | 0.16 | 0.84 |
| 5:51-2nd |  | 44 | 56 | 0.146 | 0.854 |
| 5:50-2nd |  | 44 | 56 | 0.141 | 0.859 |
| 5:49-2nd |  | 44 | 56 | 0.117 | 0.883 |
| 5:36-2nd |  | 44 | 58 | 0.123 | 0.877 |
| 5:10-2nd |  | 44 | 58 | 0.111 | 0.889 |
| 5:07-2nd |  | 44 | 58 | 0.108 | 0.892 |
| 4:58-2nd |  | 44 | 60 | 0.094 | 0.906 |
| 4:41-2nd |  | 44 | 60 | 0.08 | 0.92 |
| 4:38-2nd |  | 44 | 62 | 0.068 | 0.932 |
| 4:19-2nd |  | 44 | 62 | 0.059 | 0.941 |
| 4:15-2nd |  | 44 | 62 | 0.057 | 0.943 |
| 4:04-2nd |  | 44 | 65 | 0.041 | 0.959 |
| 3:51-2nd |  | 44 | 65 | 0.041 | 0.959 |
| 3:47-2nd |  | 44 | 65 | 0.035 | 0.965 |
| 3:44-2nd |  | 44 | 65 | 0.033 | 0.967 |
| 3:23-2nd |  | 44 | 68 | 0.022 | 0.978 |
| 3:14-2nd |  | 46 | 68 | 0.027 | 0.973 |
| 3:00-2nd |  | 46 | 70 | 0.022 | 0.978 |
| 2:44-2nd |  | 46 | 70 | 0.019 | 0.981 |
| 2:42-2nd |  | 46 | 70 | 0.018 | 0.982 |
| 2:35-2nd |  | 46 | 70 | 0.02 | 0.98 |
| 2:31-2nd |  | 46 | 70 | 0.021 | 0.979 |
| 2:27-2nd |  | 46 | 70 | 0.017 | 0.983 |
| 2:16-2nd |  | 46 | 73 | 0.012 | 0.988 |
| 1:58-2nd |  | 48 | 73 | 0.013 | 0.987 |
| 1:49-2nd |  | 48 | 73 | 0.015 | 0.985 |
| 1:46-2nd |  | 48 | 73 | 0.016 | 0.984 |
| 1:43-2nd |  | 50 | 73 | 0.02 | 0.98 |
| 1:23-2nd |  | 50 | 73 | 0.023 | 0.977 |
| 1:20-2nd |  | 50 | 73 | 0.024 | 0.976 |
| 1:15-2nd |  | 52 | 73 | 0.028 | 0.972 |
| 1:00-2nd |  | 52 | 75 | 0.025 | 0.975 |
| 44.0-2nd |  | 52 | 75 | 0.02 | 0.98 |
| 42.7-2nd |  | 54 | 75 | 0.027 | 0.973 |
| 34.1-2nd |  | 54 | 77 | 0.024 | 0.976 |
| 28.5-2nd |  | 56 | 77 | 0.026 | 0.974 |
| 8.5-2nd |  | 56 | 77 | 0.029 | 0.971 |
| 6.4-2nd |  | 56 | 77 | 0.03 | 0.97 |
| 3.5-2nd |  | 58 | 77 | 0.038 | 0.962 |
| 0.0-2nd |  | 58 | 77 | 0.042 | 0.958 |
| 12:00-3rd |  | 58 | 77 | 0.042 | 0.958 |
| 11:53-3rd |  | 60 | 77 | 0.053 | 0.947 |
| 11:51-3rd |  | 60 | 77 | 0.064 | 0.936 |
| 11:49-3rd |  | 60 | 77 | 0.056 | 0.944 |
| 11:43-3rd |  | 60 | 77 | 0.063 | 0.937 |
| 11:42-3rd |  | 62 | 77 | 0.072 | 0.928 |
| 11:24-3rd |  | 62 | 77 | 0.086 | 0.914 |
| 11:22-3rd |  | 62 | 77 | 0.075 | 0.925 |
| 11:19-3rd |  | 62 | 77 | 0.085 | 0.915 |
| 11:16-3rd |  | 62 | 77 | 0.085 | 0.915 |
| 11:06-3rd |  | 64 | 77 | 0.1 | 0.9 |
| 10:43-3rd |  | 64 | 77 | 0.11 | 0.89 |
| 10:40-3rd |  | 64 | 77 | 0.115 | 0.885 |
| 10:30-3rd |  | 64 | 77 | 0.101 | 0.899 |
| 10:27-3rd |  | 64 | 77 | 0.096 | 0.904 |
| 10:17-3rd |  | 64 | 77 | 0.108 | 0.892 |
| 10:14-3rd |  | 64 | 77 | 0.113 | 0.887 |
| 10:09-3rd |  | 66 | 77 | 0.129 | 0.871 |
| 9:50-3rd |  | 66 | 77 | 0.143 | 0.857 |
| 9:48-3rd |  | 66 | 77 | 0.148 | 0.852 |
| 9:43-3rd |  | 66 | 77 | 0.127 | 0.873 |
| 9:37-3rd |  | 66 | 77 | 0.142 | 0.858 |
| 9:35-3rd |  | 66 | 77 | 0.147 | 0.853 |
| 9:23-3rd |  | 66 | 77 | 0.131 | 0.869 |
| 9:21-3rd |  | 66 | 77 | 0.125 | 0.875 |
| 9:05-3rd |  | 66 | 77 | 0.14 | 0.86 |
| 9:02-3rd |  | 66 | 77 | 0.145 | 0.855 |
| 9:01-3rd |  | 68 | 77 | 0.167 | 0.833 |
| 9:00-3rd |  | 66 | 77 | 0.124 | 0.876 |
| 8:42-3rd |  | 68 | 80 | 0.124 | 0.876 |
| 8:30-3rd |  | 70 | 80 | 0.143 | 0.857 |
| 8:20-3rd |  | 70 | 80 | 0.164 | 0.836 |
| 8:16-3rd |  | 72 | 80 | 0.189 | 0.811 |
| 8:07-3rd |  | 72 | 82 | 0.163 | 0.837 |
| 7:51-3rd |  | 74 | 82 | 0.187 | 0.813 |
| 7:38-3rd |  | 74 | 82 | 0.207 | 0.793 |
| 7:33-3rd |  | 74 | 82 | 0.185 | 0.815 |
| 7:28-3rd |  | 74 | 85 | 0.137 | 0.863 |
| 7:17-3rd |  | 74 | 85 | 0.119 | 0.881 |
| 7:16-3rd |  | 74 | 85 | 0.114 | 0.886 |
| 7:03-3rd |  | 74 | 87 | 0.095 | 0.905 |
| 6:36-3rd |  | 74 | 87 | 0.082 | 0.918 |
| 6:33-3rd |  | 74 | 87 | 0.079 | 0.921 |
| 6:27-3rd |  | 74 | 87 | 0.078 | 0.922 |
| 6:13-3rd |  | 74 | 90 | 0.052 | 0.948 |
| 5:55-3rd |  | 76 | 90 | 0.061 | 0.939 |
| 5:46-3rd |  | 76 | 90 | 0.07 | 0.93 |
| 5:43-3rd |  | 76 | 90 | 0.073 | 0.927 |
| 5:36-3rd |  | 76 | 90 | 0.06 | 0.94 |
| 5:29-3rd |  | 76 | 90 | 0.069 | 0.931 |
| 5:27-3rd |  | 76 | 90 | 0.059 | 0.941 |
| 5:25-3rd |  | 76 | 93 | 0.039 | 0.961 |
| 5:05-3rd |  | 79 | 93 | 0.057 | 0.943 |
| 4:47-3rd |  | 79 | 93 | 0.065 | 0.935 |
| 4:45-3rd |  | 79 | 93 | 0.068 | 0.932 |
| 4:40-3rd |  | 81 | 93 | 0.084 | 0.916 |
| 4:22-3rd |  | 81 | 95 | 0.066 | 0.934 |
| 4:06-3rd |  | 81 | 95 | 0.056 | 0.944 |
| 4:03-3rd | TARGET | 84 | 95 | 0.117 | 0.883 |
| 3:51-3rd |  | 84 | 95 | 0.097 | 0.903 |
| 3:47-3rd |  | 84 | 98 | 0.064 | 0.936 |
| 3:32-3rd |  | 84 | 98 | 0.053 | 0.947 |
| 3:29-3rd |  | 84 | 98 | 0.05 | 0.95 |
| 3:25-3rd |  | 84 | 98 | 0.058 | 0.942 |
| 3:24-3rd |  | 84 | 98 | 0.049 | 0.951 |
| 3:22-3rd |  | 84 | 100 | 0.039 | 0.961 |
| 3:00-3rd |  | 86 | 100 | 0.047 | 0.953 |
| 2:43-3rd |  | 86 | 100 | 0.055 | 0.945 |
| 2:40-3rd |  | 86 | 100 | 0.057 | 0.943 |
| 2:38-3rd |  | 88 | 100 | 0.072 | 0.928 |
| 2:31-3rd |  | 88 | 100 | 0.069 | 0.931 |
| 2:25-3rd |  | 88 | 102 | 0.056 | 0.944 |
| 2:09-3rd |  | 88 | 102 | 0.046 | 0.954 |
| 2:08-3rd |  | 88 | 102 | 0.055 | 0.945 |
| 2:07-3rd |  | 90 | 102 | 0.068 | 0.932 |
| 1:47-3rd |  | 90 | 102 | 0.084 | 0.916 |
| 1:41-3rd |  | 91 | 102 | 0.082 | 0.918 |
| 1:30-3rd |  | 91 | 104 | 0.065 | 0.935 |
| 1:18-3rd |  | 93 | 104 | 0.08 | 0.92 |
| 1:00-3rd |  | 93 | 106 | 0.062 | 0.938 |
| 47.6-3rd |  | 93 | 106 | 0.051 | 0.949 |
| 46.3-3rd |  | 95 | 106 | 0.076 | 0.924 |
| 36.7-3rd |  | 95 | 108 | 0.06 | 0.94 |
| 32.7-3rd |  | 97 | 108 | 0.074 | 0.926 |
| 11.5-3rd |  | 97 | 109 | 0.073 | 0.927 |
| 3.3-3rd |  | 97 | 109 | 0.059 | 0.941 |
| 0.3-3rd |  | 97 | 109 | 0.056 | 0.944 |
| 0.0-3rd |  | 97 | 109 | 0.064 | 0.936 |
| 12:00-4th |  | 97 | 109 | 0.064 | 0.936 |
| 11:36-4th |  | 97 | 109 | 0.063 | 0.937 |
| 11:32-4th |  | 97 | 109 | 0.066 | 0.934 |
| 11:21-4th |  | 99 | 109 | 0.081 | 0.919 |
| 11:05-4th |  | 99 | 109 | 0.095 | 0.905 |
| 11:02-4th |  | 99 | 109 | 0.1 | 0.9 |
| 10:53-4th |  | 99 | 109 | 0.083 | 0.917 |
| 10:51-4th |  | 99 | 109 | 0.078 | 0.922 |
| 10:44-4th |  | 99 | 112 | 0.046 | 0.954 |
| 10:35-4th |  | 99 | 112 | 0.034 | 0.966 |
| 10:33-4th |  | 99 | 112 | 0.034 | 0.966 |
| 10:30-4th |  | 99 | 114 | 0.025 | 0.975 |
| 10:16-4th |  | 100 | 114 | 0.025 | 0.975 |
| 10:13-4th |  | 100 | 114 | 0.025 | 0.975 |
| 9:49-4th |  | 100 | 114 | 0.029 | 0.971 |
| 9:46-4th |  | 100 | 114 | 0.031 | 0.969 |
| 9:37-4th |  | 103 | 114 | 0.055 | 0.945 |
| 9:19-4th |  | 103 | 117 | 0.03 | 0.97 |
| 9:04-4th |  | 105 | 117 | 0.039 | 0.961 |
| 8:52-4th |  | 105 | 120 | 0.021 | 0.979 |
| 8:39-4th |  | 105 | 120 | 0.013 | 0.987 |
| 8:36-4th |  | 105 | 122 | 0.01 | 0.99 |
| 8:35-4th |  | 105 | 122 | 0.01 | 0.99 |
| 8:27-4th |  | 107 | 122 | 0.013 | 0.987 |
| 8:07-4th |  | 107 | 124 | 0.008 | 0.992 |
| 7:51-4th |  | 109 | 124 | 0.011 | 0.989 |
| 7:32-4th |  | 109 | 126 | 0.007 | 0.993 |
| 7:20-4th |  | 109 | 126 | 0.004 | 0.996 |
| 7:02-4th |  | 109 | 126 | 0.006 | 0.994 |
| 7:00-4th |  | 109 | 126 | 0.004 | 0.996 |
| 6:58-4th |  | 109 | 129 | 0.002 | 0.998 |
| 6:38-4th |  | 109 | 129 | 0.002 | 0.998 |
| 6:37-4th |  | 109 | 129 | 0.002 | 0.998 |
| 6:24-4th |  | 109 | 129 | 0.001 | 0.999 |
| 6:09-4th |  | 109 | 131 | 0.001 | 0.999 |
| 5:58-4th |  | 111 | 131 | 0.001 | 0.999 |
| 5:36-4th |  | 111 | 133 | 0.001 | 0.999 |
| 5:29-4th |  | 111 | 133 | 0.001 | 0.999 |
| 5:25-4th |  | 111 | 133 | 0.001 | 0.999 |
| 5:04-4th |  | 111 | 133 | 0.001 | 0.999 |
| 5:03-4th |  | 111 | 133 | 0.001 | 0.999 |
| 4:54-4th |  | 111 | 133 | 0.001 | 0.999 |
| 4:52-4th |  | 111 | 133 | 0.001 | 0.999 |
| 4:49-4th |  | 111 | 136 | 0.001 | 0.999 |
| 4:37-4th |  | 111 | 136 | 0.001 | 0.999 |
| 4:36-4th |  | 111 | 136 | 0.001 | 0.999 |
| 4:35-4th |  | 111 | 136 | 0.001 | 0.999 |
| 4:30-4th |  | 111 | 136 | 0.001 | 0.999 |
| 4:26-4th |  | 111 | 137 | 0.001 | 0.999 |
| 4:23-4th |  | 111 | 137 | 0.001 | 0.999 |
| 4:14-4th |  | 111 | 137 | 0.001 | 0.999 |
| 4:06-4th |  | 111 | 137 | 0.001 | 0.999 |
| 4:03-4th |  | 111 | 137 | 0.001 | 0.999 |
| 4:00-4th |  | 111 | 139 | 0.001 | 0.999 |
| 3:48-4th |  | 111 | 139 | 0.001 | 0.999 |
| 3:47-4th |  | 113 | 139 | 0.001 | 0.999 |
| 3:27-4th |  | 113 | 139 | 0.001 | 0.999 |
| 3:25-4th |  | 113 | 139 | 0.001 | 0.999 |
| 3:19-4th |  | 116 | 139 | 0.001 | 0.999 |
| 3:06-4th |  | 116 | 142 | 0.001 | 0.999 |
| 2:58-4th |  | 116 | 142 | 0.001 | 0.999 |
| 2:37-4th |  | 116 | 142 | 0.001 | 0.999 |
| 2:34-4th |  | 116 | 142 | 0.001 | 0.999 |
| 2:28-4th |  | 116 | 142 | 0.001 | 0.999 |
| 2:24-4th |  | 116 | 142 | 0.001 | 0.999 |
| 2:22-4th |  | 119 | 142 | 0.001 | 0.999 |
| 2:04-4th |  | 119 | 142 | 0.001 | 0.999 |
| 2:00-4th |  | 121 | 142 | 0.001 | 0.999 |
| 1:41-4th |  | 121 | 142 | 0.001 | 0.999 |
| 1:38-4th |  | 121 | 142 | 0.001 | 0.999 |
| 1:33-4th |  | 121 | 142 | 0.001 | 0.999 |
| 1:30-4th |  | 121 | 142 | 0.001 | 0.999 |
| 1:14-4th |  | 121 | 142 | 0.001 | 0.999 |
| 1:11-4th |  | 121 | 142 | 0.001 | 0.999 |
| 1:04-4th |  | 123 | 142 | 0.001 | 0.999 |
| 45.9-4th |  | 123 | 142 | 0.001 | 0.999 |
| 43.1-4th |  | 123 | 142 | 0.001 | 0.999 |
| 36.5-4th |  | 125 | 142 | 0.001 | 0.999 |
| 13.9-4th |  | 125 | 142 | 0.001 | 0.999 |
| 11.6-4th |  | 125 | 142 | 0.001 | 0.999 |
| 1.9-4th |  | 125 | 142 | 0.001 | 0.999 |
| 0.3-4th |  | 127 | 142 | 0.001 | 0.999 |
| 0.0-4th |  | 127 | 142 | 0.0 | 1.0 |

Question

Which event most likely happened at the marked missing position?

Answer Choices

A. Player 3 (Team A) offensive rebound | Player 3 (Team A) makes dunk | Player 3 (Team B) technical foul (1st technical foul) | Player 1 (Team A) makes technical free throw | Player 14 (Team B) enters the game for Player 2 (Team B)
B. Player 7 (Team B) makes 28-foot three point jumper (Player 18 (Team A) assists)
C. Player 5 (Team A) blocks Player 13 (Team A) 's 8-foot layup
D. Player 14 (Team A) makes 2-foot two point shot (Player 13 (Team B) assists)

Response Format

Return exactly one JSON object:

{
  "answer": "<A|B|C|D>",
  "rationale": "<brief evidence-based justification in 1-3 sentences>",
  "evidence_event_ids": [],
  "evidence_series_times": []
}

Use only event IDs and time labels that are provided above and that support the answer. Use an empty array when the corresponding evidence type is unavailable or unused. Return only the JSON object.
