Task

Reconstruct the missing event in this basketball game. Use the available numerical time-series evidence around the marked row to select the most likely event.

Game

Team A versus Team B, season 22-23.

Time Series

| Game time | Marker | Team A score | Team B score | Team A win probability | Team B win probability |
| --- | --- | --- | --- | --- | --- |
| 12:00-1st |  | 0 | 0 | 0.363 | 0.637 |
| 11:36-1st |  | 0 | 2 | 0.337 | 0.663 |
| 11:18-1st |  | 2 | 2 | 0.364 | 0.636 |
| 11:02-1st |  | 2 | 2 | 0.379 | 0.621 |
| 11:00-1st |  | 2 | 2 | 0.384 | 0.616 |
| 10:53-1st |  | 2 | 2 | 0.37 | 0.63 |
| 10:49-1st |  | 2 | 2 | 0.365 | 0.635 |
| 10:39-1st |  | 2 | 4 | 0.339 | 0.661 |
| 10:26-1st |  | 5 | 4 | 0.387 | 0.613 |
| 10:01-1st |  | 5 | 4 | 0.411 | 0.589 |
| 10:00-1st |  | 5 | 4 | 0.418 | 0.582 |
| 9:54-1st |  | 5 | 4 | 0.396 | 0.604 |
| 9:52-1st |  | 5 | 4 | 0.389 | 0.611 |
| 9:43-1st |  | 5 | 6 | 0.366 | 0.634 |
| 9:23-1st |  | 7 | 6 | 0.39 | 0.61 |
| 9:07-1st |  | 7 | 6 | 0.392 | 0.608 |
| 8:53-1st |  | 7 | 6 | 0.411 | 0.589 |
| 8:50-1st |  | 7 | 6 | 0.418 | 0.582 |
| 8:41-1st |  | 7 | 6 | 0.399 | 0.601 |
| 8:39-1st |  | 7 | 6 | 0.393 | 0.607 |
| 8:25-1st |  | 7 | 8 | 0.37 | 0.63 |
| 8:06-1st |  | 9 | 8 | 0.394 | 0.606 |
| 7:59-1st |  | 9 | 10 | 0.37 | 0.63 |
| 7:44-1st |  | 9 | 10 | 0.347 | 0.653 |
| 7:41-1st |  | 9 | 10 | 0.371 | 0.629 |
| 7:40-1st |  | 9 | 12 | 0.322 | 0.678 |
| 7:25-1st |  | 11 | 12 | 0.348 | 0.652 |
| 6:55-1st |  | 11 | 12 | 0.367 | 0.633 |
| 6:52-1st |  | 11 | 12 | 0.373 | 0.627 |
| 6:41-1st |  | 11 | 12 | 0.356 | 0.644 |
| 6:39-1st |  | 11 | 12 | 0.349 | 0.651 |
| 6:33-1st |  | 11 | 14 | 0.324 | 0.676 |
| 6:24-1st |  | 14 | 14 | 0.374 | 0.626 |
| 6:07-1st |  | 14 | 16 | 0.35 | 0.65 |
| 6:01-1st |  | 14 | 16 | 0.326 | 0.674 |
| 5:52-1st |  | 14 | 18 | 0.303 | 0.697 |
| 5:33-1st |  | 17 | 18 | 0.351 | 0.649 |
| 5:19-1st |  | 17 | 18 | 0.371 | 0.629 |
| 5:18-1st |  | 17 | 18 | 0.377 | 0.623 |
| 5:13-1st |  | 17 | 18 | 0.375 | 0.625 |
| 5:00-1st |  | 19 | 18 | 0.401 | 0.599 |
| 4:51-1st |  | 19 | 21 | 0.353 | 0.647 |
| 4:43-1st |  | 19 | 21 | 0.335 | 0.665 |
| 4:40-1st |  | 19 | 21 | 0.353 | 0.647 |
| 4:38-1st |  | 19 | 21 | 0.335 | 0.665 |
| 4:36-1st |  | 19 | 21 | 0.33 | 0.67 |
| 4:29-1st |  | 19 | 21 | 0.347 | 0.653 |
| 4:27-1st |  | 19 | 21 | 0.353 | 0.647 |
| 4:23-1st |  | 21 | 21 | 0.379 | 0.621 |
| 4:12-1st |  | 21 | 21 | 0.38 | 0.62 |
| 4:07-1st |  | 21 | 23 | 0.354 | 0.646 |
| 3:57-1st |  | 21 | 23 | 0.354 | 0.646 |
| 3:46-1st |  | 23 | 23 | 0.381 | 0.619 |
| 3:35-1st |  | 23 | 23 | 0.342 | 0.658 |
| 3:28-1st |  | 23 | 23 | 0.401 | 0.599 |
| 3:25-1st |  | 23 | 23 | 0.408 | 0.592 |
| 3:14-1st |  | 23 | 23 | 0.449 | 0.551 |
| 3:08-1st |  | 24 | 23 | 0.409 | 0.591 |
| 2:54-1st |  | 24 | 25 | 0.381 | 0.619 |
| 2:44-1st |  | 24 | 25 | 0.36 | 0.64 |
| 2:42-1st |  | 24 | 25 | 0.353 | 0.647 |
| 2:36-1st |  | 24 | 25 | 0.375 | 0.625 |
| 2:33-1st |  | 24 | 25 | 0.382 | 0.618 |
| 2:30-1st |  | 24 | 25 | 0.353 | 0.647 |
| 2:25-1st |  | 24 | 27 | 0.331 | 0.669 |
| 2:07-1st |  | 24 | 27 | 0.311 | 0.689 |
| 2:04-1st |  | 24 | 27 | 0.316 | 0.684 |
| 2:02-1st |  | 24 | 27 | 0.311 | 0.689 |
| 1:49-1st |  | 24 | 27 | 0.332 | 0.668 |
| 1:39-1st |  | 24 | 27 | 0.317 | 0.683 |
| 1:36-1st |  | 24 | 27 | 0.332 | 0.668 |
| 1:35-1st |  | 26 | 27 | 0.354 | 0.646 |
| 1:18-1st |  | 26 | 30 | 0.308 | 0.692 |
| 58.1-1st |  | 28 | 30 | 0.333 | 0.667 |
| 46.1-1st |  | 28 | 30 | 0.359 | 0.641 |
| 35.1-1st |  | 28 | 30 | 0.34 | 0.66 |
| 32.1-1st |  | 28 | 30 | 0.36 | 0.64 |
| 31.1-1st |  | 30 | 30 | 0.389 | 0.611 |
| 14.1-1st |  | 30 | 32 | 0.362 | 0.638 |
| 0.1-1st |  | 30 | 32 | 0.338 | 0.662 |
| 0.0-1st |  | 30 | 32 | 0.351 | 0.649 |
| 12:00-2nd |  | 30 | 32 | 0.351 | 0.649 |
| 11:41-2nd |  | 32 | 32 | 0.39 | 0.61 |
| 11:21-2nd |  | 32 | 34 | 0.362 | 0.638 |
| 11:11-2nd |  | 32 | 34 | 0.363 | 0.637 |
| 11:03-2nd |  | 32 | 34 | 0.343 | 0.657 |
| 11:00-2nd |  | 32 | 34 | 0.363 | 0.637 |
| 10:58-2nd |  | 35 | 34 | 0.42 | 0.58 |
| 10:46-2nd |  | 35 | 36 | 0.393 | 0.607 |
| 10:29-2nd |  | 38 | 36 | 0.45 | 0.55 |
| 10:18-2nd |  | 38 | 38 | 0.421 | 0.579 |
| 10:07-2nd |  | 38 | 38 | 0.399 | 0.601 |
| 10:04-2nd |  | 38 | 38 | 0.422 | 0.578 |
| 9:57-2nd |  | 38 | 38 | 0.4 | 0.6 |
| 9:55-2nd |  | 40 | 38 | 0.452 | 0.548 |
| 9:31-2nd |  | 40 | 38 | 0.452 | 0.548 |
| 9:21-2nd |  | 40 | 38 | 0.454 | 0.546 |
| 9:05-2nd |  | 40 | 40 | 0.425 | 0.575 |
| 8:52-2nd |  | 42 | 40 | 0.455 | 0.545 |
| 8:36-2nd |  | 42 | 40 | 0.48 | 0.52 |
| 8:34-2nd |  | 42 | 40 | 0.488 | 0.512 |
| 8:27-2nd |  | 45 | 40 | 0.551 | 0.449 |
| 8:14-2nd |  | 45 | 40 | 0.55 | 0.45 |
| 8:06-2nd |  | 45 | 40 | 0.575 | 0.425 |
| 8:03-2nd |  | 45 | 40 | 0.583 | 0.417 |
| 7:50-2nd |  | 45 | 40 | 0.561 | 0.439 |
| 7:48-2nd |  | 45 | 40 | 0.553 | 0.447 |
| 7:42-2nd |  | 45 | 43 | 0.491 | 0.509 |
| 7:21-2nd |  | 45 | 43 | 0.469 | 0.531 |
| 7:19-2nd |  | 45 | 43 | 0.461 | 0.539 |
| 7:17-2nd |  | 45 | 45 | 0.432 | 0.568 |
| 7:05-2nd |  | 47 | 45 | 0.462 | 0.538 |
| 6:53-2nd |  | 47 | 45 | 0.487 | 0.513 |
| 6:51-2nd |  | 47 | 45 | 0.463 | 0.537 |
| 6:47-2nd |  | 47 | 48 | 0.401 | 0.599 |
| 6:37-2nd |  | 47 | 48 | 0.38 | 0.62 |
| 6:34-2nd |  | 47 | 48 | 0.373 | 0.627 |
| 6:27-2nd |  | 47 | 48 | 0.395 | 0.605 |
| 6:23-2nd |  | 47 | 48 | 0.402 | 0.598 |
| 6:19-2nd |  | 47 | 48 | 0.381 | 0.619 |
| 6:17-2nd |  | 50 | 48 | 0.465 | 0.535 |
| 6:05-2nd |  | 50 | 48 | 0.491 | 0.509 |
| 6:00-2nd |  | 50 | 48 | 0.499 | 0.501 |
| 5:49-2nd |  | 52 | 48 | 0.531 | 0.469 |
| 5:32-2nd |  | 52 | 48 | 0.611 | 0.389 |
| 5:22-2nd |  | 52 | 48 | 0.54 | 0.46 |
| 5:19-2nd |  | 52 | 48 | 0.532 | 0.468 |
| 5:13-2nd |  | 52 | 48 | 0.557 | 0.443 |
| 5:11-2nd |  | 52 | 48 | 0.565 | 0.435 |
| 4:52-2nd |  | 52 | 48 | 0.542 | 0.458 |
| 4:49-2nd |  | 52 | 48 | 0.567 | 0.433 |
| 4:48-2nd |  | 54 | 48 | 0.597 | 0.403 |
| 4:31-2nd |  | 54 | 50 | 0.569 | 0.431 |
| 4:17-2nd |  | 56 | 50 | 0.6 | 0.4 |
| 4:05-2nd |  | 56 | 53 | 0.537 | 0.463 |
| 3:48-2nd |  | 56 | 53 | 0.514 | 0.486 |
| 3:46-2nd |  | 56 | 53 | 0.506 | 0.494 |
| 3:33-2nd |  | 56 | 55 | 0.473 | 0.527 |
| 3:09-2nd |  | 58 | 55 | 0.509 | 0.491 |
| 2:53-2nd |  | 59 | 57 | 0.51 | 0.49 |
| 2:35-2nd |  | 61 | 57 | 0.544 | 0.456 |
| 2:20-2nd |  | 61 | 59 | 0.511 | 0.489 |
| 2:14-2nd |  | 62 | 59 | 0.514 | 0.486 |
| 2:01-2nd |  | 62 | 59 | 0.462 | 0.538 |
| 1:54-2nd |  | 62 | 59 | 0.544 | 0.456 |
| 1:53-2nd |  | 62 | 59 | 0.553 | 0.447 |
| 1:39-2nd |  | 64 | 59 | 0.583 | 0.417 |
| 1:24-2nd |  | 64 | 61 | 0.555 | 0.445 |
| 1:15-2nd |  | 67 | 61 | 0.618 | 0.382 |
| 59.1-2nd |  | 67 | 61 | 0.645 | 0.355 |
| 57.0-2nd |  | 67 | 61 | 0.654 | 0.346 |
| 52.0-2nd |  | 67 | 61 | 0.629 | 0.371 |
| 50.0-2nd |  | 67 | 61 | 0.655 | 0.345 |
| 45.1-2nd |  | 70 | 61 | 0.722 | 0.278 |
| 28.1-2nd |  | 70 | 61 | 0.744 | 0.256 |
| 26.1-2nd |  | 70 | 61 | 0.725 | 0.275 |
| 20.0-2nd |  | 70 | 61 | 0.746 | 0.254 |
| 17.0-2nd |  | 70 | 61 | 0.754 | 0.246 |
| 0.0-2nd |  | 70 | 61 | 0.738 | 0.262 |
| 12:00-3rd |  | 70 | 61 | 0.738 | 0.262 |
| 11:43-3rd |  | 71 | 61 | 0.757 | 0.243 |
| 11:41-3rd |  | 71 | 61 | 0.757 | 0.243 |
| 11:22-3rd |  | 71 | 61 | 0.782 | 0.218 |
| 11:20-3rd |  | 71 | 61 | 0.79 | 0.21 |
| 11:17-3rd |  | 71 | 61 | 0.768 | 0.232 |
| 11:14-3rd |  | 71 | 61 | 0.761 | 0.239 |
| 11:07-3rd |  | 71 | 63 | 0.735 | 0.265 |
| 10:49-3rd |  | 71 | 63 | 0.704 | 0.296 |
| 10:31-3rd |  | 71 | 63 | 0.732 | 0.268 |
| 10:28-3rd |  | 71 | 63 | 0.707 | 0.293 |
| 10:27-3rd |  | 71 | 66 | 0.64 | 0.36 |
| 10:13-3rd |  | 71 | 66 | 0.64 | 0.36 |
| 10:07-3rd |  | 71 | 66 | 0.604 | 0.396 |
| 9:52-3rd |  | 71 | 69 | 0.534 | 0.466 |
| 9:37-3rd |  | 73 | 69 | 0.571 | 0.429 |
| 9:25-3rd |  | 73 | 69 | 0.601 | 0.399 |
| 9:22-3rd |  | 73 | 69 | 0.61 | 0.39 |
| 9:19-3rd |  | 75 | 69 | 0.641 | 0.359 |
| 9:07-3rd |  | 75 | 71 | 0.609 | 0.391 |
| 8:56-3rd |  | 77 | 71 | 0.685 | 0.315 |
| 8:42-3rd |  | 77 | 71 | 0.676 | 0.324 |
| 8:41-3rd |  | 77 | 71 | 0.647 | 0.353 |
| 8:34-3rd |  | 77 | 71 | 0.677 | 0.323 |
| 8:30-3rd |  | 77 | 71 | 0.687 | 0.313 |
| 8:26-3rd |  | 79 | 71 | 0.721 | 0.279 |
| 8:08-3rd |  | 79 | 73 | 0.691 | 0.309 |
| 7:55-3rd |  | 79 | 73 | 0.664 | 0.336 |
| 7:53-3rd |  | 79 | 73 | 0.654 | 0.346 |
| 7:45-3rd |  | 79 | 73 | 0.685 | 0.315 |
| 7:43-3rd |  | 79 | 73 | 0.656 | 0.344 |
| 7:40-3rd |  | 79 | 73 | 0.686 | 0.314 |
| 7:35-3rd |  | 79 | 73 | 0.696 | 0.304 |
| 7:30-3rd |  | 79 | 73 | 0.657 | 0.343 |
| 7:23-3rd |  | 79 | 75 | 0.62 | 0.38 |
| 7:08-3rd |  | 79 | 75 | 0.594 | 0.406 |
| 7:05-3rd |  | 79 | 75 | 0.585 | 0.415 |
| 7:01-3rd |  | 79 | 78 | 0.507 | 0.493 |
| 6:46-3rd |  | 79 | 78 | 0.478 | 0.522 |
| 6:44-3rd |  | 79 | 78 | 0.467 | 0.533 |
| 6:41-3rd |  | 79 | 78 | 0.509 | 0.491 |
| 6:22-3rd |  | 79 | 78 | 0.479 | 0.521 |
| 6:20-3rd |  | 79 | 78 | 0.469 | 0.531 |
| 6:18-3rd |  | 79 | 80 | 0.431 | 0.569 |
| 6:05-3rd |  | 82 | 80 | 0.511 | 0.489 |
| 5:48-3rd |  | 82 | 80 | 0.544 | 0.456 |
| 5:47-3rd |  | 82 | 80 | 0.512 | 0.488 |
| 5:45-3rd |  | 82 | 83 | 0.432 | 0.568 |
| 5:25-3rd |  | 82 | 83 | 0.401 | 0.599 |
| 5:22-3rd |  | 82 | 83 | 0.433 | 0.567 |
| 5:20-3rd |  | 84 | 83 | 0.472 | 0.528 |
| 5:03-3rd |  | 84 | 86 | 0.391 | 0.609 |
| 4:45-3rd |  | 86 | 86 | 0.433 | 0.567 |
| 4:34-3rd |  | 86 | 88 | 0.392 | 0.608 |
| 4:21-3rd |  | 86 | 88 | 0.351 | 0.649 |
| 4:14-3rd |  | 86 | 91 | 0.278 | 0.722 |
| 3:51-3rd |  | 86 | 91 | 0.249 | 0.751 |
| 3:49-3rd |  | 86 | 91 | 0.24 | 0.76 |
| 3:46-3rd |  | 86 | 94 | 0.177 | 0.823 |
| 3:44-3rd |  | 86 | 94 | 0.177 | 0.823 |
| 3:28-3rd |  | 86 | 94 | 0.157 | 0.843 |
| 3:25-3rd |  | 86 | 94 | 0.175 | 0.825 |
| 3:24-3rd |  | 86 | 94 | 0.15 | 0.85 |
| 3:20-3rd |  | 86 | 95 | 0.124 | 0.876 |
| 3:07-3rd |  | 86 | 95 | 0.143 | 0.857 |
| 3:05-3rd |  | 86 | 95 | 0.122 | 0.878 |
| 2:59-3rd |  | 86 | 97 | 0.104 | 0.896 |
| 2:38-3rd |  | 86 | 97 | 0.083 | 0.917 |
| 2:36-3rd |  | 86 | 97 | 0.083 | 0.917 |
| 2:20-3rd |  | 86 | 100 | 0.053 | 0.947 |
| 1:55-3rd |  | 86 | 100 | 0.042 | 0.958 |
| 1:53-3rd |  | 86 | 100 | 0.039 | 0.961 |
| 1:42-3rd |  | 86 | 102 | 0.031 | 0.969 |
| 1:26-3rd |  | 86 | 102 | 0.021 | 0.979 |
| 1:24-3rd |  | 86 | 104 | 0.017 | 0.983 |
| 1:08-3rd |  | 86 | 104 | 0.013 | 0.987 |
| 1:07-3rd |  | 88 | 104 | 0.02 | 0.98 |
| 53.1-3rd |  | 88 | 107 | 0.011 | 0.989 |
| 49.1-3rd |  | 90 | 107 | 0.015 | 0.985 |
| 31.1-3rd |  | 88 | 109 | 0.005 | 0.995 |
| 27.1-3rd |  | 91 | 109 | 0.014 | 0.986 |
| 27.0-3rd |  | 91 | 109 | 0.014 | 0.986 |
| 26.1-3rd |  | 94 | 109 | 0.026 | 0.974 |
| 5.1-3rd |  | 94 | 111 | 0.018 | 0.982 |
| 2.0-3rd |  | 94 | 111 | 0.012 | 0.988 |
| 0.0-3rd |  | 94 | 111 | 0.016 | 0.984 |
| 12:00-4th |  | 94 | 111 | 0.016 | 0.984 |
| 11:41-4th |  | 94 | 111 | 0.015 | 0.985 |
| 11:36-4th |  | 94 | 111 | 0.016 | 0.984 |
| 11:31-4th |  | 94 | 111 | 0.012 | 0.988 |
| 11:29-4th |  | 94 | 111 | 0.015 | 0.985 |
| 11:27-4th |  | 94 | 111 | 0.012 | 0.988 |
| 11:24-4th |  | 94 | 111 | 0.011 | 0.989 |
| 11:14-4th |  | 94 | 114 | 0.004 | 0.996 |
| 11:11-4th |  | 94 | 114 | 0.006 | 0.994 |
| 10:58-4th |  | 94 | 114 | 0.004 | 0.996 |
| 10:56-4th |  | 94 | 114 | 0.005 | 0.995 |
| 10:53-4th |  | 97 | 114 | 0.01 | 0.99 |
| 10:30-4th |  | 97 | 114 | 0.012 | 0.988 |
| 10:27-4th |  | 97 | 114 | 0.009 | 0.991 |
| 10:25-4th |  | 97 | 114 | 0.012 | 0.988 |
| 10:23-4th |  | 97 | 114 | 0.009 | 0.991 |
| 10:17-4th |  | 97 | 114 | 0.012 | 0.988 |
| 10:16-4th |  | 97 | 114 | 0.009 | 0.991 |
| 10:14-4th |  | 97 | 116 | 0.006 | 0.994 |
| 9:47-4th |  | 100 | 116 | 0.011 | 0.989 |
| 9:39-4th |  | 100 | 116 | 0.015 | 0.985 |
| 9:38-4th |  | 102 | 116 | 0.021 | 0.979 |
| 9:12-4th |  | 102 | 118 | 0.014 | 0.986 |
| 8:55-4th |  | 104 | 118 | 0.018 | 0.982 |
| 8:40-4th |  | 104 | 118 | 0.018 | 0.982 |
| 8:29-4th |  | 104 | 120 | 0.011 | 0.989 |
| 8:16-4th |  | 106 | 120 | 0.016 | 0.984 |
| 8:02-4th |  | 105 | 120 | 0.016 | 0.984 |
| 7:49-4th |  | 107 | 120 | 0.021 | 0.979 |
| 7:21-4th |  | 108 | 123 | 0.014 | 0.986 |
| 7:13-4th |  | 111 | 123 | 0.026 | 0.974 |
| 6:47-4th |  | 111 | 123 | 0.034 | 0.966 |
| 6:36-4th |  | 113 | 123 | 0.044 | 0.956 |
| 6:19-4th |  | 113 | 123 | 0.038 | 0.962 |
| 6:06-4th |  | 113 | 126 | 0.02 | 0.98 |
| 5:49-4th |  | 113 | 126 | 0.014 | 0.986 |
| 5:46-4th |  | 113 | 126 | 0.012 | 0.988 |
| 5:40-4th |  | 113 | 126 | 0.011 | 0.989 |
| 5:38-4th |  | 113 | 128 | 0.008 | 0.992 |
| 5:36-4th |  | 113 | 128 | 0.008 | 0.992 |
| 5:29-4th |  | 113 | 128 | 0.008 | 0.992 |
| 5:21-4th |  | 113 | 128 | 0.005 | 0.995 |
| 5:18-4th |  | 113 | 128 | 0.005 | 0.995 |
| 5:00-4th |  | 113 | 128 | 0.006 | 0.994 |
| 4:57-4th |  | 113 | 128 | 0.006 | 0.994 |
| 4:52-4th |  | 116 | 128 | 0.013 | 0.987 |
| 4:31-4th |  | 116 | 128 | 0.016 | 0.984 |
| 4:29-4th |  | 116 | 128 | 0.017 | 0.983 |
| 4:23-4th |  | 119 | 128 | 0.036 | 0.964 |
| 4:03-4th |  | 119 | 128 | 0.046 | 0.954 |
| 4:01-4th |  | 119 | 128 | 0.05 | 0.95 |
| 3:54-4th |  | 122 | 128 | 0.098 | 0.902 |
| 3:53-4th |  | 122 | 128 | 0.098 | 0.902 |
| 3:31-4th |  | 122 | 128 | 0.12 | 0.88 |
| 3:27-4th |  | 122 | 128 | 0.129 | 0.871 |
| 3:19-4th |  | 125 | 128 | 0.227 | 0.773 |
| 3:04-4th |  | 125 | 129 | 0.213 | 0.787 |
| 2:53-4th |  | 125 | 129 | 0.162 | 0.838 |
| 2:52-4th |  | 125 | 130 | 0.149 | 0.851 |
| 2:46-4th | TARGET | 128 | 130 | 0.286 | 0.714 |
| 2:24-4th |  | 128 | 130 | 0.346 | 0.654 |
| 2:22-4th |  | 128 | 130 | 0.368 | 0.632 |
| 2:19-4th |  | 128 | 130 | 0.3 | 0.7 |
| 2:17-4th |  | 128 | 130 | 0.277 | 0.723 |
| 2:09-4th |  | 128 | 132 | 0.206 | 0.794 |
| 1:58-4th |  | 130 | 132 | 0.271 | 0.729 |
| 1:35-4th |  | 130 | 132 | 0.34 | 0.66 |
| 1:30-4th |  | 130 | 132 | 0.365 | 0.635 |
| 1:18-4th |  | 130 | 132 | 0.284 | 0.716 |
| 1:15-4th |  | 130 | 132 | 0.256 | 0.744 |
| 1:10-4th |  | 130 | 132 | 0.364 | 0.636 |
| 1:02-4th |  | 130 | 132 | 0.252 | 0.748 |
| 58.1-4th |  | 130 | 134 | 0.184 | 0.816 |
| 51.0-4th |  | 130 | 134 | 0.107 | 0.893 |
| 31.1-4th |  | 130 | 136 | 0.049 | 0.951 |
| 26.1-4th |  | 130 | 136 | 0.025 | 0.975 |
| 24.0-4th |  | 130 | 136 | 0.018 | 0.982 |
| 0.2-4th |  | 130 | 136 | 0.002 | 0.998 |
| 0.0-4th |  | 130 | 136 | 0.0 | 1.0 |

Question

Which event most likely happened at the marked missing position?

Answer Choices

A. Player 17 (Team A) blocks Player 4 (Team B) 's 8-foot driving layup
B. Player 5 (Team B) misses tip shot
C. Player 15 (Team B) blocks Player 3 (Team B)'s dunk
D. Player 3 (Team A) makes 21-foot pullup jump shot (Player 19 (Team A) assists) | Player 12 (Team B) shooting foul | Player 3 (Team A) makes free throw 1 of 1

Response Format

Return exactly one JSON object:

{
  "answer": "<A|B|C|D>",
  "rationale": "<brief evidence-based justification in 1-3 sentences>",
  "evidence_event_ids": [],
  "evidence_series_times": []
}

Use only event IDs and time labels that are provided above and that support the answer. Use an empty array when the corresponding evidence type is unavailable or unused. Return only the JSON object.
