Task

Reconstruct the missing event in this basketball game. Use the available numerical time-series evidence around the marked row to select the most likely event.

Game

Team A versus Team B, season 22-23.

Time Series

| Game time | Marker | Team A score | Team B score | Team A win probability | Team B win probability |
| --- | --- | --- | --- | --- | --- |
| 12:00-1st |  | 0 | 0 | 0.389 | 0.611 |
| 11:47-1st |  | 0 | 0 | 0.404 | 0.596 |
| 11:42-1st |  | 0 | 0 | 0.409 | 0.591 |
| 11:27-1st |  | 0 | 0 | 0.395 | 0.605 |
| 11:24-1st |  | 0 | 0 | 0.39 | 0.61 |
| 11:17-1st |  | 0 | 0 | 0.405 | 0.595 |
| 11:15-1st |  | 0 | 0 | 0.41 | 0.59 |
| 11:06-1st |  | 3 | 0 | 0.462 | 0.538 |
| 10:46-1st |  | 3 | 3 | 0.411 | 0.589 |
| 10:29-1st |  | 6 | 3 | 0.463 | 0.537 |
| 10:10-1st |  | 6 | 3 | 0.485 | 0.515 |
| 10:08-1st |  | 6 | 3 | 0.493 | 0.507 |
| 9:58-1st |  | 6 | 3 | 0.472 | 0.528 |
| 9:56-1st |  | 6 | 3 | 0.465 | 0.535 |
| 9:46-1st |  | 6 | 3 | 0.494 | 0.506 |
| 9:39-1st |  | 9 | 3 | 0.547 | 0.453 |
| 9:38-1st |  | 9 | 3 | 0.547 | 0.453 |
| 9:20-1st |  | 9 | 6 | 0.495 | 0.505 |
| 9:06-1st |  | 12 | 6 | 0.549 | 0.451 |
| 8:45-1st |  | 12 | 9 | 0.497 | 0.503 |
| 8:25-1st |  | 12 | 9 | 0.476 | 0.524 |
| 8:23-1st |  | 12 | 9 | 0.469 | 0.531 |
| 8:16-1st |  | 12 | 12 | 0.417 | 0.583 |
| 7:51-1st |  | 14 | 12 | 0.445 | 0.555 |
| 7:30-1st |  | 14 | 14 | 0.418 | 0.582 |
| 7:18-1st |  | 14 | 14 | 0.398 | 0.602 |
| 7:03-1st |  | 14 | 15 | 0.397 | 0.603 |
| 6:57-1st |  | 14 | 15 | 0.398 | 0.602 |
| 6:49-1st |  | 14 | 15 | 0.371 | 0.629 |
| 6:39-1st |  | 14 | 15 | 0.391 | 0.609 |
| 6:36-1st |  | 14 | 15 | 0.398 | 0.602 |
| 6:26-1st |  | 14 | 15 | 0.378 | 0.622 |
| 6:23-1st |  | 14 | 15 | 0.371 | 0.629 |
| 6:02-1st |  | 14 | 15 | 0.392 | 0.608 |
| 5:59-1st |  | 14 | 15 | 0.372 | 0.628 |
| 5:58-1st |  | 14 | 17 | 0.347 | 0.653 |
| 5:51-1st |  | 14 | 17 | 0.324 | 0.676 |
| 5:39-1st |  | 14 | 17 | 0.324 | 0.676 |
| 5:25-1st |  | 14 | 19 | 0.301 | 0.699 |
| 5:10-1st |  | 14 | 19 | 0.283 | 0.717 |
| 5:08-1st |  | 14 | 19 | 0.277 | 0.723 |
| 5:01-1st |  | 14 | 21 | 0.256 | 0.744 |
| 4:41-1st |  | 14 | 21 | 0.241 | 0.759 |
| 4:39-1st |  | 14 | 21 | 0.236 | 0.764 |
| 4:22-1st |  | 14 | 21 | 0.256 | 0.744 |
| 4:16-1st |  | 14 | 21 | 0.241 | 0.759 |
| 4:15-1st |  | 14 | 21 | 0.257 | 0.743 |
| 4:10-1st |  | 14 | 21 | 0.24 | 0.76 |
| 4:07-1st |  | 14 | 21 | 0.234 | 0.766 |
| 3:59-1st |  | 14 | 24 | 0.196 | 0.804 |
| 3:43-1st |  | 17 | 24 | 0.235 | 0.765 |
| 3:25-1st |  | 17 | 24 | 0.251 | 0.749 |
| 3:24-1st |  | 17 | 24 | 0.234 | 0.766 |
| 3:23-1st |  | 17 | 26 | 0.214 | 0.786 |
| 3:21-1st |  | 17 | 26 | 0.195 | 0.805 |
| 3:19-1st |  | 17 | 29 | 0.163 | 0.837 |
| 3:00-1st |  | 17 | 29 | 0.15 | 0.85 |
| 2:58-1st |  | 17 | 29 | 0.145 | 0.855 |
| 2:52-1st |  | 17 | 31 | 0.13 | 0.87 |
| 2:31-1st |  | 19 | 31 | 0.145 | 0.855 |
| 2:15-1st |  | 19 | 33 | 0.129 | 0.871 |
| 1:55-1st |  | 19 | 33 | 0.118 | 0.882 |
| 1:54-1st |  | 19 | 33 | 0.115 | 0.885 |
| 1:48-1st |  | 19 | 35 | 0.102 | 0.898 |
| 1:34-1st |  | 19 | 35 | 0.093 | 0.907 |
| 1:32-1st |  | 19 | 35 | 0.091 | 0.909 |
| 1:28-1st |  | 19 | 35 | 0.099 | 0.901 |
| 1:24-1st |  | 19 | 35 | 0.101 | 0.899 |
| 1:11-1st |  | 19 | 35 | 0.093 | 0.907 |
| 1:07-1st |  | 19 | 35 | 0.09 | 0.91 |
| 57.9-1st |  | 20 | 35 | 0.114 | 0.886 |
| 50.0-1st |  | 20 | 35 | 0.104 | 0.896 |
| 46.9-1st |  | 20 | 35 | 0.1 | 0.9 |
| 37.7-1st |  | 20 | 35 | 0.114 | 0.886 |
| 33.6-1st |  | 23 | 35 | 0.142 | 0.858 |
| 14.9-1st |  | 23 | 35 | 0.158 | 0.842 |
| 4.3-1st |  | 23 | 35 | 0.144 | 0.856 |
| 0.4-1st |  | 25 | 35 | 0.176 | 0.824 |
| 0.0-1st |  | 25 | 35 | 0.186 | 0.814 |
| 11:49-2nd |  | 25 | 35 | 0.179 | 0.821 |
| 11:48-2nd |  | 25 | 35 | 0.175 | 0.825 |
| 11:44-2nd |  | 25 | 35 | 0.191 | 0.809 |
| 11:21-2nd | TARGET | 29 | 35 | 0.253 | 0.747 |
| 11:10-2nd |  | 29 | 36 | 0.256 | 0.744 |
| 11:08-2nd |  | 29 | 36 | 0.231 | 0.769 |
| 11:06-2nd |  | 29 | 38 | 0.211 | 0.789 |
| 10:49-2nd |  | 31 | 38 | 0.231 | 0.769 |
| 10:36-2nd |  | 31 | 41 | 0.19 | 0.81 |
| 10:19-2nd |  | 33 | 41 | 0.21 | 0.79 |
| 10:13-2nd |  | 33 | 44 | 0.172 | 0.828 |
| 10:02-2nd |  | 33 | 44 | 0.154 | 0.846 |
| 9:45-2nd |  | 33 | 44 | 0.166 | 0.834 |
| 9:41-2nd |  | 33 | 44 | 0.166 | 0.834 |
| 9:40-2nd |  | 33 | 44 | 0.171 | 0.829 |
| 9:34-2nd |  | 33 | 44 | 0.157 | 0.843 |
| 9:31-2nd |  | 33 | 44 | 0.153 | 0.847 |
| 9:26-2nd |  | 33 | 44 | 0.153 | 0.847 |
| 9:18-2nd |  | 33 | 47 | 0.121 | 0.879 |
| 9:17-2nd |  | 33 | 47 | 0.121 | 0.879 |
| 9:06-2nd |  | 33 | 47 | 0.11 | 0.89 |
| 9:03-2nd |  | 33 | 47 | 0.107 | 0.893 |
| 8:54-2nd |  | 33 | 49 | 0.093 | 0.907 |
| 8:38-2nd |  | 33 | 49 | 0.084 | 0.916 |
| 8:37-2nd |  | 33 | 49 | 0.081 | 0.919 |
| 8:29-2nd |  | 33 | 52 | 0.061 | 0.939 |
| 8:08-2nd |  | 33 | 52 | 0.054 | 0.946 |
| 8:05-2nd |  | 33 | 52 | 0.052 | 0.948 |
| 7:53-2nd |  | 33 | 52 | 0.057 | 0.943 |
| 7:50-2nd |  | 33 | 52 | 0.057 | 0.943 |
| 7:47-2nd |  | 33 | 52 | 0.059 | 0.941 |
| 7:46-2nd |  | 35 | 52 | 0.068 | 0.932 |
| 7:20-2nd |  | 35 | 55 | 0.05 | 0.95 |
| 7:03-2nd |  | 37 | 55 | 0.057 | 0.943 |
| 6:49-2nd |  | 37 | 57 | 0.05 | 0.95 |
| 6:36-2nd |  | 39 | 57 | 0.057 | 0.943 |
| 6:14-2nd |  | 39 | 57 | 0.063 | 0.937 |
| 6:12-2nd |  | 39 | 57 | 0.065 | 0.935 |
| 6:01-2nd |  | 39 | 57 | 0.058 | 0.942 |
| 5:58-2nd |  | 39 | 57 | 0.055 | 0.945 |
| 5:49-2nd |  | 39 | 57 | 0.062 | 0.938 |
| 5:47-2nd |  | 39 | 57 | 0.064 | 0.936 |
| 5:41-2nd |  | 39 | 57 | 0.057 | 0.943 |
| 5:37-2nd |  | 39 | 57 | 0.054 | 0.946 |
| 5:32-2nd |  | 39 | 57 | 0.044 | 0.956 |
| 5:22-2nd |  | 39 | 57 | 0.064 | 0.936 |
| 5:05-2nd |  | 41 | 57 | 0.074 | 0.926 |
| 4:56-2nd |  | 41 | 57 | 0.085 | 0.915 |
| 4:54-2nd |  | 41 | 57 | 0.085 | 0.915 |
| 4:31-2nd |  | 44 | 57 | 0.11 | 0.89 |
| 4:18-2nd |  | 44 | 59 | 0.096 | 0.904 |
| 4:00-2nd |  | 44 | 59 | 0.085 | 0.915 |
| 3:57-2nd |  | 44 | 59 | 0.081 | 0.919 |
| 3:51-2nd |  | 44 | 61 | 0.069 | 0.931 |
| 3:23-2nd |  | 46 | 61 | 0.08 | 0.92 |
| 3:08-2nd |  | 46 | 61 | 0.089 | 0.911 |
| 3:07-2nd |  | 46 | 61 | 0.092 | 0.908 |
| 2:56-2nd |  | 48 | 61 | 0.104 | 0.896 |
| 2:33-2nd |  | 48 | 61 | 0.116 | 0.884 |
| 2:31-2nd |  | 48 | 61 | 0.12 | 0.88 |
| 2:14-2nd |  | 48 | 61 | 0.102 | 0.898 |
| 1:58-2nd |  | 48 | 61 | 0.114 | 0.886 |
| 1:55-2nd |  | 48 | 61 | 0.145 | 0.855 |
| 1:40-2nd |  | 48 | 61 | 0.101 | 0.899 |
| 1:25-2nd |  | 48 | 61 | 0.113 | 0.887 |
| 1:21-2nd |  | 48 | 61 | 0.117 | 0.883 |
| 1:19-2nd |  | 48 | 61 | 0.117 | 0.883 |
| 1:12-2nd |  | 48 | 61 | 0.104 | 0.896 |
| 1:10-2nd |  | 48 | 61 | 0.099 | 0.901 |
| 1:05-2nd |  | 48 | 62 | 0.1 | 0.9 |
| 1:02-2nd |  | 48 | 62 | 0.1 | 0.9 |
| 48.1-2nd |  | 50 | 62 | 0.112 | 0.888 |
| 35.9-2nd |  | 50 | 63 | 0.115 | 0.885 |
| 34.1-2nd |  | 50 | 63 | 0.115 | 0.885 |
| 12.0-2nd |  | 50 | 63 | 0.1 | 0.9 |
| 11.9-2nd |  | 50 | 63 | 0.096 | 0.904 |
| 0.0-2nd |  | 50 | 63 | 0.105 | 0.895 |
| 12:00-3rd |  | 50 | 63 | 0.105 | 0.895 |
| 11:36-3rd |  | 50 | 63 | 0.098 | 0.902 |
| 11:34-3rd |  | 50 | 63 | 0.11 | 0.89 |
| 11:24-3rd |  | 50 | 63 | 0.109 | 0.891 |
| 11:13-3rd |  | 50 | 63 | 0.097 | 0.903 |
| 11:11-3rd |  | 50 | 63 | 0.109 | 0.891 |
| 11:00-3rd |  | 50 | 63 | 0.096 | 0.904 |
| 10:58-3rd |  | 50 | 63 | 0.092 | 0.908 |
| 10:54-3rd |  | 50 | 63 | 0.104 | 0.896 |
| 10:53-3rd |  | 50 | 63 | 0.092 | 0.908 |
| 10:49-3rd |  | 50 | 63 | 0.09 | 0.91 |
| 10:41-3rd |  | 50 | 63 | 0.103 | 0.897 |
| 10:37-3rd |  | 50 | 63 | 0.107 | 0.893 |
| 10:26-3rd |  | 52 | 63 | 0.123 | 0.877 |
| 10:17-3rd |  | 52 | 63 | 0.141 | 0.859 |
| 10:03-3rd |  | 52 | 63 | 0.126 | 0.874 |
| 10:00-3rd |  | 52 | 63 | 0.121 | 0.879 |
| 9:56-3rd |  | 52 | 66 | 0.088 | 0.912 |
| 9:31-3rd |  | 54 | 66 | 0.101 | 0.899 |
| 9:05-3rd |  | 54 | 68 | 0.085 | 0.915 |
| 9:00-3rd |  | 54 | 68 | 0.071 | 0.929 |
| 8:48-3rd |  | 54 | 68 | 0.08 | 0.92 |
| 8:46-3rd |  | 54 | 68 | 0.083 | 0.917 |
| 8:41-3rd |  | 54 | 68 | 0.073 | 0.927 |
| 8:36-3rd |  | 56 | 68 | 0.098 | 0.902 |
| 8:17-3rd |  | 56 | 68 | 0.109 | 0.891 |
| 8:16-3rd |  | 56 | 68 | 0.113 | 0.887 |
| 8:11-3rd |  | 59 | 68 | 0.154 | 0.846 |
| 8:08-3rd |  | 59 | 68 | 0.154 | 0.846 |
| 7:51-3rd |  | 59 | 68 | 0.153 | 0.847 |
| 7:42-3rd |  | 59 | 68 | 0.171 | 0.829 |
| 7:38-3rd |  | 59 | 68 | 0.171 | 0.829 |
| 7:36-3rd |  | 59 | 68 | 0.171 | 0.829 |
| 7:34-3rd |  | 59 | 68 | 0.17 | 0.83 |
| 7:33-3rd |  | 59 | 68 | 0.177 | 0.823 |
| 7:30-3rd |  | 61 | 68 | 0.201 | 0.799 |
| 7:06-3rd |  | 61 | 71 | 0.15 | 0.85 |
| 6:46-3rd |  | 61 | 71 | 0.131 | 0.869 |
| 6:43-3rd |  | 61 | 71 | 0.131 | 0.869 |
| 6:42-3rd |  | 61 | 71 | 0.148 | 0.852 |
| 6:40-3rd |  | 61 | 71 | 0.131 | 0.869 |
| 6:37-3rd |  | 61 | 71 | 0.125 | 0.875 |
| 6:33-3rd |  | 61 | 73 | 0.105 | 0.895 |
| 6:20-3rd |  | 61 | 73 | 0.104 | 0.896 |
| 6:11-3rd |  | 61 | 73 | 0.091 | 0.909 |
| 6:09-3rd |  | 61 | 73 | 0.087 | 0.913 |
| 5:52-3rd |  | 61 | 73 | 0.102 | 0.898 |
| 5:45-3rd |  | 61 | 73 | 0.089 | 0.911 |
| 5:44-3rd |  | 61 | 73 | 0.085 | 0.915 |
| 5:38-3rd |  | 61 | 76 | 0.057 | 0.943 |
| 5:19-3rd |  | 62 | 76 | 0.056 | 0.944 |
| 5:17-3rd |  | 62 | 76 | 0.055 | 0.945 |
| 5:04-3rd |  | 62 | 76 | 0.064 | 0.936 |
| 5:03-3rd |  | 62 | 76 | 0.055 | 0.945 |
| 4:56-3rd |  | 62 | 78 | 0.044 | 0.956 |
| 4:39-3rd |  | 65 | 78 | 0.066 | 0.934 |
| 4:27-3rd |  | 65 | 78 | 0.075 | 0.925 |
| 4:23-3rd |  | 65 | 78 | 0.078 | 0.922 |
| 4:12-3rd |  | 67 | 78 | 0.094 | 0.906 |
| 3:59-3rd |  | 67 | 78 | 0.109 | 0.891 |
| 3:58-3rd |  | 67 | 78 | 0.114 | 0.886 |
| 3:47-3rd |  | 67 | 78 | 0.097 | 0.903 |
| 3:44-3rd |  | 67 | 78 | 0.097 | 0.903 |
| 3:43-3rd |  | 67 | 78 | 0.091 | 0.909 |
| 3:40-3rd |  | 67 | 78 | 0.068 | 0.932 |
| 3:37-3rd |  | 67 | 80 | 0.075 | 0.925 |
| 3:22-3rd |  | 67 | 80 | 0.064 | 0.936 |
| 3:19-3rd |  | 67 | 80 | 0.06 | 0.94 |
| 3:06-3rd |  | 67 | 81 | 0.059 | 0.941 |
| 3:04-3rd |  | 67 | 81 | 0.059 | 0.941 |
| 2:42-3rd |  | 67 | 81 | 0.047 | 0.953 |
| 2:39-3rd |  | 67 | 81 | 0.044 | 0.956 |
| 2:17-3rd |  | 67 | 84 | 0.027 | 0.973 |
| 2:01-3rd |  | 68 | 84 | 0.024 | 0.976 |
| 1:59-3rd |  | 68 | 84 | 0.024 | 0.976 |
| 1:47-3rd |  | 68 | 84 | 0.032 | 0.968 |
| 1:43-3rd |  | 70 | 84 | 0.039 | 0.961 |
| 1:30-3rd |  | 70 | 86 | 0.031 | 0.969 |
| 1:19-3rd |  | 73 | 86 | 0.049 | 0.951 |
| 59.7-3rd |  | 73 | 86 | 0.057 | 0.943 |
| 56.8-3rd |  | 73 | 86 | 0.06 | 0.94 |
| 50.0-3rd |  | 73 | 86 | 0.049 | 0.951 |
| 46.4-3rd |  | 73 | 86 | 0.046 | 0.954 |
| 43.3-3rd |  | 73 | 86 | 0.055 | 0.945 |
| 39.9-3rd |  | 73 | 86 | 0.045 | 0.955 |
| 39.1-3rd |  | 73 | 89 | 0.027 | 0.973 |
| 31.2-3rd |  | 76 | 89 | 0.045 | 0.955 |
| 9.4-3rd |  | 76 | 89 | 0.051 | 0.949 |
| 6.4-3rd |  | 76 | 89 | 0.053 | 0.947 |
| 3.4-3rd |  | 78 | 89 | 0.071 | 0.929 |
| 0.2-3rd |  | 78 | 89 | 0.082 | 0.918 |
| 0.1-3rd |  | 78 | 89 | 0.069 | 0.931 |
| 0.0-3rd |  | 78 | 89 | 0.077 | 0.923 |
| 11:43-4th |  | 78 | 91 | 0.052 | 0.948 |
| 11:25-4th |  | 78 | 91 | 0.041 | 0.959 |
| 11:24-4th |  | 78 | 91 | 0.035 | 0.965 |
| 11:03-4th |  | 78 | 93 | 0.026 | 0.974 |
| 10:43-4th |  | 78 | 93 | 0.018 | 0.982 |
| 10:36-4th |  | 78 | 96 | 0.01 | 0.99 |
| 10:21-4th |  | 79 | 96 | 0.01 | 0.99 |
| 10:00-4th |  | 79 | 99 | 0.005 | 0.995 |
| 9:44-4th |  | 79 | 99 | 0.003 | 0.997 |
| 9:41-4th |  | 79 | 99 | 0.003 | 0.997 |
| 9:31-4th |  | 79 | 99 | 0.004 | 0.996 |
| 9:28-4th |  | 79 | 99 | 0.004 | 0.996 |
| 9:23-4th |  | 79 | 99 | 0.003 | 0.997 |
| 9:19-4th |  | 79 | 99 | 0.003 | 0.997 |
| 9:07-4th |  | 79 | 102 | 0.001 | 0.999 |
| 8:51-4th |  | 79 | 102 | 0.001 | 0.999 |
| 8:48-4th |  | 79 | 102 | 0.001 | 0.999 |
| 8:32-4th |  | 79 | 102 | 0.001 | 0.999 |
| 8:29-4th |  | 79 | 104 | 0.001 | 0.999 |
| 8:17-4th |  | 79 | 104 | 0.001 | 0.999 |
| 8:12-4th |  | 79 | 104 | 0.001 | 0.999 |
| 8:09-4th |  | 79 | 104 | 0.001 | 0.999 |
| 8:07-4th |  | 79 | 104 | 0.001 | 0.999 |
| 8:04-4th |  | 79 | 106 | 0.001 | 0.999 |
| 7:55-4th |  | 79 | 106 | 0.001 | 0.999 |
| 7:52-4th |  | 79 | 108 | 0.001 | 0.999 |
| 7:38-4th |  | 79 | 108 | 0.001 | 0.999 |
| 7:37-4th |  | 79 | 108 | 0.001 | 0.999 |
| 7:31-4th |  | 82 | 108 | 0.001 | 0.999 |
| 7:18-4th |  | 82 | 108 | 0.001 | 0.999 |
| 7:17-4th |  | 82 | 108 | 0.001 | 0.999 |
| 6:59-4th |  | 84 | 108 | 0.001 | 0.999 |
| 6:41-4th |  | 84 | 108 | 0.001 | 0.999 |
| 6:39-4th |  | 84 | 108 | 0.001 | 0.999 |
| 6:32-4th |  | 86 | 108 | 0.001 | 0.999 |
| 6:10-4th |  | 86 | 109 | 0.001 | 0.999 |
| 6:06-4th |  | 86 | 109 | 0.001 | 0.999 |
| 5:57-4th |  | 88 | 109 | 0.001 | 0.999 |
| 5:44-4th |  | 88 | 109 | 0.001 | 0.999 |
| 5:40-4th |  | 90 | 109 | 0.001 | 0.999 |
| 5:27-4th |  | 90 | 109 | 0.001 | 0.999 |
| 5:22-4th |  | 92 | 109 | 0.002 | 0.998 |
| 5:10-4th |  | 92 | 109 | 0.003 | 0.997 |
| 5:01-4th |  | 92 | 109 | 0.002 | 0.998 |
| 4:58-4th |  | 92 | 109 | 0.002 | 0.998 |
| 4:43-4th |  | 92 | 109 | 0.002 | 0.998 |
| 4:29-4th |  | 92 | 109 | 0.002 | 0.998 |
| 4:28-4th |  | 92 | 109 | 0.001 | 0.999 |
| 4:17-4th |  | 92 | 111 | 0.001 | 0.999 |
| 4:05-4th |  | 94 | 111 | 0.001 | 0.999 |
| 3:41-4th |  | 94 | 112 | 0.001 | 0.999 |
| 3:25-4th |  | 94 | 112 | 0.001 | 0.999 |
| 3:07-4th |  | 94 | 113 | 0.001 | 0.999 |
| 2:57-4th |  | 94 | 113 | 0.001 | 0.999 |
| 2:55-4th |  | 94 | 113 | 0.001 | 0.999 |
| 2:50-4th |  | 94 | 115 | 0.001 | 0.999 |
| 2:41-4th |  | 94 | 115 | 0.001 | 0.999 |
| 2:35-4th |  | 96 | 115 | 0.001 | 0.999 |
| 2:19-4th |  | 96 | 115 | 0.001 | 0.999 |
| 2:16-4th |  | 96 | 115 | 0.001 | 0.999 |
| 2:15-4th |  | 96 | 115 | 0.001 | 0.999 |
| 2:12-4th |  | 96 | 115 | 0.001 | 0.999 |
| 2:00-4th |  | 96 | 115 | 0.001 | 0.999 |
| 1:49-4th |  | 98 | 115 | 0.001 | 0.999 |
| 1:29-4th |  | 98 | 117 | 0.001 | 0.999 |
| 1:20-4th |  | 99 | 117 | 0.001 | 0.999 |
| 1:03-4th |  | 99 | 117 | 0.001 | 0.999 |
| 58.8-4th |  | 99 | 117 | 0.001 | 0.999 |
| 51.2-4th |  | 101 | 117 | 0.001 | 0.999 |
| 30.7-4th |  | 101 | 117 | 0.001 | 0.999 |
| 28.3-4th |  | 101 | 117 | 0.001 | 0.999 |
| 26.0-4th |  | 101 | 117 | 0.001 | 0.999 |
| 15.9-4th |  | 101 | 117 | 0.001 | 0.999 |
| 13.3-4th |  | 101 | 117 | 0.001 | 0.999 |
| 0.0-4th |  | 101 | 117 | 0.0 | 1.0 |

Question

Which event most likely happened at the marked missing position?

Answer Choices

A. Player 7 (Team A) makes 28-foot three pointer (Player 8 (Team B) assists)
B. Player 8 (Team B) shooting foul | Player 8 (Team B) technical foul (1st technical foul) | Player 5 (Team A) makes technical free throw | Player 6 (Team A) makes free throw 1 of 3 | Player 6 (Team A) makes free throw 2 of 3 | Player 6 (Team A) makes free throw 3 of 3
C. Player 5 (Team B) misses 29-foot three point pullup jump shot
D. Player 2 (Team B) lost ball turnover (Player 9 (Team B) steals)

Response Format

Return exactly one JSON object:

{
  "answer": "<A|B|C|D>",
  "rationale": "<brief evidence-based justification in 1-3 sentences>",
  "evidence_event_ids": [],
  "evidence_series_times": []
}

Use only event IDs and time labels that are provided above and that support the answer. Use an empty array when the corresponding evidence type is unavailable or unused. Return only the JSON object.
