Task

Reconstruct the missing event in this basketball game. Use the available numerical time-series evidence around the marked row to select the most likely event.

Game

Team A versus Team B, season 22-23.

Time Series

| Game time | Marker | Team A score | Team B score | Team A win probability | Team B win probability |
| --- | --- | --- | --- | --- | --- |
| 12:00-1st |  | 0 | 0 | 0.431 | 0.569 |
| 11:49-1st |  | 0 | 0 | 0.451 | 0.549 |
| 11:34-1st |  | 0 | 0 | 0.431 | 0.569 |
| 11:29-1st |  | 0 | 2 | 0.403 | 0.597 |
| 11:07-1st |  | 0 | 2 | 0.381 | 0.619 |
| 10:50-1st |  | 0 | 2 | 0.398 | 0.602 |
| 10:48-1st |  | 0 | 2 | 0.404 | 0.596 |
| 10:45-1st |  | 3 | 2 | 0.454 | 0.546 |
| 10:25-1st |  | 3 | 2 | 0.477 | 0.523 |
| 10:22-1st |  | 3 | 2 | 0.485 | 0.515 |
| 10:12-1st |  | 5 | 2 | 0.506 | 0.494 |
| 9:53-1st |  | 5 | 5 | 0.453 | 0.547 |
| 9:39-1st |  | 7 | 5 | 0.482 | 0.518 |
| 9:32-1st |  | 7 | 5 | 0.507 | 0.493 |
| 9:12-1st |  | 7 | 5 | 0.489 | 0.511 |
| 9:08-1st |  | 7 | 5 | 0.508 | 0.492 |
| 9:04-1st |  | 7 | 5 | 0.489 | 0.511 |
| 8:59-1st |  | 7 | 5 | 0.483 | 0.517 |
| 8:55-1st |  | 7 | 5 | 0.508 | 0.492 |
| 8:47-1st |  | 9 | 5 | 0.534 | 0.466 |
| 8:28-1st |  | 9 | 5 | 0.556 | 0.444 |
| 8:25-1st |  | 9 | 5 | 0.563 | 0.437 |
| 8:11-1st |  | 12 | 5 | 0.616 | 0.384 |
| 7:57-1st |  | 12 | 5 | 0.633 | 0.367 |
| 7:53-1st |  | 12 | 5 | 0.639 | 0.361 |
| 7:46-1st |  | 14 | 5 | 0.665 | 0.335 |
| 7:32-1st |  | 14 | 7 | 0.64 | 0.36 |
| 7:19-1st |  | 14 | 7 | 0.624 | 0.376 |
| 7:17-1st |  | 14 | 7 | 0.641 | 0.359 |
| 7:14-1st |  | 14 | 7 | 0.619 | 0.381 |
| 6:57-1st |  | 14 | 7 | 0.637 | 0.363 |
| 6:55-1st |  | 14 | 7 | 0.637 | 0.363 |
| 6:54-1st |  | 14 | 7 | 0.62 | 0.38 |
| 6:51-1st |  | 14 | 7 | 0.637 | 0.363 |
| 6:48-1st |  | 14 | 7 | 0.643 | 0.357 |
| 6:46-1st |  | 14 | 7 | 0.626 | 0.374 |
| 6:44-1st |  | 14 | 7 | 0.621 | 0.379 |
| 6:41-1st |  | 14 | 10 | 0.567 | 0.433 |
| 6:20-1st |  | 16 | 10 | 0.594 | 0.406 |
| 6:06-1st |  | 16 | 12 | 0.568 | 0.432 |
| 5:50-1st |  | 18 | 12 | 0.596 | 0.404 |
| 5:41-1st |  | 18 | 12 | 0.618 | 0.382 |
| 5:38-1st |  | 18 | 12 | 0.626 | 0.374 |
| 5:33-1st |  | 18 | 12 | 0.604 | 0.396 |
| 5:30-1st |  | 18 | 12 | 0.597 | 0.403 |
| 5:26-1st |  | 18 | 12 | 0.619 | 0.381 |
| 5:23-1st |  | 18 | 12 | 0.627 | 0.373 |
| 5:21-1st |  | 18 | 12 | 0.597 | 0.403 |
| 5:08-1st |  | 18 | 12 | 0.62 | 0.38 |
| 5:06-1st |  | 18 | 12 | 0.627 | 0.373 |
| 4:52-1st |  | 18 | 12 | 0.605 | 0.395 |
| 4:49-1st |  | 18 | 12 | 0.598 | 0.402 |
| 4:46-1st |  | 18 | 12 | 0.62 | 0.38 |
| 4:42-1st |  | 18 | 12 | 0.628 | 0.372 |
| 4:32-1st |  | 18 | 12 | 0.606 | 0.394 |
| 4:29-1st |  | 18 | 12 | 0.599 | 0.401 |
| 4:21-1st |  | 18 | 14 | 0.573 | 0.427 |
| 4:10-1st |  | 18 | 14 | 0.552 | 0.448 |
| 4:07-1st |  | 18 | 14 | 0.545 | 0.455 |
| 4:05-1st |  | 18 | 14 | 0.545 | 0.455 |
| 4:01-1st |  | 18 | 14 | 0.567 | 0.433 |
| 4:00-1st |  | 18 | 14 | 0.574 | 0.426 |
| 3:55-1st |  | 20 | 14 | 0.601 | 0.399 |
| 3:40-1st |  | 20 | 14 | 0.631 | 0.369 |
| 3:28-1st |  | 20 | 14 | 0.602 | 0.398 |
| 3:24-1st |  | 20 | 14 | 0.625 | 0.375 |
| 3:20-1st |  | 20 | 14 | 0.625 | 0.375 |
| 3:19-1st |  | 20 | 14 | 0.632 | 0.368 |
| 3:16-1st |  | 22 | 14 | 0.656 | 0.344 |
| 3:03-1st |  | 22 | 17 | 0.607 | 0.393 |
| 2:46-1st |  | 22 | 17 | 0.585 | 0.415 |
| 2:43-1st |  | 22 | 17 | 0.577 | 0.423 |
| 2:35-1st |  | 22 | 19 | 0.551 | 0.449 |
| 2:28-1st |  | 22 | 19 | 0.551 | 0.449 |
| 2:13-1st |  | 22 | 19 | 0.53 | 0.47 |
| 2:09-1st |  | 22 | 19 | 0.523 | 0.477 |
| 2:01-1st |  | 22 | 19 | 0.545 | 0.455 |
| 1:54-1st |  | 22 | 19 | 0.552 | 0.448 |
| 1:49-1st |  | 22 | 19 | 0.531 | 0.469 |
| 1:45-1st |  | 22 | 19 | 0.524 | 0.476 |
| 1:31-1st |  | 22 | 19 | 0.546 | 0.454 |
| 1:27-1st |  | 22 | 19 | 0.553 | 0.447 |
| 1:17-1st |  | 22 | 19 | 0.532 | 0.468 |
| 1:13-1st |  | 22 | 19 | 0.525 | 0.475 |
| 1:01-1st |  | 22 | 21 | 0.497 | 0.503 |
| 40.0-1st |  | 22 | 21 | 0.477 | 0.523 |
| 37.0-1st |  | 22 | 21 | 0.47 | 0.53 |
| 29.1-1st |  | 22 | 21 | 0.491 | 0.509 |
| 28.1-1st |  | 22 | 21 | 0.497 | 0.503 |
| 4.0-1st |  | 22 | 21 | 0.469 | 0.531 |
| 0.0-1st |  | 22 | 21 | 0.486 | 0.514 |
| 12:00-2nd |  | 22 | 21 | 0.486 | 0.514 |
| 11:47-2nd |  | 24 | 21 | 0.529 | 0.471 |
| 11:45-2nd |  | 24 | 21 | 0.56 | 0.44 |
| 11:43-2nd |  | 24 | 21 | 0.536 | 0.464 |
| 11:42-2nd |  | 24 | 21 | 0.557 | 0.443 |
| 11:37-2nd |  | 24 | 21 | 0.556 | 0.444 |
| 11:26-2nd |  | 22 | 21 | 0.477 | 0.523 |
| 11:25-2nd |  | 22 | 21 | 0.503 | 0.497 |
| 11:23-2nd |  | 22 | 21 | 0.469 | 0.531 |
| 11:18-2nd | TARGET | 24 | 21 | 0.561 | 0.439 |
| 11:01-2nd |  | 26 | 21 | 0.589 | 0.411 |
| 10:41-2nd |  | 26 | 21 | 0.619 | 0.381 |
| 10:34-2nd |  | 26 | 21 | 0.588 | 0.412 |
| 10:27-2nd |  | 26 | 21 | 0.613 | 0.387 |
| 10:25-2nd |  | 26 | 21 | 0.62 | 0.38 |
| 10:14-2nd |  | 26 | 21 | 0.599 | 0.401 |
| 10:12-2nd |  | 26 | 21 | 0.592 | 0.408 |
| 10:07-2nd |  | 26 | 21 | 0.614 | 0.386 |
| 10:04-2nd |  | 26 | 21 | 0.621 | 0.379 |
| 9:56-2nd |  | 29 | 21 | 0.678 | 0.322 |
| 9:41-2nd |  | 29 | 21 | 0.7 | 0.3 |
| 9:39-2nd |  | 29 | 21 | 0.707 | 0.293 |
| 9:34-2nd |  | 32 | 21 | 0.756 | 0.244 |
| 9:21-2nd |  | 32 | 21 | 0.772 | 0.228 |
| 9:18-2nd |  | 32 | 21 | 0.778 | 0.222 |
| 9:07-2nd |  | 34 | 21 | 0.803 | 0.197 |
| 8:54-2nd |  | 34 | 21 | 0.804 | 0.196 |
| 8:42-2nd |  | 34 | 21 | 0.822 | 0.178 |
| 8:39-2nd |  | 34 | 21 | 0.828 | 0.172 |
| 8:31-2nd |  | 34 | 21 | 0.811 | 0.189 |
| 8:30-2nd |  | 34 | 21 | 0.823 | 0.177 |
| 8:17-2nd |  | 34 | 21 | 0.812 | 0.188 |
| 8:13-2nd |  | 34 | 21 | 0.807 | 0.193 |
| 8:05-2nd |  | 34 | 21 | 0.823 | 0.177 |
| 8:01-2nd |  | 36 | 21 | 0.848 | 0.152 |
| 7:47-2nd |  | 36 | 24 | 0.808 | 0.192 |
| 7:28-2nd |  | 36 | 24 | 0.788 | 0.212 |
| 7:09-2nd |  | 36 | 24 | 0.806 | 0.194 |
| 7:07-2nd |  | 36 | 24 | 0.812 | 0.188 |
| 6:56-2nd |  | 36 | 24 | 0.792 | 0.208 |
| 6:50-2nd |  | 36 | 24 | 0.814 | 0.186 |
| 6:33-2nd |  | 38 | 24 | 0.837 | 0.163 |
| 6:16-2nd |  | 38 | 26 | 0.817 | 0.183 |
| 5:58-2nd |  | 38 | 26 | 0.802 | 0.198 |
| 5:55-2nd |  | 38 | 26 | 0.796 | 0.204 |
| 5:45-2nd |  | 38 | 28 | 0.776 | 0.224 |
| 5:43-2nd |  | 38 | 28 | 0.776 | 0.224 |
| 5:26-2nd |  | 38 | 28 | 0.757 | 0.243 |
| 5:24-2nd |  | 38 | 28 | 0.751 | 0.249 |
| 5:12-2nd |  | 38 | 31 | 0.698 | 0.302 |
| 4:54-2nd |  | 41 | 31 | 0.753 | 0.247 |
| 4:38-2nd |  | 41 | 31 | 0.781 | 0.219 |
| 4:31-2nd |  | 43 | 31 | 0.804 | 0.196 |
| 4:25-2nd |  | 43 | 32 | 0.807 | 0.193 |
| 4:22-2nd |  | 43 | 32 | 0.807 | 0.193 |
| 4:12-2nd |  | 46 | 32 | 0.848 | 0.152 |
| 3:50-2nd |  | 46 | 35 | 0.81 | 0.19 |
| 3:34-2nd |  | 46 | 35 | 0.812 | 0.188 |
| 3:27-2nd |  | 48 | 35 | 0.831 | 0.169 |
| 3:14-2nd |  | 48 | 35 | 0.849 | 0.151 |
| 3:10-2nd |  | 50 | 35 | 0.873 | 0.127 |
| 3:07-2nd |  | 50 | 35 | 0.873 | 0.127 |
| 2:47-2nd |  | 50 | 37 | 0.857 | 0.143 |
| 2:44-2nd |  | 50 | 37 | 0.858 | 0.142 |
| 2:25-2nd |  | 50 | 37 | 0.843 | 0.157 |
| 2:22-2nd |  | 50 | 37 | 0.837 | 0.163 |
| 2:14-2nd |  | 50 | 39 | 0.819 | 0.181 |
| 1:59-2nd |  | 50 | 39 | 0.793 | 0.207 |
| 1:53-2nd |  | 50 | 39 | 0.815 | 0.185 |
| 1:49-2nd |  | 50 | 39 | 0.822 | 0.178 |
| 1:45-2nd |  | 52 | 39 | 0.841 | 0.159 |
| 1:30-2nd |  | 52 | 40 | 0.846 | 0.154 |
| 1:27-2nd |  | 52 | 40 | 0.846 | 0.154 |
| 1:15-2nd |  | 53 | 40 | 0.844 | 0.156 |
| 1:02-2nd |  | 53 | 42 | 0.827 | 0.173 |
| 55.0-2nd |  | 54 | 42 | 0.827 | 0.173 |
| 52.1-2nd |  | 54 | 42 | 0.827 | 0.173 |
| 41.1-2nd |  | 54 | 45 | 0.776 | 0.224 |
| 32.1-2nd |  | 56 | 45 | 0.801 | 0.199 |
| 25.0-2nd |  | 56 | 45 | 0.823 | 0.177 |
| 22.1-2nd |  | 56 | 45 | 0.83 | 0.17 |
| 2.1-2nd |  | 58 | 45 | 0.852 | 0.148 |
| 1.0-2nd |  | 58 | 45 | 0.872 | 0.128 |
| 0.0-2nd |  | 60 | 45 | 0.895 | 0.105 |
| 12:00-3rd |  | 60 | 45 | 0.895 | 0.105 |
| 11:46-3rd |  | 62 | 45 | 0.922 | 0.078 |
| 11:45-3rd |  | 62 | 45 | 0.922 | 0.078 |
| 11:23-3rd |  | 62 | 47 | 0.91 | 0.09 |
| 11:04-3rd |  | 64 | 47 | 0.926 | 0.074 |
| 10:44-3rd |  | 64 | 47 | 0.937 | 0.063 |
| 10:41-3rd |  | 64 | 47 | 0.94 | 0.06 |
| 10:35-3rd |  | 64 | 47 | 0.931 | 0.069 |
| 10:33-3rd |  | 64 | 47 | 0.929 | 0.071 |
| 10:28-3rd |  | 64 | 47 | 0.938 | 0.062 |
| 10:27-3rd |  | 64 | 47 | 0.941 | 0.059 |
| 10:24-3rd |  | 64 | 47 | 0.93 | 0.07 |
| 10:15-3rd |  | 64 | 47 | 0.939 | 0.061 |
| 10:11-3rd |  | 64 | 47 | 0.942 | 0.058 |
| 9:55-3rd |  | 66 | 47 | 0.953 | 0.047 |
| 9:44-3rd |  | 66 | 47 | 0.954 | 0.046 |
| 9:43-3rd |  | 66 | 47 | 0.962 | 0.038 |
| 9:38-3rd |  | 66 | 50 | 0.934 | 0.066 |
| 9:17-3rd |  | 69 | 50 | 0.956 | 0.044 |
| 9:02-3rd |  | 69 | 50 | 0.963 | 0.037 |
| 8:59-3rd |  | 69 | 50 | 0.965 | 0.035 |
| 8:58-3rd |  | 71 | 50 | 0.972 | 0.028 |
| 8:40-3rd |  | 71 | 50 | 0.979 | 0.021 |
| 8:38-3rd |  | 74 | 50 | 0.987 | 0.013 |
| 8:15-3rd |  | 74 | 53 | 0.98 | 0.02 |
| 8:08-3rd |  | 74 | 53 | 0.976 | 0.024 |
| 8:04-3rd |  | 74 | 53 | 0.975 | 0.025 |
| 8:02-3rd |  | 74 | 54 | 0.975 | 0.025 |
| 7:59-3rd |  | 74 | 54 | 0.975 | 0.025 |
| 7:45-3rd |  | 74 | 54 | 0.971 | 0.029 |
| 7:42-3rd |  | 74 | 54 | 0.969 | 0.031 |
| 7:41-3rd |  | 74 | 54 | 0.976 | 0.024 |
| 7:36-3rd |  | 76 | 54 | 0.981 | 0.019 |
| 7:22-3rd |  | 76 | 56 | 0.977 | 0.023 |
| 7:16-3rd |  | 76 | 56 | 0.971 | 0.029 |
| 7:07-3rd |  | 76 | 56 | 0.976 | 0.024 |
| 7:04-3rd |  | 76 | 58 | 0.965 | 0.035 |
| 6:47-3rd |  | 76 | 58 | 0.959 | 0.041 |
| 6:44-3rd |  | 76 | 58 | 0.957 | 0.043 |
| 6:39-3rd |  | 76 | 58 | 0.957 | 0.043 |
| 6:24-3rd |  | 76 | 58 | 0.943 | 0.057 |
| 6:18-3rd |  | 76 | 58 | 0.966 | 0.034 |
| 6:15-3rd |  | 76 | 58 | 0.968 | 0.032 |
| 6:06-3rd |  | 78 | 58 | 0.974 | 0.026 |
| 5:53-3rd |  | 78 | 60 | 0.969 | 0.031 |
| 5:34-3rd |  | 78 | 60 | 0.963 | 0.037 |
| 5:31-3rd |  | 78 | 62 | 0.953 | 0.047 |
| 5:14-3rd |  | 78 | 62 | 0.947 | 0.053 |
| 5:10-3rd |  | 78 | 62 | 0.945 | 0.055 |
| 5:03-3rd |  | 78 | 64 | 0.933 | 0.067 |
| 4:44-3rd |  | 80 | 64 | 0.947 | 0.053 |
| 4:32-3rd |  | 80 | 66 | 0.936 | 0.064 |
| 4:16-3rd |  | 83 | 66 | 0.96 | 0.04 |
| 4:06-3rd |  | 83 | 68 | 0.95 | 0.05 |
| 3:48-3rd |  | 83 | 68 | 0.943 | 0.057 |
| 3:44-3rd |  | 83 | 68 | 0.952 | 0.048 |
| 3:41-3rd |  | 85 | 68 | 0.963 | 0.037 |
| 3:34-3rd |  | 85 | 70 | 0.953 | 0.047 |
| 3:18-3rd |  | 87 | 70 | 0.963 | 0.037 |
| 3:11-3rd |  | 87 | 70 | 0.964 | 0.036 |
| 3:04-3rd |  | 87 | 70 | 0.973 | 0.027 |
| 2:47-3rd |  | 87 | 70 | 0.966 | 0.034 |
| 2:44-3rd |  | 87 | 72 | 0.957 | 0.043 |
| 2:26-3rd |  | 87 | 72 | 0.951 | 0.049 |
| 2:23-3rd |  | 87 | 72 | 0.948 | 0.052 |
| 2:14-3rd |  | 87 | 73 | 0.951 | 0.049 |
| 1:59-3rd |  | 87 | 73 | 0.938 | 0.062 |
| 1:47-3rd |  | 87 | 73 | 0.95 | 0.05 |
| 1:44-3rd |  | 87 | 73 | 0.954 | 0.046 |
| 1:39-3rd |  | 89 | 73 | 0.963 | 0.037 |
| 1:33-3rd |  | 89 | 73 | 0.974 | 0.026 |
| 1:22-3rd |  | 89 | 73 | 0.972 | 0.028 |
| 1:20-3rd |  | 89 | 73 | 0.975 | 0.025 |
| 1:11-3rd |  | 91 | 73 | 0.981 | 0.019 |
| 1:02-3rd |  | 91 | 73 | 0.985 | 0.015 |
| 1:00-3rd |  | 91 | 73 | 0.986 | 0.014 |
| 54.1-3rd |  | 91 | 73 | 0.983 | 0.017 |
| 51.1-3rd |  | 91 | 73 | 0.982 | 0.018 |
| 49.1-3rd |  | 91 | 75 | 0.978 | 0.022 |
| 29.1-3rd |  | 91 | 75 | 0.972 | 0.028 |
| 27.1-3rd |  | 91 | 75 | 0.97 | 0.03 |
| 25.1-3rd |  | 91 | 76 | 0.969 | 0.031 |
| 6.0-3rd |  | 94 | 76 | 0.985 | 0.015 |
| 2.1-3rd |  | 94 | 76 | 0.99 | 0.01 |
| 0.0-3rd |  | 94 | 76 | 0.987 | 0.013 |
| 12:00-4th |  | 94 | 76 | 0.987 | 0.013 |
| 11:44-4th |  | 94 | 78 | 0.981 | 0.019 |
| 11:25-4th |  | 94 | 78 | 0.978 | 0.022 |
| 11:22-4th |  | 94 | 78 | 0.977 | 0.023 |
| 11:12-4th |  | 94 | 81 | 0.958 | 0.042 |
| 10:56-4th |  | 94 | 81 | 0.945 | 0.055 |
| 10:53-4th |  | 94 | 82 | 0.944 | 0.056 |
| 10:44-4th |  | 95 | 82 | 0.946 | 0.054 |
| 10:40-4th |  | 95 | 82 | 0.946 | 0.054 |
| 10:34-4th |  | 95 | 82 | 0.957 | 0.043 |
| 10:30-4th |  | 95 | 82 | 0.961 | 0.039 |
| 10:20-4th |  | 95 | 82 | 0.952 | 0.048 |
| 10:17-4th |  | 95 | 82 | 0.949 | 0.051 |
| 10:06-4th |  | 95 | 84 | 0.937 | 0.063 |
| 9:53-4th |  | 95 | 84 | 0.924 | 0.076 |
| 9:50-4th |  | 95 | 84 | 0.92 | 0.08 |
| 9:43-4th |  | 95 | 84 | 0.94 | 0.06 |
| 9:17-4th |  | 95 | 84 | 0.93 | 0.07 |
| 9:14-4th |  | 95 | 84 | 0.926 | 0.074 |
| 9:08-4th |  | 95 | 86 | 0.901 | 0.099 |
| 8:55-4th |  | 97 | 86 | 0.927 | 0.073 |
| 8:29-4th |  | 97 | 88 | 0.91 | 0.09 |
| 8:27-4th |  | 97 | 88 | 0.903 | 0.097 |
| 8:08-4th |  | 99 | 88 | 0.934 | 0.066 |
| 7:55-4th |  | 99 | 88 | 0.949 | 0.051 |
| 7:53-4th |  | 99 | 88 | 0.954 | 0.046 |
| 7:48-4th |  | 101 | 88 | 0.966 | 0.034 |
| 7:35-4th |  | 101 | 88 | 0.975 | 0.025 |
| 7:32-4th |  | 101 | 88 | 0.968 | 0.032 |
| 7:31-4th |  | 101 | 88 | 0.978 | 0.022 |
| 7:29-4th |  | 101 | 88 | 0.969 | 0.031 |
| 7:14-4th |  | 101 | 91 | 0.945 | 0.055 |
| 6:49-4th |  | 101 | 91 | 0.934 | 0.066 |
| 6:46-4th |  | 101 | 91 | 0.929 | 0.071 |
| 6:41-4th |  | 101 | 91 | 0.945 | 0.055 |
| 6:38-4th |  | 101 | 91 | 0.951 | 0.049 |
| 6:27-4th |  | 104 | 91 | 0.975 | 0.025 |
| 6:09-4th |  | 104 | 91 | 0.985 | 0.015 |
| 5:55-4th |  | 104 | 91 | 0.981 | 0.019 |
| 5:51-4th |  | 104 | 91 | 0.98 | 0.02 |
| 5:41-4th |  | 104 | 91 | 0.986 | 0.014 |
| 5:38-4th |  | 104 | 91 | 0.987 | 0.013 |
| 5:33-4th |  | 104 | 91 | 0.988 | 0.012 |
| 5:24-4th |  | 106 | 91 | 0.992 | 0.008 |
| 5:05-4th |  | 106 | 92 | 0.993 | 0.007 |
| 5:02-4th |  | 106 | 92 | 0.993 | 0.007 |
| 4:43-4th |  | 106 | 92 | 0.992 | 0.008 |
| 4:42-4th |  | 106 | 92 | 0.991 | 0.009 |
| 4:33-4th |  | 106 | 94 | 0.986 | 0.014 |
| 4:11-4th |  | 106 | 94 | 0.984 | 0.016 |
| 4:08-4th |  | 106 | 94 | 0.983 | 0.017 |
| 4:02-4th |  | 106 | 96 | 0.975 | 0.025 |
| 3:43-4th |  | 107 | 96 | 0.977 | 0.023 |
| 3:32-4th |  | 107 | 96 | 0.986 | 0.014 |
| 3:27-4th |  | 107 | 96 | 0.988 | 0.012 |
| 3:21-4th |  | 107 | 96 | 0.989 | 0.011 |
| 3:14-4th |  | 107 | 96 | 0.984 | 0.016 |
| 3:13-4th |  | 107 | 96 | 0.99 | 0.01 |
| 3:03-4th |  | 107 | 96 | 0.985 | 0.015 |
| 3:00-4th |  | 107 | 96 | 0.984 | 0.016 |
| 2:56-4th |  | 107 | 98 | 0.975 | 0.025 |
| 2:40-4th |  | 110 | 98 | 0.993 | 0.007 |
| 2:28-4th |  | 110 | 98 | 0.996 | 0.004 |
| 2:26-4th |  | 110 | 98 | 0.994 | 0.006 |
| 2:23-4th |  | 110 | 100 | 0.989 | 0.011 |
| 2:01-4th |  | 112 | 100 | 0.997 | 0.003 |
| 1:50-4th |  | 112 | 103 | 0.987 | 0.013 |
| 1:31-4th |  | 112 | 103 | 0.982 | 0.018 |
| 1:27-4th |  | 112 | 103 | 0.981 | 0.019 |
| 1:20-4th |  | 112 | 106 | 0.946 | 0.054 |
| 54.1-4th |  | 112 | 106 | 0.933 | 0.067 |
| 53.0-4th |  | 114 | 106 | 0.977 | 0.023 |
| 42.0-4th |  | 114 | 108 | 0.966 | 0.034 |
| 31.1-4th |  | 114 | 108 | 0.993 | 0.007 |
| 28.1-4th |  | 116 | 108 | 0.989 | 0.011 |
| 26.1-4th |  | 116 | 110 | 0.981 | 0.019 |
| 24.1-4th |  | 117 | 110 | 0.981 | 0.019 |
| 20.2-4th |  | 117 | 113 | 0.936 | 0.064 |
| 16.1-4th |  | 119 | 113 | 0.974 | 0.026 |
| 11.1-4th |  | 119 | 113 | 0.995 | 0.005 |
| 5.2-4th |  | 121 | 113 | 0.999 | 0.001 |
| 0.1-4th |  | 121 | 115 | 0.999 | 0.001 |
| 0.0-4th |  | 121 | 115 | 1.0 | 0.0 |

Question

Which event most likely happened at the marked missing position?

Answer Choices

A. Player 15 (Team A) makes two point shot (Player 14 (Team B) assists)
B. Player 11 (Team B) steps out of bounds turnover
C. Player 14 (Team A) makes two point shot (Player 21 (Team A) assists)
D. Player 21 (Team A) makes 1-foot driving dunk (Player 4 (Team B) assists)

Response Format

Return exactly one JSON object:

{
  "answer": "<A|B|C|D>",
  "rationale": "<brief evidence-based justification in 1-3 sentences>",
  "evidence_event_ids": [],
  "evidence_series_times": []
}

Use only event IDs and time labels that are provided above and that support the answer. Use an empty array when the corresponding evidence type is unavailable or unused. Return only the JSON object.
