Task

Reconstruct the missing event in this basketball game. Use the available numerical time-series evidence around the marked row to select the most likely event.

Game

Team A versus Team B, season 22-23.

Time Series

| Game time | Marker | Team A score | Team B score | Team A win probability | Team B win probability |
| --- | --- | --- | --- | --- | --- |
| 12:00-1st |  | 0 | 0 | 0.222 | 0.778 |
| 11:45-1st |  | 0 | 0 | 0.234 | 0.766 |
| 11:43-1st |  | 0 | 0 | 0.237 | 0.763 |
| 11:22-1st |  | 0 | 0 | 0.228 | 0.772 |
| 11:21-1st |  | 0 | 0 | 0.225 | 0.775 |
| 11:11-1st |  | 0 | 0 | 0.236 | 0.764 |
| 11:08-1st |  | 0 | 0 | 0.226 | 0.774 |
| 11:06-1st |  | 0 | 2 | 0.206 | 0.794 |
| 10:54-1st |  | 2 | 2 | 0.227 | 0.773 |
| 10:37-1st |  | 2 | 4 | 0.208 | 0.792 |
| 10:20-1st |  | 4 | 4 | 0.229 | 0.771 |
| 10:13-1st |  | 4 | 4 | 0.245 | 0.755 |
| 9:59-1st |  | 6 | 4 | 0.268 | 0.732 |
| 9:46-1st |  | 6 | 4 | 0.284 | 0.716 |
| 9:44-1st |  | 6 | 4 | 0.269 | 0.731 |
| 9:42-1st |  | 6 | 7 | 0.231 | 0.769 |
| 9:29-1st |  | 6 | 8 | 0.213 | 0.787 |
| 9:15-1st |  | 6 | 11 | 0.167 | 0.833 |
| 9:00-1st |  | 9 | 11 | 0.199 | 0.801 |
| 8:52-1st |  | 9 | 11 | 0.212 | 0.788 |
| 8:49-1st |  | 9 | 11 | 0.216 | 0.784 |
| 8:40-1st |  | 12 | 11 | 0.253 | 0.747 |
| 8:25-1st |  | 12 | 14 | 0.218 | 0.782 |
| 8:12-1st |  | 14 | 14 | 0.239 | 0.761 |
| 8:04-1st |  | 14 | 17 | 0.202 | 0.798 |
| 7:42-1st |  | 17 | 17 | 0.241 | 0.759 |
| 7:28-1st |  | 17 | 17 | 0.242 | 0.758 |
| 7:19-1st |  | 17 | 20 | 0.205 | 0.795 |
| 7:01-1st |  | 20 | 20 | 0.244 | 0.756 |
| 6:51-1st |  | 20 | 20 | 0.257 | 0.743 |
| 6:47-1st |  | 20 | 20 | 0.262 | 0.738 |
| 6:40-1st |  | 22 | 20 | 0.284 | 0.716 |
| 6:25-1st |  | 22 | 22 | 0.264 | 0.736 |
| 6:15-1st |  | 24 | 22 | 0.286 | 0.714 |
| 6:05-1st |  | 24 | 24 | 0.265 | 0.735 |
| 5:56-1st |  | 25 | 24 | 0.266 | 0.734 |
| 5:54-1st |  | 25 | 24 | 0.267 | 0.733 |
| 5:38-1st |  | 25 | 24 | 0.293 | 0.707 |
| 5:36-1st |  | 25 | 24 | 0.268 | 0.732 |
| 5:23-1st |  | 25 | 26 | 0.25 | 0.75 |
| 5:04-1st |  | 25 | 26 | 0.23 | 0.77 |
| 4:51-1st |  | 25 | 26 | 0.247 | 0.753 |
| 4:48-1st |  | 25 | 26 | 0.253 | 0.747 |
| 4:38-1st |  | 25 | 26 | 0.232 | 0.768 |
| 4:26-1st |  | 25 | 26 | 0.255 | 0.745 |
| 4:12-1st |  | 27 | 26 | 0.275 | 0.725 |
| 4:04-1st |  | 27 | 26 | 0.301 | 0.699 |
| 3:56-1st |  | 27 | 26 | 0.283 | 0.717 |
| 3:53-1st |  | 27 | 26 | 0.277 | 0.723 |
| 3:50-1st |  | 27 | 26 | 0.302 | 0.698 |
| 3:30-1st |  | 30 | 26 | 0.351 | 0.649 |
| 3:06-1st |  | 30 | 26 | 0.374 | 0.626 |
| 3:03-1st |  | 30 | 26 | 0.374 | 0.626 |
| 3:01-1st |  | 30 | 26 | 0.354 | 0.646 |
| 2:58-1st |  | 30 | 28 | 0.329 | 0.671 |
| 2:42-1st |  | 30 | 28 | 0.306 | 0.694 |
| 2:38-1st |  | 30 | 30 | 0.285 | 0.715 |
| 2:17-1st |  | 30 | 30 | 0.265 | 0.735 |
| 2:07-1st |  | 30 | 32 | 0.245 | 0.755 |
| 1:51-1st |  | 32 | 32 | 0.267 | 0.733 |
| 1:37-1st |  | 32 | 32 | 0.285 | 0.715 |
| 1:35-1st |  | 32 | 32 | 0.291 | 0.709 |
| 1:32-1st |  | 32 | 32 | 0.274 | 0.726 |
| 1:27-1st |  | 32 | 32 | 0.291 | 0.709 |
| 1:19-1st |  | 32 | 32 | 0.275 | 0.725 |
| 1:15-1st |  | 32 | 32 | 0.27 | 0.73 |
| 1:07-1st |  | 32 | 32 | 0.293 | 0.707 |
| 1:04-1st |  | 34 | 32 | 0.317 | 0.683 |
| 40.1-1st |  | 34 | 35 | 0.273 | 0.727 |
| 31.1-1st |  | 34 | 35 | 0.273 | 0.727 |
| 28.1-1st |  | 34 | 35 | 0.257 | 0.743 |
| 25.0-1st |  | 34 | 35 | 0.251 | 0.749 |
| 5.1-1st |  | 34 | 35 | 0.269 | 0.731 |
| 2.1-1st |  | 34 | 35 | 0.275 | 0.725 |
| 0.0-1st |  | 34 | 35 | 0.264 | 0.736 |
| 12:00-2nd |  | 34 | 35 | 0.264 | 0.736 |
| 11:45-2nd |  | 34 | 35 | 0.252 | 0.748 |
| 11:37-2nd |  | 37 | 35 | 0.327 | 0.673 |
| 11:19-2nd |  | 37 | 37 | 0.303 | 0.697 |
| 11:12-2nd |  | 37 | 37 | 0.285 | 0.715 |
| 11:08-2nd |  | 37 | 37 | 0.304 | 0.696 |
| 11:00-2nd |  | 37 | 37 | 0.286 | 0.714 |
| 10:57-2nd |  | 37 | 37 | 0.28 | 0.72 |
| 10:47-2nd |  | 37 | 37 | 0.3 | 0.7 |
| 10:45-2nd |  | 37 | 37 | 0.306 | 0.694 |
| 10:42-2nd |  | 37 | 37 | 0.288 | 0.712 |
| 10:39-2nd |  | 37 | 37 | 0.281 | 0.719 |
| 10:32-2nd |  | 37 | 37 | 0.301 | 0.699 |
| 10:29-2nd |  | 37 | 37 | 0.308 | 0.692 |
| 10:20-2nd |  | 40 | 37 | 0.359 | 0.641 |
| 10:19-2nd |  | 40 | 37 | 0.359 | 0.641 |
| 10:02-2nd |  | 40 | 37 | 0.385 | 0.615 |
| 9:56-2nd |  | 40 | 39 | 0.339 | 0.661 |
| 9:42-2nd |  | 40 | 39 | 0.317 | 0.683 |
| 9:39-2nd |  | 40 | 39 | 0.31 | 0.69 |
| 9:30-2nd |  | 40 | 39 | 0.313 | 0.687 |
| 9:17-2nd |  | 40 | 41 | 0.289 | 0.711 |
| 9:04-2nd |  | 40 | 41 | 0.271 | 0.729 |
| 9:02-2nd |  | 40 | 41 | 0.265 | 0.735 |
| 8:49-2nd |  | 40 | 41 | 0.285 | 0.715 |
| 8:46-2nd |  | 40 | 41 | 0.292 | 0.708 |
| 8:41-2nd |  | 40 | 41 | 0.292 | 0.708 |
| 8:31-2nd |  | 40 | 41 | 0.274 | 0.726 |
| 8:29-2nd |  | 40 | 41 | 0.268 | 0.732 |
| 8:23-2nd |  | 40 | 41 | 0.294 | 0.706 |
| 8:19-2nd |  | 42 | 41 | 0.319 | 0.681 |
| 7:58-2nd |  | 42 | 44 | 0.27 | 0.73 |
| 7:37-2nd |  | 42 | 44 | 0.254 | 0.746 |
| 7:35-2nd |  | 42 | 44 | 0.249 | 0.751 |
| 7:26-2nd |  | 42 | 47 | 0.205 | 0.795 |
| 7:25-2nd |  | 42 | 47 | 0.205 | 0.795 |
| 7:05-2nd |  | 44 | 47 | 0.227 | 0.773 |
| 6:49-2nd |  | 44 | 47 | 0.246 | 0.754 |
| 6:47-2nd |  | 44 | 47 | 0.253 | 0.747 |
| 6:45-2nd |  | 45 | 47 | 0.252 | 0.748 |
| 6:42-2nd |  | 45 | 47 | 0.252 | 0.748 |
| 6:26-2nd |  | 45 | 49 | 0.23 | 0.77 |
| 6:14-2nd |  | 47 | 49 | 0.253 | 0.747 |
| 6:03-2nd |  | 47 | 49 | 0.273 | 0.727 |
| 6:01-2nd |  | 47 | 49 | 0.279 | 0.721 |
| 5:57-2nd |  | 47 | 49 | 0.254 | 0.746 |
| 5:43-2nd |  | 47 | 51 | 0.232 | 0.768 |
| 5:27-2nd |  | 47 | 51 | 0.215 | 0.785 |
| 5:24-2nd |  | 47 | 51 | 0.209 | 0.791 |
| 5:16-2nd |  | 47 | 53 | 0.19 | 0.81 |
| 4:59-2nd |  | 49 | 53 | 0.21 | 0.79 |
| 4:47-2nd |  | 49 | 53 | 0.229 | 0.771 |
| 4:44-2nd |  | 49 | 55 | 0.191 | 0.809 |
| 4:33-2nd |  | 49 | 55 | 0.177 | 0.823 |
| 4:31-2nd |  | 49 | 55 | 0.173 | 0.827 |
| 4:28-2nd |  | 49 | 57 | 0.153 | 0.847 |
| 4:14-2nd |  | 51 | 57 | 0.173 | 0.827 |
| 3:59-2nd |  | 51 | 57 | 0.188 | 0.812 |
| 3:55-2nd |  | 51 | 57 | 0.193 | 0.807 |
| 3:50-2nd |  | 51 | 57 | 0.178 | 0.822 |
| 3:47-2nd |  | 51 | 57 | 0.193 | 0.807 |
| 3:43-2nd |  | 53 | 57 | 0.214 | 0.786 |
| 3:22-2nd |  | 53 | 60 | 0.173 | 0.827 |
| 3:03-2nd |  | 56 | 60 | 0.216 | 0.784 |
| 2:53-2nd |  | 56 | 63 | 0.174 | 0.826 |
| 2:32-2nd |  | 56 | 63 | 0.159 | 0.841 |
| 2:28-2nd |  | 56 | 63 | 0.154 | 0.846 |
| 2:23-2nd |  | 56 | 63 | 0.169 | 0.831 |
| 2:20-2nd |  | 56 | 65 | 0.138 | 0.862 |
| 2:13-2nd |  | 59 | 65 | 0.174 | 0.826 |
| 1:55-2nd |  | 59 | 67 | 0.156 | 0.844 |
| 1:39-2nd |  | 61 | 67 | 0.175 | 0.825 |
| 1:28-2nd |  | 61 | 67 | 0.192 | 0.808 |
| 1:25-2nd |  | 61 | 67 | 0.197 | 0.803 |
| 1:15-2nd |  | 61 | 67 | 0.181 | 0.819 |
| 1:13-2nd |  | 61 | 67 | 0.176 | 0.824 |
| 1:10-2nd |  | 61 | 67 | 0.192 | 0.808 |
| 1:07-2nd |  | 61 | 67 | 0.198 | 0.802 |
| 1:02-2nd |  | 64 | 67 | 0.247 | 0.753 |
| 44.1-2nd |  | 64 | 69 | 0.222 | 0.778 |
| 35.1-2nd |  | 64 | 69 | 0.222 | 0.778 |
| 22.1-2nd |  | 64 | 69 | 0.204 | 0.796 |
| 20.1-2nd |  | 64 | 69 | 0.197 | 0.803 |
| 15.1-2nd |  | 64 | 72 | 0.157 | 0.843 |
| 4.1-2nd |  | 64 | 72 | 0.187 | 0.813 |
| 3.0-2nd |  | 66 | 72 | 0.175 | 0.825 |
| 0.0-2nd |  | 66 | 72 | 0.189 | 0.811 |
| 12:00-3rd |  | 66 | 72 | 0.189 | 0.811 |
| 11:43-3rd |  | 68 | 72 | 0.222 | 0.778 |
| 11:27-3rd |  | 68 | 74 | 0.2 | 0.8 |
| 11:04-3rd |  | 70 | 74 | 0.224 | 0.776 |
| 10:42-3rd |  | 70 | 77 | 0.176 | 0.824 |
| 10:25-3rd |  | 70 | 77 | 0.178 | 0.822 |
| 10:13-3rd |  | 72 | 77 | 0.2 | 0.8 |
| 9:56-3rd |  | 72 | 77 | 0.22 | 0.78 |
| 9:52-3rd |  | 72 | 77 | 0.226 | 0.774 |
| 9:45-3rd |  | 74 | 77 | 0.253 | 0.747 |
| 9:31-3rd |  | 74 | 77 | 0.278 | 0.722 |
| 9:30-3rd |  | 74 | 77 | 0.254 | 0.746 |
| 9:21-3rd |  | 74 | 79 | 0.227 | 0.773 |
| 9:02-3rd |  | 74 | 79 | 0.201 | 0.799 |
| 8:49-3rd |  | 74 | 79 | 0.229 | 0.771 |
| 8:47-3rd |  | 74 | 79 | 0.229 | 0.771 |
| 8:32-3rd |  | 74 | 79 | 0.229 | 0.771 |
| 8:17-3rd |  | 74 | 79 | 0.21 | 0.79 |
| 8:15-3rd |  | 74 | 79 | 0.204 | 0.796 |
| 8:05-3rd |  | 74 | 82 | 0.156 | 0.844 |
| 8:04-3rd |  | 74 | 82 | 0.156 | 0.844 |
| 7:50-3rd |  | 77 | 82 | 0.204 | 0.796 |
| 7:30-3rd |  | 77 | 82 | 0.224 | 0.776 |
| 7:28-3rd |  | 77 | 82 | 0.231 | 0.769 |
| 7:17-3rd |  | 79 | 82 | 0.26 | 0.74 |
| 7:02-3rd |  | 79 | 82 | 0.286 | 0.714 |
| 6:59-3rd |  | 79 | 82 | 0.26 | 0.74 |
| 6:48-3rd |  | 79 | 82 | 0.295 | 0.705 |
| 6:28-3rd |  | 80 | 82 | 0.294 | 0.706 |
| 6:26-3rd |  | 80 | 82 | 0.294 | 0.706 |
| 6:06-3rd |  | 80 | 85 | 0.232 | 0.768 |
| 5:50-3rd |  | 80 | 85 | 0.21 | 0.79 |
| 5:47-3rd |  | 80 | 85 | 0.203 | 0.797 |
| 5:44-3rd |  | 80 | 85 | 0.225 | 0.775 |
| 5:40-3rd |  | 80 | 85 | 0.225 | 0.775 |
| 5:39-3rd |  | 80 | 85 | 0.232 | 0.768 |
| 5:35-3rd |  | 80 | 85 | 0.21 | 0.79 |
| 5:33-3rd |  | 80 | 85 | 0.202 | 0.798 |
| 5:29-3rd |  | 80 | 87 | 0.176 | 0.824 |
| 5:09-3rd |  | 80 | 87 | 0.156 | 0.844 |
| 5:08-3rd |  | 80 | 87 | 0.15 | 0.85 |
| 5:05-3rd |  | 80 | 87 | 0.176 | 0.824 |
| 4:55-3rd |  | 81 | 87 | 0.175 | 0.825 |
| 4:41-3rd |  | 81 | 90 | 0.13 | 0.87 |
| 4:19-3rd |  | 83 | 90 | 0.149 | 0.851 |
| 3:59-3rd |  | 83 | 90 | 0.169 | 0.831 |
| 3:55-3rd |  | 83 | 90 | 0.175 | 0.825 |
| 3:50-3rd |  | 85 | 90 | 0.202 | 0.798 |
| 3:33-3rd |  | 85 | 90 | 0.228 | 0.772 |
| 3:28-3rd |  | 85 | 90 | 0.201 | 0.799 |
| 3:24-3rd |  | 85 | 90 | 0.228 | 0.772 |
| 3:19-3rd |  | 85 | 90 | 0.237 | 0.763 |
| 3:00-3rd |  | 88 | 90 | 0.303 | 0.697 |
| 2:59-3rd |  | 88 | 90 | 0.303 | 0.697 |
| 2:43-3rd |  | 88 | 90 | 0.335 | 0.665 |
| 2:41-3rd |  | 88 | 90 | 0.345 | 0.655 |
| 2:23-3rd |  | 90 | 90 | 0.39 | 0.61 |
| 2:01-3rd |  | 90 | 90 | 0.423 | 0.577 |
| 1:57-3rd |  | 90 | 92 | 0.348 | 0.652 |
| 1:40-3rd |  | 90 | 92 | 0.317 | 0.683 |
| 1:38-3rd |  | 92 | 92 | 0.394 | 0.606 |
| 1:13-3rd |  | 92 | 92 | 0.428 | 0.572 |
| 1:10-3rd |  | 92 | 92 | 0.439 | 0.561 |
| 1:06-3rd |  | 94 | 92 | 0.489 | 0.511 |
| 48.1-3rd |  | 94 | 95 | 0.397 | 0.603 |
| 31.0-3rd |  | 94 | 95 | 0.361 | 0.639 |
| 28.1-3rd |  | 94 | 95 | 0.349 | 0.651 |
| 11.1-3rd |  | 94 | 96 | 0.354 | 0.646 |
| 8.2-3rd |  | 94 | 96 | 0.342 | 0.658 |
| 7.2-3rd |  | 94 | 96 | 0.354 | 0.646 |
| 0.0-3rd |  | 94 | 96 | 0.329 | 0.671 |
| 12:00-4th |  | 94 | 96 | 0.329 | 0.671 |
| 11:47-4th |  | 94 | 96 | 0.341 | 0.659 |
| 11:43-4th |  | 94 | 96 | 0.31 | 0.69 |
| 11:42-4th |  | 94 | 96 | 0.342 | 0.658 |
| 11:38-4th |  | 94 | 96 | 0.352 | 0.648 |
| 11:27-4th |  | 94 | 96 | 0.321 | 0.679 |
| 11:24-4th |  | 94 | 96 | 0.31 | 0.69 |
| 11:15-4th |  | 94 | 99 | 0.223 | 0.777 |
| 11:02-4th |  | 97 | 99 | 0.304 | 0.696 |
| 10:47-4th |  | 97 | 99 | 0.339 | 0.661 |
| 10:45-4th |  | 97 | 99 | 0.304 | 0.696 |
| 10:38-4th |  | 97 | 99 | 0.34 | 0.66 |
| 10:35-4th |  | 97 | 99 | 0.352 | 0.648 |
| 10:31-4th |  | 99 | 99 | 0.406 | 0.594 |
| 10:19-4th |  | 99 | 102 | 0.306 | 0.694 |
| 10:01-4th |  | 99 | 102 | 0.269 | 0.731 |
| 9:58-4th |  | 99 | 102 | 0.306 | 0.694 |
| 9:55-4th |  | 99 | 102 | 0.269 | 0.731 |
| 9:51-4th |  | 99 | 102 | 0.306 | 0.694 |
| 9:42-4th |  | 99 | 102 | 0.256 | 0.744 |
| 9:20-4th |  | 99 | 104 | 0.216 | 0.784 |
| 9:08-4th |  | 99 | 104 | 0.187 | 0.813 |
| 9:07-4th |  | 99 | 104 | 0.177 | 0.823 |
| 8:54-4th |  | 99 | 107 | 0.114 | 0.886 |
| 8:53-4th |  | 99 | 107 | 0.114 | 0.886 |
| 8:39-4th |  | 102 | 107 | 0.18 | 0.82 |
| 8:28-4th |  | 102 | 107 | 0.219 | 0.781 |
| 8:18-4th |  | 102 | 107 | 0.179 | 0.821 |
| 8:11-4th |  | 102 | 107 | 0.208 | 0.792 |
| 8:08-4th |  | 102 | 107 | 0.218 | 0.782 |
| 7:57-4th |  | 104 | 107 | 0.26 | 0.74 |
| 7:36-4th |  | 104 | 107 | 0.298 | 0.702 |
| 7:33-4th |  | 104 | 108 | 0.253 | 0.747 |
| 7:22-4th |  | 104 | 108 | 0.27 | 0.73 |
| 7:15-4th |  | 104 | 108 | 0.222 | 0.778 |
| 7:14-4th |  | 104 | 108 | 0.21 | 0.79 |
| 7:10-4th |  | 104 | 108 | 0.246 | 0.754 |
| 7:08-4th |  | 104 | 108 | 0.258 | 0.742 |
| 7:05-4th |  | 107 | 108 | 0.364 | 0.636 |
| 6:44-4th |  | 107 | 108 | 0.413 | 0.587 |
| 6:41-4th |  | 107 | 108 | 0.43 | 0.57 |
| 6:25-4th |  | 107 | 108 | 0.38 | 0.62 |
| 6:22-4th |  | 107 | 108 | 0.431 | 0.569 |
| 6:19-4th |  | 107 | 108 | 0.38 | 0.62 |
| 6:16-4th |  | 107 | 108 | 0.363 | 0.637 |
| 6:00-4th | TARGET | 107 | 111 | 0.25 | 0.75 |
| 5:30-4th |  | 107 | 111 | 0.206 | 0.794 |
| 5:28-4th |  | 107 | 111 | 0.193 | 0.807 |
| 5:20-4th |  | 107 | 114 | 0.114 | 0.886 |
| 5:00-4th |  | 107 | 114 | 0.087 | 0.913 |
| 4:56-4th |  | 107 | 114 | 0.078 | 0.922 |
| 4:40-4th |  | 107 | 114 | 0.042 | 0.958 |
| 4:32-4th |  | 107 | 117 | 0.034 | 0.966 |
| 4:31-4th |  | 107 | 117 | 0.034 | 0.966 |
| 4:18-4th |  | 107 | 117 | 0.02 | 0.98 |
| 4:09-4th |  | 107 | 117 | 0.031 | 0.969 |
| 4:03-4th |  | 107 | 117 | 0.021 | 0.979 |
| 4:00-4th |  | 107 | 117 | 0.018 | 0.982 |
| 3:53-4th |  | 107 | 119 | 0.012 | 0.988 |
| 3:36-4th |  | 107 | 119 | 0.007 | 0.993 |
| 3:34-4th |  | 107 | 119 | 0.006 | 0.994 |
| 3:26-4th |  | 107 | 122 | 0.002 | 0.998 |
| 3:24-4th |  | 107 | 122 | 0.002 | 0.998 |
| 3:08-4th |  | 109 | 122 | 0.003 | 0.997 |
| 2:55-4th |  | 109 | 123 | 0.002 | 0.998 |
| 2:45-4th |  | 111 | 123 | 0.003 | 0.997 |
| 2:21-4th |  | 111 | 123 | 0.004 | 0.996 |
| 2:19-4th |  | 111 | 123 | 0.005 | 0.995 |
| 2:15-4th |  | 113 | 123 | 0.009 | 0.991 |
| 1:52-4th |  | 113 | 123 | 0.012 | 0.988 |
| 1:48-4th |  | 113 | 123 | 0.006 | 0.994 |
| 1:39-4th |  | 113 | 123 | 0.01 | 0.99 |
| 1:35-4th |  | 113 | 125 | 0.002 | 0.998 |
| 1:29-4th |  | 115 | 125 | 0.005 | 0.995 |
| 1:10-4th |  | 115 | 128 | 0.001 | 0.999 |
| 59.0-4th |  | 117 | 128 | 0.001 | 0.999 |
| 46.2-4th |  | 117 | 130 | 0.001 | 0.999 |
| 37.1-4th |  | 117 | 130 | 0.001 | 0.999 |
| 32.0-4th |  | 120 | 130 | 0.001 | 0.999 |
| 27.2-4th |  | 120 | 132 | 0.001 | 0.999 |
| 22.1-4th |  | 120 | 132 | 0.001 | 0.999 |
| 20.1-4th |  | 120 | 132 | 0.001 | 0.999 |
| 0.0-4th |  | 120 | 132 | 0.0 | 1.0 |

Question

Which event most likely happened at the marked missing position?

Answer Choices

A. Player 19 (Team A) makes 27-foot running pullup jump shot
B. Player 6 (Team B) makes 18-foot pullup jump shot
C. Player 3 (Team B) makes 24-foot three point jumper (Player 2 (Team B) assists)
D. Player 13 (Team A) makes 2-foot two point shot (Player 3 (Team B) assists)

Response Format

Return exactly one JSON object:

{
  "answer": "<A|B|C|D>",
  "rationale": "<brief evidence-based justification in 1-3 sentences>",
  "evidence_event_ids": [],
  "evidence_series_times": []
}

Use only event IDs and time labels that are provided above and that support the answer. Use an empty array when the corresponding evidence type is unavailable or unused. Return only the JSON object.
