Task

Reconstruct the missing event in this basketball game. Use the available numerical time-series evidence around the marked row to select the most likely event.

Game

Team A versus Team B, season 22-23.

Time Series

| Game time | Marker | Team A score | Team B score | Team A win probability | Team B win probability |
| --- | --- | --- | --- | --- | --- |
| 12:00-1st |  | 0 | 0 | 0.407 | 0.593 |
| 11:51-1st |  | 0 | 0 | 0.426 | 0.574 |
| 11:48-1st |  | 2 | 0 | 0.455 | 0.545 |
| 11:32-1st |  | 2 | 0 | 0.479 | 0.521 |
| 11:27-1st |  | 4 | 0 | 0.502 | 0.498 |
| 11:16-1st |  | 4 | 0 | 0.503 | 0.497 |
| 11:14-1st |  | 4 | 0 | 0.534 | 0.466 |
| 11:09-1st |  | 4 | 0 | 0.511 | 0.489 |
| 11:03-1st |  | 4 | 0 | 0.504 | 0.496 |
| 10:52-1st |  | 4 | 2 | 0.481 | 0.519 |
| 10:36-1st |  | 4 | 2 | 0.457 | 0.543 |
| 10:26-1st |  | 4 | 2 | 0.476 | 0.524 |
| 10:24-1st |  | 4 | 2 | 0.482 | 0.518 |
| 10:17-1st |  | 4 | 2 | 0.464 | 0.536 |
| 10:13-1st |  | 4 | 2 | 0.482 | 0.518 |
| 10:11-1st |  | 6 | 2 | 0.506 | 0.494 |
| 9:52-1st |  | 6 | 2 | 0.537 | 0.463 |
| 9:46-1st |  | 6 | 2 | 0.515 | 0.485 |
| 9:44-1st |  | 6 | 2 | 0.508 | 0.492 |
| 9:35-1st |  | 6 | 2 | 0.53 | 0.47 |
| 9:32-1st |  | 6 | 2 | 0.538 | 0.462 |
| 9:29-1st |  | 8 | 2 | 0.565 | 0.435 |
| 9:10-1st |  | 8 | 5 | 0.513 | 0.487 |
| 8:55-1st |  | 10 | 5 | 0.537 | 0.463 |
| 8:37-1st |  | 10 | 8 | 0.486 | 0.514 |
| 8:28-1st |  | 11 | 8 | 0.487 | 0.513 |
| 8:13-1st |  | 11 | 8 | 0.508 | 0.492 |
| 8:10-1st |  | 11 | 8 | 0.514 | 0.486 |
| 8:04-1st |  | 11 | 8 | 0.495 | 0.505 |
| 8:01-1st |  | 11 | 8 | 0.512 | 0.488 |
| 7:52-1st |  | 13 | 8 | 0.542 | 0.458 |
| 7:42-1st |  | 13 | 8 | 0.56 | 0.44 |
| 7:38-1st |  | 13 | 8 | 0.566 | 0.434 |
| 7:37-1st |  | 15 | 8 | 0.594 | 0.406 |
| 7:35-1st |  | 15 | 8 | 0.594 | 0.406 |
| 7:20-1st |  | 15 | 10 | 0.568 | 0.432 |
| 7:08-1st |  | 15 | 10 | 0.55 | 0.45 |
| 7:07-1st |  | 15 | 10 | 0.544 | 0.456 |
| 6:56-1st |  | 15 | 13 | 0.49 | 0.51 |
| 6:42-1st |  | 15 | 13 | 0.47 | 0.53 |
| 6:40-1st |  | 15 | 13 | 0.463 | 0.537 |
| 6:32-1st |  | 15 | 13 | 0.491 | 0.509 |
| 6:11-1st |  | 18 | 13 | 0.547 | 0.453 |
| 5:51-1st |  | 18 | 15 | 0.52 | 0.48 |
| 5:34-1st |  | 21 | 15 | 0.574 | 0.426 |
| 5:19-1st |  | 21 | 15 | 0.604 | 0.396 |
| 5:00-1st |  | 21 | 15 | 0.584 | 0.416 |
| 4:56-1st |  | 21 | 15 | 0.577 | 0.423 |
| 4:52-1st |  | 21 | 15 | 0.598 | 0.402 |
| 4:51-1st |  | 21 | 15 | 0.645 | 0.355 |
| 4:35-1st |  | 23 | 15 | 0.631 | 0.369 |
| 4:14-1st |  | 23 | 17 | 0.607 | 0.393 |
| 4:01-1st |  | 25 | 17 | 0.633 | 0.367 |
| 3:44-1st |  | 25 | 19 | 0.609 | 0.391 |
| 3:31-1st |  | 25 | 19 | 0.589 | 0.411 |
| 3:27-1st |  | 25 | 19 | 0.582 | 0.418 |
| 3:22-1st |  | 25 | 22 | 0.527 | 0.473 |
| 3:15-1st |  | 25 | 22 | 0.527 | 0.473 |
| 3:06-1st |  | 27 | 22 | 0.554 | 0.446 |
| 2:50-1st |  | 27 | 25 | 0.501 | 0.499 |
| 2:37-1st |  | 29 | 25 | 0.53 | 0.47 |
| 2:16-1st |  | 29 | 28 | 0.475 | 0.525 |
| 1:58-1st |  | 32 | 28 | 0.533 | 0.467 |
| 1:43-1st |  | 32 | 29 | 0.529 | 0.471 |
| 1:35-1st |  | 34 | 31 | 0.506 | 0.494 |
| 1:17-1st |  | 34 | 31 | 0.53 | 0.47 |
| 1:07-1st |  | 36 | 31 | 0.561 | 0.439 |
| 57.1-1st |  | 36 | 31 | 0.59 | 0.41 |
| 43.0-1st |  | 38 | 31 | 0.62 | 0.38 |
| 33.1-1st |  | 38 | 34 | 0.565 | 0.435 |
| 30.1-1st |  | 38 | 34 | 0.545 | 0.455 |
| 28.1-1st |  | 40 | 34 | 0.593 | 0.407 |
| 6.1-1st |  | 40 | 37 | 0.532 | 0.468 |
| 1.0-1st |  | 40 | 37 | 0.532 | 0.468 |
| 0.0-1st |  | 40 | 37 | 0.526 | 0.474 |
| 12:00-2nd |  | 40 | 37 | 0.526 | 0.474 |
| 11:44-2nd |  | 40 | 37 | 0.517 | 0.483 |
| 11:41-2nd |  | 40 | 37 | 0.508 | 0.492 |
| 11:29-2nd |  | 40 | 37 | 0.534 | 0.466 |
| 11:26-2nd |  | 40 | 37 | 0.542 | 0.458 |
| 11:12-2nd |  | 42 | 37 | 0.569 | 0.431 |
| 10:52-2nd |  | 42 | 37 | 0.595 | 0.405 |
| 10:48-2nd |  | 42 | 37 | 0.571 | 0.429 |
| 10:46-2nd |  | 42 | 38 | 0.575 | 0.425 |
| 10:44-2nd |  | 42 | 38 | 0.544 | 0.456 |
| 10:42-2nd |  | 42 | 38 | 0.575 | 0.425 |
| 10:26-2nd |  | 44 | 38 | 0.603 | 0.397 |
| 10:04-2nd |  | 44 | 40 | 0.577 | 0.423 |
| 9:49-2nd |  | 46 | 40 | 0.605 | 0.395 |
| 9:28-2nd |  | 46 | 40 | 0.63 | 0.37 |
| 9:25-2nd |  | 46 | 40 | 0.638 | 0.362 |
| 9:19-2nd |  | 46 | 40 | 0.615 | 0.385 |
| 9:17-2nd |  | 46 | 40 | 0.607 | 0.393 |
| 9:13-2nd |  | 46 | 40 | 0.639 | 0.361 |
| 9:11-2nd |  | 46 | 40 | 0.639 | 0.361 |
| 9:02-2nd |  | 46 | 40 | 0.616 | 0.384 |
| 9:01-2nd |  | 46 | 40 | 0.608 | 0.392 |
| 8:42-2nd |  | 46 | 40 | 0.632 | 0.368 |
| 8:37-2nd |  | 46 | 40 | 0.61 | 0.39 |
| 8:32-2nd |  | 46 | 42 | 0.584 | 0.416 |
| 8:21-2nd |  | 48 | 42 | 0.611 | 0.389 |
| 7:57-2nd |  | 48 | 44 | 0.586 | 0.414 |
| 7:36-2nd |  | 48 | 44 | 0.561 | 0.439 |
| 7:35-2nd |  | 48 | 44 | 0.585 | 0.415 |
| 7:30-2nd |  | 48 | 44 | 0.561 | 0.439 |
| 7:28-2nd |  | 48 | 44 | 0.509 | 0.491 |
| 7:08-2nd |  | 48 | 45 | 0.558 | 0.442 |
| 7:05-2nd |  | 48 | 45 | 0.559 | 0.441 |
| 6:53-2nd |  | 50 | 45 | 0.587 | 0.413 |
| 6:37-2nd |  | 50 | 45 | 0.612 | 0.388 |
| 6:34-2nd |  | 50 | 45 | 0.62 | 0.38 |
| 6:28-2nd |  | 50 | 45 | 0.589 | 0.411 |
| 6:10-2nd |  | 50 | 45 | 0.622 | 0.378 |
| 6:00-2nd |  | 50 | 45 | 0.598 | 0.402 |
| 5:57-2nd |  | 50 | 45 | 0.591 | 0.409 |
| 5:54-2nd |  | 50 | 47 | 0.563 | 0.437 |
| 5:34-2nd |  | 52 | 47 | 0.592 | 0.408 |
| 5:23-2nd |  | 52 | 47 | 0.617 | 0.383 |
| 5:20-2nd |  | 52 | 47 | 0.626 | 0.374 |
| 5:17-2nd |  | 52 | 47 | 0.601 | 0.399 |
| 5:14-2nd |  | 52 | 47 | 0.594 | 0.406 |
| 4:59-2nd |  | 52 | 49 | 0.566 | 0.434 |
| 4:42-2nd |  | 52 | 49 | 0.54 | 0.46 |
| 4:40-2nd |  | 52 | 49 | 0.565 | 0.435 |
| 4:29-2nd |  | 54 | 49 | 0.596 | 0.404 |
| 4:10-2nd |  | 54 | 51 | 0.568 | 0.432 |
| 3:55-2nd |  | 56 | 51 | 0.599 | 0.401 |
| 3:44-2nd |  | 56 | 53 | 0.57 | 0.43 |
| 3:27-2nd |  | 56 | 53 | 0.536 | 0.464 |
| 3:22-2nd |  | 56 | 55 | 0.503 | 0.497 |
| 3:14-2nd |  | 56 | 55 | 0.503 | 0.497 |
| 3:02-2nd |  | 58 | 55 | 0.537 | 0.463 |
| 2:45-2nd |  | 58 | 55 | 0.574 | 0.426 |
| 2:34-2nd |  | 58 | 55 | 0.548 | 0.452 |
| 2:32-2nd |  | 58 | 55 | 0.539 | 0.461 |
| 2:29-2nd |  | 58 | 58 | 0.472 | 0.528 |
| 2:13-2nd |  | 60 | 58 | 0.506 | 0.494 |
| 1:55-2nd |  | 60 | 58 | 0.531 | 0.469 |
| 1:53-2nd |  | 60 | 58 | 0.54 | 0.46 |
| 1:52-2nd |  | 60 | 58 | 0.507 | 0.493 |
| 1:34-2nd |  | 60 | 58 | 0.532 | 0.468 |
| 1:30-2nd |  | 60 | 58 | 0.54 | 0.46 |
| 1:24-2nd |  | 63 | 58 | 0.611 | 0.389 |
| 1:08-2nd |  | 63 | 60 | 0.581 | 0.419 |
| 59.1-2nd |  | 63 | 60 | 0.545 | 0.455 |
| 47.1-2nd |  | 63 | 60 | 0.573 | 0.427 |
| 44.1-2nd |  | 63 | 60 | 0.546 | 0.454 |
| 41.0-2nd |  | 63 | 60 | 0.574 | 0.426 |
| 36.2-2nd |  | 63 | 60 | 0.583 | 0.417 |
| 32.1-2nd |  | 63 | 60 | 0.546 | 0.454 |
| 29.0-2nd |  | 63 | 62 | 0.51 | 0.49 |
| 5.1-2nd |  | 65 | 62 | 0.544 | 0.456 |
| 0.1-2nd |  | 65 | 62 | 0.543 | 0.457 |
| 0.0-2nd |  | 65 | 62 | 0.56 | 0.44 |
| 12:00-3rd |  | 65 | 62 | 0.56 | 0.44 |
| 11:48-3rd |  | 67 | 62 | 0.62 | 0.38 |
| 11:30-3rd |  | 67 | 62 | 0.645 | 0.355 |
| 11:26-3rd |  | 67 | 62 | 0.653 | 0.347 |
| 11:19-3rd |  | 67 | 62 | 0.623 | 0.377 |
| 11:09-3rd |  | 67 | 62 | 0.647 | 0.353 |
| 11:06-3rd |  | 67 | 62 | 0.624 | 0.376 |
| 11:05-3rd |  | 67 | 64 | 0.587 | 0.413 |
| 10:50-3rd |  | 67 | 64 | 0.588 | 0.412 |
| 10:43-3rd |  | 67 | 64 | 0.561 | 0.439 |
| 10:40-3rd |  | 67 | 64 | 0.553 | 0.447 |
| 10:31-3rd |  | 67 | 66 | 0.514 | 0.486 |
| 10:17-3rd |  | 70 | 66 | 0.59 | 0.41 |
| 10:00-3rd |  | 70 | 68 | 0.556 | 0.444 |
| 9:44-3rd |  | 70 | 68 | 0.518 | 0.482 |
| 9:32-3rd |  | 70 | 70 | 0.485 | 0.515 |
| 9:15-3rd |  | 73 | 70 | 0.557 | 0.443 |
| 8:53-3rd |  | 73 | 72 | 0.519 | 0.481 |
| 8:42-3rd |  | 73 | 72 | 0.482 | 0.518 |
| 8:36-3rd |  | 73 | 75 | 0.41 | 0.59 |
| 8:34-3rd |  | 73 | 75 | 0.41 | 0.59 |
| 8:23-3rd |  | 73 | 75 | 0.381 | 0.619 |
| 8:20-3rd |  | 73 | 75 | 0.371 | 0.629 |
| 8:13-3rd |  | 73 | 75 | 0.4 | 0.6 |
| 8:09-3rd |  | 73 | 75 | 0.371 | 0.629 |
| 8:03-3rd |  | 73 | 78 | 0.303 | 0.697 |
| 7:44-3rd |  | 73 | 78 | 0.277 | 0.723 |
| 7:41-3rd |  | 73 | 78 | 0.268 | 0.732 |
| 7:27-3rd |  | 73 | 78 | 0.293 | 0.707 |
| 7:23-3rd |  | 73 | 78 | 0.267 | 0.733 |
| 7:13-3rd |  | 73 | 80 | 0.233 | 0.767 |
| 7:00-3rd |  | 73 | 80 | 0.233 | 0.767 |
| 6:56-3rd |  | 73 | 80 | 0.205 | 0.795 |
| 6:42-3rd |  | 73 | 83 | 0.151 | 0.849 |
| 6:29-3rd |  | 75 | 83 | 0.174 | 0.826 |
| 6:13-3rd |  | 75 | 83 | 0.193 | 0.807 |
| 6:12-3rd |  | 75 | 83 | 0.2 | 0.8 |
| 6:08-3rd |  | 78 | 83 | 0.262 | 0.738 |
| 6:07-3rd |  | 78 | 83 | 0.262 | 0.738 |
| 5:53-3rd |  | 78 | 83 | 0.288 | 0.712 |
| 5:48-3rd |  | 78 | 83 | 0.296 | 0.704 |
| 5:42-3rd |  | 81 | 83 | 0.369 | 0.631 |
| 5:29-3rd |  | 81 | 86 | 0.295 | 0.705 |
| 5:16-3rd |  | 81 | 86 | 0.267 | 0.733 |
| 5:13-3rd |  | 81 | 86 | 0.258 | 0.742 |
| 5:04-3rd |  | 81 | 88 | 0.223 | 0.777 |
| 4:45-3rd |  | 84 | 88 | 0.29 | 0.71 |
| 4:33-3rd |  | 84 | 88 | 0.318 | 0.682 |
| 4:31-3rd |  | 84 | 88 | 0.328 | 0.672 |
| 4:25-3rd |  | 86 | 88 | 0.368 | 0.632 |
| 4:01-3rd |  | 86 | 91 | 0.29 | 0.71 |
| 3:44-3rd |  | 86 | 91 | 0.252 | 0.748 |
| 3:31-3rd |  | 86 | 91 | 0.288 | 0.712 |
| 3:19-3rd |  | 88 | 91 | 0.323 | 0.677 |
| 3:02-3rd |  | 88 | 91 | 0.367 | 0.633 |
| 3:00-3rd |  | 88 | 91 | 0.333 | 0.667 |
| 2:59-3rd |  | 88 | 91 | 0.265 | 0.735 |
| 2:44-3rd |  | 88 | 91 | 0.356 | 0.644 |
| 2:41-3rd |  | 88 | 91 | 0.32 | 0.68 |
| 2:36-3rd |  | 88 | 91 | 0.367 | 0.633 |
| 2:33-3rd |  | 88 | 91 | 0.363 | 0.637 |
| 2:19-3rd |  | 90 | 91 | 0.405 | 0.595 |
| 2:04-3rd |  | 90 | 91 | 0.441 | 0.559 |
| 2:03-3rd |  | 90 | 91 | 0.405 | 0.595 |
| 1:54-3rd |  | 90 | 93 | 0.363 | 0.637 |
| 1:41-3rd |  | 92 | 93 | 0.405 | 0.595 |
| 1:26-3rd |  | 92 | 96 | 0.321 | 0.679 |
| 1:08-3rd |  | 92 | 96 | 0.285 | 0.715 |
| 1:07-3rd |  | 92 | 96 | 0.32 | 0.68 |
| 1:04-3rd |  | 94 | 96 | 0.36 | 0.64 |
| 44.2-3rd |  | 94 | 97 | 0.362 | 0.638 |
| 28.0-3rd |  | 96 | 97 | 0.403 | 0.597 |
| 8.1-3rd |  | 96 | 97 | 0.443 | 0.557 |
| 5.1-3rd |  | 96 | 97 | 0.456 | 0.544 |
| 1.1-3rd |  | 98 | 97 | 0.503 | 0.497 |
| 1.0-3rd |  | 98 | 97 | 0.508 | 0.492 |
| 0.0-3rd |  | 98 | 97 | 0.531 | 0.469 |
| 12:00-4th |  | 98 | 97 | 0.531 | 0.469 |
| 11:46-4th |  | 98 | 99 | 0.459 | 0.541 |
| 11:33-4th |  | 98 | 99 | 0.42 | 0.58 |
| 11:29-4th |  | 98 | 99 | 0.407 | 0.593 |
| 11:11-4th |  | 98 | 99 | 0.446 | 0.554 |
| 11:08-4th |  | 98 | 99 | 0.459 | 0.541 |
| 10:54-4th |  | 98 | 99 | 0.406 | 0.594 |
| 10:44-4th |  | 98 | 102 | 0.308 | 0.692 |
| 10:21-4th |  | 101 | 102 | 0.405 | 0.595 |
| 9:59-4th |  | 101 | 104 | 0.355 | 0.645 |
| 9:43-4th |  | 104 | 104 | 0.458 | 0.542 |
| 9:27-4th |  | 104 | 104 | 0.509 | 0.491 |
| 9:15-4th |  | 104 | 104 | 0.471 | 0.529 |
| 9:12-4th |  | 104 | 104 | 0.51 | 0.49 |
| 9:11-4th |  | 106 | 104 | 0.57 | 0.43 |
| 9:00-4th |  | 106 | 104 | 0.57 | 0.43 |
| 8:46-4th |  | 106 | 107 | 0.46 | 0.54 |
| 8:28-4th |  | 108 | 107 | 0.518 | 0.482 |
| 8:17-4th |  | 108 | 108 | 0.517 | 0.483 |
| 8:14-4th |  | 108 | 108 | 0.517 | 0.483 |
| 8:07-4th |  | 110 | 108 | 0.57 | 0.43 |
| 7:52-4th |  | 110 | 108 | 0.554 | 0.446 |
| 7:46-4th |  | 110 | 110 | 0.512 | 0.488 |
| 7:28-4th |  | 112 | 110 | 0.568 | 0.432 |
| 7:11-4th |  | 112 | 110 | 0.62 | 0.38 |
| 7:06-4th |  | 112 | 110 | 0.637 | 0.363 |
| 6:58-4th |  | 115 | 110 | 0.748 | 0.252 |
| 6:39-4th |  | 115 | 110 | 0.79 | 0.21 |
| 6:36-4th |  | 115 | 110 | 0.803 | 0.197 |
| 6:23-4th |  | 115 | 110 | 0.771 | 0.229 |
| 6:20-4th |  | 115 | 110 | 0.772 | 0.228 |
| 6:18-4th |  | 115 | 110 | 0.76 | 0.24 |
| 6:11-4th |  | 115 | 110 | 0.754 | 0.246 |
| 6:05-4th |  | 115 | 110 | 0.654 | 0.346 |
| 5:58-4th |  | 115 | 110 | 0.797 | 0.203 |
| 5:46-4th |  | 117 | 110 | 0.848 | 0.152 |
| 5:35-4th |  | 117 | 110 | 0.889 | 0.111 |
| 5:23-4th |  | 117 | 110 | 0.864 | 0.136 |
| 5:20-4th |  | 117 | 110 | 0.855 | 0.145 |
| 5:13-4th |  | 117 | 113 | 0.763 | 0.237 |
| 4:45-4th |  | 119 | 113 | 0.821 | 0.179 |
| 4:30-4th |  | 119 | 113 | 0.859 | 0.141 |
| 4:26-4th |  | 119 | 113 | 0.871 | 0.129 |
| 4:07-4th |  | 121 | 113 | 0.911 | 0.089 |
| 3:59-4th |  | 121 | 116 | 0.835 | 0.165 |
| 3:29-4th |  | 121 | 116 | 0.809 | 0.191 |
| 3:27-4th |  | 121 | 116 | 0.797 | 0.203 |
| 3:06-4th |  | 121 | 118 | 0.744 | 0.256 |
| 2:54-4th |  | 121 | 118 | 0.693 | 0.307 |
| 2:48-4th |  | 121 | 118 | 0.676 | 0.324 |
| 2:29-4th |  | 121 | 120 | 0.603 | 0.397 |
| 2:04-4th |  | 121 | 120 | 0.539 | 0.461 |
| 2:00-4th |  | 121 | 120 | 0.613 | 0.387 |
| 1:50-4th | TARGET | 124 | 120 | 0.777 | 0.223 |
| 1:41-4th |  | 124 | 120 | 0.831 | 0.169 |
| 1:38-4th |  | 124 | 120 | 0.849 | 0.151 |
| 1:20-4th |  | 124 | 120 | 0.801 | 0.199 |
| 1:16-4th |  | 124 | 120 | 0.784 | 0.216 |
| 1:07-4th |  | 124 | 120 | 0.841 | 0.159 |
| 1:04-4th |  | 124 | 120 | 0.787 | 0.213 |
| 58.1-4th |  | 124 | 120 | 0.863 | 0.137 |
| 41.1-4th |  | 126 | 120 | 0.935 | 0.065 |
| 41.0-4th |  | 126 | 120 | 0.936 | 0.064 |
| 37.1-4th |  | 126 | 120 | 0.961 | 0.039 |
| 35.1-4th |  | 126 | 122 | 0.892 | 0.108 |
| 28.1-4th |  | 126 | 122 | 0.967 | 0.033 |
| 24.1-4th |  | 128 | 122 | 0.961 | 0.039 |
| 22.1-4th |  | 128 | 122 | 0.979 | 0.021 |
| 18.1-4th |  | 128 | 122 | 0.97 | 0.03 |
| 17.1-4th |  | 128 | 122 | 0.989 | 0.011 |
| 11.1-4th |  | 130 | 122 | 0.998 | 0.002 |
| 5.1-4th |  | 130 | 122 | 0.999 | 0.001 |
| 2.0-4th |  | 130 | 122 | 0.999 | 0.001 |
| 0.0-4th |  | 130 | 122 | 1.0 | 0.0 |

Question

Which event most likely happened at the marked missing position?

Answer Choices

A. Player 12 (Team B) misses free throw 3 of 3
B. Player 6 (Team A) makes 25-foot three point jumper
C. Kemba Walker misses driving floating jump shot
D. Player 11 (Team A) out of bounds bad pass turnover

Response Format

Return exactly one JSON object:

{
  "answer": "<A|B|C|D>",
  "rationale": "<brief evidence-based justification in 1-3 sentences>",
  "evidence_event_ids": [],
  "evidence_series_times": []
}

Use only event IDs and time labels that are provided above and that support the answer. Use an empty array when the corresponding evidence type is unavailable or unused. Return only the JSON object.
