Task

Reconstruct the missing event in this basketball game. Use the available numerical time-series evidence around the marked row to select the most likely event.

Game

Team A versus Team B, season 22-23.

Time Series

| Game time | Marker | Team A score | Team B score | Team A win probability | Team B win probability |
| --- | --- | --- | --- | --- | --- |
| 12:00-1st |  | 0 | 0 | 0.616 | 0.384 |
| 11:36-1st |  | 3 | 0 | 0.664 | 0.336 |
| 11:21-1st |  | 3 | 3 | 0.615 | 0.385 |
| 11:00-1st |  | 6 | 3 | 0.664 | 0.336 |
| 10:46-1st |  | 6 | 6 | 0.617 | 0.383 |
| 10:28-1st |  | 8 | 6 | 0.64 | 0.36 |
| 10:14-1st |  | 8 | 6 | 0.657 | 0.343 |
| 10:11-1st |  | 8 | 6 | 0.663 | 0.337 |
| 9:59-1st |  | 8 | 6 | 0.645 | 0.355 |
| 9:57-1st |  | 8 | 6 | 0.639 | 0.361 |
| 9:53-1st |  | 8 | 8 | 0.615 | 0.385 |
| 9:39-1st |  | 10 | 8 | 0.638 | 0.362 |
| 9:24-1st |  | 10 | 8 | 0.638 | 0.362 |
| 9:10-1st |  | 10 | 8 | 0.656 | 0.344 |
| 9:08-1st |  | 10 | 8 | 0.663 | 0.337 |
| 8:53-1st |  | 10 | 8 | 0.662 | 0.338 |
| 8:46-1st |  | 10 | 8 | 0.643 | 0.357 |
| 8:43-1st |  | 10 | 8 | 0.662 | 0.338 |
| 8:28-1st |  | 10 | 8 | 0.643 | 0.357 |
| 8:25-1st |  | 10 | 8 | 0.636 | 0.364 |
| 8:16-1st |  | 10 | 10 | 0.612 | 0.388 |
| 7:57-1st |  | 13 | 10 | 0.66 | 0.34 |
| 7:43-1st |  | 13 | 10 | 0.683 | 0.317 |
| 7:28-1st |  | 13 | 10 | 0.665 | 0.335 |
| 7:25-1st |  | 13 | 10 | 0.66 | 0.34 |
| 7:18-1st |  | 13 | 10 | 0.677 | 0.323 |
| 7:14-1st |  | 13 | 12 | 0.633 | 0.367 |
| 7:01-1st |  | 13 | 12 | 0.615 | 0.385 |
| 6:57-1st |  | 13 | 12 | 0.633 | 0.367 |
| 6:55-1st |  | 16 | 12 | 0.682 | 0.318 |
| 6:32-1st |  | 16 | 15 | 0.632 | 0.368 |
| 6:12-1st |  | 16 | 15 | 0.614 | 0.386 |
| 6:08-1st |  | 16 | 15 | 0.608 | 0.392 |
| 6:01-1st |  | 16 | 17 | 0.582 | 0.418 |
| 5:46-1st |  | 18 | 17 | 0.607 | 0.393 |
| 5:27-1st |  | 18 | 17 | 0.631 | 0.369 |
| 5:15-1st |  | 18 | 17 | 0.631 | 0.369 |
| 5:01-1st |  | 20 | 17 | 0.656 | 0.344 |
| 4:46-1st |  | 20 | 17 | 0.673 | 0.327 |
| 4:43-1st |  | 20 | 17 | 0.679 | 0.321 |
| 4:34-1st |  | 23 | 17 | 0.726 | 0.274 |
| 4:25-1st |  | 23 | 17 | 0.742 | 0.258 |
| 4:24-1st |  | 23 | 17 | 0.747 | 0.253 |
| 4:20-1st |  | 23 | 17 | 0.726 | 0.274 |
| 4:16-1st |  | 23 | 19 | 0.705 | 0.295 |
| 3:58-1st |  | 23 | 19 | 0.684 | 0.316 |
| 3:55-1st |  | 23 | 19 | 0.678 | 0.322 |
| 3:51-1st |  | 23 | 21 | 0.653 | 0.347 |
| 3:35-1st |  | 23 | 21 | 0.628 | 0.372 |
| 3:32-1st |  | 23 | 21 | 0.634 | 0.366 |
| 3:27-1st |  | 23 | 21 | 0.634 | 0.366 |
| 3:26-1st |  | 23 | 21 | 0.628 | 0.372 |
| 3:23-1st |  | 23 | 21 | 0.589 | 0.411 |
| 3:11-1st |  | 23 | 21 | 0.648 | 0.352 |
| 3:09-1st |  | 23 | 21 | 0.654 | 0.346 |
| 2:56-1st |  | 25 | 21 | 0.679 | 0.321 |
| 2:55-1st |  | 25 | 21 | 0.679 | 0.321 |
| 2:34-1st |  | 25 | 21 | 0.679 | 0.321 |
| 2:31-1st |  | 25 | 21 | 0.697 | 0.303 |
| 2:28-1st |  | 25 | 21 | 0.703 | 0.297 |
| 2:21-1st |  | 28 | 21 | 0.747 | 0.253 |
| 2:09-1st |  | 28 | 21 | 0.763 | 0.237 |
| 2:07-1st |  | 28 | 21 | 0.768 | 0.232 |
| 1:59-1st |  | 28 | 21 | 0.752 | 0.248 |
| 1:57-1st |  | 28 | 21 | 0.747 | 0.253 |
| 1:44-1st |  | 28 | 21 | 0.763 | 0.237 |
| 1:39-1st |  | 28 | 21 | 0.768 | 0.232 |
| 1:24-1st |  | 28 | 21 | 0.752 | 0.248 |
| 1:19-1st |  | 28 | 21 | 0.747 | 0.253 |
| 1:14-1st |  | 28 | 23 | 0.727 | 0.273 |
| 58.1-1st |  | 28 | 23 | 0.759 | 0.241 |
| 52.1-1st |  | 31 | 23 | 0.766 | 0.234 |
| 50.1-1st |  | 31 | 23 | 0.766 | 0.234 |
| 41.2-1st |  | 31 | 24 | 0.771 | 0.229 |
| 35.1-1st |  | 31 | 24 | 0.753 | 0.247 |
| 33.1-1st |  | 31 | 24 | 0.747 | 0.253 |
| 19.1-1st |  | 31 | 24 | 0.765 | 0.235 |
| 17.0-1st |  | 31 | 24 | 0.771 | 0.229 |
| 2.0-1st |  | 31 | 24 | 0.747 | 0.253 |
| 0.0-1st |  | 31 | 24 | 0.758 | 0.242 |
| 12:00-2nd |  | 31 | 24 | 0.758 | 0.242 |
| 11:53-2nd |  | 31 | 24 | 0.77 | 0.23 |
| 11:47-2nd |  | 33 | 24 | 0.792 | 0.208 |
| 11:29-2nd |  | 33 | 26 | 0.771 | 0.229 |
| 11:10-2nd |  | 35 | 26 | 0.792 | 0.208 |
| 10:54-2nd |  | 35 | 26 | 0.812 | 0.188 |
| 10:46-2nd |  | 35 | 26 | 0.812 | 0.188 |
| 10:32-2nd |  | 38 | 26 | 0.848 | 0.152 |
| 10:15-2nd |  | 38 | 28 | 0.831 | 0.169 |
| 9:54-2nd |  | 38 | 28 | 0.818 | 0.182 |
| 9:52-2nd |  | 38 | 28 | 0.814 | 0.186 |
| 9:41-2nd |  | 38 | 28 | 0.827 | 0.173 |
| 9:39-2nd |  | 38 | 28 | 0.832 | 0.168 |
| 9:34-2nd |  | 41 | 28 | 0.866 | 0.134 |
| 9:21-2nd |  | 41 | 28 | 0.878 | 0.122 |
| 9:18-2nd |  | 41 | 28 | 0.882 | 0.118 |
| 9:04-2nd |  | 41 | 28 | 0.867 | 0.133 |
| 8:51-2nd |  | 41 | 28 | 0.879 | 0.121 |
| 8:48-2nd |  | 41 | 28 | 0.867 | 0.133 |
| 8:44-2nd |  | 41 | 31 | 0.833 | 0.167 |
| 8:26-2nd |  | 41 | 31 | 0.819 | 0.181 |
| 8:23-2nd |  | 41 | 31 | 0.814 | 0.186 |
| 8:19-2nd |  | 41 | 34 | 0.772 | 0.228 |
| 8:00-2nd |  | 41 | 34 | 0.749 | 0.251 |
| 7:58-2nd |  | 41 | 34 | 0.749 | 0.251 |
| 7:45-2nd |  | 41 | 34 | 0.749 | 0.251 |
| 7:32-2nd |  | 41 | 36 | 0.726 | 0.274 |
| 7:17-2nd |  | 41 | 36 | 0.706 | 0.294 |
| 7:14-2nd |  | 41 | 36 | 0.7 | 0.3 |
| 7:03-2nd |  | 41 | 38 | 0.67 | 0.33 |
| 6:48-2nd |  | 41 | 38 | 0.641 | 0.359 |
| 6:33-2nd |  | 41 | 40 | 0.613 | 0.387 |
| 6:12-2nd |  | 41 | 40 | 0.591 | 0.409 |
| 6:11-2nd |  | 41 | 40 | 0.584 | 0.416 |
| 5:59-2nd |  | 41 | 42 | 0.551 | 0.449 |
| 5:47-2nd |  | 43 | 42 | 0.583 | 0.417 |
| 5:35-2nd |  | 43 | 45 | 0.517 | 0.483 |
| 5:22-2nd |  | 46 | 45 | 0.582 | 0.418 |
| 5:09-2nd |  | 46 | 45 | 0.582 | 0.418 |
| 5:01-2nd |  | 46 | 47 | 0.549 | 0.451 |
| 4:46-2nd |  | 46 | 47 | 0.516 | 0.484 |
| 4:29-2nd |  | 46 | 47 | 0.539 | 0.461 |
| 4:26-2nd |  | 46 | 47 | 0.515 | 0.485 |
| 4:16-2nd |  | 46 | 49 | 0.483 | 0.517 |
| 4:00-2nd |  | 46 | 49 | 0.448 | 0.552 |
| 3:47-2nd |  | 46 | 49 | 0.481 | 0.519 |
| 3:28-2nd |  | 49 | 49 | 0.543 | 0.457 |
| 3:08-2nd |  | 49 | 49 | 0.57 | 0.43 |
| 3:04-2nd |  | 49 | 49 | 0.579 | 0.421 |
| 2:54-2nd |  | 52 | 49 | 0.639 | 0.361 |
| 2:38-2nd |  | 52 | 52 | 0.578 | 0.422 |
| 2:09-2nd |  | 52 | 52 | 0.549 | 0.451 |
| 2:06-2nd |  | 52 | 52 | 0.577 | 0.423 |
| 1:59-2nd |  | 55 | 52 | 0.639 | 0.361 |
| 1:45-2nd |  | 55 | 54 | 0.609 | 0.391 |
| 1:30-2nd |  | 58 | 54 | 0.671 | 0.329 |
| 1:17-2nd |  | 58 | 56 | 0.637 | 0.363 |
| 1:02-2nd |  | 61 | 56 | 0.701 | 0.299 |
| 51.1-2nd |  | 61 | 58 | 0.67 | 0.33 |
| 40.0-2nd |  | 61 | 58 | 0.647 | 0.353 |
| 37.1-2nd |  | 61 | 58 | 0.639 | 0.361 |
| 31.1-2nd |  | 61 | 58 | 0.663 | 0.337 |
| 29.0-2nd |  | 61 | 58 | 0.671 | 0.329 |
| 13.0-2nd |  | 61 | 58 | 0.648 | 0.352 |
| 10.0-2nd |  | 61 | 58 | 0.64 | 0.36 |
| 3.1-2nd |  | 61 | 60 | 0.603 | 0.397 |
| 0.0-2nd |  | 61 | 60 | 0.588 | 0.412 |
| 12:00-3rd |  | 61 | 60 | 0.588 | 0.412 |
| 11:45-3rd |  | 61 | 60 | 0.599 | 0.401 |
| 11:42-3rd |  | 61 | 60 | 0.607 | 0.393 |
| 11:30-3rd |  | 61 | 60 | 0.606 | 0.394 |
| 11:24-3rd |  | 61 | 60 | 0.581 | 0.419 |
| 11:21-3rd |  | 61 | 60 | 0.573 | 0.427 |
| 11:13-3rd |  | 61 | 60 | 0.607 | 0.393 |
| 11:05-3rd |  | 63 | 60 | 0.638 | 0.362 |
| 10:50-3rd |  | 63 | 63 | 0.569 | 0.431 |
| 10:37-3rd |  | 63 | 63 | 0.541 | 0.459 |
| 10:36-3rd |  | 63 | 63 | 0.531 | 0.469 |
| 10:23-3rd |  | 63 | 63 | 0.559 | 0.441 |
| 10:20-3rd |  | 63 | 63 | 0.569 | 0.431 |
| 10:12-3rd |  | 66 | 63 | 0.638 | 0.362 |
| 9:56-3rd |  | 66 | 65 | 0.604 | 0.396 |
| 9:37-3rd |  | 66 | 65 | 0.577 | 0.423 |
| 9:35-3rd |  | 66 | 65 | 0.568 | 0.432 |
| 9:22-3rd |  | 66 | 65 | 0.594 | 0.406 |
| 9:19-3rd |  | 66 | 65 | 0.603 | 0.397 |
| 9:15-3rd |  | 66 | 65 | 0.567 | 0.433 |
| 9:13-3rd |  | 66 | 67 | 0.529 | 0.471 |
| 9:10-3rd |  | 66 | 67 | 0.529 | 0.471 |
| 8:54-3rd | TARGET | 69 | 67 | 0.603 | 0.397 |
| 8:37-3rd |  | 69 | 69 | 0.567 | 0.433 |
| 8:25-3rd |  | 69 | 69 | 0.537 | 0.463 |
| 8:23-3rd |  | 69 | 69 | 0.567 | 0.433 |
| 8:17-3rd |  | 71 | 69 | 0.602 | 0.398 |
| 8:15-3rd |  | 71 | 69 | 0.639 | 0.361 |
| 8:11-3rd |  | 74 | 69 | 0.707 | 0.293 |
| 7:55-3rd |  | 74 | 72 | 0.639 | 0.361 |
| 7:41-3rd |  | 74 | 72 | 0.611 | 0.389 |
| 7:37-3rd |  | 74 | 72 | 0.602 | 0.398 |
| 7:32-3rd |  | 74 | 72 | 0.63 | 0.37 |
| 7:30-3rd |  | 74 | 72 | 0.639 | 0.361 |
| 7:24-3rd |  | 77 | 72 | 0.709 | 0.291 |
| 7:15-3rd |  | 77 | 72 | 0.709 | 0.291 |
| 7:05-3rd |  | 77 | 74 | 0.676 | 0.324 |
| 6:49-3rd |  | 77 | 74 | 0.648 | 0.352 |
| 6:47-3rd |  | 77 | 74 | 0.639 | 0.361 |
| 6:41-3rd |  | 77 | 74 | 0.676 | 0.324 |
| 6:34-3rd |  | 79 | 74 | 0.709 | 0.291 |
| 6:21-3rd |  | 79 | 74 | 0.735 | 0.265 |
| 6:19-3rd |  | 79 | 74 | 0.744 | 0.256 |
| 6:04-3rd |  | 81 | 74 | 0.776 | 0.224 |
| 5:46-3rd |  | 81 | 74 | 0.8 | 0.2 |
| 5:43-3rd |  | 81 | 74 | 0.777 | 0.223 |
| 5:41-3rd |  | 81 | 74 | 0.777 | 0.223 |
| 5:39-3rd |  | 81 | 74 | 0.8 | 0.2 |
| 5:38-3rd |  | 81 | 74 | 0.777 | 0.223 |
| 5:35-3rd |  | 81 | 76 | 0.746 | 0.254 |
| 5:06-3rd |  | 83 | 76 | 0.78 | 0.22 |
| 4:48-3rd |  | 83 | 76 | 0.804 | 0.196 |
| 4:45-3rd |  | 83 | 76 | 0.781 | 0.219 |
| 4:41-3rd |  | 83 | 76 | 0.805 | 0.195 |
| 4:34-3rd |  | 83 | 76 | 0.782 | 0.218 |
| 4:33-3rd |  | 83 | 78 | 0.75 | 0.25 |
| 4:22-3rd |  | 83 | 78 | 0.751 | 0.249 |
| 4:09-3rd |  | 83 | 78 | 0.724 | 0.276 |
| 4:08-3rd |  | 83 | 78 | 0.752 | 0.248 |
| 4:07-3rd |  | 83 | 78 | 0.715 | 0.285 |
| 3:57-3rd |  | 83 | 78 | 0.753 | 0.247 |
| 3:37-3rd |  | 85 | 78 | 0.786 | 0.214 |
| 3:25-3rd |  | 85 | 81 | 0.719 | 0.281 |
| 3:09-3rd |  | 85 | 81 | 0.691 | 0.309 |
| 3:07-3rd |  | 85 | 81 | 0.721 | 0.279 |
| 2:58-3rd |  | 87 | 81 | 0.756 | 0.244 |
| 2:43-3rd |  | 87 | 81 | 0.786 | 0.214 |
| 2:40-3rd |  | 87 | 81 | 0.796 | 0.204 |
| 2:22-3rd |  | 87 | 81 | 0.768 | 0.232 |
| 2:21-3rd |  | 89 | 81 | 0.828 | 0.172 |
| 2:18-3rd |  | 89 | 81 | 0.828 | 0.172 |
| 2:02-3rd |  | 89 | 83 | 0.8 | 0.2 |
| 1:47-3rd |  | 91 | 83 | 0.831 | 0.169 |
| 1:35-3rd |  | 91 | 83 | 0.852 | 0.148 |
| 1:33-3rd |  | 91 | 83 | 0.859 | 0.141 |
| 1:22-3rd |  | 93 | 83 | 0.886 | 0.114 |
| 1:07-3rd |  | 93 | 83 | 0.903 | 0.097 |
| 1:03-3rd |  | 93 | 83 | 0.909 | 0.091 |
| 49.1-3rd |  | 95 | 83 | 0.925 | 0.075 |
| 43.0-3rd |  | 95 | 85 | 0.912 | 0.088 |
| 30.0-3rd |  | 95 | 85 | 0.897 | 0.103 |
| 28.1-3rd |  | 95 | 85 | 0.913 | 0.087 |
| 26.1-3rd |  | 95 | 85 | 0.897 | 0.103 |
| 24.2-3rd |  | 95 | 85 | 0.914 | 0.086 |
| 23.1-3rd |  | 95 | 85 | 0.898 | 0.102 |
| 21.0-3rd |  | 95 | 85 | 0.892 | 0.108 |
| 2.1-3rd |  | 95 | 85 | 0.917 | 0.083 |
| 0.1-3rd |  | 95 | 85 | 0.899 | 0.101 |
| 0.0-3rd |  | 95 | 85 | 0.905 | 0.095 |
| 12:00-4th |  | 95 | 85 | 0.905 | 0.095 |
| 11:41-4th |  | 97 | 85 | 0.937 | 0.063 |
| 11:17-4th |  | 97 | 86 | 0.938 | 0.062 |
| 11:15-4th |  | 97 | 86 | 0.939 | 0.061 |
| 10:58-4th |  | 97 | 86 | 0.927 | 0.073 |
| 10:56-4th |  | 97 | 86 | 0.923 | 0.077 |
| 10:39-4th |  | 97 | 88 | 0.9 | 0.1 |
| 10:24-4th |  | 97 | 88 | 0.882 | 0.118 |
| 10:22-4th |  | 97 | 88 | 0.903 | 0.097 |
| 10:16-4th |  | 97 | 88 | 0.883 | 0.117 |
| 10:13-4th |  | 97 | 88 | 0.877 | 0.123 |
| 10:06-4th |  | 97 | 88 | 0.898 | 0.102 |
| 10:02-4th |  | 97 | 88 | 0.906 | 0.094 |
| 9:54-4th |  | 100 | 88 | 0.944 | 0.056 |
| 9:40-4th |  | 100 | 91 | 0.909 | 0.091 |
| 9:20-4th |  | 102 | 91 | 0.932 | 0.068 |
| 9:07-4th |  | 102 | 91 | 0.946 | 0.054 |
| 9:05-4th |  | 102 | 91 | 0.951 | 0.049 |
| 9:02-4th |  | 102 | 91 | 0.953 | 0.047 |
| 8:50-4th |  | 104 | 91 | 0.964 | 0.036 |
| 8:40-4th |  | 104 | 94 | 0.939 | 0.061 |
| 8:21-4th |  | 106 | 94 | 0.956 | 0.044 |
| 7:53-4th |  | 106 | 94 | 0.968 | 0.032 |
| 7:52-4th |  | 106 | 94 | 0.971 | 0.029 |
| 7:46-4th |  | 106 | 94 | 0.973 | 0.027 |
| 7:33-4th |  | 109 | 94 | 0.987 | 0.013 |
| 7:32-4th |  | 109 | 94 | 0.987 | 0.013 |
| 7:17-4th |  | 109 | 94 | 0.991 | 0.009 |
| 7:15-4th |  | 109 | 94 | 0.992 | 0.008 |
| 7:05-4th |  | 109 | 94 | 0.989 | 0.011 |
| 7:01-4th |  | 109 | 94 | 0.988 | 0.012 |
| 6:47-4th |  | 109 | 94 | 0.992 | 0.008 |
| 6:45-4th |  | 109 | 94 | 0.989 | 0.011 |
| 6:44-4th |  | 109 | 96 | 0.985 | 0.015 |
| 6:32-4th |  | 109 | 96 | 0.979 | 0.021 |
| 6:21-4th |  | 109 | 96 | 0.98 | 0.02 |
| 6:19-4th |  | 109 | 96 | 0.986 | 0.014 |
| 6:13-4th |  | 112 | 96 | 0.994 | 0.006 |
| 5:56-4th |  | 112 | 96 | 0.996 | 0.004 |
| 5:53-4th |  | 112 | 96 | 0.997 | 0.003 |
| 5:35-4th |  | 114 | 96 | 0.998 | 0.002 |
| 5:20-4th |  | 114 | 96 | 0.999 | 0.001 |
| 5:15-4th |  | 114 | 96 | 0.999 | 0.001 |
| 5:05-4th |  | 114 | 96 | 0.999 | 0.001 |
| 5:03-4th |  | 114 | 96 | 0.999 | 0.001 |
| 4:59-4th |  | 114 | 96 | 0.999 | 0.001 |
| 4:48-4th |  | 114 | 96 | 0.999 | 0.001 |
| 4:45-4th |  | 114 | 96 | 0.999 | 0.001 |
| 4:30-4th |  | 114 | 96 | 0.999 | 0.001 |
| 4:28-4th |  | 114 | 96 | 0.999 | 0.001 |
| 4:09-4th |  | 114 | 96 | 0.999 | 0.001 |
| 4:03-4th |  | 116 | 96 | 0.999 | 0.001 |
| 3:52-4th |  | 116 | 98 | 0.999 | 0.001 |
| 3:42-4th |  | 116 | 98 | 0.999 | 0.001 |
| 3:37-4th |  | 119 | 98 | 0.999 | 0.001 |
| 3:21-4th |  | 119 | 98 | 0.999 | 0.001 |
| 3:09-4th |  | 119 | 98 | 0.999 | 0.001 |
| 3:07-4th |  | 119 | 98 | 0.999 | 0.001 |
| 2:57-4th |  | 119 | 100 | 0.999 | 0.001 |
| 2:41-4th |  | 119 | 100 | 0.999 | 0.001 |
| 2:39-4th |  | 121 | 100 | 0.999 | 0.001 |
| 2:35-4th |  | 121 | 100 | 0.999 | 0.001 |
| 2:33-4th |  | 121 | 100 | 0.999 | 0.001 |
| 2:11-4th |  | 121 | 100 | 0.999 | 0.001 |
| 2:06-4th |  | 121 | 100 | 0.999 | 0.001 |
| 2:03-4th |  | 121 | 100 | 0.999 | 0.001 |
| 1:53-4th |  | 121 | 100 | 0.999 | 0.001 |
| 1:51-4th |  | 121 | 102 | 0.999 | 0.001 |
| 1:42-4th |  | 124 | 102 | 0.999 | 0.001 |
| 1:37-4th |  | 124 | 104 | 0.999 | 0.001 |
| 1:25-4th |  | 124 | 104 | 0.999 | 0.001 |
| 1:22-4th |  | 124 | 104 | 0.999 | 0.001 |
| 1:16-4th |  | 124 | 106 | 0.999 | 0.001 |
| 59.0-4th |  | 124 | 106 | 0.999 | 0.001 |
| 56.1-4th |  | 124 | 109 | 0.999 | 0.001 |
| 47.0-4th |  | 126 | 109 | 0.999 | 0.001 |
| 34.2-4th |  | 126 | 111 | 0.999 | 0.001 |
| 15.1-4th |  | 126 | 111 | 0.999 | 0.001 |
| 13.1-4th |  | 126 | 111 | 0.999 | 0.001 |
| 6.1-4th |  | 126 | 111 | 0.999 | 0.001 |
| 5.0-4th |  | 126 | 111 | 0.999 | 0.001 |
| 0.0-4th |  | 126 | 111 | 1.0 | 0.0 |

Question

Which event most likely happened at the marked missing position?

Answer Choices

A. Player 5 (Team A) makes dunk (Player 4 (Team A) assists)
B. Player 8 (Team A) makes 23-foot three point jumper (Player 5 (Team A) assists)
C. Player 15 (Team B) misses 26-foot step back jumpshot
D. Player 16 (Team B) makes three point jumper (Player 12 (Team A) assists)

Response Format

Return exactly one JSON object:

{
  "answer": "<A|B|C|D>",
  "rationale": "<brief evidence-based justification in 1-3 sentences>",
  "evidence_event_ids": [],
  "evidence_series_times": []
}

Use only event IDs and time labels that are provided above and that support the answer. Use an empty array when the corresponding evidence type is unavailable or unused. Return only the JSON object.
