Task

Reconstruct the missing event in this basketball game. Use the available numerical time-series evidence around the marked row to select the most likely event.

Game

Team A versus Team B, season 22-23.

Time Series

| Game time | Marker | Team A score | Team B score | Team A win probability | Team B win probability |
| --- | --- | --- | --- | --- | --- |
| 12:00-1st |  | 0 | 0 | 0.275 | 0.725 |
| 11:41-1st |  | 0 | 0 | 0.289 | 0.711 |
| 11:37-1st |  | 0 | 0 | 0.293 | 0.707 |
| 11:28-1st |  | 0 | 0 | 0.277 | 0.723 |
| 11:15-1st |  | 0 | 2 | 0.255 | 0.745 |
| 11:00-1st |  | 3 | 2 | 0.298 | 0.702 |
| 10:49-1st |  | 3 | 2 | 0.318 | 0.682 |
| 10:44-1st |  | 3 | 2 | 0.325 | 0.675 |
| 10:33-1st |  | 3 | 2 | 0.306 | 0.694 |
| 10:29-1st |  | 3 | 2 | 0.3 | 0.7 |
| 10:14-1st |  | 3 | 2 | 0.32 | 0.68 |
| 10:10-1st |  | 3 | 2 | 0.327 | 0.673 |
| 9:54-1st |  | 3 | 2 | 0.309 | 0.691 |
| 9:51-1st |  | 3 | 2 | 0.302 | 0.698 |
| 9:49-1st |  | 3 | 2 | 0.302 | 0.698 |
| 9:45-1st |  | 3 | 3 | 0.303 | 0.697 |
| 9:34-1st |  | 3 | 3 | 0.284 | 0.716 |
| 9:20-1st |  | 3 | 3 | 0.305 | 0.695 |
| 9:10-1st |  | 6 | 3 | 0.35 | 0.65 |
| 8:52-1st |  | 6 | 3 | 0.371 | 0.629 |
| 8:50-1st |  | 6 | 3 | 0.378 | 0.622 |
| 8:46-1st |  | 6 | 3 | 0.359 | 0.641 |
| 8:44-1st |  | 6 | 3 | 0.353 | 0.647 |
| 8:39-1st |  | 6 | 5 | 0.33 | 0.67 |
| 8:28-1st |  | 8 | 5 | 0.354 | 0.646 |
| 8:19-1st |  | 8 | 5 | 0.375 | 0.625 |
| 8:15-1st |  | 8 | 5 | 0.382 | 0.618 |
| 8:02-1st |  | 8 | 5 | 0.356 | 0.644 |
| 7:44-1st |  | 8 | 5 | 0.378 | 0.622 |
| 7:40-1st |  | 8 | 5 | 0.385 | 0.615 |
| 7:32-1st |  | 10 | 5 | 0.409 | 0.591 |
| 7:13-1st |  | 10 | 5 | 0.413 | 0.587 |
| 7:04-1st |  | 10 | 5 | 0.433 | 0.567 |
| 7:01-1st |  | 10 | 5 | 0.44 | 0.56 |
| 6:58-1st |  | 12 | 5 | 0.466 | 0.534 |
| 6:51-1st |  | 12 | 5 | 0.467 | 0.533 |
| 6:42-1st |  | 12 | 5 | 0.49 | 0.51 |
| 6:41-1st |  | 12 | 5 | 0.429 | 0.571 |
| 6:34-1st |  | 12 | 5 | 0.49 | 0.51 |
| 6:32-1st |  | 12 | 5 | 0.498 | 0.502 |
| 6:21-1st |  | 12 | 5 | 0.478 | 0.522 |
| 6:17-1st |  | 12 | 5 | 0.472 | 0.528 |
| 6:09-1st |  | 12 | 7 | 0.446 | 0.554 |
| 5:56-1st |  | 15 | 7 | 0.503 | 0.497 |
| 5:42-1st |  | 15 | 7 | 0.527 | 0.473 |
| 5:38-1st |  | 15 | 7 | 0.535 | 0.465 |
| 5:32-1st |  | 15 | 7 | 0.513 | 0.487 |
| 5:29-1st |  | 15 | 7 | 0.506 | 0.494 |
| 5:25-1st |  | 15 | 9 | 0.48 | 0.52 |
| 5:07-1st |  | 15 | 9 | 0.459 | 0.541 |
| 5:06-1st |  | 15 | 9 | 0.482 | 0.518 |
| 5:04-1st |  | 18 | 9 | 0.535 | 0.465 |
| 4:47-1st |  | 18 | 9 | 0.56 | 0.44 |
| 4:46-1st |  | 18 | 9 | 0.56 | 0.44 |
| 4:44-1st |  | 18 | 9 | 0.538 | 0.462 |
| 4:40-1st |  | 18 | 12 | 0.484 | 0.516 |
| 4:31-1st |  | 18 | 12 | 0.484 | 0.516 |
| 4:26-1st |  | 18 | 12 | 0.457 | 0.543 |
| 4:22-1st |  | 18 | 13 | 0.459 | 0.541 |
| 4:19-1st |  | 18 | 13 | 0.46 | 0.54 |
| 4:11-1st |  | 18 | 13 | 0.438 | 0.562 |
| 4:07-1st |  | 18 | 13 | 0.461 | 0.539 |
| 3:59-1st |  | 21 | 13 | 0.516 | 0.484 |
| 3:39-1st |  | 21 | 13 | 0.539 | 0.461 |
| 3:37-1st |  | 21 | 13 | 0.518 | 0.482 |
| 3:33-1st |  | 21 | 15 | 0.492 | 0.508 |
| 3:26-1st |  | 23 | 15 | 0.52 | 0.48 |
| 3:11-1st |  | 23 | 15 | 0.55 | 0.45 |
| 3:08-1st |  | 23 | 15 | 0.529 | 0.471 |
| 3:07-1st |  | 25 | 15 | 0.579 | 0.421 |
| 2:56-1st |  | 25 | 15 | 0.61 | 0.39 |
| 2:44-1st |  | 25 | 15 | 0.59 | 0.41 |
| 2:40-1st |  | 25 | 15 | 0.583 | 0.417 |
| 2:36-1st |  | 25 | 15 | 0.613 | 0.387 |
| 2:15-1st |  | 25 | 15 | 0.594 | 0.406 |
| 2:12-1st |  | 25 | 15 | 0.617 | 0.383 |
| 2:07-1st |  | 28 | 15 | 0.673 | 0.327 |
| 1:54-1st |  | 28 | 17 | 0.651 | 0.349 |
| 1:35-1st |  | 28 | 17 | 0.629 | 0.371 |
| 1:32-1st |  | 28 | 17 | 0.621 | 0.379 |
| 1:24-1st |  | 28 | 17 | 0.655 | 0.345 |
| 1:08-1st |  | 28 | 17 | 0.624 | 0.376 |
| 59.1-1st |  | 28 | 17 | 0.659 | 0.341 |
| 43.1-1st |  | 28 | 17 | 0.636 | 0.364 |
| 41.1-1st |  | 28 | 17 | 0.661 | 0.339 |
| 37.1-1st |  | 28 | 17 | 0.628 | 0.372 |
| 27.1-1st |  | 28 | 19 | 0.601 | 0.399 |
| 6.0-1st |  | 28 | 19 | 0.581 | 0.419 |
| 4.1-1st |  | 28 | 19 | 0.607 | 0.393 |
| 2.1-1st |  | 28 | 19 | 0.582 | 0.418 |
| 2.0-1st |  | 28 | 19 | 0.607 | 0.393 |
| 0.1-1st |  | 28 | 19 | 0.583 | 0.417 |
| 0.0-1st |  | 28 | 19 | 0.59 | 0.41 |
| 12:00-2nd |  | 28 | 19 | 0.606 | 0.394 |
| 11:38-2nd |  | 28 | 19 | 0.588 | 0.412 |
| 11:32-2nd |  | 28 | 19 | 0.581 | 0.419 |
| 11:21-2nd |  | 28 | 19 | 0.605 | 0.395 |
| 11:17-2nd |  | 28 | 19 | 0.612 | 0.388 |
| 11:10-2nd |  | 28 | 19 | 0.592 | 0.408 |
| 11:07-2nd |  | 28 | 19 | 0.585 | 0.415 |
| 11:02-2nd |  | 28 | 22 | 0.524 | 0.476 |
| 10:38-2nd |  | 31 | 22 | 0.59 | 0.41 |
| 10:24-2nd |  | 31 | 22 | 0.62 | 0.38 |
| 10:15-2nd |  | 33 | 22 | 0.652 | 0.348 |
| 9:55-2nd |  | 33 | 22 | 0.674 | 0.326 |
| 9:51-2nd |  | 33 | 22 | 0.681 | 0.319 |
| 9:43-2nd |  | 35 | 22 | 0.713 | 0.287 |
| 9:27-2nd |  | 35 | 24 | 0.685 | 0.315 |
| 9:13-2nd |  | 37 | 24 | 0.717 | 0.283 |
| 9:06-2nd |  | 37 | 24 | 0.717 | 0.283 |
| 8:56-2nd |  | 37 | 27 | 0.662 | 0.338 |
| 8:37-2nd |  | 40 | 27 | 0.721 | 0.279 |
| 8:23-2nd |  | 40 | 27 | 0.723 | 0.277 |
| 8:13-2nd |  | 40 | 27 | 0.747 | 0.253 |
| 8:09-2nd |  | 40 | 27 | 0.755 | 0.245 |
| 8:05-2nd |  | 40 | 27 | 0.733 | 0.267 |
| 8:04-2nd |  | 40 | 27 | 0.726 | 0.274 |
| 7:46-2nd |  | 40 | 27 | 0.759 | 0.241 |
| 7:41-2nd |  | 43 | 27 | 0.806 | 0.194 |
| 7:23-2nd |  | 43 | 27 | 0.827 | 0.173 |
| 7:20-2nd |  | 43 | 27 | 0.809 | 0.191 |
| 7:19-2nd |  | 43 | 29 | 0.786 | 0.214 |
| 7:05-2nd |  | 43 | 29 | 0.769 | 0.231 |
| 7:02-2nd |  | 43 | 29 | 0.763 | 0.237 |
| 6:58-2nd |  | 43 | 29 | 0.783 | 0.217 |
| 6:55-2nd |  | 43 | 29 | 0.764 | 0.236 |
| 6:46-2nd |  | 43 | 31 | 0.739 | 0.261 |
| 6:43-2nd |  | 43 | 31 | 0.74 | 0.26 |
| 6:25-2nd |  | 45 | 31 | 0.768 | 0.232 |
| 6:10-2nd |  | 45 | 34 | 0.719 | 0.281 |
| 6:09-2nd |  | 45 | 34 | 0.719 | 0.281 |
| 5:53-2nd |  | 45 | 34 | 0.699 | 0.301 |
| 5:50-2nd |  | 45 | 34 | 0.691 | 0.309 |
| 5:35-2nd |  | 45 | 36 | 0.664 | 0.336 |
| 5:19-2nd |  | 47 | 36 | 0.696 | 0.304 |
| 5:05-2nd |  | 47 | 38 | 0.667 | 0.333 |
| 4:50-2nd |  | 47 | 38 | 0.647 | 0.353 |
| 4:49-2nd |  | 47 | 38 | 0.67 | 0.33 |
| 4:42-2nd |  | 47 | 38 | 0.716 | 0.284 |
| 4:34-2nd |  | 47 | 38 | 0.649 | 0.351 |
| 4:31-2nd |  | 47 | 38 | 0.642 | 0.358 |
| 4:17-2nd |  | 47 | 40 | 0.613 | 0.387 |
| 4:08-2nd |  | 47 | 40 | 0.588 | 0.412 |
| 4:05-2nd |  | 47 | 40 | 0.58 | 0.42 |
| 3:59-2nd |  | 47 | 40 | 0.607 | 0.393 |
| 3:58-2nd |  | 47 | 40 | 0.616 | 0.384 |
| 3:49-2nd |  | 48 | 40 | 0.616 | 0.384 |
| 3:32-2nd |  | 48 | 40 | 0.64 | 0.36 |
| 3:28-2nd |  | 48 | 40 | 0.648 | 0.352 |
| 3:26-2nd |  | 48 | 40 | 0.62 | 0.38 |
| 3:12-2nd |  | 48 | 42 | 0.585 | 0.415 |
| 2:55-2nd |  | 50 | 42 | 0.625 | 0.375 |
| 2:49-2nd |  | 50 | 42 | 0.647 | 0.353 |
| 2:46-2nd |  | 50 | 42 | 0.626 | 0.374 |
| 2:39-2nd |  | 50 | 45 | 0.558 | 0.442 |
| 2:21-2nd |  | 50 | 45 | 0.534 | 0.466 |
| 2:18-2nd |  | 50 | 45 | 0.525 | 0.475 |
| 2:08-2nd |  | 50 | 48 | 0.459 | 0.541 |
| 1:52-2nd |  | 50 | 48 | 0.435 | 0.565 |
| 1:49-2nd |  | 50 | 48 | 0.427 | 0.573 |
| 1:47-2nd |  | 50 | 50 | 0.396 | 0.604 |
| 1:41-2nd |  | 50 | 50 | 0.361 | 0.639 |
| 1:30-2nd |  | 50 | 52 | 0.333 | 0.667 |
| 1:19-2nd |  | 52 | 52 | 0.363 | 0.637 |
| 1:02-2nd |  | 52 | 52 | 0.39 | 0.61 |
| 1:00-2nd |  | 52 | 52 | 0.365 | 0.635 |
| 57.1-2nd |  | 52 | 52 | 0.391 | 0.609 |
| 54.1-2nd |  | 52 | 52 | 0.399 | 0.601 |
| 51.1-2nd |  | 52 | 52 | 0.374 | 0.626 |
| 49.0-2nd |  | 52 | 52 | 0.366 | 0.634 |
| 44.1-2nd |  | 52 | 53 | 0.369 | 0.631 |
| 42.1-2nd |  | 52 | 53 | 0.369 | 0.631 |
| 33.1-2nd |  | 52 | 53 | 0.345 | 0.655 |
| 30.1-2nd |  | 52 | 53 | 0.337 | 0.663 |
| 10.1-2nd |  | 52 | 53 | 0.369 | 0.631 |
| 1.1-2nd |  | 54 | 53 | 0.404 | 0.596 |
| 0.0-2nd |  | 54 | 53 | 0.42 | 0.58 |
| 12:00-3rd |  | 54 | 53 | 0.42 | 0.58 |
| 11:47-3rd |  | 54 | 53 | 0.407 | 0.593 |
| 11:31-3rd |  | 54 | 53 | 0.433 | 0.567 |
| 11:28-3rd |  | 54 | 53 | 0.408 | 0.592 |
| 11:23-3rd |  | 54 | 53 | 0.443 | 0.557 |
| 11:17-3rd |  | 54 | 53 | 0.418 | 0.582 |
| 11:13-3rd |  | 54 | 53 | 0.409 | 0.591 |
| 11:09-3rd |  | 54 | 53 | 0.435 | 0.565 |
| 11:06-3rd |  | 54 | 53 | 0.41 | 0.59 |
| 11:03-3rd |  | 54 | 53 | 0.436 | 0.564 |
| 11:00-3rd |  | 54 | 53 | 0.445 | 0.555 |
| 10:50-3rd |  | 56 | 53 | 0.481 | 0.519 |
| 10:32-3rd |  | 56 | 55 | 0.448 | 0.552 |
| 10:15-3rd |  | 56 | 55 | 0.413 | 0.587 |
| 10:03-3rd |  | 56 | 57 | 0.377 | 0.623 |
| 9:46-3rd |  | 59 | 57 | 0.45 | 0.55 |
| 9:32-3rd |  | 59 | 59 | 0.417 | 0.583 |
| 9:28-3rd |  | 59 | 59 | 0.417 | 0.583 |
| 9:13-3rd |  | 59 | 59 | 0.39 | 0.61 |
| 9:11-3rd |  | 59 | 59 | 0.418 | 0.582 |
| 9:02-3rd |  | 61 | 59 | 0.454 | 0.546 |
| 8:48-3rd |  | 61 | 61 | 0.42 | 0.58 |
| 8:33-3rd |  | 61 | 61 | 0.391 | 0.609 |
| 8:32-3rd |  | 63 | 61 | 0.457 | 0.543 |
| 8:23-3rd |  | 63 | 63 | 0.422 | 0.578 |
| 8:10-3rd |  | 63 | 63 | 0.384 | 0.616 |
| 7:55-3rd |  | 63 | 65 | 0.35 | 0.65 |
| 7:54-3rd |  | 63 | 65 | 0.35 | 0.65 |
| 7:40-3rd |  | 63 | 65 | 0.315 | 0.685 |
| 7:38-3rd |  | 63 | 65 | 0.342 | 0.658 |
| 7:37-3rd |  | 63 | 65 | 0.342 | 0.658 |
| 7:36-3rd |  | 63 | 67 | 0.284 | 0.716 |
| 7:20-3rd |  | 63 | 67 | 0.251 | 0.749 |
| 7:15-3rd |  | 63 | 67 | 0.276 | 0.724 |
| 7:12-3rd |  | 63 | 67 | 0.251 | 0.749 |
| 7:10-3rd |  | 63 | 69 | 0.222 | 0.778 |
| 6:57-3rd |  | 63 | 69 | 0.2 | 0.8 |
| 6:52-3rd |  | 63 | 69 | 0.193 | 0.807 |
| 6:50-3rd |  | 63 | 71 | 0.169 | 0.831 |
| 6:35-3rd |  | 65 | 71 | 0.192 | 0.808 |
| 6:22-3rd |  | 65 | 71 | 0.192 | 0.808 |
| 6:10-3rd |  | 65 | 73 | 0.167 | 0.833 |
| 6:01-3rd |  | 65 | 73 | 0.144 | 0.856 |
| 5:58-3rd |  | 67 | 73 | 0.192 | 0.808 |
| 5:47-3rd |  | 67 | 73 | 0.22 | 0.78 |
| 5:34-3rd |  | 70 | 73 | 0.284 | 0.716 |
| 5:18-3rd |  | 70 | 75 | 0.254 | 0.746 |
| 5:09-3rd |  | 72 | 75 | 0.285 | 0.715 |
| 4:57-3rd |  | 72 | 76 | 0.287 | 0.713 |
| 4:50-3rd |  | 75 | 76 | 0.358 | 0.642 |
| 4:36-3rd |  | 75 | 78 | 0.322 | 0.678 |
| 4:24-3rd |  | 76 | 78 | 0.321 | 0.679 |
| 4:12-3rd |  | 76 | 80 | 0.287 | 0.713 |
| 4:01-3rd |  | 76 | 80 | 0.261 | 0.739 |
| 3:55-3rd |  | 76 | 80 | 0.252 | 0.748 |
| 3:44-3rd |  | 76 | 82 | 0.22 | 0.78 |
| 3:21-3rd |  | 76 | 82 | 0.193 | 0.807 |
| 3:18-3rd |  | 76 | 82 | 0.219 | 0.781 |
| 3:16-3rd |  | 79 | 82 | 0.285 | 0.715 |
| 2:56-3rd |  | 79 | 82 | 0.324 | 0.676 |
| 2:43-3rd |  | 81 | 82 | 0.362 | 0.638 |
| 2:24-3rd |  | 81 | 84 | 0.325 | 0.675 |
| 2:23-3rd |  | 81 | 84 | 0.284 | 0.716 |
| 2:06-3rd |  | 81 | 84 | 0.294 | 0.706 |
| 2:02-3rd |  | 81 | 84 | 0.284 | 0.716 |
| 1:55-3rd |  | 81 | 84 | 0.315 | 0.685 |
| 1:50-3rd |  | 81 | 84 | 0.325 | 0.675 |
| 1:48-3rd |  | 81 | 84 | 0.284 | 0.716 |
| 1:47-3rd |  | 81 | 86 | 0.252 | 0.748 |
| 1:36-3rd |  | 83 | 86 | 0.284 | 0.716 |
| 1:20-3rd |  | 83 | 88 | 0.252 | 0.748 |
| 1:12-3rd |  | 83 | 88 | 0.22 | 0.78 |
| 1:10-3rd |  | 83 | 88 | 0.21 | 0.79 |
| 1:09-3rd |  | 83 | 88 | 0.252 | 0.748 |
| 1:02-3rd |  | 83 | 88 | 0.22 | 0.78 |
| 56.1-3rd |  | 83 | 88 | 0.252 | 0.748 |
| 56.0-3rd |  | 83 | 88 | 0.209 | 0.791 |
| 54.0-3rd |  | 83 | 89 | 0.213 | 0.787 |
| 49.0-3rd |  | 83 | 89 | 0.173 | 0.827 |
| 32.0-3rd |  | 83 | 91 | 0.146 | 0.854 |
| 18.1-3rd |  | 83 | 91 | 0.119 | 0.881 |
| 4.1-3rd |  | 83 | 91 | 0.145 | 0.855 |
| 0.0-3rd |  | 83 | 91 | 0.131 | 0.869 |
| 12:00-4th |  | 83 | 91 | 0.131 | 0.869 |
| 11:49-4th |  | 83 | 91 | 0.132 | 0.868 |
| 11:44-4th |  | 83 | 91 | 0.138 | 0.862 |
| 11:39-4th |  | 86 | 91 | 0.199 | 0.801 |
| 11:19-4th |  | 86 | 93 | 0.167 | 0.833 |
| 11:07-4th |  | 88 | 93 | 0.197 | 0.803 |
| 10:56-4th |  | 88 | 93 | 0.228 | 0.772 |
| 10:52-4th |  | 88 | 93 | 0.239 | 0.761 |
| 10:43-4th |  | 90 | 93 | 0.275 | 0.725 |
| 10:23-4th |  | 90 | 96 | 0.192 | 0.808 |
| 10:12-4th |  | 90 | 96 | 0.202 | 0.798 |
| 10:05-4th |  | 90 | 96 | 0.169 | 0.831 |
| 10:02-4th |  | 90 | 96 | 0.159 | 0.841 |
| 9:45-4th |  | 90 | 96 | 0.185 | 0.815 |
| 9:38-4th |  | 90 | 96 | 0.194 | 0.806 |
| 9:26-4th |  | 90 | 96 | 0.16 | 0.84 |
| 9:23-4th |  | 90 | 96 | 0.197 | 0.803 |
| 9:13-4th |  | 90 | 96 | 0.168 | 0.832 |
| 9:10-4th |  | 90 | 96 | 0.159 | 0.841 |
| 8:49-4th |  | 90 | 96 | 0.194 | 0.806 |
| 8:43-4th |  | 90 | 96 | 0.209 | 0.791 |
| 8:35-4th |  | 90 | 96 | 0.161 | 0.839 |
| 8:23-4th |  | 90 | 96 | 0.188 | 0.812 |
| 8:18-4th |  | 90 | 96 | 0.197 | 0.803 |
| 8:15-4th |  | 92 | 96 | 0.239 | 0.761 |
| 8:01-4th |  | 92 | 96 | 0.239 | 0.761 |
| 7:54-4th |  | 92 | 98 | 0.194 | 0.806 |
| 7:42-4th |  | 92 | 98 | 0.154 | 0.846 |
| 7:31-4th |  | 92 | 100 | 0.121 | 0.879 |
| 7:30-4th |  | 92 | 100 | 0.121 | 0.879 |
| 7:16-4th |  | 94 | 100 | 0.157 | 0.843 |
| 7:00-4th |  | 94 | 101 | 0.15 | 0.85 |
| 6:43-4th |  | 94 | 101 | 0.12 | 0.88 |
| 6:39-4th |  | 94 | 101 | 0.111 | 0.889 |
| 6:37-4th |  | 94 | 103 | 0.082 | 0.918 |
| 6:28-4th |  | 97 | 103 | 0.137 | 0.863 |
| 6:14-4th |  | 97 | 103 | 0.165 | 0.835 |
| 6:11-4th |  | 97 | 103 | 0.165 | 0.835 |
| 5:54-4th |  | 99 | 103 | 0.204 | 0.796 |
| 5:48-4th |  | 99 | 103 | 0.203 | 0.797 |
| 5:37-4th |  | 99 | 103 | 0.241 | 0.759 |
| 5:34-4th |  | 99 | 103 | 0.2 | 0.8 |
| 5:31-4th |  | 99 | 103 | 0.24 | 0.76 |
| 5:27-4th |  | 99 | 103 | 0.199 | 0.801 |
| 5:14-4th |  | 99 | 103 | 0.238 | 0.762 |
| 5:12-4th |  | 99 | 103 | 0.196 | 0.804 |
| 5:09-4th |  | 99 | 105 | 0.153 | 0.847 |
| 4:41-4th |  | 99 | 105 | 0.148 | 0.852 |
| 4:39-4th |  | 99 | 105 | 0.108 | 0.892 |
| 4:26-4th |  | 99 | 107 | 0.078 | 0.922 |
| 4:15-4th |  | 101 | 107 | 0.103 | 0.897 |
| 4:09-4th |  | 101 | 107 | 0.142 | 0.858 |
| 3:54-4th |  | 104 | 107 | 0.235 | 0.765 |
| 3:34-4th |  | 104 | 107 | 0.281 | 0.719 |
| 3:31-4th |  | 104 | 107 | 0.297 | 0.703 |
| 3:21-4th |  | 107 | 107 | 0.44 | 0.56 |
| 3:02-4th |  | 107 | 107 | 0.508 | 0.492 |
| 3:01-4th |  | 107 | 107 | 0.441 | 0.559 |
| 2:59-4th |  | 107 | 107 | 0.509 | 0.491 |
| 2:58-4th |  | 107 | 107 | 0.441 | 0.559 |
| 2:57-4th |  | 107 | 109 | 0.367 | 0.633 |
| 2:42-4th |  | 109 | 109 | 0.442 | 0.558 |
| 2:19-4th |  | 109 | 111 | 0.364 | 0.636 |
| 2:00-4th |  | 109 | 111 | 0.292 | 0.708 |
| 1:57-4th |  | 109 | 111 | 0.268 | 0.732 |
| 1:48-4th |  | 109 | 113 | 0.196 | 0.804 |
| 1:30-4th |  | 111 | 113 | 0.259 | 0.741 |
| 1:13-4th |  | 111 | 113 | 0.362 | 0.638 |
| 1:10-4th |  | 113 | 113 | 0.452 | 0.548 |
| 46.0-4th |  | 113 | 113 | 0.518 | 0.482 |
| 43.1-4th |  | 113 | 113 | 0.54 | 0.46 |
| 25.0-4th |  | 113 | 113 | 0.476 | 0.524 |
| 21.0-4th |  | 113 | 113 | 0.544 | 0.456 |
| 18.0-4th |  | 113 | 113 | 0.476 | 0.524 |
| 15.1-4th |  | 113 | 113 | 0.452 | 0.548 |
| 14.0-4th |  | 113 | 113 | 0.451 | 0.549 |
| 0.2-4th |  | 113 | 113 | 0.505 | 0.495 |
| 0.0-4th |  | 113 | 113 | 0.5 | 0.5 |
| 5:00-OT |  | 113 | 113 | 0.5 | 0.5 |
| 4:56-OT |  | 113 | 113 | 0.545 | 0.455 |
| 4:38-OT |  | 114 | 113 | 0.544 | 0.456 |
| 4:36-OT |  | 114 | 113 | 0.544 | 0.456 |
| 4:20-OT |  | 114 | 113 | 0.622 | 0.378 |
| 4:08-OT |  | 114 | 113 | 0.645 | 0.355 |
| 4:00-OT |  | 116 | 113 | 0.709 | 0.291 |
| 3:52-OT |  | 116 | 113 | 0.764 | 0.236 |
| 3:50-OT |  | 116 | 113 | 0.712 | 0.288 |
| 3:47-OT |  | 116 | 113 | 0.712 | 0.288 |
| 3:42-OT |  | 116 | 115 | 0.648 | 0.352 |
| 3:31-OT |  | 116 | 115 | 0.587 | 0.413 |
| 3:29-OT |  | 116 | 115 | 0.649 | 0.351 |
| 3:27-OT |  | 118 | 115 | 0.718 | 0.282 |
| 3:14-OT |  | 118 | 117 | 0.65 | 0.35 |
| 3:00-OT |  | 118 | 117 | 0.586 | 0.414 |
| 2:57-OT |  | 118 | 117 | 0.564 | 0.436 |
| 2:42-OT |  | 118 | 117 | 0.655 | 0.345 |
| 2:40-OT |  | 119 | 117 | 0.652 | 0.348 |
| 2:37-OT |  | 119 | 117 | 0.653 | 0.347 |
| 2:23-OT |  | 119 | 117 | 0.722 | 0.278 |
| 2:21-OT |  | 119 | 117 | 0.656 | 0.344 |
| 2:18-OT |  | 119 | 117 | 0.745 | 0.255 |
| 2:10-OT |  | 119 | 117 | 0.68 | 0.32 |
| 2:05-OT |  | 119 | 117 | 0.658 | 0.342 |
| 1:57-OT |  | 119 | 117 | 0.731 | 0.269 |
| 1:54-OT |  | 119 | 117 | 0.756 | 0.244 |
| 1:49-OT |  | 120 | 117 | 0.759 | 0.241 |
| 1:39-OT |  | 120 | 119 | 0.646 | 0.354 |
| 1:29-OT |  | 120 | 119 | 0.544 | 0.456 |
| 1:25-OT |  | 122 | 119 | 0.732 | 0.268 |
| 1:12-OT |  | 122 | 119 | 0.802 | 0.198 |
| 1:08-OT |  | 122 | 119 | 0.826 | 0.174 |
| 47.1-OT |  | 122 | 119 | 0.848 | 0.152 |
| 47.0-OT |  | 122 | 119 | 0.753 | 0.247 |
| 34.0-OT |  | 122 | 121 | 0.675 | 0.325 |
| 32.0-OT | TARGET | 122 | 119 | 0.868 | 0.132 |
| 18.2-OT |  | 125 | 121 | 0.878 | 0.122 |
| 18.1-OT |  | 125 | 121 | 0.88 | 0.12 |
| 16.0-OT |  | 125 | 123 | 0.822 | 0.178 |
| 14.1-OT |  | 125 | 123 | 0.694 | 0.306 |
| 13.0-OT |  | 125 | 125 | 0.549 | 0.451 |
| 0.0-OT |  | 125 | 125 | 0.5 | 0.5 |
| 5:00-DO |  | 125 | 125 | 0.5 | 0.5 |
| 4:45-DO |  | 127 | 125 | 0.612 | 0.388 |
| 4:30-DO |  | 127 | 125 | 0.665 | 0.335 |
| 4:27-DO |  | 127 | 125 | 0.683 | 0.317 |
| 4:16-DO |  | 127 | 125 | 0.632 | 0.368 |
| 4:11-DO |  | 127 | 125 | 0.615 | 0.385 |
| 3:55-DO |  | 127 | 127 | 0.536 | 0.464 |
| 3:30-DO |  | 129 | 127 | 0.622 | 0.378 |
| 3:16-DO |  | 129 | 127 | 0.681 | 0.319 |
| 3:13-DO |  | 129 | 127 | 0.7 | 0.3 |
| 3:06-DO |  | 129 | 127 | 0.645 | 0.355 |
| 3:04-DO |  | 129 | 127 | 0.627 | 0.373 |
| 2:54-DO |  | 129 | 127 | 0.688 | 0.312 |
| 2:51-DO |  | 129 | 127 | 0.709 | 0.291 |
| 2:35-DO |  | 131 | 127 | 0.787 | 0.213 |
| 2:19-DO |  | 131 | 129 | 0.726 | 0.274 |
| 2:04-DO |  | 131 | 129 | 0.663 | 0.337 |
| 2:00-DO |  | 131 | 129 | 0.641 | 0.359 |
| 1:54-DO |  | 131 | 132 | 0.466 | 0.534 |
| 1:38-DO |  | 131 | 132 | 0.378 | 0.622 |
| 1:34-DO |  | 131 | 132 | 0.346 | 0.654 |
| 1:23-DO |  | 131 | 132 | 0.439 | 0.561 |
| 1:20-DO |  | 131 | 132 | 0.472 | 0.528 |
| 1:16-DO |  | 131 | 132 | 0.371 | 0.629 |
| 1:12-DO |  | 131 | 132 | 0.334 | 0.666 |
| 53.1-DO |  | 131 | 132 | 0.437 | 0.563 |
| 52.1-DO |  | 131 | 132 | 0.321 | 0.679 |
| 52.0-DO |  | 131 | 134 | 0.321 | 0.679 |
| 38.0-DO |  | 131 | 134 | 0.134 | 0.866 |
| 36.1-DO |  | 131 | 134 | 0.111 | 0.889 |
| 15.1-DO |  | 131 | 136 | 0.04 | 0.96 |
| 12.1-DO |  | 131 | 136 | 0.018 | 0.982 |
| 9.1-DO |  | 131 | 138 | 0.008 | 0.992 |
| 3.1-DO |  | 131 | 138 | 0.001 | 0.999 |
| 0.0-DO |  | 131 | 138 | 0.0 | 1.0 |

Question

Which event most likely happened at the marked missing position?

Answer Choices

A. (00:32) [Team A] COACH'S CHALLENGE (CALL STANDS) [Team A] charged with a timeout
B. Player 1 (Team A) makes free throw flagrant 2 of 2
C. Player 5 (Team A) misses tip shot
D. Player 12 (Team B) lost ball turnover (Player 15 (Team B) steals)

Response Format

Return exactly one JSON object:

{
  "answer": "<A|B|C|D>",
  "rationale": "<brief evidence-based justification in 1-3 sentences>",
  "evidence_event_ids": [],
  "evidence_series_times": []
}

Use only event IDs and time labels that are provided above and that support the answer. Use an empty array when the corresponding evidence type is unavailable or unused. Return only the JSON object.
