Task

Reconstruct the missing event in this basketball game. Use the available numerical time-series evidence around the marked row to select the most likely event.

Game

Team A versus Team B, season 22-23.

Time Series

| Game time | Marker | Team A score | Team B score | Team A win probability | Team B win probability |
| --- | --- | --- | --- | --- | --- |
| 12:00-1st |  | 0 | 0 | 0.154 | 0.846 |
| 11:42-1st |  | 0 | 0 | 0.148 | 0.852 |
| 11:41-1st |  | 0 | 0 | 0.146 | 0.854 |
| 11:22-1st |  | 0 | 0 | 0.155 | 0.845 |
| 11:19-1st |  | 0 | 0 | 0.158 | 0.842 |
| 11:12-1st |  | 0 | 0 | 0.148 | 0.852 |
| 11:08-1st |  | 0 | 2 | 0.134 | 0.866 |
| 10:46-1st |  | 0 | 2 | 0.127 | 0.873 |
| 10:44-1st |  | 0 | 2 | 0.125 | 0.875 |
| 10:30-1st |  | 0 | 2 | 0.137 | 0.863 |
| 10:15-1st |  | 2 | 2 | 0.152 | 0.848 |
| 10:04-1st |  | 2 | 2 | 0.164 | 0.836 |
| 9:53-1st |  | 4 | 2 | 0.181 | 0.819 |
| 9:40-1st |  | 4 | 2 | 0.193 | 0.807 |
| 9:38-1st |  | 4 | 2 | 0.198 | 0.802 |
| 9:30-1st |  | 4 | 2 | 0.183 | 0.817 |
| 9:16-1st |  | 4 | 5 | 0.155 | 0.845 |
| 8:58-1st |  | 6 | 5 | 0.17 | 0.83 |
| 8:42-1st |  | 6 | 5 | 0.187 | 0.813 |
| 8:39-1st |  | 6 | 5 | 0.187 | 0.813 |
| 8:32-1st |  | 8 | 5 | 0.205 | 0.795 |
| 8:15-1st |  | 8 | 8 | 0.175 | 0.825 |
| 8:14-1st |  | 8 | 8 | 0.175 | 0.825 |
| 8:03-1st |  | 8 | 8 | 0.164 | 0.836 |
| 8:02-1st |  | 8 | 8 | 0.176 | 0.824 |
| 8:01-1st |  | 10 | 8 | 0.191 | 0.809 |
| 7:33-1st |  | 10 | 8 | 0.207 | 0.793 |
| 7:31-1st |  | 10 | 8 | 0.194 | 0.806 |
| 7:21-1st |  | 10 | 8 | 0.213 | 0.787 |
| 7:18-1st |  | 12 | 8 | 0.231 | 0.769 |
| 7:03-1st |  | 12 | 8 | 0.248 | 0.752 |
| 7:00-1st |  | 12 | 8 | 0.253 | 0.747 |
| 6:57-1st |  | 12 | 8 | 0.253 | 0.747 |
| 6:49-1st |  | 14 | 8 | 0.275 | 0.725 |
| 6:31-1st |  | 14 | 9 | 0.28 | 0.72 |
| 6:29-1st |  | 14 | 9 | 0.281 | 0.719 |
| 6:12-1st |  | 14 | 9 | 0.267 | 0.733 |
| 6:08-1st |  | 14 | 9 | 0.262 | 0.738 |
| 6:00-1st |  | 14 | 9 | 0.279 | 0.721 |
| 5:57-1st |  | 14 | 9 | 0.285 | 0.715 |
| 5:51-1st |  | 14 | 9 | 0.27 | 0.73 |
| 5:49-1st |  | 14 | 9 | 0.264 | 0.736 |
| 5:44-1st |  | 14 | 10 | 0.265 | 0.735 |
| 5:42-1st |  | 14 | 10 | 0.265 | 0.735 |
| 5:29-1st |  | 14 | 10 | 0.251 | 0.749 |
| 5:26-1st |  | 14 | 10 | 0.246 | 0.754 |
| 5:16-1st |  | 14 | 12 | 0.226 | 0.774 |
| 5:04-1st |  | 14 | 12 | 0.209 | 0.791 |
| 5:02-1st |  | 14 | 12 | 0.21 | 0.79 |
| 4:55-1st |  | 14 | 12 | 0.228 | 0.772 |
| 4:52-1st |  | 14 | 12 | 0.211 | 0.789 |
| 4:41-1st |  | 14 | 12 | 0.23 | 0.77 |
| 4:25-1st |  | 17 | 12 | 0.274 | 0.726 |
| 4:04-1st |  | 17 | 12 | 0.295 | 0.705 |
| 4:02-1st |  | 17 | 12 | 0.301 | 0.699 |
| 3:56-1st |  | 19 | 12 | 0.325 | 0.675 |
| 3:33-1st |  | 19 | 12 | 0.35 | 0.65 |
| 3:32-1st |  | 19 | 12 | 0.329 | 0.671 |
| 3:31-1st |  | 19 | 12 | 0.358 | 0.642 |
| 3:16-1st |  | 19 | 12 | 0.339 | 0.661 |
| 3:14-1st |  | 19 | 12 | 0.332 | 0.668 |
| 3:06-1st |  | 19 | 14 | 0.307 | 0.693 |
| 2:48-1st |  | 21 | 14 | 0.335 | 0.665 |
| 2:30-1st |  | 21 | 16 | 0.312 | 0.688 |
| 2:15-1st |  | 21 | 16 | 0.297 | 0.703 |
| 2:11-1st |  | 21 | 16 | 0.292 | 0.708 |
| 2:02-1st |  | 21 | 19 | 0.25 | 0.75 |
| 1:46-1st |  | 21 | 19 | 0.237 | 0.763 |
| 1:44-1st |  | 21 | 19 | 0.232 | 0.768 |
| 1:41-1st |  | 21 | 20 | 0.235 | 0.765 |
| 1:39-1st |  | 21 | 20 | 0.236 | 0.764 |
| 1:23-1st |  | 23 | 20 | 0.256 | 0.744 |
| 1:07-1st |  | 23 | 20 | 0.271 | 0.729 |
| 1:04-1st |  | 23 | 20 | 0.276 | 0.724 |
| 1:00-1st |  | 25 | 20 | 0.303 | 0.697 |
| 41.6-1st |  | 25 | 23 | 0.261 | 0.739 |
| 31.8-1st |  | 25 | 23 | 0.246 | 0.754 |
| 29.4-1st |  | 25 | 23 | 0.241 | 0.759 |
| 15.4-1st |  | 25 | 25 | 0.221 | 0.779 |
| 0.0-1st |  | 25 | 25 | 0.213 | 0.787 |
| 12:00-2nd |  | 25 | 25 | 0.213 | 0.787 |
| 11:53-2nd |  | 25 | 25 | 0.205 | 0.795 |
| 11:51-2nd |  | 25 | 27 | 0.187 | 0.813 |
| 11:40-2nd |  | 25 | 27 | 0.175 | 0.825 |
| 11:37-2nd |  | 25 | 27 | 0.17 | 0.83 |
| 11:22-2nd |  | 25 | 27 | 0.185 | 0.815 |
| 11:18-2nd |  | 25 | 27 | 0.19 | 0.81 |
| 11:06-2nd |  | 27 | 27 | 0.209 | 0.791 |
| 10:46-2nd |  | 27 | 27 | 0.227 | 0.773 |
| 10:43-2nd |  | 27 | 27 | 0.233 | 0.767 |
| 10:22-2nd |  | 29 | 27 | 0.256 | 0.744 |
| 10:06-2nd |  | 29 | 27 | 0.258 | 0.742 |
| 9:58-2nd |  | 31 | 29 | 0.259 | 0.741 |
| 9:47-2nd |  | 31 | 29 | 0.278 | 0.722 |
| 9:45-2nd |  | 31 | 29 | 0.284 | 0.716 |
| 9:42-2nd |  | 31 | 29 | 0.261 | 0.739 |
| 9:30-2nd |  | 31 | 32 | 0.218 | 0.782 |
| 9:04-2nd |  | 33 | 32 | 0.243 | 0.757 |
| 8:52-2nd |  | 33 | 32 | 0.266 | 0.734 |
| 8:32-2nd |  | 35 | 32 | 0.293 | 0.707 |
| 8:13-2nd |  | 35 | 32 | 0.323 | 0.677 |
| 8:08-2nd |  | 35 | 32 | 0.303 | 0.697 |
| 8:07-2nd |  | 35 | 32 | 0.324 | 0.676 |
| 8:02-2nd |  | 37 | 32 | 0.353 | 0.647 |
| 7:44-2nd |  | 37 | 32 | 0.378 | 0.622 |
| 7:43-2nd |  | 37 | 32 | 0.386 | 0.614 |
| 7:36-2nd |  | 40 | 32 | 0.449 | 0.551 |
| 7:35-2nd |  | 40 | 32 | 0.449 | 0.551 |
| 7:14-2nd |  | 40 | 32 | 0.479 | 0.521 |
| 7:10-2nd |  | 40 | 32 | 0.488 | 0.512 |
| 6:56-2nd |  | 42 | 32 | 0.524 | 0.476 |
| 6:41-2nd |  | 42 | 35 | 0.463 | 0.537 |
| 6:22-2nd |  | 42 | 35 | 0.463 | 0.537 |
| 6:16-2nd |  | 44 | 35 | 0.502 | 0.498 |
| 6:03-2nd |  | 44 | 37 | 0.471 | 0.529 |
| 5:51-2nd |  | 44 | 37 | 0.449 | 0.551 |
| 5:46-2nd |  | 44 | 37 | 0.441 | 0.559 |
| 5:36-2nd |  | 44 | 39 | 0.41 | 0.59 |
| 5:18-2nd |  | 44 | 39 | 0.412 | 0.588 |
| 5:11-2nd |  | 46 | 39 | 0.447 | 0.553 |
| 5:00-2nd |  | 46 | 39 | 0.476 | 0.524 |
| 4:59-2nd |  | 46 | 39 | 0.485 | 0.515 |
| 4:58-2nd |  | 46 | 39 | 0.483 | 0.517 |
| 4:40-2nd |  | 46 | 39 | 0.462 | 0.538 |
| 4:37-2nd |  | 46 | 39 | 0.454 | 0.546 |
| 4:28-2nd |  | 46 | 42 | 0.391 | 0.609 |
| 4:13-2nd |  | 46 | 42 | 0.371 | 0.629 |
| 4:10-2nd |  | 46 | 42 | 0.363 | 0.637 |
| 4:08-2nd |  | 46 | 42 | 0.395 | 0.605 |
| 3:51-2nd |  | 48 | 42 | 0.43 | 0.57 |
| 3:36-2nd |  | 48 | 45 | 0.369 | 0.631 |
| 3:35-2nd |  | 48 | 45 | 0.369 | 0.631 |
| 3:24-2nd |  | 48 | 45 | 0.347 | 0.653 |
| 3:22-2nd |  | 48 | 45 | 0.34 | 0.66 |
| 3:09-2nd |  | 48 | 45 | 0.374 | 0.626 |
| 3:07-2nd |  | 48 | 45 | 0.423 | 0.577 |
| 2:57-2nd |  | 50 | 45 | 0.407 | 0.593 |
| 2:46-2nd |  | 50 | 48 | 0.346 | 0.654 |
| 2:31-2nd |  | 52 | 48 | 0.379 | 0.621 |
| 2:23-2nd |  | 52 | 48 | 0.336 | 0.664 |
| 2:15-2nd |  | 52 | 48 | 0.381 | 0.619 |
| 2:13-2nd |  | 52 | 51 | 0.32 | 0.68 |
| 1:44-2nd |  | 52 | 51 | 0.302 | 0.698 |
| 1:41-2nd |  | 52 | 51 | 0.295 | 0.705 |
| 1:33-2nd |  | 52 | 54 | 0.244 | 0.756 |
| 1:14-2nd |  | 52 | 54 | 0.228 | 0.772 |
| 1:11-2nd |  | 52 | 54 | 0.246 | 0.754 |
| 1:10-2nd |  | 52 | 54 | 0.229 | 0.771 |
| 1:08-2nd |  | 52 | 54 | 0.223 | 0.777 |
| 1:01-2nd |  | 52 | 54 | 0.241 | 0.759 |
| 58.3-2nd |  | 52 | 54 | 0.247 | 0.753 |
| 42.4-2nd |  | 52 | 54 | 0.231 | 0.769 |
| 38.6-2nd |  | 52 | 54 | 0.226 | 0.774 |
| 29.1-2nd |  | 52 | 56 | 0.204 | 0.796 |
| 7.7-2nd |  | 52 | 56 | 0.181 | 0.819 |
| 2.0-2nd |  | 52 | 56 | 0.204 | 0.796 |
| 1.5-2nd |  | 55 | 56 | 0.255 | 0.745 |
| 0.0-2nd |  | 55 | 56 | 0.267 | 0.733 |
| 12:00-3rd |  | 55 | 56 | 0.267 | 0.733 |
| 11:46-3rd |  | 55 | 56 | 0.28 | 0.72 |
| 11:43-3rd |  | 55 | 56 | 0.281 | 0.719 |
| 11:24-3rd |  | 57 | 56 | 0.317 | 0.683 |
| 11:07-3rd |  | 57 | 56 | 0.341 | 0.659 |
| 11:05-3rd |  | 57 | 56 | 0.349 | 0.651 |
| 10:49-3rd |  | 59 | 56 | 0.387 | 0.613 |
| 10:24-3rd |  | 59 | 56 | 0.419 | 0.581 |
| 10:20-3rd |  | 59 | 56 | 0.429 | 0.571 |
| 10:00-3rd |  | 59 | 56 | 0.405 | 0.595 |
| 9:58-3rd |  | 59 | 56 | 0.396 | 0.604 |
| 9:49-3rd |  | 59 | 58 | 0.36 | 0.64 |
| 9:30-3rd |  | 61 | 58 | 0.4 | 0.6 |
| 9:28-3rd |  | 61 | 58 | 0.4 | 0.6 |
| 9:22-3rd |  | 61 | 58 | 0.431 | 0.569 |
| 9:17-3rd |  | 61 | 58 | 0.442 | 0.558 |
| 9:05-3rd |  | 61 | 58 | 0.414 | 0.586 |
| 9:03-3rd |  | 61 | 58 | 0.405 | 0.595 |
| 8:59-3rd |  | 61 | 60 | 0.37 | 0.63 |
| 8:41-3rd |  | 61 | 60 | 0.346 | 0.654 |
| 8:40-3rd |  | 61 | 60 | 0.338 | 0.662 |
| 8:33-3rd |  | 61 | 62 | 0.306 | 0.694 |
| 8:10-3rd |  | 61 | 62 | 0.285 | 0.715 |
| 8:07-3rd |  | 61 | 62 | 0.277 | 0.723 |
| 7:52-3rd |  | 61 | 62 | 0.303 | 0.697 |
| 7:48-3rd |  | 61 | 62 | 0.311 | 0.689 |
| 7:43-3rd |  | 61 | 62 | 0.279 | 0.721 |
| 7:38-3rd |  | 61 | 62 | 0.305 | 0.695 |
| 7:34-3rd |  | 61 | 62 | 0.313 | 0.687 |
| 7:17-3rd |  | 61 | 62 | 0.315 | 0.685 |
| 7:05-3rd |  | 64 | 62 | 0.388 | 0.612 |
| 6:43-3rd |  | 64 | 62 | 0.422 | 0.578 |
| 6:39-3rd |  | 64 | 62 | 0.433 | 0.567 |
| 6:37-3rd |  | 67 | 62 | 0.513 | 0.487 |
| 6:35-3rd |  | 67 | 62 | 0.514 | 0.486 |
| 6:19-3rd |  | 67 | 62 | 0.55 | 0.45 |
| 6:16-3rd |  | 67 | 64 | 0.479 | 0.521 |
| 5:54-3rd |  | 69 | 64 | 0.523 | 0.477 |
| 5:41-3rd |  | 69 | 64 | 0.56 | 0.44 |
| 5:38-3rd |  | 69 | 64 | 0.572 | 0.428 |
| 5:25-3rd |  | 69 | 64 | 0.53 | 0.47 |
| 5:15-3rd |  | 69 | 64 | 0.533 | 0.467 |
| 5:05-3rd |  | 69 | 64 | 0.568 | 0.432 |
| 5:03-3rd |  | 69 | 64 | 0.58 | 0.42 |
| 5:00-3rd |  | 71 | 64 | 0.624 | 0.376 |
| 4:40-3rd |  | 71 | 64 | 0.63 | 0.37 |
| 4:34-3rd |  | 71 | 66 | 0.588 | 0.412 |
| 4:08-3rd |  | 71 | 66 | 0.559 | 0.441 |
| 4:06-3rd |  | 71 | 66 | 0.595 | 0.405 |
| 3:57-3rd |  | 71 | 66 | 0.561 | 0.439 |
| 3:55-3rd |  | 71 | 66 | 0.55 | 0.45 |
| 3:40-3rd |  | 71 | 66 | 0.591 | 0.409 |
| 3:37-3rd |  | 71 | 66 | 0.604 | 0.396 |
| 3:19-3rd |  | 71 | 66 | 0.572 | 0.428 |
| 3:18-3rd |  | 71 | 66 | 0.609 | 0.391 |
| 3:13-3rd |  | 71 | 66 | 0.574 | 0.426 |
| 3:12-3rd |  | 71 | 66 | 0.611 | 0.389 |
| 3:01-3rd |  | 71 | 66 | 0.577 | 0.423 |
| 2:59-3rd |  | 71 | 66 | 0.615 | 0.385 |
| 2:58-3rd |  | 71 | 66 | 0.578 | 0.422 |
| 2:55-3rd |  | 71 | 66 | 0.567 | 0.433 |
| 2:47-3rd |  | 71 | 66 | 0.606 | 0.394 |
| 2:43-3rd |  | 71 | 66 | 0.62 | 0.38 |
| 2:38-3rd |  | 71 | 66 | 0.571 | 0.429 |
| 2:24-3rd |  | 71 | 66 | 0.625 | 0.375 |
| 2:20-3rd |  | 74 | 66 | 0.714 | 0.286 |
| 2:07-3rd |  | 74 | 66 | 0.758 | 0.242 |
| 2:03-3rd |  | 76 | 66 | 0.795 | 0.205 |
| 1:54-3rd |  | 76 | 68 | 0.762 | 0.238 |
| 1:40-3rd |  | 76 | 68 | 0.727 | 0.273 |
| 1:31-3rd |  | 76 | 70 | 0.686 | 0.314 |
| 1:18-3rd |  | 76 | 70 | 0.643 | 0.357 |
| 1:09-3rd |  | 76 | 71 | 0.646 | 0.354 |
| 53.5-3rd |  | 76 | 71 | 0.597 | 0.403 |
| 46.4-3rd |  | 76 | 74 | 0.506 | 0.494 |
| 31.1-3rd |  | 79 | 74 | 0.602 | 0.398 |
| 19.4-3rd |  | 79 | 74 | 0.647 | 0.353 |
| 17.1-3rd |  | 79 | 74 | 0.66 | 0.34 |
| 0.1-3rd |  | 79 | 74 | 0.65 | 0.35 |
| 0.0-3rd |  | 79 | 74 | 0.623 | 0.377 |
| 12:00-4th |  | 79 | 74 | 0.623 | 0.377 |
| 11:48-4th |  | 81 | 74 | 0.718 | 0.282 |
| 11:30-4th |  | 81 | 74 | 0.771 | 0.229 |
| 11:17-4th |  | 81 | 74 | 0.728 | 0.272 |
| 11:02-4th |  | 81 | 76 | 0.69 | 0.31 |
| 10:48-4th |  | 81 | 76 | 0.703 | 0.297 |
| 10:38-4th |  | 83 | 76 | 0.754 | 0.246 |
| 10:26-4th |  | 83 | 79 | 0.662 | 0.338 |
| 10:10-4th |  | 83 | 79 | 0.623 | 0.377 |
| 10:09-4th |  | 83 | 79 | 0.598 | 0.402 |
| 10:01-4th |  | 83 | 81 | 0.557 | 0.443 |
| 9:40-4th |  | 85 | 81 | 0.613 | 0.387 |
| 9:23-4th |  | 85 | 84 | 0.507 | 0.493 |
| 8:56-4th |  | 85 | 84 | 0.454 | 0.546 |
| 8:52-4th |  | 85 | 84 | 0.499 | 0.501 |
| 8:49-4th |  | 85 | 84 | 0.515 | 0.485 |
| 8:31-4th |  | 85 | 84 | 0.54 | 0.46 |
| 8:19-4th |  | 85 | 84 | 0.485 | 0.515 |
| 8:16-4th |  | 85 | 84 | 0.47 | 0.53 |
| 8:09-4th |  | 85 | 84 | 0.517 | 0.483 |
| 8:06-4th |  | 85 | 84 | 0.533 | 0.467 |
| 8:01-4th |  | 85 | 84 | 0.472 | 0.528 |
| 7:48-4th |  | 85 | 86 | 0.42 | 0.58 |
| 7:36-4th |  | 88 | 86 | 0.54 | 0.46 |
| 7:21-4th |  | 88 | 89 | 0.422 | 0.578 |
| 7:08-4th |  | 88 | 89 | 0.53 | 0.47 |
| 6:57-4th |  | 88 | 89 | 0.373 | 0.627 |
| 6:49-4th |  | 88 | 89 | 0.359 | 0.641 |
| 6:39-4th |  | 88 | 89 | 0.418 | 0.582 |
| 6:37-4th |  | 89 | 89 | 0.431 | 0.569 |
| 6:14-4th |  | 89 | 92 | 0.31 | 0.69 |
| 5:50-4th |  | 91 | 92 | 0.369 | 0.631 |
| 5:34-4th |  | 91 | 93 | 0.365 | 0.635 |
| 5:17-4th |  | 93 | 93 | 0.43 | 0.57 |
| 5:01-4th |  | 93 | 93 | 0.49 | 0.51 |
| 4:57-4th |  | 93 | 93 | 0.51 | 0.49 |
| 4:40-4th |  | 93 | 93 | 0.454 | 0.546 |
| 4:37-4th |  | 93 | 93 | 0.435 | 0.565 |
| 4:20-4th |  | 93 | 93 | 0.498 | 0.502 |
| 4:15-4th |  | 93 | 93 | 0.519 | 0.481 |
| 4:00-4th |  | 93 | 93 | 0.46 | 0.54 |
| 3:57-4th |  | 93 | 93 | 0.44 | 0.56 |
| 3:45-4th |  | 93 | 95 | 0.369 | 0.631 |
| 3:22-4th |  | 93 | 95 | 0.313 | 0.687 |
| 3:21-4th |  | 93 | 95 | 0.37 | 0.63 |
| 3:19-4th |  | 93 | 95 | 0.294 | 0.706 |
| 3:06-4th |  | 93 | 95 | 0.352 | 0.648 |
| 3:02-4th |  | 93 | 95 | 0.371 | 0.629 |
| 2:54-4th |  | 93 | 95 | 0.311 | 0.689 |
| 2:51-4th |  | 93 | 95 | 0.291 | 0.709 |
| 2:32-4th |  | 93 | 95 | 0.35 | 0.65 |
| 2:29-4th |  | 93 | 95 | 0.372 | 0.628 |
| 2:13-4th |  | 93 | 95 | 0.282 | 0.718 |
| 1:59-4th |  | 93 | 97 | 0.207 | 0.793 |
| 1:49-4th |  | 93 | 97 | 0.157 | 0.843 |
| 1:47-4th |  | 93 | 97 | 0.14 | 0.86 |
| 1:33-4th |  | 93 | 97 | 0.199 | 0.801 |
| 1:27-4th |  | 95 | 97 | 0.268 | 0.732 |
| 1:09-4th |  | 95 | 97 | 0.35 | 0.65 |
| 1:07-4th |  | 95 | 97 | 0.38 | 0.62 |
| 55.2-4th |  | 98 | 97 | 0.56 | 0.44 |
| 35.8-4th |  | 98 | 97 | 0.676 | 0.324 |
| 29.9-4th |  | 98 | 97 | 0.72 | 0.28 |
| 8.4-4th |  | 98 | 97 | 0.765 | 0.235 |
| 6.3-4th |  | 98 | 97 | 0.804 | 0.196 |
| 6.0-4th |  | 98 | 97 | 0.813 | 0.187 |
| 3.7-4th |  | 98 | 97 | 0.288 | 0.712 |
| 1.8-4th | TARGET | 98 | 97 | 0.941 | 0.059 |
| 0.8-4th |  | 98 | 97 | 0.964 | 0.036 |
| 0.0-4th |  | 98 | 97 | 1.0 | 0.0 |

Question

Which event most likely happened at the marked missing position?

Answer Choices

A. Player 1 (Team A) makes driving layup (Player 2 (Team A) assists)
B. Player 1 (Team A) misses 8-foot two point shot
C. Player 1 (Team B) misses 35-foot three point jumper
D. Player 16 (Team B) misses layup

Response Format

Return exactly one JSON object:

{
  "answer": "<A|B|C|D>",
  "rationale": "<brief evidence-based justification in 1-3 sentences>",
  "evidence_event_ids": [],
  "evidence_series_times": []
}

Use only event IDs and time labels that are provided above and that support the answer. Use an empty array when the corresponding evidence type is unavailable or unused. Return only the JSON object.
