Task

Reconstruct the missing event in this basketball game. Use the available numerical time-series evidence around the marked row to select the most likely event.

Game

Team A versus Team B, season 22-23.

Time Series

| Game time | Marker | Team A score | Team B score | Team A win probability | Team B win probability |
| --- | --- | --- | --- | --- | --- |
| 12:00-1st |  | 0.0 | 0.0 | 0.851 | 0.149 |
| 11:44-1st |  | 0.0 | 0.0 | 0.842 | 0.158 |
| 11:40-1st |  | 0.0 | 0.0 | 0.85 | 0.15 |
| 11:33-1st |  | 0.0 | 0.0 | 0.841 | 0.159 |
| 11:31-1st |  | 0.0 | 0.0 | 0.838 | 0.162 |
| 11:16-1st |  | 0.0 | 2.0 | 0.82 | 0.18 |
| 11:09-1st |  | 0.0 | 2.0 | 0.809 | 0.191 |
| 11:08-1st |  | 0.0 | 2.0 | 0.805 | 0.195 |
| 10:58-1st |  | 0.0 | 2.0 | 0.815 | 0.185 |
| 10:55-1st |  | 0.0 | 2.0 | 0.819 | 0.181 |
| 10:49-1st |  | 2.0 | 2.0 | 0.835 | 0.165 |
| 10:27-1st |  | 2.0 | 4.0 | 0.816 | 0.184 |
| 10:11-1st |  | 2.0 | 4.0 | 0.8 | 0.2 |
| 9:57-1st |  | 2.0 | 7.0 | 0.764 | 0.236 |
| 9:48-1st |  | 5.0 | 7.0 | 0.797 | 0.203 |
| 9:32-1st |  | 5.0 | 7.0 | 0.811 | 0.189 |
| 9:17-1st |  | 8.0 | 7.0 | 0.84 | 0.16 |
| 9:04-1st |  | 8.0 | 7.0 | 0.851 | 0.149 |
| 9:00-1st |  | 8.0 | 7.0 | 0.855 | 0.145 |
| 8:55-1st |  | 8.0 | 7.0 | 0.842 | 0.158 |
| 8:50-1st |  | 8.0 | 7.0 | 0.838 | 0.162 |
| 8:43-1st |  | 8.0 | 7.0 | 0.848 | 0.152 |
| 8:39-1st |  | 8.0 | 7.0 | 0.837 | 0.163 |
| 8:34-1st |  | 8.0 | 7.0 | 0.847 | 0.153 |
| 8:31-1st |  | 8.0 | 7.0 | 0.851 | 0.149 |
| 8:23-1st |  | 10.0 | 7.0 | 0.862 | 0.138 |
| 7:59-1st |  | 10.0 | 7.0 | 0.87 | 0.13 |
| 7:56-1st |  | 10.0 | 7.0 | 0.874 | 0.126 |
| 7:48-1st |  | 11.0 | 7.0 | 0.872 | 0.128 |
| 7:45-1st |  | 11.0 | 7.0 | 0.872 | 0.128 |
| 7:36-1st |  | 11.0 | 9.0 | 0.86 | 0.14 |
| 7:24-1st |  | 13.0 | 9.0 | 0.871 | 0.129 |
| 7:10-1st |  | 13.0 | 9.0 | 0.879 | 0.121 |
| 7:07-1st |  | 13.0 | 9.0 | 0.882 | 0.118 |
| 6:57-1st |  | 13.0 | 9.0 | 0.873 | 0.127 |
| 6:53-1st |  | 13.0 | 9.0 | 0.869 | 0.131 |
| 6:45-1st |  | 13.0 | 10.0 | 0.857 | 0.143 |
| 6:41-1st |  | 13.0 | 10.0 | 0.869 | 0.131 |
| 6:30-1st |  | 13.0 | 10.0 | 0.865 | 0.135 |
| 6:26-1st |  | 13.0 | 10.0 | 0.856 | 0.144 |
| 6:24-1st |  | 13.0 | 10.0 | 0.868 | 0.132 |
| 6:12-1st |  | 13.0 | 10.0 | 0.858 | 0.142 |
| 6:08-1st |  | 13.0 | 10.0 | 0.854 | 0.146 |
| 6:00-1st |  | 13.0 | 10.0 | 0.863 | 0.137 |
| 5:57-1st |  | 13.0 | 10.0 | 0.867 | 0.133 |
| 5:47-1st |  | 15.0 | 10.0 | 0.878 | 0.122 |
| 5:30-1st |  | 15.0 | 12.0 | 0.865 | 0.135 |
| 5:13-1st |  | 15.0 | 12.0 | 0.854 | 0.146 |
| 5:11-1st |  | 15.0 | 12.0 | 0.864 | 0.136 |
| 5:03-1st |  | 15.0 | 12.0 | 0.853 | 0.147 |
| 5:00-1st |  | 15.0 | 12.0 | 0.85 | 0.15 |
| 4:55-1st |  | 15.0 | 14.0 | 0.835 | 0.165 |
| 4:46-1st |  | 18.0 | 14.0 | 0.862 | 0.138 |
| 4:33-1st |  | 18.0 | 14.0 | 0.871 | 0.129 |
| 4:31-1st |  | 18.0 | 14.0 | 0.861 | 0.139 |
| 4:30-1st |  | 18.0 | 16.0 | 0.847 | 0.153 |
| 4:19-1st |  | 18.0 | 16.0 | 0.845 | 0.155 |
| 4:15-1st |  | 18.0 | 16.0 | 0.834 | 0.166 |
| 4:10-1st |  | 18.0 | 16.0 | 0.83 | 0.17 |
| 4:02-1st |  | 18.0 | 16.0 | 0.841 | 0.159 |
| 4:00-1st |  | 18.0 | 16.0 | 0.844 | 0.156 |
| 3:56-1st |  | 20.0 | 16.0 | 0.858 | 0.142 |
| 3:40-1st |  | 20.0 | 16.0 | 0.867 | 0.133 |
| 3:32-1st |  | 20.0 | 16.0 | 0.867 | 0.133 |
| 3:31-1st |  | 20.0 | 16.0 | 0.87 | 0.13 |
| 3:26-1st |  | 22.0 | 16.0 | 0.882 | 0.118 |
| 3:23-1st |  | 22.0 | 16.0 | 0.863 | 0.137 |
| 3:10-1st |  | 22.0 | 18.0 | 0.869 | 0.131 |
| 2:54-1st |  | 24.0 | 18.0 | 0.88 | 0.12 |
| 2:34-1st |  | 24.0 | 18.0 | 0.888 | 0.112 |
| 2:32-1st |  | 24.0 | 18.0 | 0.879 | 0.121 |
| 2:29-1st |  | 24.0 | 21.0 | 0.852 | 0.148 |
| 2:22-1st |  | 24.0 | 21.0 | 0.851 | 0.149 |
| 2:13-1st |  | 24.0 | 21.0 | 0.841 | 0.159 |
| 2:10-1st |  | 24.0 | 21.0 | 0.837 | 0.163 |
| 2:02-1st |  | 24.0 | 21.0 | 0.846 | 0.154 |
| 1:59-1st |  | 24.0 | 21.0 | 0.849 | 0.151 |
| 1:48-1st |  | 24.0 | 21.0 | 0.839 | 0.161 |
| 1:45-1st |  | 24.0 | 21.0 | 0.836 | 0.164 |
| 1:24-1st |  | 24.0 | 21.0 | 0.844 | 0.156 |
| 1:23-1st |  | 24.0 | 23.0 | 0.82 | 0.18 |
| 1:12-1st |  | 26.0 | 23.0 | 0.833 | 0.167 |
| 57.0-1st |  | 26.0 | 25.0 | 0.818 | 0.182 |
| 50.1-1st |  | 26.0 | 25.0 | 0.802 | 0.198 |
| 46.1-1st |  | 26.0 | 25.0 | 0.797 | 0.203 |
| 42.1-1st |  | 26.0 | 26.0 | 0.795 | 0.205 |
| 31.1-1st |  | 28.0 | 26.0 | 0.814 | 0.186 |
| 15.1-1st |  | 28.0 | 27.0 | 0.813 | 0.187 |
| 13.0-1st |  | 28.0 | 27.0 | 0.812 | 0.188 |
| 4.1-1st |  | 31.0 | 27.0 | 0.847 | 0.153 |
| 0.0-1st |  | 31.0 | 27.0 | 0.85 | 0.15 |
| 12:00-2nd |  | 31.0 | 27.0 | 0.85 | 0.15 |
| 11:51-2nd |  | 31.0 | 27.0 | 0.859 | 0.141 |
| 11:38-2nd |  | 33.0 | 27.0 | 0.871 | 0.129 |
| 11:18-2nd |  | 33.0 | 27.0 | 0.88 | 0.12 |
| 11:16-2nd |  | 33.0 | 27.0 | 0.883 | 0.117 |
| 11:09-2nd |  | 36.0 | 27.0 | 0.906 | 0.094 |
| 10:54-2nd |  | 36.0 | 29.0 | 0.895 | 0.105 |
| 10:48-2nd |  | 36.0 | 29.0 | 0.894 | 0.106 |
| 10:43-2nd |  | 36.0 | 29.0 | 0.881 | 0.119 |
| 10:41-2nd |  | 36.0 | 29.0 | 0.894 | 0.106 |
| 10:37-2nd |  | 36.0 | 29.0 | 0.884 | 0.116 |
| 10:32-2nd |  | 36.0 | 29.0 | 0.881 | 0.119 |
| 10:24-2nd |  | 36.0 | 29.0 | 0.89 | 0.11 |
| 10:21-2nd |  | 36.0 | 29.0 | 0.893 | 0.107 |
| 10:19-2nd |  | 36.0 | 29.0 | 0.884 | 0.116 |
| 10:15-2nd |  | 36.0 | 29.0 | 0.88 | 0.12 |
| 10:11-2nd |  | 36.0 | 29.0 | 0.88 | 0.12 |
| 10:08-2nd |  | 36.0 | 29.0 | 0.893 | 0.107 |
| 10:03-2nd |  | 36.0 | 30.0 | 0.866 | 0.134 |
| 9:54-2nd |  | 36.0 | 30.0 | 0.865 | 0.135 |
| 9:33-2nd |  | 36.0 | 32.0 | 0.85 | 0.15 |
| 9:26-2nd |  | 38.0 | 32.0 | 0.864 | 0.136 |
| 9:19-2nd |  | 38.0 | 32.0 | 0.864 | 0.136 |
| 9:01-2nd |  | 38.0 | 32.0 | 0.873 | 0.127 |
| 8:58-2nd |  | 38.0 | 32.0 | 0.877 | 0.123 |
| 8:55-2nd |  | 41.0 | 32.0 | 0.901 | 0.099 |
| 8:42-2nd |  | 41.0 | 34.0 | 0.89 | 0.11 |
| 8:24-2nd |  | 41.0 | 34.0 | 0.879 | 0.121 |
| 8:20-2nd |  | 41.0 | 34.0 | 0.875 | 0.125 |
| 8:15-2nd |  | 41.0 | 37.0 | 0.845 | 0.155 |
| 8:02-2nd |  | 41.0 | 37.0 | 0.831 | 0.169 |
| 7:59-2nd |  | 41.0 | 37.0 | 0.827 | 0.173 |
| 7:45-2nd |  | 41.0 | 37.0 | 0.839 | 0.161 |
| 7:41-2nd |  | 41.0 | 37.0 | 0.825 | 0.175 |
| 7:39-2nd |  | 41.0 | 37.0 | 0.838 | 0.162 |
| 7:37-2nd |  | 41.0 | 37.0 | 0.843 | 0.157 |
| 7:35-2nd |  | 41.0 | 37.0 | 0.866 | 0.134 |
| 7:27-2nd |  | 41.0 | 37.0 | 0.829 | 0.171 |
| 7:24-2nd |  | 41.0 | 37.0 | 0.824 | 0.176 |
| 7:20-2nd |  | 41.0 | 37.0 | 0.837 | 0.163 |
| 7:18-2nd |  | 41.0 | 37.0 | 0.841 | 0.159 |
| 7:09-2nd |  | 43.0 | 37.0 | 0.857 | 0.143 |
| 7:08-2nd |  | 43.0 | 37.0 | 0.857 | 0.143 |
| 6:54-2nd |  | 43.0 | 37.0 | 0.868 | 0.132 |
| 6:50-2nd |  | 43.0 | 37.0 | 0.872 | 0.128 |
| 6:48-2nd |  | 45.0 | 37.0 | 0.885 | 0.115 |
| 6:27-2nd |  | 45.0 | 39.0 | 0.871 | 0.129 |
| 6:13-2nd |  | 45.0 | 39.0 | 0.854 | 0.146 |
| 6:02-2nd |  | 45.0 | 39.0 | 0.866 | 0.134 |
| 6:00-2nd |  | 45.0 | 39.0 | 0.87 | 0.13 |
| 5:53-2nd |  | 47.0 | 39.0 | 0.883 | 0.117 |
| 5:32-2nd |  | 47.0 | 39.0 | 0.892 | 0.108 |
| 5:29-2nd |  | 47.0 | 39.0 | 0.896 | 0.104 |
| 5:10-2nd |  | 50.0 | 39.0 | 0.919 | 0.081 |
| 4:53-2nd |  | 50.0 | 39.0 | 0.926 | 0.074 |
| 4:51-2nd |  | 50.0 | 39.0 | 0.919 | 0.081 |
| 4:50-2nd |  | 50.0 | 39.0 | 0.926 | 0.074 |
| 4:48-2nd |  | 50.0 | 39.0 | 0.929 | 0.071 |
| 4:45-2nd |  | 52.0 | 39.0 | 0.938 | 0.062 |
| 4:30-2nd |  | 52.0 | 39.0 | 0.946 | 0.054 |
| 4:17-2nd |  | 53.0 | 39.0 | 0.946 | 0.054 |
| 4:07-2nd |  | 53.0 | 39.0 | 0.946 | 0.054 |
| 3:57-2nd |  | 53.0 | 39.0 | 0.952 | 0.048 |
| 3:54-2nd |  | 53.0 | 39.0 | 0.954 | 0.046 |
| 3:42-2nd |  | 53.0 | 39.0 | 0.948 | 0.052 |
| 3:38-2nd |  | 53.0 | 39.0 | 0.954 | 0.046 |
| 3:35-2nd |  | 53.0 | 39.0 | 0.948 | 0.052 |
| 3:32-2nd |  | 53.0 | 39.0 | 0.947 | 0.053 |
| 3:25-2nd |  | 53.0 | 40.0 | 0.947 | 0.053 |
| 3:24-2nd |  | 53.0 | 40.0 | 0.938 | 0.062 |
| 3:18-2nd |  | 53.0 | 40.0 | 0.938 | 0.062 |
| 3:09-2nd |  | 53.0 | 40.0 | 0.947 | 0.053 |
| 3:04-2nd |  | 55.0 | 40.0 | 0.954 | 0.046 |
| 2:49-2nd |  | 55.0 | 40.0 | 0.959 | 0.041 |
| 2:45-2nd |  | 55.0 | 40.0 | 0.961 | 0.039 |
| 2:37-2nd |  | 55.0 | 40.0 | 0.956 | 0.044 |
| 2:35-2nd |  | 55.0 | 40.0 | 0.954 | 0.046 |
| 2:31-2nd |  | 55.0 | 42.0 | 0.947 | 0.053 |
| 2:26-2nd |  | 55.0 | 42.0 | 0.947 | 0.053 |
| 2:20-2nd |  | 55.0 | 42.0 | 0.94 | 0.06 |
| 2:17-2nd |  | 55.0 | 42.0 | 0.938 | 0.062 |
| 2:15-2nd |  | 55.0 | 44.0 | 0.929 | 0.071 |
| 2:04-2nd |  | 55.0 | 44.0 | 0.92 | 0.08 |
| 2:01-2nd |  | 55.0 | 44.0 | 0.917 | 0.083 |
| 1:43-2nd |  | 55.0 | 44.0 | 0.926 | 0.074 |
| 1:40-2nd |  | 55.0 | 44.0 | 0.929 | 0.071 |
| 1:32-2nd |  | 55.0 | 44.0 | 0.917 | 0.083 |
| 1:17-2nd |  | 55.0 | 44.0 | 0.929 | 0.071 |
| 1:14-2nd |  | 55.0 | 44.0 | 0.916 | 0.084 |
| 1:12-2nd |  | 55.0 | 46.0 | 0.904 | 0.096 |
| 1:03-2nd |  | 55.0 | 46.0 | 0.892 | 0.108 |
| 49.1-2nd |  | 55.0 | 48.0 | 0.877 | 0.123 |
| 32.1-2nd |  | 55.0 | 48.0 | 0.858 | 0.142 |
| 28.0-2nd |  | 55.0 | 49.0 | 0.857 | 0.143 |
| 12.0-2nd |  | 57.0 | 49.0 | 0.876 | 0.124 |
| 1.1-2nd |  | 57.0 | 51.0 | 0.858 | 0.142 |
| 0.0-2nd |  | 57.0 | 51.0 | 0.846 | 0.154 |
| 12:00-3rd |  | 57.0 | 51.0 | 0.846 | 0.154 |
| 11:39-3rd |  | 57.0 | 53.0 | 0.817 | 0.183 |
| 11:17-3rd |  | 59.0 | 53.0 | 0.837 | 0.163 |
| 11:07-3rd |  | 59.0 | 56.0 | 0.792 | 0.208 |
| 10:50-3rd |  | 59.0 | 56.0 | 0.771 | 0.229 |
| 10:42-3rd |  | 61.0 | 56.0 | 0.815 | 0.185 |
| 10:32-3rd |  | 61.0 | 58.0 | 0.79 | 0.21 |
| 10:22-3rd |  | 64.0 | 58.0 | 0.835 | 0.165 |
| 10:10-3rd |  | 64.0 | 58.0 | 0.833 | 0.167 |
| 10:01-3rd |  | 64.0 | 58.0 | 0.85 | 0.15 |
| 9:58-3rd |  | 64.0 | 58.0 | 0.855 | 0.145 |
| 9:48-3rd |  | 67.0 | 58.0 | 0.889 | 0.111 |
| 9:33-3rd |  | 67.0 | 60.0 | 0.873 | 0.127 |
| 9:20-3rd |  | 69.0 | 60.0 | 0.889 | 0.111 |
| 9:04-3rd |  | 69.0 | 62.0 | 0.873 | 0.127 |
| 8:52-3rd |  | 69.0 | 62.0 | 0.852 | 0.148 |
| 8:50-3rd |  | 69.0 | 62.0 | 0.872 | 0.128 |
| 8:45-3rd |  | 69.0 | 62.0 | 0.857 | 0.143 |
| 8:43-3rd |  | 69.0 | 62.0 | 0.872 | 0.128 |
| 8:35-3rd |  | 69.0 | 62.0 | 0.851 | 0.149 |
| 8:31-3rd |  | 69.0 | 64.0 | 0.831 | 0.169 |
| 8:20-3rd |  | 69.0 | 64.0 | 0.813 | 0.187 |
| 8:18-3rd |  | 69.0 | 64.0 | 0.831 | 0.169 |
| 8:09-3rd |  | 72.0 | 64.0 | 0.87 | 0.13 |
| 7:47-3rd |  | 72.0 | 64.0 | 0.884 | 0.116 |
| 7:43-3rd |  | 72.0 | 64.0 | 0.889 | 0.111 |
| 7:40-3rd |  | 72.0 | 64.0 | 0.875 | 0.125 |
| 7:35-3rd |  | 72.0 | 64.0 | 0.87 | 0.13 |
| 7:17-3rd |  | 72.0 | 66.0 | 0.853 | 0.147 |
| 7:06-3rd |  | 72.0 | 66.0 | 0.851 | 0.149 |
| 6:59-3rd |  | 74.0 | 66.0 | 0.87 | 0.13 |
| 6:52-3rd |  | 74.0 | 69.0 | 0.828 | 0.172 |
| 6:36-3rd |  | 74.0 | 69.0 | 0.808 | 0.192 |
| 6:34-3rd |  | 76.0 | 69.0 | 0.851 | 0.149 |
| 6:18-3rd |  | 76.0 | 71.0 | 0.827 | 0.173 |
| 6:05-3rd |  | 78.0 | 71.0 | 0.851 | 0.149 |
| 5:51-3rd |  | 78.0 | 73.0 | 0.827 | 0.173 |
| 5:38-3rd |  | 78.0 | 73.0 | 0.806 | 0.194 |
| 5:36-3rd |  | 78.0 | 74.0 | 0.8 | 0.2 |
| 5:25-3rd |  | 78.0 | 74.0 | 0.778 | 0.222 |
| 5:21-3rd |  | 78.0 | 74.0 | 0.77 | 0.23 |
| 5:12-3rd |  | 78.0 | 77.0 | 0.705 | 0.295 |
| 4:54-3rd |  | 81.0 | 77.0 | 0.769 | 0.231 |
| 4:37-3rd |  | 81.0 | 77.0 | 0.79 | 0.21 |
| 4:36-3rd |  | 81.0 | 79.0 | 0.736 | 0.264 |
| 4:21-3rd |  | 81.0 | 79.0 | 0.709 | 0.291 |
| 4:16-3rd |  | 81.0 | 79.0 | 0.735 | 0.265 |
| 4:15-3rd |  | 83.0 | 79.0 | 0.767 | 0.233 |
| 3:59-3rd |  | 83.0 | 81.0 | 0.733 | 0.267 |
| 3:45-3rd |  | 83.0 | 81.0 | 0.705 | 0.295 |
| 3:43-3rd |  | 83.0 | 81.0 | 0.732 | 0.268 |
| 3:38-3rd |  | 85.0 | 81.0 | 0.764 | 0.236 |
| 3:25-3rd |  | 85.0 | 81.0 | 0.787 | 0.213 |
| 3:21-3rd |  | 85.0 | 81.0 | 0.795 | 0.205 |
| 3:19-3rd |  | 87.0 | 81.0 | 0.823 | 0.177 |
| 3:03-3rd |  | 87.0 | 84.0 | 0.764 | 0.236 |
| 2:58-3rd |  | 87.0 | 84.0 | 0.727 | 0.273 |
| 2:52-3rd |  | 89.0 | 84.0 | 0.79 | 0.21 |
| 2:39-3rd |  | 89.0 | 86.0 | 0.762 | 0.238 |
| 2:14-3rd |  | 89.0 | 86.0 | 0.733 | 0.267 |
| 2:10-3rd |  | 89.0 | 86.0 | 0.761 | 0.239 |
| 2:00-3rd |  | 92.0 | 86.0 | 0.821 | 0.179 |
| 1:38-3rd |  | 92.0 | 86.0 | 0.845 | 0.155 |
| 1:34-3rd |  | 92.0 | 86.0 | 0.854 | 0.146 |
| 1:27-3rd |  | 92.0 | 86.0 | 0.829 | 0.171 |
| 1:24-3rd |  | 92.0 | 86.0 | 0.821 | 0.179 |
| 1:03-3rd |  | 92.0 | 86.0 | 0.846 | 0.154 |
| 1:00-3rd |  | 92.0 | 88.0 | 0.794 | 0.206 |
| 47.1-3rd |  | 94.0 | 88.0 | 0.821 | 0.179 |
| 32.0-3rd |  | 94.0 | 90.0 | 0.795 | 0.205 |
| 8.1-3rd |  | 94.0 | 90.0 | 0.765 | 0.235 |
| 3.1-3rd |  | 94.0 | 90.0 | 0.794 | 0.206 |
| 0.0-3rd |  | 94.0 | 90.0 | 0.774 | 0.226 |
| 12:00-4th |  | 94.0 | 91.0 | 0.722 | 0.278 |
| 11:45-4th | TARGET | 97.0 | 91.0 | 0.827 | 0.173 |
| 11:30-4th |  | 97.0 | 93.0 | 0.792 | 0.208 |
| 11:07-4th |  | 97.0 | 93.0 | 0.796 | 0.204 |
| 11:06-4th |  | 97.0 | 93.0 | 0.75 | 0.25 |
| 10:47-4th |  | 97.0 | 93.0 | 0.782 | 0.218 |
| 10:45-4th |  | 97.0 | 93.0 | 0.75 | 0.25 |
| 10:44-4th |  | 97.0 | 95.0 | 0.708 | 0.292 |
| 10:22-4th |  | 99.0 | 95.0 | 0.75 | 0.25 |
| 10:01-4th |  | 99.0 | 95.0 | 0.793 | 0.207 |
| 9:52-4th |  | 99.0 | 95.0 | 0.761 | 0.239 |
| 9:50-4th |  | 99.0 | 95.0 | 0.75 | 0.25 |
| 9:43-4th |  | 99.0 | 95.0 | 0.783 | 0.217 |
| 9:41-4th |  | 99.0 | 95.0 | 0.75 | 0.25 |
| 9:37-4th |  | 99.0 | 95.0 | 0.783 | 0.217 |
| 9:33-4th |  | 99.0 | 95.0 | 0.794 | 0.206 |
| 9:30-4th |  | 102.0 | 95.0 | 0.86 | 0.14 |
| 9:28-4th |  | 102.0 | 95.0 | 0.861 | 0.139 |
| 9:18-4th |  | 102.0 | 95.0 | 0.891 | 0.109 |
| 9:15-4th |  | 104.0 | 95.0 | 0.914 | 0.086 |
| 8:59-4th |  | 104.0 | 95.0 | 0.936 | 0.064 |
| 8:43-4th |  | 106.0 | 95.0 | 0.954 | 0.046 |
| 8:40-4th |  | 106.0 | 95.0 | 0.954 | 0.046 |
| 8:28-4th |  | 106.0 | 97.0 | 0.941 | 0.059 |
| 8:16-4th |  | 106.0 | 97.0 | 0.927 | 0.073 |
| 8:12-4th |  | 106.0 | 97.0 | 0.922 | 0.078 |
| 8:05-4th |  | 106.0 | 97.0 | 0.938 | 0.062 |
| 8:00-4th |  | 106.0 | 97.0 | 0.943 | 0.057 |
| 7:51-4th |  | 108.0 | 97.0 | 0.958 | 0.042 |
| 7:35-4th |  | 108.0 | 97.0 | 0.968 | 0.032 |
| 7:33-4th |  | 108.0 | 97.0 | 0.971 | 0.029 |
| 7:18-4th |  | 108.0 | 97.0 | 0.962 | 0.038 |
| 7:13-4th |  | 108.0 | 97.0 | 0.97 | 0.03 |
| 7:10-4th |  | 108.0 | 97.0 | 0.962 | 0.038 |
| 7:06-4th |  | 108.0 | 97.0 | 0.971 | 0.029 |
| 7:04-4th |  | 108.0 | 97.0 | 0.974 | 0.026 |
| 6:54-4th |  | 111.0 | 97.0 | 0.987 | 0.013 |
| 6:48-4th |  | 111.0 | 97.0 | 0.988 | 0.012 |
| 6:28-4th |  | 111.0 | 99.0 | 0.984 | 0.016 |
| 6:11-4th |  | 111.0 | 99.0 | 0.979 | 0.021 |
| 6:09-4th |  | 111.0 | 99.0 | 0.985 | 0.015 |
| 6:07-4th |  | 113.0 | 99.0 | 0.99 | 0.01 |
| 5:51-4th |  | 113.0 | 101.0 | 0.986 | 0.014 |
| 5:32-4th |  | 113.0 | 101.0 | 0.982 | 0.018 |
| 5:29-4th |  | 113.0 | 101.0 | 0.987 | 0.013 |
| 5:27-4th |  | 115.0 | 101.0 | 0.992 | 0.008 |
| 5:00-4th |  | 115.0 | 104.0 | 0.984 | 0.016 |
| 4:42-4th |  | 117.0 | 104.0 | 0.991 | 0.009 |
| 4:35-4th |  | 117.0 | 104.0 | 0.992 | 0.008 |
| 4:30-4th |  | 117.0 | 106.0 | 0.987 | 0.013 |
| 4:13-4th |  | 117.0 | 106.0 | 0.983 | 0.017 |
| 4:10-4th |  | 117.0 | 106.0 | 0.982 | 0.018 |
| 4:02-4th |  | 117.0 | 106.0 | 0.988 | 0.012 |
| 3:58-4th |  | 117.0 | 106.0 | 0.99 | 0.01 |
| 3:46-4th |  | 117.0 | 106.0 | 0.986 | 0.014 |
| 3:45-4th |  | 117.0 | 106.0 | 0.991 | 0.009 |
| 3:35-4th |  | 117.0 | 106.0 | 0.987 | 0.013 |
| 3:33-4th |  | 117.0 | 106.0 | 0.986 | 0.014 |
| 3:29-4th |  | 117.0 | 108.0 | 0.977 | 0.023 |
| 3:12-4th |  | 117.0 | 108.0 | 0.97 | 0.03 |
| 3:10-4th |  | 117.0 | 108.0 | 0.967 | 0.033 |
| 2:53-4th |  | 117.0 | 108.0 | 0.98 | 0.02 |
| 2:50-4th |  | 117.0 | 108.0 | 0.983 | 0.017 |
| 2:39-4th |  | 117.0 | 108.0 | 0.976 | 0.024 |
| 2:34-4th |  | 117.0 | 108.0 | 0.974 | 0.026 |
| 2:24-4th |  | 117.0 | 110.0 | 0.962 | 0.038 |
| 2:09-4th |  | 117.0 | 110.0 | 0.949 | 0.051 |
| 2:07-4th |  | 117.0 | 110.0 | 0.967 | 0.033 |
| 2:05-4th |  | 119.0 | 110.0 | 0.979 | 0.021 |
| 1:48-4th |  | 119.0 | 110.0 | 0.989 | 0.011 |
| 1:43-4th |  | 119.0 | 110.0 | 0.992 | 0.008 |
| 1:32-4th |  | 122.0 | 110.0 | 0.999 | 0.001 |
| 1:16-4th |  | 122.0 | 110.0 | 0.999 | 0.001 |
| 1:11-4th |  | 122.0 | 110.0 | 0.999 | 0.001 |
| 1:07-4th |  | 122.0 | 112.0 | 0.999 | 0.001 |
| 1:03-4th |  | 124.0 | 112.0 | 0.999 | 0.001 |
| 1:00-4th |  | 124.0 | 114.0 | 0.999 | 0.001 |
| 39.1-4th |  | 124.0 | 114.0 | 0.998 | 0.002 |
| 37.0-4th |  | 124.0 | 114.0 | 0.998 | 0.002 |
| 31.1-4th |  | 124.0 | 117.0 | 0.992 | 0.008 |
| 16.1-4th |  | 126.0 | 117.0 | 0.998 | 0.002 |
| 9.0-4th |  | 126.0 | 117.0 | 0.999 | 0.001 |
| 4.2-4th |  | 126.0 | 117.0 | 0.999 | 0.001 |
| 0.0-4th |  | 126.0 | 117.0 | 1.0 | 0.0 |

Question

Which event most likely happened at the marked missing position?

Answer Choices

A. Player 8 (Team A) makes 26-foot three point jumper (Player 6 (Team A) assists)
B. Player 16 (Team B) misses driving floating jump shot
C. Player 15 (Team B) misses 23-foot jump bank shot
D. Player 7 (Team A) blocks Player 12 (Team A) 's 3-foot driving layup

Response Format

Return exactly one JSON object:

{
  "answer": "<A|B|C|D>",
  "rationale": "<brief evidence-based justification in 1-3 sentences>",
  "evidence_event_ids": [],
  "evidence_series_times": []
}

Use only event IDs and time labels that are provided above and that support the answer. Use an empty array when the corresponding evidence type is unavailable or unused. Return only the JSON object.
