Task

Reconstruct the missing event in this basketball game. Use the available numerical time-series evidence around the marked row to select the most likely event.

Game

Team A versus Team B, season 22-23.

Time Series

| Game time | Marker | Team A score | Team B score | Team A win probability | Team B win probability |
| --- | --- | --- | --- | --- | --- |
| 12:00-1st |  | 0.0 | 0.0 | 0.302 | 0.698 |
| 11:45-1st |  | 0.0 | 0.0 | 0.29 | 0.71 |
| 11:42-1st |  | 0.0 | 0.0 | 0.286 | 0.714 |
| 11:32-1st |  | 0.0 | 0.0 | 0.304 | 0.696 |
| 11:17-1st |  | 2.0 | 0.0 | 0.33 | 0.67 |
| 10:52-1st |  | 2.0 | 0.0 | 0.348 | 0.652 |
| 10:49-1st |  | 2.0 | 0.0 | 0.353 | 0.647 |
| 10:42-1st |  | 2.0 | 0.0 | 0.338 | 0.662 |
| 10:39-1st |  | 2.0 | 0.0 | 0.332 | 0.668 |
| 10:27-1st |  | 2.0 | 0.0 | 0.35 | 0.65 |
| 10:24-1st |  | 2.0 | 0.0 | 0.355 | 0.645 |
| 10:19-1st |  | 2.0 | 0.0 | 0.339 | 0.661 |
| 10:17-1st |  | 2.0 | 0.0 | 0.356 | 0.644 |
| 10:07-1st |  | 2.0 | 0.0 | 0.34 | 0.66 |
| 10:04-1st |  | 2.0 | 0.0 | 0.335 | 0.665 |
| 9:48-1st |  | 2.0 | 2.0 | 0.311 | 0.689 |
| 9:36-1st |  | 4.0 | 2.0 | 0.337 | 0.663 |
| 9:25-1st |  | 4.0 | 2.0 | 0.354 | 0.646 |
| 9:24-1st |  | 4.0 | 2.0 | 0.337 | 0.663 |
| 9:15-1st |  | 4.0 | 2.0 | 0.355 | 0.645 |
| 9:13-1st |  | 4.0 | 2.0 | 0.361 | 0.639 |
| 9:07-1st |  | 4.0 | 2.0 | 0.344 | 0.656 |
| 9:04-1st |  | 4.0 | 2.0 | 0.339 | 0.661 |
| 8:57-1st |  | 4.0 | 4.0 | 0.314 | 0.686 |
| 8:44-1st |  | 4.0 | 4.0 | 0.302 | 0.698 |
| 8:41-1st |  | 4.0 | 4.0 | 0.297 | 0.703 |
| 8:35-1st | TARGET | 4.0 | 7.0 | 0.254 | 0.746 |
| 8:24-1st |  | 4.0 | 7.0 | 0.24 | 0.76 |
| 8:21-1st |  | 4.0 | 7.0 | 0.235 | 0.765 |
| 8:18-1st |  | 4.0 | 9.0 | 0.218 | 0.782 |
| 8:10-1st |  | 4.0 | 9.0 | 0.2 | 0.8 |
| 8:03-1st |  | 4.0 | 9.0 | 0.214 | 0.786 |
| 8:00-1st |  | 4.0 | 9.0 | 0.218 | 0.782 |
| 7:45-1st |  | 4.0 | 9.0 | 0.205 | 0.795 |
| 7:43-1st |  | 4.0 | 9.0 | 0.2 | 0.8 |
| 7:29-1st |  | 4.0 | 9.0 | 0.215 | 0.785 |
| 7:25-1st |  | 4.0 | 9.0 | 0.201 | 0.799 |
| 7:22-1st |  | 4.0 | 11.0 | 0.184 | 0.816 |
| 7:11-1st |  | 6.0 | 11.0 | 0.201 | 0.799 |
| 6:54-1st |  | 6.0 | 13.0 | 0.184 | 0.816 |
| 6:39-1st |  | 6.0 | 13.0 | 0.17 | 0.83 |
| 6:35-1st |  | 8.0 | 13.0 | 0.202 | 0.798 |
| 6:33-1st |  | 8.0 | 13.0 | 0.202 | 0.798 |
| 6:22-1st |  | 8.0 | 13.0 | 0.222 | 0.778 |
| 5:58-1st |  | 10.0 | 13.0 | 0.241 | 0.759 |
| 5:45-1st |  | 10.0 | 13.0 | 0.262 | 0.738 |
| 5:40-1st |  | 10.0 | 13.0 | 0.242 | 0.758 |
| 5:28-1st |  | 10.0 | 15.0 | 0.223 | 0.777 |
| 5:15-1st |  | 10.0 | 15.0 | 0.204 | 0.796 |
| 5:02-1st |  | 10.0 | 15.0 | 0.219 | 0.781 |
| 4:59-1st |  | 10.0 | 15.0 | 0.224 | 0.776 |
| 4:46-1st |  | 10.0 | 15.0 | 0.209 | 0.791 |
| 4:45-1st |  | 10.0 | 15.0 | 0.225 | 0.775 |
| 4:44-1st |  | 12.0 | 15.0 | 0.245 | 0.755 |
| 4:26-1st |  | 12.0 | 17.0 | 0.225 | 0.775 |
| 4:06-1st |  | 12.0 | 17.0 | 0.21 | 0.79 |
| 4:03-1st |  | 14.0 | 17.0 | 0.246 | 0.754 |
| 3:46-1st |  | 14.0 | 20.0 | 0.208 | 0.792 |
| 3:31-1st |  | 14.0 | 20.0 | 0.194 | 0.806 |
| 3:29-1st |  | 14.0 | 20.0 | 0.19 | 0.81 |
| 3:18-1st |  | 14.0 | 20.0 | 0.204 | 0.796 |
| 3:14-1st |  | 14.0 | 20.0 | 0.209 | 0.791 |
| 3:08-1st |  | 14.0 | 20.0 | 0.195 | 0.805 |
| 3:06-1st |  | 14.0 | 20.0 | 0.19 | 0.81 |
| 2:53-1st |  | 14.0 | 23.0 | 0.159 | 0.841 |
| 2:37-1st |  | 16.0 | 23.0 | 0.173 | 0.827 |
| 2:10-1st |  | 16.0 | 25.0 | 0.159 | 0.841 |
| 1:55-1st |  | 18.0 | 25.0 | 0.174 | 0.826 |
| 1:43-1st |  | 18.0 | 28.0 | 0.144 | 0.856 |
| 1:24-1st |  | 18.0 | 28.0 | 0.132 | 0.868 |
| 1:22-1st |  | 18.0 | 28.0 | 0.128 | 0.872 |
| 1:16-1st |  | 18.0 | 30.0 | 0.118 | 0.882 |
| 1:05-1st |  | 18.0 | 30.0 | 0.107 | 0.893 |
| 1:03-1st |  | 18.0 | 30.0 | 0.104 | 0.896 |
| 56.8-1st |  | 18.0 | 32.0 | 0.092 | 0.908 |
| 42.9-1st |  | 20.0 | 32.0 | 0.104 | 0.896 |
| 31.1-1st |  | 20.0 | 32.0 | 0.114 | 0.886 |
| 28.9-1st |  | 20.0 | 32.0 | 0.118 | 0.882 |
| 14.8-1st |  | 20.0 | 32.0 | 0.107 | 0.893 |
| 11.7-1st |  | 20.0 | 32.0 | 0.103 | 0.897 |
| 1.2-1st |  | 20.0 | 34.0 | 0.092 | 0.908 |
| 0.5-1st |  | 20.0 | 34.0 | 0.086 | 0.914 |
| 0.1-1st |  | 20.0 | 34.0 | 0.093 | 0.907 |
| 0.0-1st |  | 20.0 | 34.0 | 0.088 | 0.912 |
| 12:00-2nd |  | 20.0 | 34.0 | 0.088 | 0.912 |
| 11:51-2nd |  | 20.0 | 34.0 | 0.089 | 0.911 |
| 11:48-2nd |  | 20.0 | 34.0 | 0.091 | 0.909 |
| 11:34-2nd |  | 20.0 | 34.0 | 0.084 | 0.916 |
| 11:30-2nd |  | 20.0 | 34.0 | 0.081 | 0.919 |
| 11:24-2nd |  | 20.0 | 36.0 | 0.07 | 0.93 |
| 11:06-2nd |  | 20.0 | 36.0 | 0.065 | 0.935 |
| 11:04-2nd |  | 20.0 | 36.0 | 0.064 | 0.936 |
| 10:55-2nd |  | 20.0 | 36.0 | 0.068 | 0.932 |
| 10:53-2nd |  | 20.0 | 36.0 | 0.07 | 0.93 |
| 10:48-2nd |  | 20.0 | 36.0 | 0.065 | 0.935 |
| 10:45-2nd |  | 20.0 | 36.0 | 0.063 | 0.937 |
| 10:38-2nd |  | 20.0 | 36.0 | 0.068 | 0.932 |
| 10:34-2nd |  | 20.0 | 36.0 | 0.07 | 0.93 |
| 10:29-2nd |  | 23.0 | 36.0 | 0.091 | 0.909 |
| 10:02-2nd |  | 23.0 | 38.0 | 0.078 | 0.922 |
| 9:45-2nd |  | 23.0 | 38.0 | 0.072 | 0.928 |
| 9:42-2nd |  | 23.0 | 38.0 | 0.069 | 0.931 |
| 9:39-2nd |  | 23.0 | 40.0 | 0.06 | 0.94 |
| 9:26-2nd |  | 23.0 | 40.0 | 0.054 | 0.946 |
| 9:23-2nd |  | 23.0 | 40.0 | 0.052 | 0.948 |
| 9:10-2nd |  | 23.0 | 42.0 | 0.047 | 0.953 |
| 8:53-2nd |  | 25.0 | 42.0 | 0.052 | 0.948 |
| 8:41-2nd |  | 25.0 | 43.0 | 0.045 | 0.955 |
| 8:32-2nd |  | 25.0 | 43.0 | 0.052 | 0.948 |
| 8:28-2nd |  | 25.0 | 43.0 | 0.052 | 0.948 |
| 8:25-2nd |  | 27.0 | 43.0 | 0.06 | 0.94 |
| 8:12-2nd |  | 27.0 | 43.0 | 0.067 | 0.933 |
| 8:09-2nd |  | 27.0 | 43.0 | 0.069 | 0.931 |
| 7:58-2nd |  | 27.0 | 43.0 | 0.062 | 0.938 |
| 7:55-2nd |  | 27.0 | 43.0 | 0.069 | 0.931 |
| 7:53-2nd |  | 29.0 | 43.0 | 0.079 | 0.921 |
| 7:43-2nd |  | 29.0 | 43.0 | 0.09 | 0.91 |
| 7:29-2nd |  | 29.0 | 43.0 | 0.081 | 0.919 |
| 7:25-2nd |  | 29.0 | 43.0 | 0.078 | 0.922 |
| 7:11-2nd |  | 29.0 | 43.0 | 0.089 | 0.911 |
| 6:57-2nd |  | 31.0 | 43.0 | 0.102 | 0.898 |
| 6:56-2nd |  | 31.0 | 43.0 | 0.077 | 0.923 |
| 6:40-2nd |  | 31.0 | 43.0 | 0.101 | 0.899 |
| 6:34-2nd |  | 31.0 | 43.0 | 0.111 | 0.889 |
| 6:29-2nd |  | 31.0 | 43.0 | 0.101 | 0.899 |
| 6:12-2nd |  | 31.0 | 43.0 | 0.114 | 0.886 |
| 5:55-2nd |  | 31.0 | 43.0 | 0.104 | 0.896 |
| 5:53-2nd |  | 33.0 | 43.0 | 0.128 | 0.872 |
| 5:46-2nd |  | 33.0 | 45.0 | 0.114 | 0.886 |
| 5:29-2nd |  | 33.0 | 45.0 | 0.104 | 0.896 |
| 5:27-2nd |  | 33.0 | 45.0 | 0.1 | 0.9 |
| 5:24-2nd |  | 33.0 | 47.0 | 0.087 | 0.913 |
| 5:11-2nd |  | 36.0 | 47.0 | 0.113 | 0.887 |
| 4:48-2nd |  | 36.0 | 49.0 | 0.099 | 0.901 |
| 4:38-2nd |  | 39.0 | 49.0 | 0.127 | 0.873 |
| 4:20-2nd |  | 39.0 | 52.0 | 0.099 | 0.901 |
| 4:02-2nd |  | 39.0 | 52.0 | 0.088 | 0.912 |
| 3:59-2nd |  | 39.0 | 52.0 | 0.084 | 0.916 |
| 3:52-2nd |  | 39.0 | 52.0 | 0.098 | 0.902 |
| 3:48-2nd |  | 41.0 | 52.0 | 0.111 | 0.889 |
| 3:32-2nd |  | 41.0 | 54.0 | 0.098 | 0.902 |
| 3:08-2nd |  | 43.0 | 54.0 | 0.11 | 0.89 |
| 2:55-2nd |  | 43.0 | 54.0 | 0.121 | 0.879 |
| 2:53-2nd |  | 43.0 | 54.0 | 0.125 | 0.875 |
| 2:50-2nd |  | 43.0 | 54.0 | 0.11 | 0.89 |
| 2:41-2nd |  | 43.0 | 57.0 | 0.084 | 0.916 |
| 2:25-2nd |  | 43.0 | 57.0 | 0.074 | 0.926 |
| 2:23-2nd |  | 43.0 | 57.0 | 0.071 | 0.929 |
| 2:21-2nd |  | 43.0 | 59.0 | 0.061 | 0.939 |
| 2:20-2nd |  | 43.0 | 59.0 | 0.061 | 0.939 |
| 2:03-2nd |  | 43.0 | 59.0 | 0.053 | 0.947 |
| 2:01-2nd |  | 43.0 | 59.0 | 0.051 | 0.949 |
| 1:46-2nd |  | 43.0 | 62.0 | 0.037 | 0.963 |
| 1:33-2nd |  | 43.0 | 62.0 | 0.031 | 0.969 |
| 1:31-2nd |  | 43.0 | 62.0 | 0.03 | 0.97 |
| 1:17-2nd |  | 43.0 | 64.0 | 0.025 | 0.975 |
| 1:02-2nd |  | 46.0 | 64.0 | 0.034 | 0.966 |
| 48.1-2nd |  | 46.0 | 66.0 | 0.029 | 0.971 |
| 30.4-2nd |  | 46.0 | 66.0 | 0.024 | 0.976 |
| 28.0-2nd |  | 46.0 | 66.0 | 0.023 | 0.977 |
| 11.1-2nd |  | 46.0 | 66.0 | 0.029 | 0.971 |
| 4.4-2nd |  | 48.0 | 66.0 | 0.032 | 0.968 |
| 0.6-2nd |  | 48.0 | 66.0 | 0.04 | 0.96 |
| 0.1-2nd |  | 48.0 | 66.0 | 0.034 | 0.966 |
| 0.0-2nd |  | 48.0 | 66.0 | 0.038 | 0.962 |
| 12:00-3rd |  | 48.0 | 66.0 | 0.038 | 0.962 |
| 11:38-3rd |  | 48.0 | 68.0 | 0.026 | 0.974 |
| 11:17-3rd |  | 48.0 | 68.0 | 0.022 | 0.978 |
| 11:15-3rd |  | 48.0 | 68.0 | 0.021 | 0.979 |
| 11:08-3rd |  | 48.0 | 68.0 | 0.024 | 0.976 |
| 11:04-3rd |  | 48.0 | 68.0 | 0.025 | 0.975 |
| 10:46-3rd |  | 48.0 | 68.0 | 0.021 | 0.979 |
| 10:45-3rd |  | 48.0 | 68.0 | 0.02 | 0.98 |
| 10:32-3rd |  | 48.0 | 68.0 | 0.024 | 0.976 |
| 10:22-3rd |  | 48.0 | 68.0 | 0.021 | 0.979 |
| 10:19-3rd |  | 48.0 | 68.0 | 0.019 | 0.981 |
| 10:13-3rd |  | 48.0 | 70.0 | 0.016 | 0.984 |
| 9:51-3rd |  | 48.0 | 70.0 | 0.014 | 0.986 |
| 9:49-3rd |  | 48.0 | 70.0 | 0.013 | 0.987 |
| 9:41-3rd |  | 48.0 | 70.0 | 0.015 | 0.985 |
| 9:38-3rd |  | 48.0 | 70.0 | 0.015 | 0.985 |
| 9:30-3rd |  | 48.0 | 70.0 | 0.012 | 0.988 |
| 9:10-3rd |  | 48.0 | 72.0 | 0.009 | 0.991 |
| 9:00-3rd |  | 48.0 | 72.0 | 0.007 | 0.993 |
| 8:49-3rd |  | 48.0 | 74.0 | 0.005 | 0.995 |
| 8:35-3rd |  | 49.0 | 74.0 | 0.005 | 0.995 |
| 8:23-3rd |  | 49.0 | 76.0 | 0.004 | 0.996 |
| 8:11-3rd |  | 49.0 | 76.0 | 0.003 | 0.997 |
| 8:09-3rd |  | 49.0 | 76.0 | 0.003 | 0.997 |
| 7:59-3rd |  | 49.0 | 76.0 | 0.003 | 0.997 |
| 7:51-3rd |  | 49.0 | 79.0 | 0.002 | 0.998 |
| 7:32-3rd |  | 49.0 | 79.0 | 0.002 | 0.998 |
| 7:30-3rd |  | 49.0 | 79.0 | 0.002 | 0.998 |
| 7:28-3rd |  | 49.0 | 79.0 | 0.002 | 0.998 |
| 7:26-3rd |  | 49.0 | 79.0 | 0.001 | 0.999 |
| 7:12-3rd |  | 49.0 | 81.0 | 0.001 | 0.999 |
| 6:57-3rd |  | 49.0 | 81.0 | 0.001 | 0.999 |
| 6:54-3rd |  | 49.0 | 81.0 | 0.001 | 0.999 |
| 6:35-3rd |  | 49.0 | 81.0 | 0.001 | 0.999 |
| 6:32-3rd |  | 49.0 | 81.0 | 0.001 | 0.999 |
| 6:27-3rd |  | 51.0 | 81.0 | 0.001 | 0.999 |
| 6:11-3rd |  | 51.0 | 81.0 | 0.001 | 0.999 |
| 6:09-3rd |  | 51.0 | 81.0 | 0.001 | 0.999 |
| 6:05-3rd |  | 51.0 | 81.0 | 0.001 | 0.999 |
| 6:01-3rd |  | 51.0 | 83.0 | 0.001 | 0.999 |
| 5:51-3rd |  | 51.0 | 83.0 | 0.001 | 0.999 |
| 5:48-3rd |  | 51.0 | 83.0 | 0.001 | 0.999 |
| 5:27-3rd |  | 51.0 | 83.0 | 0.001 | 0.999 |
| 5:23-3rd |  | 51.0 | 83.0 | 0.001 | 0.999 |
| 5:17-3rd |  | 51.0 | 83.0 | 0.001 | 0.999 |
| 5:12-3rd |  | 51.0 | 83.0 | 0.001 | 0.999 |
| 5:05-3rd |  | 51.0 | 85.0 | 0.001 | 0.999 |
| 4:50-3rd |  | 51.0 | 85.0 | 0.001 | 0.999 |
| 4:48-3rd |  | 51.0 | 85.0 | 0.001 | 0.999 |
| 4:44-3rd |  | 51.0 | 85.0 | 0.001 | 0.999 |
| 4:39-3rd |  | 51.0 | 85.0 | 0.001 | 0.999 |
| 4:35-3rd |  | 51.0 | 85.0 | 0.001 | 0.999 |
| 4:28-3rd |  | 53.0 | 85.0 | 0.001 | 0.999 |
| 4:25-3rd |  | 53.0 | 85.0 | 0.001 | 0.999 |
| 4:11-3rd |  | 53.0 | 85.0 | 0.001 | 0.999 |
| 4:09-3rd |  | 53.0 | 85.0 | 0.001 | 0.999 |
| 4:05-3rd |  | 55.0 | 85.0 | 0.001 | 0.999 |
| 3:49-3rd |  | 55.0 | 85.0 | 0.001 | 0.999 |
| 3:46-3rd |  | 55.0 | 85.0 | 0.001 | 0.999 |
| 3:36-3rd |  | 55.0 | 85.0 | 0.001 | 0.999 |
| 3:34-3rd |  | 55.0 | 85.0 | 0.001 | 0.999 |
| 3:33-3rd |  | 55.0 | 85.0 | 0.001 | 0.999 |
| 3:16-3rd |  | 57.0 | 85.0 | 0.001 | 0.999 |
| 2:52-3rd |  | 57.0 | 85.0 | 0.001 | 0.999 |
| 2:49-3rd |  | 57.0 | 85.0 | 0.001 | 0.999 |
| 2:45-3rd |  | 59.0 | 85.0 | 0.002 | 0.998 |
| 2:30-3rd |  | 59.0 | 85.0 | 0.002 | 0.998 |
| 2:26-3rd |  | 61.0 | 85.0 | 0.002 | 0.998 |
| 2:09-3rd |  | 61.0 | 87.0 | 0.002 | 0.998 |
| 1:56-3rd |  | 61.0 | 87.0 | 0.001 | 0.999 |
| 1:50-3rd |  | 61.0 | 87.0 | 0.002 | 0.998 |
| 1:47-3rd |  | 61.0 | 87.0 | 0.001 | 0.999 |
| 1:42-3rd |  | 61.0 | 89.0 | 0.001 | 0.999 |
| 1:28-3rd |  | 61.0 | 89.0 | 0.001 | 0.999 |
| 1:25-3rd |  | 61.0 | 89.0 | 0.001 | 0.999 |
| 1:19-3rd |  | 61.0 | 92.0 | 0.001 | 0.999 |
| 1:04-3rd |  | 63.0 | 92.0 | 0.001 | 0.999 |
| 51.5-3rd |  | 63.0 | 95.0 | 0.001 | 0.999 |
| 38.6-3rd |  | 65.0 | 95.0 | 0.001 | 0.999 |
| 32.7-3rd |  | 65.0 | 95.0 | 0.001 | 0.999 |
| 29.5-3rd |  | 65.0 | 95.0 | 0.001 | 0.999 |
| 26.2-3rd |  | 67.0 | 95.0 | 0.001 | 0.999 |
| 3.7-3rd |  | 67.0 | 95.0 | 0.001 | 0.999 |
| 1.7-3rd |  | 67.0 | 95.0 | 0.001 | 0.999 |
| 0.0-3rd |  | 67.0 | 95.0 | 0.001 | 0.999 |
| 12:00-4th |  | 67.0 | 95.0 | 0.001 | 0.999 |
| 11:49-4th |  | 67.0 | 95.0 | 0.001 | 0.999 |
| 11:43-4th |  | 67.0 | 95.0 | 0.001 | 0.999 |
| 11:24-4th |  | 67.0 | 95.0 | 0.001 | 0.999 |
| 11:22-4th |  | 67.0 | 95.0 | 0.001 | 0.999 |
| 11:19-4th |  | 67.0 | 97.0 | 0.001 | 0.999 |
| 11:05-4th |  | 67.0 | 97.0 | 0.001 | 0.999 |
| 11:02-4th |  | 67.0 | 97.0 | 0.001 | 0.999 |
| 10:53-4th |  | 67.0 | 97.0 | 0.001 | 0.999 |
| 10:50-4th |  | 67.0 | 97.0 | 0.001 | 0.999 |
| 10:44-4th |  | 70.0 | 97.0 | 0.001 | 0.999 |
| 10:28-4th |  | 70.0 | 97.0 | 0.001 | 0.999 |
| 10:25-4th |  | 70.0 | 97.0 | 0.001 | 0.999 |
| 10:12-4th |  | 72.0 | 97.0 | 0.001 | 0.999 |
| 9:56-4th |  | 72.0 | 99.0 | 0.001 | 0.999 |
| 9:47-4th |  | 74.0 | 99.0 | 0.001 | 0.999 |
| 9:46-4th |  | 74.0 | 99.0 | 0.001 | 0.999 |
| 9:44-4th |  | 74.0 | 99.0 | 0.001 | 0.999 |
| 9:43-4th |  | 74.0 | 99.0 | 0.001 | 0.999 |
| 9:34-4th |  | 74.0 | 102.0 | 0.001 | 0.999 |
| 9:19-4th |  | 74.0 | 102.0 | 0.001 | 0.999 |
| 9:17-4th |  | 74.0 | 102.0 | 0.001 | 0.999 |
| 9:05-4th |  | 74.0 | 105.0 | 0.001 | 0.999 |
| 8:57-4th |  | 76.0 | 105.0 | 0.001 | 0.999 |
| 8:54-4th |  | 76.0 | 105.0 | 0.001 | 0.999 |
| 8:38-4th |  | 76.0 | 107.0 | 0.001 | 0.999 |
| 8:26-4th |  | 79.0 | 107.0 | 0.001 | 0.999 |
| 8:10-4th |  | 79.0 | 109.0 | 0.001 | 0.999 |
| 7:55-4th |  | 81.0 | 109.0 | 0.001 | 0.999 |
| 7:46-4th |  | 81.0 | 112.0 | 0.001 | 0.999 |
| 7:29-4th |  | 81.0 | 112.0 | 0.001 | 0.999 |
| 7:26-4th |  | 81.0 | 112.0 | 0.001 | 0.999 |
| 7:22-4th |  | 84.0 | 112.0 | 0.001 | 0.999 |
| 7:11-4th |  | 84.0 | 112.0 | 0.001 | 0.999 |
| 7:10-4th |  | 84.0 | 112.0 | 0.001 | 0.999 |
| 6:46-4th |  | 84.0 | 112.0 | 0.001 | 0.999 |
| 6:44-4th |  | 84.0 | 112.0 | 0.001 | 0.999 |
| 6:27-4th |  | 84.0 | 112.0 | 0.001 | 0.999 |
| 6:23-4th |  | 86.0 | 112.0 | 0.001 | 0.999 |
| 5:59-4th |  | 86.0 | 112.0 | 0.001 | 0.999 |
| 5:52-4th |  | 86.0 | 112.0 | 0.001 | 0.999 |
| 5:50-4th |  | 86.0 | 112.0 | 0.001 | 0.999 |
| 5:44-4th |  | 86.0 | 112.0 | 0.001 | 0.999 |
| 5:40-4th |  | 86.0 | 112.0 | 0.001 | 0.999 |
| 5:39-4th |  | 88.0 | 112.0 | 0.001 | 0.999 |
| 5:20-4th |  | 88.0 | 115.0 | 0.001 | 0.999 |
| 5:10-4th |  | 88.0 | 115.0 | 0.001 | 0.999 |
| 5:07-4th |  | 88.0 | 115.0 | 0.001 | 0.999 |
| 5:03-4th |  | 88.0 | 115.0 | 0.001 | 0.999 |
| 4:59-4th |  | 88.0 | 115.0 | 0.001 | 0.999 |
| 4:51-4th |  | 88.0 | 115.0 | 0.001 | 0.999 |
| 4:47-4th |  | 88.0 | 115.0 | 0.001 | 0.999 |
| 4:29-4th |  | 88.0 | 115.0 | 0.001 | 0.999 |
| 4:26-4th |  | 88.0 | 115.0 | 0.001 | 0.999 |
| 4:23-4th |  | 88.0 | 118.0 | 0.001 | 0.999 |
| 4:05-4th |  | 88.0 | 118.0 | 0.001 | 0.999 |
| 4:03-4th |  | 88.0 | 118.0 | 0.001 | 0.999 |
| 3:51-4th |  | 88.0 | 119.0 | 0.001 | 0.999 |
| 3:35-4th |  | 88.0 | 119.0 | 0.001 | 0.999 |
| 3:21-4th |  | 88.0 | 119.0 | 0.001 | 0.999 |
| 3:11-4th |  | 88.0 | 119.0 | 0.001 | 0.999 |
| 3:07-4th |  | 88.0 | 119.0 | 0.001 | 0.999 |
| 3:04-4th |  | 88.0 | 119.0 | 0.001 | 0.999 |
| 2:51-4th |  | 90.0 | 119.0 | 0.001 | 0.999 |
| 2:34-4th |  | 90.0 | 119.0 | 0.001 | 0.999 |
| 2:32-4th |  | 90.0 | 119.0 | 0.001 | 0.999 |
| 2:14-4th |  | 90.0 | 119.0 | 0.001 | 0.999 |
| 2:12-4th |  | 90.0 | 119.0 | 0.001 | 0.999 |
| 2:10-4th |  | 90.0 | 119.0 | 0.001 | 0.999 |
| 2:08-4th |  | 90.0 | 119.0 | 0.001 | 0.999 |
| 1:59-4th |  | 90.0 | 121.0 | 0.001 | 0.999 |
| 1:53-4th |  | 92.0 | 121.0 | 0.001 | 0.999 |
| 1:37-4th |  | 92.0 | 121.0 | 0.001 | 0.999 |
| 1:34-4th |  | 92.0 | 121.0 | 0.001 | 0.999 |
| 1:26-4th |  | 92.0 | 121.0 | 0.001 | 0.999 |
| 1:22-4th |  | 92.0 | 121.0 | 0.001 | 0.999 |
| 1:12-4th |  | 92.0 | 121.0 | 0.001 | 0.999 |
| 1:10-4th |  | 92.0 | 121.0 | 0.001 | 0.999 |
| 1:05-4th |  | 92.0 | 121.0 | 0.001 | 0.999 |
| 1:03-4th |  | 92.0 | 123.0 | 0.001 | 0.999 |
| 53.4-4th |  | 92.0 | 123.0 | 0.001 | 0.999 |
| 51.7-4th |  | 92.0 | 123.0 | 0.001 | 0.999 |
| 49.1-4th |  | 92.0 | 123.0 | 0.001 | 0.999 |
| 46.4-4th |  | 92.0 | 123.0 | 0.001 | 0.999 |
| 27.8-4th |  | 92.0 | 123.0 | 0.001 | 0.999 |
| 23.2-4th |  | 92.0 | 123.0 | 0.001 | 0.999 |
| 22.7-4th |  | 92.0 | 123.0 | 0.001 | 0.999 |
| 14.1-4th |  | 92.0 | 123.0 | 0.001 | 0.999 |
| 11.6-4th |  | 92.0 | 123.0 | 0.001 | 0.999 |
| 0.0-4th |  | 92.0 | 123.0 | 0.0 | 1.0 |

Question

Which event most likely happened at the marked missing position?

Answer Choices

A. Player 6 (Team B) makes 9-foot two point shot | Player 3 (Team A) shooting foul | Player 6 (Team B) makes free throw 1 of 1
B. Player 5 (Team B) makes 25-foot running pullup jump shot (Player 18 (Team A) assists)
C. Player 12 (Team B) offensive charge
D. Player 6 (Team B) makes 17-foot pullup jump shot (Player 6 (Team A) assists)

Response Format

Return exactly one JSON object:

{
  "answer": "<A|B|C|D>",
  "rationale": "<brief evidence-based justification in 1-3 sentences>",
  "evidence_event_ids": [],
  "evidence_series_times": []
}

Use only event IDs and time labels that are provided above and that support the answer. Use an empty array when the corresponding evidence type is unavailable or unused. Return only the JSON object.
