Task

Reconstruct the missing event in this basketball game. Use the available numerical time-series evidence around the marked row to select the most likely event.

Game

Team A versus Team B, season 22-23.

Time Series

| Game time | Marker | Team A score | Team B score | Team A win probability | Team B win probability |
| --- | --- | --- | --- | --- | --- |
| 12:00-1st |  | 0 | 0 | 0.302 | 0.698 |
| 11:44-1st |  | 0 | 2 | 0.279 | 0.721 |
| 11:23-1st |  | 0 | 2 | 0.266 | 0.734 |
| 11:20-1st |  | 0 | 2 | 0.262 | 0.738 |
| 11:05-1st |  | 0 | 2 | 0.276 | 0.724 |
| 11:01-1st |  | 0 | 2 | 0.262 | 0.738 |
| 10:58-1st |  | 0 | 4 | 0.245 | 0.755 |
| 10:49-1st |  | 0 | 4 | 0.244 | 0.756 |
| 10:45-1st |  | 0 | 4 | 0.23 | 0.77 |
| 10:43-1st |  | 0 | 4 | 0.224 | 0.776 |
| 10:39-1st |  | 0 | 4 | 0.245 | 0.755 |
| 10:24-1st |  | 0 | 4 | 0.23 | 0.77 |
| 10:20-1st |  | 0 | 4 | 0.225 | 0.775 |
| 10:10-1st |  | 0 | 6 | 0.207 | 0.793 |
| 9:53-1st |  | 0 | 6 | 0.191 | 0.809 |
| 9:51-1st |  | 0 | 6 | 0.207 | 0.793 |
| 9:44-1st |  | 2 | 6 | 0.227 | 0.773 |
| 9:28-1st |  | 2 | 8 | 0.208 | 0.792 |
| 9:15-1st |  | 2 | 8 | 0.192 | 0.808 |
| 9:09-1st |  | 2 | 8 | 0.205 | 0.795 |
| 9:04-1st |  | 2 | 10 | 0.177 | 0.823 |
| 8:52-1st |  | 5 | 10 | 0.211 | 0.789 |
| 8:43-1st |  | 5 | 10 | 0.225 | 0.775 |
| 8:38-1st |  | 5 | 10 | 0.23 | 0.77 |
| 8:34-1st |  | 5 | 10 | 0.212 | 0.788 |
| 8:30-1st |  | 5 | 10 | 0.212 | 0.788 |
| 8:28-1st |  | 5 | 12 | 0.194 | 0.806 |
| 8:27-1st |  | 5 | 12 | 0.194 | 0.806 |
| 8:05-1st |  | 5 | 12 | 0.179 | 0.821 |
| 7:58-1st |  | 5 | 12 | 0.179 | 0.821 |
| 7:49-1st |  | 5 | 12 | 0.191 | 0.809 |
| 7:45-1st |  | 5 | 12 | 0.195 | 0.805 |
| 7:35-1st |  | 5 | 12 | 0.183 | 0.817 |
| 7:33-1st |  | 5 | 12 | 0.179 | 0.821 |
| 7:30-1st |  | 5 | 12 | 0.192 | 0.808 |
| 7:26-1st |  | 5 | 12 | 0.196 | 0.804 |
| 7:13-1st |  | 8 | 12 | 0.232 | 0.768 |
| 6:58-1st |  | 8 | 12 | 0.247 | 0.753 |
| 6:53-1st |  | 8 | 12 | 0.253 | 0.747 |
| 6:43-1st |  | 8 | 12 | 0.238 | 0.762 |
| 6:42-1st |  | 8 | 12 | 0.233 | 0.767 |
| 6:39-1st |  | 8 | 14 | 0.215 | 0.785 |
| 6:28-1st |  | 8 | 14 | 0.202 | 0.798 |
| 6:25-1st |  | 8 | 14 | 0.215 | 0.785 |
| 6:16-1st |  | 8 | 14 | 0.202 | 0.798 |
| 6:13-1st |  | 8 | 14 | 0.216 | 0.784 |
| 6:09-1st |  | 8 | 14 | 0.202 | 0.798 |
| 6:08-1st |  | 8 | 14 | 0.198 | 0.802 |
| 5:58-1st |  | 8 | 14 | 0.211 | 0.789 |
| 5:55-1st |  | 8 | 14 | 0.216 | 0.784 |
| 5:48-1st |  | 8 | 14 | 0.216 | 0.784 |
| 5:44-1st |  | 8 | 14 | 0.203 | 0.797 |
| 5:42-1st |  | 8 | 14 | 0.198 | 0.802 |
| 5:39-1st |  | 8 | 16 | 0.182 | 0.818 |
| 5:24-1st |  | 10 | 16 | 0.199 | 0.801 |
| 5:07-1st |  | 10 | 19 | 0.166 | 0.834 |
| 4:55-1st |  | 10 | 19 | 0.155 | 0.845 |
| 4:52-1st |  | 10 | 19 | 0.151 | 0.849 |
| 4:39-1st |  | 10 | 19 | 0.13 | 0.87 |
| 4:28-1st |  | 10 | 19 | 0.162 | 0.838 |
| 4:24-1st |  | 10 | 19 | 0.166 | 0.834 |
| 4:19-1st |  | 10 | 19 | 0.151 | 0.849 |
| 4:14-1st |  | 10 | 19 | 0.166 | 0.834 |
| 4:10-1st |  | 13 | 19 | 0.2 | 0.8 |
| 3:58-1st |  | 13 | 21 | 0.185 | 0.815 |
| 3:47-1st |  | 13 | 21 | 0.166 | 0.834 |
| 3:44-1st |  | 13 | 23 | 0.151 | 0.849 |
| 3:18-1st |  | 13 | 23 | 0.14 | 0.86 |
| 3:16-1st |  | 14 | 23 | 0.15 | 0.85 |
| 3:04-1st |  | 14 | 23 | 0.163 | 0.837 |
| 3:01-1st |  | 14 | 23 | 0.167 | 0.833 |
| 2:43-1st |  | 14 | 23 | 0.15 | 0.85 |
| 2:41-1st |  | 14 | 23 | 0.155 | 0.845 |
| 2:39-1st |  | 14 | 23 | 0.15 | 0.85 |
| 2:15-1st |  | 14 | 26 | 0.124 | 0.876 |
| 2:01-1st |  | 16 | 26 | 0.136 | 0.864 |
| 1:42-1st |  | 16 | 28 | 0.124 | 0.876 |
| 1:27-1st |  | 18 | 28 | 0.136 | 0.864 |
| 1:15-1st |  | 18 | 28 | 0.153 | 0.847 |
| 1:02-1st |  | 20 | 28 | 0.167 | 0.833 |
| 42.1-1st |  | 20 | 28 | 0.183 | 0.817 |
| 40.0-1st |  | 20 | 28 | 0.188 | 0.812 |
| 32.0-1st |  | 20 | 28 | 0.172 | 0.828 |
| 29.1-1st |  | 20 | 28 | 0.167 | 0.833 |
| 10.1-1st |  | 20 | 31 | 0.137 | 0.863 |
| 3.0-1st |  | 22 | 31 | 0.15 | 0.85 |
| 1.0-1st |  | 22 | 31 | 0.169 | 0.831 |
| 0.0-1st |  | 25 | 31 | 0.216 | 0.784 |
| 12:00-2nd |  | 25 | 31 | 0.216 | 0.784 |
| 11:43-2nd |  | 25 | 31 | 0.21 | 0.79 |
| 11:39-2nd |  | 25 | 31 | 0.205 | 0.795 |
| 11:32-2nd |  | 25 | 31 | 0.22 | 0.78 |
| 11:27-2nd |  | 25 | 33 | 0.187 | 0.813 |
| 11:22-2nd |  | 25 | 33 | 0.187 | 0.813 |
| 11:14-2nd |  | 25 | 33 | 0.173 | 0.827 |
| 11:11-2nd |  | 25 | 33 | 0.168 | 0.832 |
| 11:06-2nd |  | 25 | 35 | 0.151 | 0.849 |
| 10:57-2nd |  | 26 | 35 | 0.149 | 0.851 |
| 10:34-2nd |  | 26 | 35 | 0.164 | 0.836 |
| 10:33-2nd |  | 26 | 35 | 0.169 | 0.831 |
| 10:17-2nd |  | 26 | 35 | 0.154 | 0.846 |
| 10:11-2nd |  | 28 | 35 | 0.187 | 0.813 |
| 10:00-2nd |  | 28 | 38 | 0.151 | 0.849 |
| 9:41-2nd |  | 31 | 38 | 0.187 | 0.813 |
| 9:22-2nd |  | 31 | 40 | 0.169 | 0.831 |
| 9:16-2nd |  | 31 | 40 | 0.15 | 0.85 |
| 9:12-2nd |  | 31 | 40 | 0.164 | 0.836 |
| 9:10-2nd |  | 31 | 40 | 0.169 | 0.831 |
| 9:00-2nd |  | 33 | 40 | 0.187 | 0.813 |
| 8:45-2nd |  | 33 | 40 | 0.202 | 0.798 |
| 8:41-2nd |  | 33 | 40 | 0.207 | 0.793 |
| 8:21-2nd |  | 35 | 40 | 0.23 | 0.77 |
| 8:06-2nd |  | 35 | 42 | 0.207 | 0.793 |
| 7:49-2nd |  | 35 | 42 | 0.192 | 0.808 |
| 7:48-2nd |  | 36 | 42 | 0.209 | 0.791 |
| 7:46-2nd |  | 36 | 42 | 0.209 | 0.791 |
| 7:35-2nd |  | 36 | 42 | 0.225 | 0.775 |
| 7:32-2nd |  | 36 | 42 | 0.23 | 0.77 |
| 7:21-2nd |  | 36 | 42 | 0.214 | 0.786 |
| 7:18-2nd |  | 36 | 42 | 0.209 | 0.791 |
| 7:14-2nd |  | 36 | 42 | 0.225 | 0.775 |
| 7:10-2nd |  | 36 | 42 | 0.23 | 0.77 |
| 7:07-2nd |  | 36 | 42 | 0.215 | 0.785 |
| 7:04-2nd |  | 36 | 42 | 0.209 | 0.791 |
| 6:55-2nd |  | 36 | 42 | 0.225 | 0.775 |
| 6:54-2nd |  | 36 | 42 | 0.23 | 0.77 |
| 6:43-2nd |  | 36 | 42 | 0.21 | 0.79 |
| 6:41-2nd |  | 36 | 42 | 0.215 | 0.785 |
| 6:36-2nd |  | 36 | 42 | 0.21 | 0.79 |
| 6:31-2nd |  | 36 | 42 | 0.231 | 0.769 |
| 6:19-2nd |  | 36 | 42 | 0.215 | 0.785 |
| 6:16-2nd |  | 38 | 42 | 0.251 | 0.749 |
| 6:02-2nd |  | 38 | 45 | 0.208 | 0.792 |
| 5:40-2nd |  | 38 | 45 | 0.192 | 0.808 |
| 5:38-2nd |  | 38 | 45 | 0.186 | 0.814 |
| 5:27-2nd |  | 38 | 45 | 0.203 | 0.797 |
| 5:24-2nd |  | 38 | 45 | 0.208 | 0.792 |
| 5:12-2nd |  | 38 | 45 | 0.192 | 0.808 |
| 5:11-2nd |  | 38 | 45 | 0.186 | 0.814 |
| 5:05-2nd |  | 38 | 45 | 0.208 | 0.792 |
| 4:54-2nd |  | 38 | 45 | 0.192 | 0.808 |
| 4:51-2nd |  | 38 | 45 | 0.186 | 0.814 |
| 4:46-2nd |  | 38 | 47 | 0.167 | 0.833 |
| 4:33-2nd |  | 38 | 47 | 0.167 | 0.833 |
| 4:18-2nd |  | 40 | 47 | 0.186 | 0.814 |
| 4:04-2nd |  | 40 | 47 | 0.203 | 0.797 |
| 4:00-2nd |  | 40 | 47 | 0.209 | 0.791 |
| 3:54-2nd |  | 40 | 47 | 0.186 | 0.814 |
| 3:48-2nd |  | 40 | 49 | 0.166 | 0.834 |
| 3:27-2nd |  | 43 | 49 | 0.211 | 0.789 |
| 3:20-2nd |  | 43 | 49 | 0.233 | 0.767 |
| 3:12-2nd |  | 45 | 49 | 0.256 | 0.744 |
| 3:06-2nd |  | 45 | 49 | 0.279 | 0.721 |
| 3:03-2nd |  | 45 | 49 | 0.279 | 0.721 |
| 3:02-2nd |  | 45 | 49 | 0.287 | 0.713 |
| 2:54-2nd |  | 45 | 49 | 0.264 | 0.736 |
| 2:51-2nd |  | 45 | 49 | 0.287 | 0.713 |
| 2:42-2nd |  | 48 | 49 | 0.345 | 0.655 |
| 2:25-2nd |  | 48 | 49 | 0.37 | 0.63 |
| 2:23-2nd |  | 48 | 49 | 0.346 | 0.654 |
| 2:22-2nd |  | 48 | 49 | 0.378 | 0.622 |
| 2:07-2nd |  | 48 | 49 | 0.355 | 0.645 |
| 2:05-2nd |  | 48 | 49 | 0.347 | 0.653 |
| 2:01-2nd |  | 48 | 49 | 0.345 | 0.655 |
| 1:55-2nd |  | 48 | 49 | 0.378 | 0.622 |
| 1:38-2nd |  | 48 | 49 | 0.355 | 0.645 |
| 1:35-2nd |  | 48 | 49 | 0.347 | 0.653 |
| 1:30-2nd |  | 48 | 49 | 0.379 | 0.621 |
| 1:07-2nd |  | 48 | 49 | 0.357 | 0.643 |
| 1:02-2nd |  | 48 | 49 | 0.349 | 0.651 |
| 58.1-2nd |  | 48 | 49 | 0.373 | 0.627 |
| 56.1-2nd |  | 48 | 49 | 0.381 | 0.619 |
| 51.1-2nd |  | 50 | 49 | 0.414 | 0.586 |
| 49.2-2nd |  | 50 | 49 | 0.415 | 0.585 |
| 32.0-2nd |  | 50 | 49 | 0.44 | 0.56 |
| 28.1-2nd |  | 50 | 49 | 0.416 | 0.584 |
| 28.0-2nd |  | 50 | 51 | 0.383 | 0.617 |
| 10.0-2nd |  | 50 | 51 | 0.36 | 0.64 |
| 7.1-2nd |  | 50 | 51 | 0.352 | 0.648 |
| 4.0-2nd |  | 50 | 53 | 0.323 | 0.677 |
| 3.1-2nd |  | 50 | 53 | 0.289 | 0.711 |
| 0.0-2nd |  | 50 | 53 | 0.305 | 0.695 |
| 12:00-3rd |  | 50 | 53 | 0.305 | 0.695 |
| 11:43-3rd |  | 50 | 53 | 0.297 | 0.703 |
| 11:40-3rd |  | 50 | 53 | 0.29 | 0.71 |
| 11:33-3rd |  | 50 | 55 | 0.259 | 0.741 |
| 11:16-3rd |  | 53 | 55 | 0.321 | 0.679 |
| 11:08-3rd |  | 53 | 55 | 0.344 | 0.656 |
| 11:07-3rd |  | 53 | 55 | 0.345 | 0.655 |
| 11:05-3rd | TARGET | 53 | 57 | 0.266 | 0.734 |
| 10:54-3rd |  | 53 | 57 | 0.269 | 0.731 |
| 10:52-3rd |  | 53 | 57 | 0.261 | 0.739 |
| 10:39-3rd |  | 53 | 57 | 0.284 | 0.716 |
| 10:37-3rd |  | 53 | 57 | 0.292 | 0.708 |
| 10:35-3rd |  | 53 | 57 | 0.292 | 0.708 |
| 10:33-3rd |  | 53 | 57 | 0.261 | 0.739 |
| 10:29-3rd |  | 53 | 59 | 0.234 | 0.766 |
| 10:24-3rd |  | 53 | 59 | 0.234 | 0.766 |
| 10:20-3rd |  | 53 | 59 | 0.213 | 0.787 |
| 10:13-3rd |  | 53 | 61 | 0.185 | 0.815 |
| 9:59-3rd |  | 53 | 61 | 0.184 | 0.816 |
| 9:50-3rd |  | 55 | 61 | 0.205 | 0.795 |
| 9:42-3rd |  | 56 | 63 | 0.207 | 0.793 |
| 9:33-3rd |  | 58 | 63 | 0.234 | 0.766 |
| 9:10-3rd |  | 58 | 63 | 0.262 | 0.738 |
| 9:05-3rd |  | 60 | 63 | 0.291 | 0.709 |
| 8:49-3rd |  | 60 | 65 | 0.262 | 0.738 |
| 8:29-3rd |  | 60 | 65 | 0.233 | 0.767 |
| 8:18-3rd |  | 60 | 65 | 0.255 | 0.745 |
| 8:15-3rd |  | 60 | 65 | 0.262 | 0.738 |
| 8:10-3rd |  | 60 | 65 | 0.24 | 0.76 |
| 8:07-3rd |  | 60 | 65 | 0.233 | 0.767 |
| 8:02-3rd |  | 60 | 65 | 0.235 | 0.765 |
| 7:52-3rd |  | 60 | 67 | 0.206 | 0.794 |
| 7:47-3rd |  | 60 | 67 | 0.206 | 0.794 |
| 7:39-3rd |  | 62 | 67 | 0.233 | 0.767 |
| 7:24-3rd |  | 62 | 67 | 0.265 | 0.735 |
| 7:23-3rd |  | 64 | 67 | 0.295 | 0.705 |
| 7:11-3rd |  | 64 | 67 | 0.329 | 0.671 |
| 7:00-3rd |  | 65 | 67 | 0.328 | 0.672 |
| 6:57-3rd |  | 65 | 67 | 0.328 | 0.672 |
| 6:52-3rd |  | 65 | 69 | 0.265 | 0.735 |
| 6:45-3rd |  | 65 | 71 | 0.232 | 0.768 |
| 6:28-3rd |  | 65 | 71 | 0.201 | 0.799 |
| 6:17-3rd |  | 65 | 71 | 0.224 | 0.776 |
| 6:15-3rd |  | 65 | 71 | 0.231 | 0.769 |
| 6:11-3rd |  | 65 | 71 | 0.231 | 0.769 |
| 6:03-3rd |  | 67 | 71 | 0.264 | 0.736 |
| 5:49-3rd |  | 67 | 71 | 0.289 | 0.711 |
| 5:45-3rd |  | 67 | 71 | 0.297 | 0.703 |
| 5:33-3rd |  | 67 | 71 | 0.272 | 0.728 |
| 5:31-3rd |  | 68 | 71 | 0.294 | 0.706 |
| 5:12-3rd |  | 68 | 73 | 0.263 | 0.737 |
| 4:55-3rd |  | 68 | 73 | 0.236 | 0.764 |
| 4:52-3rd |  | 68 | 73 | 0.227 | 0.773 |
| 4:49-3rd |  | 68 | 73 | 0.254 | 0.746 |
| 4:42-3rd |  | 68 | 73 | 0.263 | 0.737 |
| 4:39-3rd |  | 68 | 73 | 0.263 | 0.737 |
| 4:25-3rd |  | 70 | 73 | 0.294 | 0.706 |
| 4:06-3rd |  | 70 | 73 | 0.323 | 0.677 |
| 4:03-3rd |  | 70 | 73 | 0.332 | 0.668 |
| 3:44-3rd |  | 70 | 73 | 0.303 | 0.697 |
| 3:40-3rd |  | 70 | 73 | 0.333 | 0.667 |
| 3:38-3rd |  | 70 | 73 | 0.333 | 0.667 |
| 3:33-3rd |  | 70 | 73 | 0.333 | 0.667 |
| 3:29-3rd |  | 70 | 73 | 0.333 | 0.667 |
| 3:18-3rd |  | 70 | 73 | 0.293 | 0.707 |
| 3:12-3rd |  | 70 | 73 | 0.333 | 0.667 |
| 2:58-3rd |  | 70 | 73 | 0.303 | 0.697 |
| 2:57-3rd |  | 72 | 73 | 0.371 | 0.629 |
| 2:38-3rd |  | 72 | 73 | 0.418 | 0.582 |
| 2:22-3rd |  | 72 | 73 | 0.384 | 0.616 |
| 2:18-3rd |  | 72 | 73 | 0.372 | 0.628 |
| 2:14-3rd |  | 72 | 75 | 0.333 | 0.667 |
| 1:54-3rd |  | 72 | 75 | 0.292 | 0.708 |
| 1:51-3rd |  | 72 | 77 | 0.259 | 0.741 |
| 1:36-3rd |  | 74 | 77 | 0.292 | 0.708 |
| 1:24-3rd |  | 74 | 79 | 0.259 | 0.741 |
| 1:13-3rd |  | 76 | 79 | 0.291 | 0.709 |
| 59.1-3rd |  | 76 | 81 | 0.258 | 0.742 |
| 40.1-3rd |  | 79 | 81 | 0.332 | 0.668 |
| 34.1-3rd |  | 79 | 81 | 0.366 | 0.634 |
| 31.1-3rd |  | 79 | 81 | 0.378 | 0.622 |
| 9.0-3rd |  | 79 | 81 | 0.342 | 0.658 |
| 6.1-3rd |  | 79 | 81 | 0.33 | 0.67 |
| 5.0-3rd |  | 79 | 83 | 0.29 | 0.71 |
| 0.1-3rd |  | 79 | 83 | 0.29 | 0.71 |
| 0.0-3rd |  | 79 | 83 | 0.269 | 0.731 |
| 12:00-4th |  | 79 | 83 | 0.269 | 0.731 |
| 11:47-4th |  | 79 | 83 | 0.233 | 0.767 |
| 11:32-4th |  | 79 | 86 | 0.168 | 0.832 |
| 11:17-4th |  | 79 | 86 | 0.143 | 0.857 |
| 11:15-4th |  | 79 | 86 | 0.135 | 0.865 |
| 11:10-4th |  | 79 | 86 | 0.128 | 0.872 |
| 11:08-4th |  | 79 | 86 | 0.153 | 0.847 |
| 11:05-4th |  | 79 | 86 | 0.16 | 0.84 |
| 10:55-4th |  | 79 | 86 | 0.129 | 0.871 |
| 10:44-4th |  | 79 | 88 | 0.104 | 0.896 |
| 10:42-4th |  | 79 | 88 | 0.082 | 0.918 |
| 10:29-4th |  | 79 | 88 | 0.08 | 0.92 |
| 10:25-4th |  | 79 | 90 | 0.063 | 0.937 |
| 10:06-4th |  | 79 | 90 | 0.051 | 0.949 |
| 10:05-4th |  | 79 | 90 | 0.066 | 0.934 |
| 9:57-4th |  | 81 | 90 | 0.08 | 0.92 |
| 9:44-4th |  | 81 | 90 | 0.096 | 0.904 |
| 9:41-4th |  | 81 | 90 | 0.078 | 0.922 |
| 9:28-4th |  | 81 | 92 | 0.057 | 0.943 |
| 9:10-4th |  | 81 | 92 | 0.045 | 0.955 |
| 9:08-4th |  | 81 | 92 | 0.026 | 0.974 |
| 8:57-4th |  | 81 | 92 | 0.049 | 0.951 |
| 8:53-4th |  | 81 | 92 | 0.052 | 0.948 |
| 8:42-4th |  | 81 | 92 | 0.037 | 0.963 |
| 8:30-4th |  | 81 | 94 | 0.028 | 0.972 |
| 8:15-4th |  | 83 | 94 | 0.036 | 0.964 |
| 8:01-4th |  | 83 | 96 | 0.027 | 0.973 |
| 7:41-4th |  | 83 | 96 | 0.019 | 0.981 |
| 7:38-4th |  | 83 | 96 | 0.017 | 0.983 |
| 7:30-4th |  | 83 | 96 | 0.022 | 0.978 |
| 7:26-4th |  | 83 | 96 | 0.016 | 0.984 |
| 7:24-4th |  | 83 | 98 | 0.012 | 0.988 |
| 7:20-4th |  | 83 | 98 | 0.012 | 0.988 |
| 7:12-4th |  | 83 | 98 | 0.009 | 0.991 |
| 7:08-4th |  | 83 | 98 | 0.008 | 0.992 |
| 6:55-4th |  | 83 | 100 | 0.005 | 0.995 |
| 6:39-4th |  | 83 | 100 | 0.003 | 0.997 |
| 6:38-4th |  | 83 | 100 | 0.003 | 0.997 |
| 6:29-4th |  | 83 | 102 | 0.002 | 0.998 |
| 6:11-4th |  | 85 | 102 | 0.003 | 0.997 |
| 6:01-4th |  | 85 | 105 | 0.001 | 0.999 |
| 5:49-4th |  | 85 | 105 | 0.001 | 0.999 |
| 5:39-4th |  | 85 | 107 | 0.001 | 0.999 |
| 5:28-4th |  | 87 | 107 | 0.001 | 0.999 |
| 5:09-4th |  | 87 | 107 | 0.001 | 0.999 |
| 4:59-4th |  | 89 | 107 | 0.001 | 0.999 |
| 4:57-4th |  | 89 | 107 | 0.001 | 0.999 |
| 4:37-4th |  | 89 | 107 | 0.001 | 0.999 |
| 4:22-4th |  | 89 | 107 | 0.001 | 0.999 |
| 4:19-4th |  | 89 | 107 | 0.001 | 0.999 |
| 4:01-4th |  | 89 | 109 | 0.001 | 0.999 |
| 3:48-4th |  | 89 | 109 | 0.001 | 0.999 |
| 3:45-4th |  | 89 | 109 | 0.001 | 0.999 |
| 3:36-4th |  | 89 | 109 | 0.001 | 0.999 |
| 3:34-4th |  | 89 | 109 | 0.001 | 0.999 |
| 3:32-4th |  | 91 | 109 | 0.001 | 0.999 |
| 3:11-4th |  | 91 | 109 | 0.001 | 0.999 |
| 3:07-4th |  | 91 | 109 | 0.001 | 0.999 |
| 2:58-4th |  | 93 | 109 | 0.001 | 0.999 |
| 2:35-4th |  | 93 | 111 | 0.001 | 0.999 |
| 2:19-4th |  | 95 | 111 | 0.001 | 0.999 |
| 2:02-4th |  | 95 | 113 | 0.001 | 0.999 |
| 1:50-4th |  | 95 | 113 | 0.001 | 0.999 |
| 1:47-4th |  | 95 | 113 | 0.001 | 0.999 |
| 1:40-4th |  | 95 | 113 | 0.001 | 0.999 |
| 1:37-4th |  | 97 | 113 | 0.001 | 0.999 |
| 1:31-4th |  | 97 | 113 | 0.001 | 0.999 |
| 1:29-4th |  | 97 | 114 | 0.001 | 0.999 |
| 1:27-4th |  | 99 | 114 | 0.001 | 0.999 |
| 1:12-4th |  | 99 | 114 | 0.001 | 0.999 |
| 1:09-4th |  | 99 | 114 | 0.001 | 0.999 |
| 55.1-4th |  | 99 | 114 | 0.001 | 0.999 |
| 52.2-4th |  | 99 | 114 | 0.001 | 0.999 |
| 51.2-4th |  | 99 | 114 | 0.001 | 0.999 |
| 38.0-4th |  | 99 | 116 | 0.001 | 0.999 |
| 29.1-4th |  | 101 | 116 | 0.001 | 0.999 |
| 5.1-4th |  | 101 | 116 | 0.001 | 0.999 |
| 0.0-4th |  | 101 | 116 | 0.0 | 1.0 |

Question

Which event most likely happened at the marked missing position?

Answer Choices

A. Player 8 (Team B) lost ball turnover (Player 9 (Team B) steals)
B. Player 4 (Team A) shooting foul | Player 3 (Team B) makes free throw 1 of 2 | Player 3 (Team B) makes free throw 2 of 2 | Player 3 (Team B) offensive rebound
C. Player 4 (Team A) makes 23-foot three point jumper (Player 14 (Team B) assists)
D. Player 3 (Team A) bad pass (Player 6 (Team A) steals)

Response Format

Return exactly one JSON object:

{
  "answer": "<A|B|C|D>",
  "rationale": "<brief evidence-based justification in 1-3 sentences>",
  "evidence_event_ids": [],
  "evidence_series_times": []
}

Use only event IDs and time labels that are provided above and that support the answer. Use an empty array when the corresponding evidence type is unavailable or unused. Return only the JSON object.
