Task

Reconstruct the missing event in this basketball game. Use the available numerical time-series evidence around the marked row to select the most likely event.

Game

Team A versus Team B, season 22-23.

Time Series

| Game time | Marker | Team A score | Team B score | Team A win probability | Team B win probability |
| --- | --- | --- | --- | --- | --- |
| 12:00-1st |  | 0 | 0 | 0.376 | 0.624 |
| 11:43-1st |  | 2 | 0 | 0.405 | 0.595 |
| 11:18-1st |  | 2 | 0 | 0.423 | 0.577 |
| 11:16-1st |  | 2 | 0 | 0.406 | 0.594 |
| 11:13-1st |  | 2 | 0 | 0.429 | 0.571 |
| 10:59-1st |  | 2 | 0 | 0.412 | 0.588 |
| 10:57-1st |  | 2 | 0 | 0.407 | 0.593 |
| 10:49-1st |  | 2 | 3 | 0.359 | 0.641 |
| 10:37-1st |  | 5 | 3 | 0.408 | 0.592 |
| 10:20-1st |  | 5 | 6 | 0.36 | 0.64 |
| 10:03-1st |  | 7 | 6 | 0.384 | 0.616 |
| 9:49-1st |  | 7 | 8 | 0.362 | 0.638 |
| 9:40-1st |  | 7 | 8 | 0.36 | 0.64 |
| 9:36-1st |  | 7 | 8 | 0.361 | 0.639 |
| 9:29-1st |  | 7 | 8 | 0.339 | 0.661 |
| 9:17-1st |  | 7 | 10 | 0.315 | 0.685 |
| 9:05-1st |  | 7 | 10 | 0.299 | 0.701 |
| 9:02-1st |  | 7 | 10 | 0.315 | 0.685 |
| 8:57-1st |  | 7 | 10 | 0.299 | 0.701 |
| 8:55-1st |  | 7 | 10 | 0.294 | 0.706 |
| 8:40-1st |  | 7 | 10 | 0.311 | 0.689 |
| 8:38-1st |  | 7 | 10 | 0.294 | 0.706 |
| 8:36-1st |  | 7 | 10 | 0.316 | 0.684 |
| 8:16-1st |  | 8 | 10 | 0.316 | 0.684 |
| 7:59-1st |  | 8 | 10 | 0.341 | 0.659 |
| 7:53-1st |  | 8 | 10 | 0.323 | 0.677 |
| 7:51-1st |  | 8 | 10 | 0.317 | 0.683 |
| 7:42-1st |  | 8 | 10 | 0.335 | 0.665 |
| 7:40-1st |  | 8 | 10 | 0.317 | 0.683 |
| 7:31-1st |  | 8 | 11 | 0.318 | 0.682 |
| 7:19-1st |  | 8 | 11 | 0.302 | 0.698 |
| 7:17-1st |  | 8 | 11 | 0.297 | 0.703 |
| 7:01-1st |  | 8 | 11 | 0.314 | 0.686 |
| 7:00-1st |  | 8 | 11 | 0.319 | 0.681 |
| 6:50-1st |  | 8 | 11 | 0.32 | 0.68 |
| 6:40-1st |  | 11 | 11 | 0.368 | 0.632 |
| 6:16-1st |  | 11 | 14 | 0.321 | 0.679 |
| 6:00-1st |  | 11 | 14 | 0.304 | 0.696 |
| 5:57-1st |  | 11 | 14 | 0.298 | 0.702 |
| 5:44-1st |  | 11 | 14 | 0.316 | 0.684 |
| 5:42-1st |  | 11 | 14 | 0.322 | 0.678 |
| 5:31-1st |  | 11 | 14 | 0.305 | 0.695 |
| 5:29-1st |  | 11 | 14 | 0.299 | 0.701 |
| 5:26-1st |  | 11 | 17 | 0.256 | 0.744 |
| 5:08-1st |  | 11 | 17 | 0.241 | 0.759 |
| 5:06-1st |  | 11 | 17 | 0.235 | 0.765 |
| 4:56-1st |  | 11 | 17 | 0.251 | 0.749 |
| 4:55-1st |  | 11 | 17 | 0.257 | 0.743 |
| 4:48-1st |  | 11 | 17 | 0.235 | 0.765 |
| 4:44-1st |  | 11 | 19 | 0.217 | 0.783 |
| 4:27-1st |  | 13 | 19 | 0.236 | 0.764 |
| 4:09-1st |  | 13 | 22 | 0.198 | 0.802 |
| 3:59-1st |  | 13 | 22 | 0.185 | 0.815 |
| 3:57-1st |  | 13 | 22 | 0.18 | 0.82 |
| 3:54-1st |  | 13 | 22 | 0.198 | 0.802 |
| 3:44-1st | TARGET | 13 | 25 | 0.148 | 0.852 |
| 3:43-1st |  | 13 | 25 | 0.148 | 0.852 |
| 3:40-1st |  | 13 | 25 | 0.132 | 0.868 |
| 3:32-1st |  | 13 | 27 | 0.118 | 0.882 |
| 3:15-1st |  | 13 | 27 | 0.109 | 0.891 |
| 3:13-1st |  | 13 | 27 | 0.106 | 0.894 |
| 2:57-1st |  | 13 | 27 | 0.117 | 0.883 |
| 2:53-1st |  | 13 | 27 | 0.106 | 0.894 |
| 2:39-1st |  | 13 | 27 | 0.114 | 0.886 |
| 2:36-1st |  | 13 | 27 | 0.117 | 0.883 |
| 2:27-1st |  | 13 | 27 | 0.108 | 0.892 |
| 2:25-1st |  | 13 | 27 | 0.105 | 0.895 |
| 2:14-1st |  | 13 | 27 | 0.113 | 0.887 |
| 2:13-1st |  | 13 | 27 | 0.105 | 0.895 |
| 2:12-1st |  | 13 | 29 | 0.094 | 0.906 |
| 1:57-1st |  | 13 | 29 | 0.085 | 0.915 |
| 1:55-1st |  | 13 | 29 | 0.082 | 0.918 |
| 1:33-1st |  | 13 | 29 | 0.09 | 0.91 |
| 1:31-1st |  | 13 | 29 | 0.082 | 0.918 |
| 1:19-1st |  | 13 | 29 | 0.09 | 0.91 |
| 1:16-1st |  | 13 | 29 | 0.092 | 0.908 |
| 1:09-1st |  | 13 | 29 | 0.084 | 0.916 |
| 1:05-1st |  | 13 | 29 | 0.081 | 0.919 |
| 53.6-1st |  | 13 | 31 | 0.072 | 0.928 |
| 43.8-1st |  | 13 | 31 | 0.064 | 0.936 |
| 41.8-1st |  | 13 | 31 | 0.072 | 0.928 |
| 26.8-1st |  | 13 | 31 | 0.064 | 0.936 |
| 23.9-1st |  | 13 | 31 | 0.071 | 0.929 |
| 22.5-1st |  | 15 | 31 | 0.08 | 0.92 |
| 3.6-1st |  | 15 | 33 | 0.07 | 0.93 |
| 0.3-1st |  | 15 | 33 | 0.065 | 0.935 |
| 0.1-1st |  | 15 | 33 | 0.073 | 0.927 |
| 0.0-1st |  | 15 | 33 | 0.067 | 0.933 |
| 12:00-2nd |  | 15 | 33 | 0.067 | 0.933 |
| 11:42-2nd |  | 15 | 35 | 0.053 | 0.947 |
| 11:19-2nd |  | 15 | 35 | 0.047 | 0.953 |
| 11:18-2nd |  | 15 | 35 | 0.045 | 0.955 |
| 10:54-2nd |  | 15 | 37 | 0.039 | 0.961 |
| 10:44-2nd |  | 18 | 37 | 0.051 | 0.949 |
| 10:32-2nd |  | 18 | 37 | 0.058 | 0.942 |
| 10:28-2nd |  | 18 | 37 | 0.06 | 0.94 |
| 10:20-2nd |  | 18 | 37 | 0.053 | 0.947 |
| 10:19-2nd |  | 18 | 37 | 0.06 | 0.94 |
| 10:18-2nd |  | 18 | 37 | 0.054 | 0.946 |
| 10:17-2nd |  | 18 | 37 | 0.061 | 0.939 |
| 10:16-2nd |  | 18 | 37 | 0.053 | 0.947 |
| 10:15-2nd |  | 18 | 37 | 0.05 | 0.95 |
| 10:09-2nd |  | 18 | 37 | 0.05 | 0.95 |
| 10:03-2nd |  | 18 | 39 | 0.043 | 0.957 |
| 9:53-2nd |  | 20 | 39 | 0.05 | 0.95 |
| 9:43-2nd |  | 20 | 39 | 0.059 | 0.941 |
| 9:34-2nd |  | 20 | 39 | 0.052 | 0.948 |
| 9:32-2nd |  | 20 | 39 | 0.058 | 0.942 |
| 9:31-2nd |  | 20 | 39 | 0.049 | 0.951 |
| 9:21-2nd |  | 20 | 39 | 0.056 | 0.944 |
| 9:18-2nd |  | 20 | 39 | 0.058 | 0.942 |
| 9:13-2nd |  | 20 | 39 | 0.049 | 0.951 |
| 9:08-2nd |  | 20 | 41 | 0.042 | 0.958 |
| 8:58-2nd |  | 20 | 41 | 0.038 | 0.962 |
| 8:56-2nd |  | 20 | 41 | 0.042 | 0.958 |
| 8:53-2nd |  | 23 | 41 | 0.056 | 0.944 |
| 8:32-2nd |  | 23 | 41 | 0.064 | 0.936 |
| 8:21-2nd |  | 23 | 41 | 0.057 | 0.943 |
| 8:17-2nd |  | 23 | 41 | 0.055 | 0.945 |
| 8:13-2nd |  | 23 | 43 | 0.048 | 0.952 |
| 8:00-2nd |  | 23 | 43 | 0.041 | 0.959 |
| 7:45-2nd |  | 23 | 43 | 0.046 | 0.954 |
| 7:43-2nd |  | 23 | 43 | 0.048 | 0.952 |
| 7:36-2nd |  | 23 | 43 | 0.042 | 0.958 |
| 7:31-2nd |  | 23 | 43 | 0.04 | 0.96 |
| 7:26-2nd |  | 23 | 43 | 0.047 | 0.953 |
| 7:22-2nd |  | 25 | 43 | 0.053 | 0.947 |
| 6:59-2nd |  | 25 | 46 | 0.039 | 0.961 |
| 6:42-2nd |  | 25 | 46 | 0.035 | 0.965 |
| 6:41-2nd |  | 25 | 46 | 0.033 | 0.967 |
| 6:39-2nd |  | 25 | 46 | 0.039 | 0.961 |
| 6:36-2nd |  | 27 | 46 | 0.045 | 0.955 |
| 6:20-2nd |  | 27 | 48 | 0.038 | 0.962 |
| 5:57-2nd |  | 29 | 48 | 0.044 | 0.956 |
| 5:29-2nd |  | 29 | 48 | 0.049 | 0.951 |
| 5:27-2nd |  | 29 | 48 | 0.052 | 0.948 |
| 5:25-2nd |  | 29 | 48 | 0.043 | 0.957 |
| 5:09-2nd |  | 29 | 48 | 0.051 | 0.949 |
| 4:58-2nd |  | 30 | 48 | 0.049 | 0.951 |
| 4:55-2nd |  | 30 | 48 | 0.049 | 0.951 |
| 4:37-2nd |  | 30 | 48 | 0.055 | 0.945 |
| 4:34-2nd |  | 30 | 48 | 0.057 | 0.943 |
| 4:28-2nd |  | 33 | 48 | 0.076 | 0.924 |
| 4:13-2nd |  | 33 | 51 | 0.056 | 0.944 |
| 3:57-2nd |  | 33 | 51 | 0.049 | 0.951 |
| 3:53-2nd |  | 33 | 51 | 0.047 | 0.953 |
| 3:48-2nd |  | 33 | 53 | 0.04 | 0.96 |
| 3:28-2nd |  | 35 | 53 | 0.046 | 0.954 |
| 3:15-2nd |  | 35 | 56 | 0.033 | 0.967 |
| 2:59-2nd |  | 35 | 56 | 0.033 | 0.967 |
| 2:49-2nd |  | 37 | 56 | 0.038 | 0.962 |
| 2:30-2nd |  | 37 | 56 | 0.043 | 0.957 |
| 2:29-2nd |  | 37 | 56 | 0.038 | 0.962 |
| 2:27-2nd |  | 37 | 58 | 0.032 | 0.968 |
| 2:04-2nd |  | 39 | 58 | 0.037 | 0.963 |
| 1:39-2nd |  | 39 | 61 | 0.026 | 0.974 |
| 1:28-2nd |  | 39 | 61 | 0.033 | 0.967 |
| 1:22-2nd |  | 39 | 61 | 0.022 | 0.978 |
| 1:18-2nd |  | 39 | 61 | 0.021 | 0.979 |
| 1:04-2nd |  | 39 | 61 | 0.023 | 0.977 |
| 1:02-2nd |  | 39 | 61 | 0.024 | 0.976 |
| 51.0-2nd |  | 39 | 61 | 0.021 | 0.979 |
| 48.6-2nd |  | 39 | 61 | 0.02 | 0.98 |
| 36.2-2nd |  | 39 | 64 | 0.013 | 0.987 |
| 25.0-2nd |  | 41 | 64 | 0.016 | 0.984 |
| 4.5-2nd |  | 41 | 67 | 0.01 | 0.99 |
| 0.0-2nd |  | 41 | 67 | 0.009 | 0.991 |
| 12:00-3rd |  | 41 | 67 | 0.009 | 0.991 |
| 11:37-3rd |  | 41 | 68 | 0.007 | 0.993 |
| 11:24-3rd |  | 41 | 68 | 0.006 | 0.994 |
| 11:21-3rd |  | 41 | 68 | 0.005 | 0.995 |
| 11:02-3rd |  | 41 | 68 | 0.006 | 0.994 |
| 11:00-3rd |  | 41 | 68 | 0.007 | 0.993 |
| 10:53-3rd |  | 41 | 68 | 0.006 | 0.994 |
| 10:46-3rd |  | 41 | 68 | 0.005 | 0.995 |
| 10:44-3rd |  | 41 | 68 | 0.006 | 0.994 |
| 10:42-3rd |  | 44 | 68 | 0.01 | 0.99 |
| 10:29-3rd |  | 44 | 68 | 0.013 | 0.987 |
| 10:20-3rd |  | 46 | 68 | 0.015 | 0.985 |
| 10:03-3rd |  | 46 | 70 | 0.012 | 0.988 |
| 9:46-3rd |  | 48 | 70 | 0.014 | 0.986 |
| 9:31-3rd |  | 48 | 70 | 0.016 | 0.984 |
| 9:28-3rd |  | 48 | 70 | 0.017 | 0.983 |
| 9:22-3rd |  | 48 | 70 | 0.014 | 0.986 |
| 9:19-3rd |  | 48 | 70 | 0.014 | 0.986 |
| 9:08-3rd |  | 48 | 73 | 0.008 | 0.992 |
| 8:48-3rd |  | 50 | 73 | 0.01 | 0.99 |
| 8:37-3rd |  | 50 | 73 | 0.012 | 0.988 |
| 8:35-3rd |  | 50 | 73 | 0.01 | 0.99 |
| 8:34-3rd |  | 50 | 73 | 0.012 | 0.988 |
| 8:20-3rd |  | 53 | 73 | 0.019 | 0.981 |
| 8:02-3rd |  | 53 | 76 | 0.011 | 0.989 |
| 7:47-3rd |  | 53 | 76 | 0.009 | 0.991 |
| 7:45-3rd |  | 53 | 76 | 0.011 | 0.989 |
| 7:43-3rd |  | 55 | 76 | 0.014 | 0.986 |
| 7:26-3rd |  | 55 | 76 | 0.016 | 0.984 |
| 7:23-3rd |  | 55 | 76 | 0.017 | 0.983 |
| 7:17-3rd |  | 55 | 76 | 0.014 | 0.986 |
| 7:14-3rd |  | 55 | 76 | 0.013 | 0.987 |
| 7:00-3rd |  | 55 | 76 | 0.016 | 0.984 |
| 6:58-3rd |  | 55 | 76 | 0.016 | 0.984 |
| 6:53-3rd |  | 57 | 76 | 0.021 | 0.979 |
| 6:40-3rd |  | 57 | 76 | 0.024 | 0.976 |
| 6:37-3rd |  | 57 | 76 | 0.025 | 0.975 |
| 6:30-3rd |  | 60 | 76 | 0.039 | 0.961 |
| 6:14-3rd |  | 60 | 79 | 0.024 | 0.976 |
| 5:54-3rd |  | 62 | 79 | 0.03 | 0.97 |
| 5:41-3rd |  | 62 | 81 | 0.023 | 0.977 |
| 5:16-3rd |  | 62 | 81 | 0.018 | 0.982 |
| 5:15-3rd |  | 62 | 81 | 0.017 | 0.983 |
| 4:53-3rd |  | 62 | 84 | 0.01 | 0.99 |
| 4:45-3rd |  | 64 | 84 | 0.012 | 0.988 |
| 4:06-3rd |  | 64 | 84 | 0.014 | 0.986 |
| 4:04-3rd |  | 64 | 84 | 0.014 | 0.986 |
| 4:00-3rd |  | 64 | 84 | 0.011 | 0.989 |
| 3:45-3rd |  | 64 | 87 | 0.006 | 0.994 |
| 3:24-3rd |  | 67 | 87 | 0.01 | 0.99 |
| 3:10-3rd |  | 67 | 87 | 0.012 | 0.988 |
| 3:07-3rd |  | 67 | 89 | 0.007 | 0.993 |
| 3:00-3rd |  | 70 | 89 | 0.013 | 0.987 |
| 2:42-3rd |  | 70 | 89 | 0.015 | 0.985 |
| 2:38-3rd |  | 70 | 89 | 0.012 | 0.988 |
| 2:26-3rd |  | 70 | 91 | 0.009 | 0.991 |
| 2:03-3rd |  | 72 | 91 | 0.011 | 0.989 |
| 1:44-3rd |  | 72 | 91 | 0.013 | 0.987 |
| 1:41-3rd |  | 72 | 91 | 0.013 | 0.987 |
| 1:35-3rd |  | 72 | 91 | 0.011 | 0.989 |
| 1:32-3rd |  | 72 | 91 | 0.01 | 0.99 |
| 1:21-3rd |  | 72 | 91 | 0.006 | 0.994 |
| 1:09-3rd |  | 72 | 91 | 0.012 | 0.988 |
| 1:06-3rd |  | 72 | 91 | 0.012 | 0.988 |
| 52.1-3rd |  | 72 | 91 | 0.009 | 0.991 |
| 49.8-3rd |  | 72 | 91 | 0.008 | 0.992 |
| 41.2-3rd |  | 72 | 93 | 0.006 | 0.994 |
| 27.0-3rd |  | 75 | 93 | 0.01 | 0.99 |
| 6.7-3rd |  | 75 | 96 | 0.005 | 0.995 |
| 0.1-3rd |  | 75 | 96 | 0.005 | 0.995 |
| 0.0-3rd |  | 75 | 96 | 0.004 | 0.996 |
| 12:00-4th |  | 75 | 96 | 0.004 | 0.996 |
| 11:46-4th |  | 75 | 96 | 0.004 | 0.996 |
| 11:42-4th |  | 75 | 96 | 0.003 | 0.997 |
| 11:30-4th |  | 75 | 96 | 0.005 | 0.995 |
| 11:28-4th |  | 75 | 96 | 0.005 | 0.995 |
| 11:24-4th |  | 75 | 96 | 0.004 | 0.996 |
| 11:20-4th |  | 75 | 96 | 0.003 | 0.997 |
| 11:14-4th |  | 75 | 99 | 0.002 | 0.998 |
| 10:58-4th |  | 77 | 99 | 0.002 | 0.998 |
| 10:56-4th |  | 77 | 99 | 0.002 | 0.998 |
| 10:40-4th |  | 77 | 99 | 0.003 | 0.997 |
| 10:38-4th |  | 77 | 99 | 0.003 | 0.997 |
| 10:36-4th |  | 79 | 99 | 0.004 | 0.996 |
| 10:23-4th |  | 79 | 99 | 0.005 | 0.995 |
| 10:20-4th |  | 79 | 99 | 0.005 | 0.995 |
| 10:12-4th |  | 79 | 99 | 0.004 | 0.996 |
| 10:09-4th |  | 79 | 99 | 0.004 | 0.996 |
| 10:03-4th |  | 79 | 99 | 0.005 | 0.995 |
| 9:58-4th |  | 79 | 99 | 0.005 | 0.995 |
| 9:49-4th |  | 81 | 99 | 0.007 | 0.993 |
| 9:33-4th |  | 81 | 101 | 0.004 | 0.996 |
| 9:22-4th |  | 81 | 101 | 0.005 | 0.995 |
| 9:12-4th |  | 83 | 101 | 0.006 | 0.994 |
| 8:50-4th |  | 83 | 104 | 0.003 | 0.997 |
| 8:33-4th |  | 84 | 104 | 0.002 | 0.998 |
| 8:20-4th |  | 84 | 106 | 0.002 | 0.998 |
| 8:08-4th |  | 84 | 106 | 0.001 | 0.999 |
| 7:49-4th |  | 84 | 108 | 0.001 | 0.999 |
| 7:31-4th |  | 86 | 108 | 0.001 | 0.999 |
| 7:20-4th |  | 86 | 108 | 0.001 | 0.999 |
| 7:17-4th |  | 86 | 108 | 0.001 | 0.999 |
| 7:12-4th |  | 86 | 108 | 0.001 | 0.999 |
| 7:06-4th |  | 86 | 108 | 0.001 | 0.999 |
| 7:03-4th |  | 86 | 108 | 0.001 | 0.999 |
| 7:02-4th |  | 88 | 108 | 0.001 | 0.999 |
| 6:52-4th |  | 88 | 108 | 0.002 | 0.998 |
| 6:50-4th |  | 88 | 108 | 0.002 | 0.998 |
| 6:48-4th |  | 88 | 108 | 0.002 | 0.998 |
| 6:47-4th |  | 88 | 108 | 0.002 | 0.998 |
| 6:46-4th |  | 88 | 108 | 0.002 | 0.998 |
| 6:36-4th |  | 88 | 108 | 0.002 | 0.998 |
| 6:25-4th |  | 88 | 108 | 0.002 | 0.998 |
| 6:19-4th |  | 88 | 108 | 0.002 | 0.998 |
| 6:15-4th |  | 89 | 108 | 0.002 | 0.998 |
| 6:09-4th |  | 89 | 108 | 0.003 | 0.997 |
| 6:01-4th |  | 89 | 108 | 0.002 | 0.998 |
| 5:59-4th |  | 89 | 108 | 0.002 | 0.998 |
| 5:57-4th |  | 89 | 108 | 0.002 | 0.998 |
| 5:54-4th |  | 89 | 108 | 0.002 | 0.998 |
| 5:51-4th |  | 89 | 108 | 0.002 | 0.998 |
| 5:49-4th |  | 89 | 108 | 0.002 | 0.998 |
| 5:46-4th |  | 89 | 108 | 0.002 | 0.998 |
| 5:37-4th |  | 89 | 108 | 0.002 | 0.998 |
| 5:35-4th |  | 89 | 108 | 0.001 | 0.999 |
| 5:28-4th |  | 89 | 110 | 0.001 | 0.999 |
| 5:13-4th |  | 91 | 110 | 0.001 | 0.999 |
| 5:00-4th |  | 91 | 110 | 0.002 | 0.998 |
| 4:58-4th |  | 91 | 110 | 0.002 | 0.998 |
| 4:47-4th |  | 91 | 110 | 0.001 | 0.999 |
| 4:43-4th |  | 91 | 110 | 0.001 | 0.999 |
| 4:35-4th |  | 93 | 110 | 0.002 | 0.998 |
| 4:09-4th |  | 93 | 113 | 0.001 | 0.999 |
| 3:57-4th |  | 94 | 113 | 0.001 | 0.999 |
| 3:40-4th |  | 94 | 116 | 0.001 | 0.999 |
| 3:22-4th |  | 94 | 116 | 0.001 | 0.999 |
| 3:20-4th |  | 94 | 116 | 0.001 | 0.999 |
| 3:03-4th |  | 94 | 116 | 0.001 | 0.999 |
| 3:00-4th |  | 94 | 116 | 0.001 | 0.999 |
| 2:54-4th |  | 94 | 116 | 0.001 | 0.999 |
| 2:49-4th |  | 94 | 118 | 0.001 | 0.999 |
| 2:36-4th |  | 97 | 118 | 0.001 | 0.999 |
| 2:25-4th |  | 97 | 118 | 0.001 | 0.999 |
| 2:12-4th |  | 97 | 120 | 0.001 | 0.999 |
| 2:05-4th |  | 99 | 120 | 0.001 | 0.999 |
| 1:52-4th |  | 99 | 120 | 0.001 | 0.999 |
| 1:51-4th |  | 99 | 120 | 0.001 | 0.999 |
| 1:50-4th |  | 99 | 122 | 0.001 | 0.999 |
| 1:43-4th |  | 101 | 122 | 0.001 | 0.999 |
| 1:31-4th |  | 101 | 125 | 0.001 | 0.999 |
| 1:16-4th |  | 101 | 125 | 0.001 | 0.999 |
| 1:14-4th |  | 101 | 125 | 0.001 | 0.999 |
| 1:11-4th |  | 101 | 125 | 0.001 | 0.999 |
| 1:05-4th |  | 104 | 125 | 0.001 | 0.999 |
| 54.3-4th |  | 104 | 127 | 0.001 | 0.999 |
| 47.2-4th |  | 106 | 127 | 0.001 | 0.999 |
| 39.1-4th |  | 106 | 130 | 0.001 | 0.999 |
| 27.3-4th |  | 109 | 130 | 0.001 | 0.999 |
| 2.6-4th |  | 109 | 130 | 0.001 | 0.999 |
| 0.0-4th |  | 111 | 130 | 0.0 | 1.0 |

Question

Which event most likely happened at the marked missing position?

Answer Choices

A. Player 3 (Team A) makes two point shot (Player 13 (Team B) assists)
B. Player 1 (Team B) makes 25-foot step back jumpshot
C. Player 11 (Team B) makes finger roll layup
D. Player 1 (Team B) enters the game for Player 16 (Team B)

Response Format

Return exactly one JSON object:

{
  "answer": "<A|B|C|D>",
  "rationale": "<brief evidence-based justification in 1-3 sentences>",
  "evidence_event_ids": [],
  "evidence_series_times": []
}

Use only event IDs and time labels that are provided above and that support the answer. Use an empty array when the corresponding evidence type is unavailable or unused. Return only the JSON object.
