Task

Reconstruct the missing event in this basketball game. Use the available numerical time-series evidence around the marked row to select the most likely event.

Game

Team A versus Team B, season 22-23.

Time Series

| Game time | Marker | Team A score | Team B score | Team A win probability | Team B win probability |
| --- | --- | --- | --- | --- | --- |
| 12:00-1st |  | 0 | 0 | 0.134 | 0.866 |
| 11:42-1st |  | 0 | 0 | 0.142 | 0.858 |
| 11:41-1st |  | 0 | 0 | 0.145 | 0.855 |
| 11:26-1st |  | 0 | 0 | 0.136 | 0.864 |
| 11:12-1st |  | 0 | 0 | 0.144 | 0.856 |
| 11:10-1st |  | 0 | 0 | 0.137 | 0.863 |
| 11:03-1st |  | 0 | 0 | 0.145 | 0.855 |
| 11:00-1st |  | 0 | 0 | 0.148 | 0.852 |
| 10:51-1st |  | 0 | 0 | 0.141 | 0.859 |
| 10:49-1st |  | 0 | 0 | 0.149 | 0.851 |
| 10:46-1st |  | 2 | 0 | 0.164 | 0.836 |
| 10:24-1st |  | 2 | 3 | 0.14 | 0.86 |
| 10:01-1st |  | 2 | 3 | 0.131 | 0.869 |
| 9:58-1st |  | 2 | 3 | 0.127 | 0.873 |
| 9:49-1st |  | 2 | 3 | 0.139 | 0.861 |
| 9:47-1st |  | 2 | 3 | 0.143 | 0.857 |
| 9:35-1st |  | 4 | 3 | 0.156 | 0.844 |
| 9:12-1st |  | 4 | 3 | 0.175 | 0.825 |
| 8:53-1st |  | 6 | 3 | 0.189 | 0.811 |
| 8:37-1st |  | 6 | 5 | 0.179 | 0.821 |
| 8:27-1st |  | 9 | 5 | 0.209 | 0.791 |
| 8:11-1st |  | 9 | 5 | 0.224 | 0.776 |
| 8:06-1st |  | 9 | 5 | 0.23 | 0.77 |
| 8:00-1st |  | 11 | 5 | 0.25 | 0.75 |
| 7:47-1st |  | 11 | 5 | 0.268 | 0.732 |
| 7:44-1st |  | 11 | 5 | 0.275 | 0.725 |
| 7:38-1st |  | 11 | 5 | 0.258 | 0.742 |
| 7:36-1st |  | 11 | 5 | 0.253 | 0.747 |
| 7:29-1st |  | 11 | 5 | 0.271 | 0.729 |
| 7:27-1st |  | 11 | 5 | 0.254 | 0.746 |
| 7:20-1st |  | 11 | 5 | 0.273 | 0.727 |
| 7:17-1st |  | 11 | 5 | 0.279 | 0.721 |
| 7:05-1st |  | 13 | 5 | 0.302 | 0.698 |
| 7:04-1st |  | 13 | 5 | 0.302 | 0.698 |
| 6:52-1st |  | 13 | 5 | 0.322 | 0.678 |
| 6:49-1st |  | 13 | 5 | 0.329 | 0.671 |
| 6:37-1st |  | 13 | 5 | 0.313 | 0.687 |
| 6:33-1st |  | 15 | 5 | 0.356 | 0.644 |
| 6:20-1st |  | 15 | 7 | 0.334 | 0.666 |
| 6:01-1st |  | 15 | 7 | 0.319 | 0.681 |
| 5:59-1st |  | 15 | 7 | 0.313 | 0.687 |
| 5:53-1st |  | 15 | 7 | 0.333 | 0.667 |
| 5:46-1st |  | 15 | 7 | 0.34 | 0.66 |
| 5:42-1st |  | 17 | 7 | 0.367 | 0.633 |
| 5:34-1st |  | 17 | 7 | 0.369 | 0.631 |
| 5:24-1st |  | 17 | 10 | 0.32 | 0.68 |
| 5:03-1st |  | 17 | 10 | 0.305 | 0.695 |
| 5:01-1st |  | 17 | 10 | 0.299 | 0.701 |
| 4:50-1st |  | 17 | 12 | 0.28 | 0.72 |
| 4:34-1st |  | 20 | 12 | 0.327 | 0.673 |
| 4:05-1st |  | 20 | 12 | 0.353 | 0.647 |
| 4:00-1st |  | 20 | 12 | 0.361 | 0.639 |
| 3:56-1st |  | 20 | 12 | 0.341 | 0.659 |
| 3:53-1st |  | 20 | 12 | 0.334 | 0.666 |
| 3:48-1st |  | 20 | 12 | 0.364 | 0.636 |
| 3:31-1st |  | 23 | 12 | 0.421 | 0.579 |
| 3:14-1st |  | 23 | 12 | 0.456 | 0.544 |
| 3:12-1st |  | 23 | 12 | 0.456 | 0.544 |
| 2:56-1st |  | 25 | 12 | 0.491 | 0.509 |
| 2:41-1st |  | 25 | 12 | 0.517 | 0.483 |
| 2:38-1st |  | 25 | 12 | 0.495 | 0.505 |
| 2:29-1st |  | 25 | 12 | 0.52 | 0.48 |
| 2:27-1st |  | 25 | 12 | 0.528 | 0.472 |
| 2:09-1st |  | 27 | 12 | 0.566 | 0.434 |
| 1:54-1st |  | 27 | 15 | 0.506 | 0.494 |
| 1:25-1st |  | 27 | 15 | 0.479 | 0.521 |
| 1:21-1st |  | 27 | 17 | 0.451 | 0.549 |
| 1:08-1st |  | 29 | 17 | 0.486 | 0.514 |
| 55.0-1st |  | 29 | 17 | 0.515 | 0.485 |
| 53.0-1st |  | 29 | 17 | 0.489 | 0.511 |
| 45.0-1st |  | 29 | 20 | 0.428 | 0.572 |
| 28.2-1st |  | 29 | 20 | 0.408 | 0.592 |
| 27.0-1st |  | 29 | 20 | 0.4 | 0.6 |
| 24.1-1st |  | 29 | 22 | 0.373 | 0.627 |
| 8.1-1st |  | 29 | 22 | 0.423 | 0.577 |
| 3.0-1st |  | 29 | 22 | 0.35 | 0.65 |
| 0.0-1st |  | 29 | 22 | 0.364 | 0.636 |
| 12:00-2nd |  | 29 | 22 | 0.364 | 0.636 |
| 11:49-2nd |  | 29 | 22 | 0.38 | 0.62 |
| 11:37-2nd |  | 29 | 22 | 0.362 | 0.638 |
| 11:35-2nd |  | 29 | 22 | 0.355 | 0.645 |
| 11:20-2nd |  | 29 | 24 | 0.333 | 0.667 |
| 11:00-2nd |  | 29 | 24 | 0.31 | 0.69 |
| 10:49-2nd |  | 29 | 24 | 0.339 | 0.661 |
| 10:47-2nd |  | 29 | 24 | 0.312 | 0.688 |
| 10:29-2nd |  | 29 | 24 | 0.342 | 0.658 |
| 10:18-2nd |  | 29 | 24 | 0.324 | 0.676 |
| 10:15-2nd |  | 29 | 24 | 0.345 | 0.655 |
| 10:09-2nd |  | 29 | 24 | 0.325 | 0.675 |
| 10:06-2nd |  | 29 | 24 | 0.346 | 0.654 |
| 10:05-2nd |  | 29 | 24 | 0.319 | 0.681 |
| 9:48-2nd |  | 29 | 24 | 0.349 | 0.651 |
| 9:45-2nd |  | 31 | 24 | 0.322 | 0.678 |
| 9:27-2nd |  | 31 | 26 | 0.353 | 0.647 |
| 9:14-2nd |  | 34 | 26 | 0.413 | 0.587 |
| 8:50-2nd |  | 34 | 26 | 0.443 | 0.557 |
| 8:45-2nd |  | 34 | 26 | 0.452 | 0.548 |
| 8:40-2nd |  | 34 | 26 | 0.429 | 0.571 |
| 8:37-2nd |  | 34 | 26 | 0.422 | 0.578 |
| 8:32-2nd |  | 34 | 26 | 0.447 | 0.553 |
| 8:29-2nd |  | 34 | 26 | 0.455 | 0.545 |
| 8:12-2nd |  | 34 | 26 | 0.427 | 0.573 |
| 8:08-2nd |  | 34 | 26 | 0.452 | 0.548 |
| 8:05-2nd |  | 34 | 26 | 0.428 | 0.572 |
| 8:01-2nd |  | 34 | 26 | 0.453 | 0.547 |
| 7:58-2nd |  | 34 | 26 | 0.462 | 0.538 |
| 7:50-2nd |  | 34 | 26 | 0.44 | 0.56 |
| 7:48-2nd |  | 34 | 26 | 0.432 | 0.568 |
| 7:38-2nd |  | 34 | 26 | 0.459 | 0.541 |
| 7:37-2nd |  | 34 | 26 | 0.467 | 0.533 |
| 7:27-2nd |  | 34 | 26 | 0.437 | 0.563 |
| 7:15-2nd |  | 34 | 28 | 0.407 | 0.593 |
| 7:06-2nd |  | 34 | 28 | 0.386 | 0.614 |
| 7:04-2nd |  | 34 | 28 | 0.378 | 0.622 |
| 7:00-2nd |  | 34 | 30 | 0.353 | 0.647 |
| 6:49-2nd |  | 34 | 30 | 0.324 | 0.676 |
| 6:36-2nd |  | 34 | 33 | 0.274 | 0.726 |
| 6:22-2nd |  | 34 | 33 | 0.258 | 0.742 |
| 6:19-2nd |  | 34 | 33 | 0.252 | 0.748 |
| 6:13-2nd |  | 34 | 33 | 0.278 | 0.722 |
| 6:07-2nd |  | 34 | 33 | 0.254 | 0.746 |
| 6:05-2nd |  | 34 | 33 | 0.279 | 0.721 |
| 5:52-2nd |  | 37 | 33 | 0.334 | 0.666 |
| 5:32-2nd |  | 37 | 33 | 0.361 | 0.639 |
| 5:30-2nd |  | 37 | 33 | 0.338 | 0.662 |
| 5:25-2nd |  | 37 | 33 | 0.362 | 0.638 |
| 5:24-2nd |  | 37 | 33 | 0.339 | 0.661 |
| 5:22-2nd |  | 37 | 35 | 0.313 | 0.687 |
| 4:55-2nd |  | 39 | 35 | 0.344 | 0.656 |
| 4:46-2nd |  | 39 | 35 | 0.344 | 0.656 |
| 4:35-2nd |  | 39 | 35 | 0.371 | 0.629 |
| 4:28-2nd |  | 39 | 35 | 0.349 | 0.651 |
| 4:24-2nd |  | 39 | 35 | 0.373 | 0.627 |
| 4:22-2nd |  | 39 | 35 | 0.382 | 0.618 |
| 4:08-2nd |  | 39 | 35 | 0.36 | 0.64 |
| 4:05-2nd |  | 39 | 35 | 0.353 | 0.647 |
| 4:00-2nd |  | 39 | 37 | 0.325 | 0.675 |
| 3:46-2nd |  | 41 | 37 | 0.355 | 0.645 |
| 3:28-2nd |  | 41 | 37 | 0.383 | 0.617 |
| 3:27-2nd |  | 41 | 39 | 0.33 | 0.67 |
| 3:03-2nd |  | 41 | 39 | 0.312 | 0.688 |
| 2:58-2nd |  | 41 | 39 | 0.305 | 0.695 |
| 2:53-2nd |  | 41 | 41 | 0.278 | 0.722 |
| 2:37-2nd |  | 43 | 41 | 0.308 | 0.692 |
| 2:24-2nd |  | 43 | 41 | 0.339 | 0.661 |
| 2:19-2nd |  | 45 | 41 | 0.37 | 0.63 |
| 2:12-2nd |  | 45 | 43 | 0.341 | 0.659 |
| 2:03-2nd |  | 45 | 43 | 0.313 | 0.687 |
| 2:00-2nd |  | 45 | 43 | 0.314 | 0.686 |
| 1:47-2nd |  | 45 | 45 | 0.287 | 0.713 |
| 1:28-2nd |  | 45 | 45 | 0.268 | 0.732 |
| 1:26-2nd |  | 45 | 45 | 0.261 | 0.739 |
| 1:19-2nd |  | 45 | 45 | 0.283 | 0.717 |
| 1:16-2nd |  | 45 | 45 | 0.291 | 0.709 |
| 55.1-2nd |  | 45 | 45 | 0.272 | 0.728 |
| 51.0-2nd |  | 45 | 45 | 0.266 | 0.734 |
| 48.1-2nd |  | 45 | 48 | 0.214 | 0.786 |
| 30.1-2nd |  | 47 | 48 | 0.243 | 0.757 |
| 23.0-2nd |  | 47 | 48 | 0.264 | 0.736 |
| 21.0-2nd |  | 47 | 48 | 0.27 | 0.73 |
| 2.1-2nd |  | 47 | 48 | 0.27 | 0.73 |
| 0.0-2nd |  | 47 | 48 | 0.259 | 0.741 |
| 12:00-3rd |  | 47 | 48 | 0.259 | 0.741 |
| 11:39-3rd |  | 47 | 48 | 0.253 | 0.747 |
| 11:37-3rd |  | 47 | 48 | 0.246 | 0.754 |
| 11:34-3rd |  | 47 | 51 | 0.199 | 0.801 |
| 11:16-3rd |  | 50 | 51 | 0.248 | 0.752 |
| 11:05-3rd |  | 50 | 51 | 0.251 | 0.749 |
| 10:54-3rd |  | 50 | 51 | 0.272 | 0.728 |
| 10:52-3rd |  | 50 | 51 | 0.279 | 0.721 |
| 10:46-3rd |  | 52 | 51 | 0.312 | 0.688 |
| 10:32-3rd |  | 52 | 51 | 0.338 | 0.662 |
| 10:31-3rd |  | 52 | 51 | 0.347 | 0.653 |
| 10:27-3rd |  | 52 | 51 | 0.322 | 0.678 |
| 10:24-3rd |  | 52 | 51 | 0.315 | 0.685 |
| 10:18-3rd |  | 52 | 53 | 0.284 | 0.716 |
| 10:00-3rd |  | 54 | 53 | 0.318 | 0.682 |
| 9:41-3rd |  | 54 | 55 | 0.289 | 0.711 |
| 9:26-3rd |  | 57 | 55 | 0.356 | 0.644 |
| 9:11-3rd |  | 57 | 55 | 0.386 | 0.614 |
| 9:09-3rd |  | 57 | 55 | 0.395 | 0.605 |
| 9:02-3rd |  | 57 | 55 | 0.369 | 0.631 |
| 9:00-3rd |  | 58 | 55 | 0.395 | 0.605 |
| 8:43-3rd |  | 58 | 58 | 0.329 | 0.671 |
| 8:32-3rd |  | 58 | 58 | 0.296 | 0.704 |
| 8:21-3rd |  | 58 | 61 | 0.24 | 0.76 |
| 8:12-3rd |  | 60 | 62 | 0.238 | 0.762 |
| 7:51-3rd |  | 60 | 62 | 0.262 | 0.738 |
| 7:48-3rd |  | 60 | 62 | 0.27 | 0.73 |
| 7:36-3rd |  | 63 | 62 | 0.338 | 0.662 |
| 7:34-3rd |  | 63 | 62 | 0.338 | 0.662 |
| 7:17-3rd |  | 63 | 62 | 0.369 | 0.631 |
| 7:15-3rd |  | 63 | 62 | 0.378 | 0.622 |
| 7:04-3rd |  | 65 | 62 | 0.419 | 0.581 |
| 6:46-3rd |  | 65 | 65 | 0.346 | 0.654 |
| 6:25-3rd |  | 65 | 65 | 0.35 | 0.65 |
| 6:18-3rd |  | 65 | 65 | 0.323 | 0.677 |
| 6:13-3rd |  | 65 | 65 | 0.315 | 0.685 |
| 5:54-3rd |  | 65 | 65 | 0.315 | 0.685 |
| 5:51-3rd |  | 65 | 65 | 0.345 | 0.655 |
| 5:48-3rd |  | 65 | 65 | 0.355 | 0.645 |
| 5:40-3rd |  | 65 | 65 | 0.319 | 0.681 |
| 5:36-3rd |  | 65 | 65 | 0.357 | 0.643 |
| 5:18-3rd |  | 68 | 65 | 0.441 | 0.559 |
| 5:04-3rd |  | 68 | 65 | 0.485 | 0.515 |
| 4:59-3rd |  | 70 | 65 | 0.526 | 0.474 |
| 4:44-3rd |  | 70 | 67 | 0.49 | 0.51 |
| 4:24-3rd |  | 72 | 67 | 0.535 | 0.465 |
| 4:08-3rd |  | 72 | 67 | 0.586 | 0.414 |
| 4:03-3rd |  | 72 | 67 | 0.552 | 0.448 |
| 4:01-3rd |  | 72 | 67 | 0.541 | 0.459 |
| 3:51-3rd |  | 72 | 67 | 0.579 | 0.421 |
| 3:49-3rd |  | 72 | 67 | 0.592 | 0.408 |
| 3:36-3rd |  | 72 | 67 | 0.559 | 0.441 |
| 3:34-3rd |  | 72 | 67 | 0.548 | 0.452 |
| 3:29-3rd |  | 72 | 67 | 0.585 | 0.415 |
| 3:25-3rd |  | 72 | 67 | 0.55 | 0.45 |
| 3:14-3rd |  | 72 | 70 | 0.466 | 0.534 |
| 3:00-3rd |  | 73 | 70 | 0.471 | 0.529 |
| 2:58-3rd |  | 73 | 70 | 0.471 | 0.529 |
| 2:47-3rd |  | 73 | 70 | 0.507 | 0.493 |
| 2:45-3rd |  | 73 | 70 | 0.519 | 0.481 |
| 2:25-3rd |  | 73 | 70 | 0.49 | 0.51 |
| 2:23-3rd |  | 73 | 70 | 0.479 | 0.521 |
| 2:15-3rd |  | 73 | 70 | 0.515 | 0.485 |
| 2:11-3rd |  | 73 | 70 | 0.516 | 0.484 |
| 2:08-3rd |  | 73 | 72 | 0.437 | 0.563 |
| 1:55-3rd |  | 73 | 72 | 0.392 | 0.608 |
| 1:44-3rd |  | 73 | 72 | 0.329 | 0.671 |
| 1:30-3rd |  | 73 | 72 | 0.433 | 0.567 |
| 1:28-3rd |  | 73 | 74 | 0.353 | 0.647 |
| 1:11-3rd |  | 75 | 74 | 0.399 | 0.601 |
| 58.1-3rd |  | 75 | 77 | 0.314 | 0.686 |
| 35.1-3rd |  | 77 | 77 | 0.363 | 0.637 |
| 12.1-3rd |  | 77 | 77 | 0.397 | 0.603 |
| 8.0-3rd |  | 77 | 77 | 0.366 | 0.634 |
| 6.1-3rd |  | 77 | 77 | 0.398 | 0.602 |
| 3.1-3rd |  | 77 | 77 | 0.366 | 0.634 |
| 0.0-3rd |  | 77 | 77 | 0.388 | 0.612 |
| 12:00-4th |  | 77 | 77 | 0.388 | 0.612 |
| 11:48-4th |  | 77 | 80 | 0.282 | 0.718 |
| 11:19-4th |  | 77 | 80 | 0.247 | 0.753 |
| 11:17-4th |  | 77 | 80 | 0.235 | 0.765 |
| 11:05-4th |  | 77 | 82 | 0.199 | 0.801 |
| 10:56-4th |  | 80 | 82 | 0.275 | 0.725 |
| 10:34-4th |  | 80 | 82 | 0.31 | 0.69 |
| 10:32-4th |  | 80 | 82 | 0.322 | 0.678 |
| 10:26-4th |  | 80 | 82 | 0.288 | 0.712 |
| 10:22-4th |  | 80 | 82 | 0.276 | 0.724 |
| 10:08-4th |  | 80 | 84 | 0.238 | 0.762 |
| 9:41-4th |  | 83 | 84 | 0.331 | 0.669 |
| 9:17-4th |  | 83 | 86 | 0.289 | 0.711 |
| 9:00-4th |  | 84 | 86 | 0.293 | 0.707 |
| 8:58-4th |  | 84 | 86 | 0.293 | 0.707 |
| 8:44-4th |  | 84 | 86 | 0.348 | 0.652 |
| 8:40-4th |  | 84 | 86 | 0.348 | 0.652 |
| 8:34-4th |  | 86 | 86 | 0.397 | 0.603 |
| 8:20-4th |  | 86 | 86 | 0.447 | 0.553 |
| 8:16-4th |  | 86 | 86 | 0.464 | 0.536 |
| 8:12-4th |  | 86 | 86 | 0.416 | 0.584 |
| 8:08-4th |  | 86 | 86 | 0.4 | 0.6 |
| 8:01-4th |  | 86 | 86 | 0.383 | 0.617 |
| 7:51-4th |  | 86 | 86 | 0.373 | 0.627 |
| 7:43-4th |  | 86 | 89 | 0.282 | 0.718 |
| 7:16-4th |  | 86 | 89 | 0.23 | 0.77 |
| 7:09-4th |  | 86 | 91 | 0.189 | 0.811 |
| 6:48-4th |  | 86 | 91 | 0.156 | 0.844 |
| 6:45-4th |  | 86 | 91 | 0.186 | 0.814 |
| 6:40-4th |  | 88 | 91 | 0.236 | 0.764 |
| 6:39-4th | TARGET | 88 | 91 | 0.391 | 0.609 |
| 6:28-4th |  | 90 | 91 | 0.357 | 0.643 |
| 6:09-4th |  | 90 | 93 | 0.3 | 0.7 |
| 5:48-4th |  | 92 | 93 | 0.359 | 0.641 |
| 5:29-4th |  | 92 | 95 | 0.291 | 0.709 |
| 5:14-4th |  | 92 | 95 | 0.229 | 0.771 |
| 5:10-4th |  | 92 | 97 | 0.183 | 0.817 |
| 4:53-4th |  | 92 | 97 | 0.149 | 0.851 |
| 4:50-4th |  | 92 | 97 | 0.138 | 0.862 |
| 4:27-4th |  | 92 | 97 | 0.167 | 0.833 |
| 4:23-4th |  | 92 | 97 | 0.177 | 0.823 |
| 4:17-4th |  | 93 | 97 | 0.174 | 0.826 |
| 4:03-4th |  | 93 | 97 | 0.228 | 0.772 |
| 3:57-4th |  | 96 | 97 | 0.352 | 0.648 |
| 3:39-4th |  | 96 | 97 | 0.409 | 0.591 |
| 3:38-4th |  | 96 | 97 | 0.351 | 0.649 |
| 3:35-4th |  | 96 | 100 | 0.222 | 0.778 |
| 3:34-4th |  | 96 | 100 | 0.222 | 0.778 |
| 3:20-4th |  | 96 | 100 | 0.176 | 0.824 |
| 3:17-4th |  | 96 | 100 | 0.161 | 0.839 |
| 2:58-4th |  | 96 | 102 | 0.112 | 0.888 |
| 2:56-4th |  | 96 | 102 | 0.112 | 0.888 |
| 2:45-4th |  | 97 | 102 | 0.105 | 0.895 |
| 2:33-4th |  | 97 | 102 | 0.148 | 0.852 |
| 2:21-4th |  | 100 | 102 | 0.266 | 0.734 |
| 1:57-4th |  | 100 | 102 | 0.33 | 0.67 |
| 1:54-4th |  | 100 | 102 | 0.354 | 0.646 |
| 1:46-4th |  | 102 | 102 | 0.438 | 0.562 |
| 1:30-4th |  | 102 | 104 | 0.356 | 0.644 |
| 1:12-4th |  | 104 | 104 | 0.446 | 0.554 |
| 52.1-4th |  | 104 | 106 | 0.353 | 0.647 |
| 38.1-4th |  | 104 | 106 | 0.252 | 0.748 |
| 35.0-4th |  | 104 | 106 | 0.218 | 0.782 |
| 28.0-4th |  | 104 | 109 | 0.085 | 0.915 |
| 20.1-4th |  | 107 | 109 | 0.191 | 0.809 |
| 13.2-4th |  | 107 | 111 | 0.106 | 0.894 |
| 6.1-4th |  | 107 | 111 | 0.035 | 0.965 |
| 4.0-4th |  | 107 | 111 | 0.039 | 0.961 |
| 3.1-4th |  | 109 | 111 | 0.054 | 0.946 |
| 2.1-4th |  | 109 | 112 | 0.042 | 0.958 |
| 2.0-4th |  | 109 | 112 | 0.042 | 0.958 |
| 0.0-4th |  | 109 | 112 | 0.0 | 1.0 |

Question

Which event most likely happened at the marked missing position?

Answer Choices

A. Team A offensive team rebound | Player 3 (Team B) loose ball foul
B. Player 4 (Team B) makes 2-foot driving dunk (Player 18 (Team B) assists)
C. Player 9 (Team A) blocks Player 6 (Team B) 's 20-foot two point shot
D. Player 10 (Team B) enters the game for Player 6 (Team A)

Response Format

Return exactly one JSON object:

{
  "answer": "<A|B|C|D>",
  "rationale": "<brief evidence-based justification in 1-3 sentences>",
  "evidence_event_ids": [],
  "evidence_series_times": []
}

Use only event IDs and time labels that are provided above and that support the answer. Use an empty array when the corresponding evidence type is unavailable or unused. Return only the JSON object.
