Task

Reconstruct the missing event in this basketball game. Use the available numerical time-series evidence around the marked row to select the most likely event.

Game

Team A versus Team B, season 22-23.

Time Series

| Game time | Marker | Team A score | Team B score | Team A win probability | Team B win probability |
| --- | --- | --- | --- | --- | --- |
| 12:00-1st |  | 0 | 0 | 0.31 | 0.69 |
| 11:43-1st |  | 0 | 0 | 0.299 | 0.701 |
| 11:39-1st |  | 0 | 0 | 0.295 | 0.705 |
| 11:23-1st |  | 0 | 3 | 0.254 | 0.746 |
| 11:08-1st |  | 0 | 3 | 0.234 | 0.766 |
| 10:52-1st |  | 0 | 3 | 0.25 | 0.75 |
| 10:49-1st |  | 0 | 3 | 0.256 | 0.744 |
| 10:47-1st |  | 2 | 3 | 0.271 | 0.729 |
| 10:31-1st |  | 2 | 5 | 0.257 | 0.743 |
| 10:15-1st |  | 2 | 5 | 0.242 | 0.758 |
| 10:12-1st |  | 2 | 5 | 0.236 | 0.764 |
| 10:09-1st |  | 2 | 5 | 0.237 | 0.763 |
| 9:57-1st |  | 2 | 5 | 0.258 | 0.742 |
| 9:52-1st |  | 2 | 5 | 0.243 | 0.757 |
| 9:49-1st |  | 2 | 5 | 0.237 | 0.763 |
| 9:39-1st |  | 2 | 5 | 0.254 | 0.746 |
| 9:36-1st |  | 2 | 5 | 0.238 | 0.762 |
| 9:29-1st |  | 2 | 7 | 0.222 | 0.778 |
| 9:19-1st |  | 2 | 7 | 0.221 | 0.779 |
| 9:17-1st |  | 5 | 7 | 0.258 | 0.742 |
| 9:00-1st |  | 5 | 9 | 0.241 | 0.759 |
| 8:45-1st |  | 7 | 9 | 0.26 | 0.74 |
| 8:24-1st |  | 7 | 11 | 0.243 | 0.757 |
| 8:11-1st |  | 9 | 11 | 0.262 | 0.738 |
| 7:58-1st |  | 9 | 11 | 0.279 | 0.721 |
| 7:55-1st |  | 9 | 11 | 0.284 | 0.716 |
| 7:50-1st |  | 9 | 11 | 0.263 | 0.737 |
| 7:34-1st |  | 9 | 11 | 0.28 | 0.72 |
| 7:32-1st |  | 9 | 11 | 0.285 | 0.715 |
| 7:22-1st |  | 11 | 11 | 0.307 | 0.693 |
| 7:10-1st |  | 11 | 11 | 0.326 | 0.674 |
| 7:09-1st |  | 11 | 11 | 0.332 | 0.668 |
| 7:04-1st |  | 11 | 11 | 0.315 | 0.685 |
| 7:02-1st |  | 11 | 11 | 0.309 | 0.691 |
| 6:55-1st |  | 11 | 11 | 0.327 | 0.673 |
| 6:54-1st |  | 11 | 11 | 0.309 | 0.691 |
| 6:45-1st |  | 11 | 11 | 0.328 | 0.672 |
| 6:41-1st |  | 11 | 11 | 0.334 | 0.666 |
| 6:36-1st |  | 13 | 11 | 0.358 | 0.642 |
| 6:21-1st |  | 13 | 11 | 0.379 | 0.621 |
| 6:20-1st |  | 13 | 11 | 0.385 | 0.615 |
| 6:16-1st |  | 14 | 11 | 0.385 | 0.615 |
| 6:05-1st |  | 14 | 11 | 0.405 | 0.595 |
| 6:00-1st |  | 14 | 11 | 0.387 | 0.613 |
| 5:49-1st |  | 14 | 11 | 0.406 | 0.594 |
| 5:46-1st |  | 14 | 11 | 0.413 | 0.587 |
| 5:41-1st |  | 17 | 11 | 0.466 | 0.534 |
| 5:27-1st |  | 17 | 11 | 0.49 | 0.51 |
| 5:22-1st |  | 17 | 11 | 0.498 | 0.502 |
| 5:15-1st |  | 17 | 11 | 0.476 | 0.524 |
| 5:13-1st |  | 17 | 11 | 0.469 | 0.531 |
| 5:08-1st |  | 17 | 11 | 0.498 | 0.502 |
| 4:55-1st |  | 17 | 11 | 0.479 | 0.521 |
| 4:52-1st |  | 17 | 11 | 0.501 | 0.499 |
| 4:46-1st |  | 17 | 11 | 0.48 | 0.52 |
| 4:43-1st |  | 17 | 11 | 0.473 | 0.527 |
| 4:31-1st |  | 17 | 13 | 0.449 | 0.551 |
| 4:08-1st |  | 17 | 13 | 0.429 | 0.571 |
| 4:07-1st |  | 17 | 13 | 0.421 | 0.579 |
| 4:02-1st |  | 17 | 13 | 0.452 | 0.548 |
| 3:59-1st |  | 19 | 13 | 0.478 | 0.522 |
| 3:47-1st |  | 19 | 15 | 0.453 | 0.547 |
| 3:34-1st |  | 19 | 15 | 0.452 | 0.548 |
| 3:22-1st |  | 21 | 15 | 0.482 | 0.518 |
| 3:08-1st |  | 21 | 17 | 0.456 | 0.544 |
| 2:56-1st |  | 23 | 17 | 0.484 | 0.516 |
| 2:40-1st |  | 23 | 20 | 0.429 | 0.571 |
| 2:23-1st |  | 26 | 20 | 0.487 | 0.513 |
| 2:10-1st |  | 26 | 20 | 0.511 | 0.489 |
| 2:08-1st |  | 26 | 20 | 0.518 | 0.482 |
| 2:03-1st |  | 26 | 20 | 0.49 | 0.51 |
| 1:54-1st |  | 26 | 23 | 0.433 | 0.567 |
| 1:36-1st |  | 26 | 23 | 0.414 | 0.586 |
| 1:35-1st |  | 26 | 23 | 0.409 | 0.591 |
| 1:24-1st |  | 26 | 23 | 0.429 | 0.571 |
| 1:21-1st |  | 26 | 23 | 0.436 | 0.564 |
| 1:16-1st |  | 28 | 23 | 0.463 | 0.537 |
| 53.1-1st |  | 28 | 23 | 0.488 | 0.512 |
| 52.1-1st |  | 29 | 23 | 0.496 | 0.504 |
| 40.1-1st |  | 29 | 26 | 0.439 | 0.561 |
| 35.1-1st |  | 29 | 26 | 0.421 | 0.579 |
| 31.1-1st |  | 29 | 26 | 0.44 | 0.56 |
| 19.1-1st |  | 31 | 26 | 0.47 | 0.53 |
| 18.0-1st |  | 31 | 26 | 0.47 | 0.53 |
| 4.1-1st |  | 31 | 26 | 0.494 | 0.506 |
| 1.1-1st |  | 31 | 26 | 0.474 | 0.526 |
| 0.1-1st |  | 31 | 30 | 0.36 | 0.64 |
| 0.0-1st |  | 31 | 30 | 0.377 | 0.623 |
| 12:00-2nd |  | 31 | 30 | 0.377 | 0.623 |
| 11:49-2nd |  | 31 | 30 | 0.384 | 0.616 |
| 11:46-2nd |  | 31 | 30 | 0.392 | 0.608 |
| 11:32-2nd |  | 31 | 30 | 0.37 | 0.63 |
| 11:30-2nd |  | 33 | 30 | 0.417 | 0.583 |
| 11:20-2nd |  | 33 | 32 | 0.394 | 0.606 |
| 11:00-2nd |  | 33 | 32 | 0.392 | 0.608 |
| 10:52-2nd |  | 35 | 32 | 0.422 | 0.578 |
| 10:38-2nd |  | 35 | 34 | 0.396 | 0.604 |
| 10:29-2nd |  | 35 | 34 | 0.394 | 0.606 |
| 10:21-2nd |  | 37 | 34 | 0.425 | 0.575 |
| 10:15-2nd |  | 37 | 34 | 0.448 | 0.552 |
| 10:11-2nd |  | 37 | 34 | 0.456 | 0.544 |
| 10:05-2nd |  | 39 | 34 | 0.485 | 0.515 |
| 9:56-2nd |  | 39 | 34 | 0.519 | 0.481 |
| 9:45-2nd |  | 39 | 34 | 0.495 | 0.505 |
| 9:44-2nd |  | 39 | 34 | 0.487 | 0.513 |
| 9:38-2nd |  | 39 | 36 | 0.457 | 0.543 |
| 9:18-2nd |  | 39 | 36 | 0.437 | 0.563 |
| 9:16-2nd |  | 39 | 36 | 0.429 | 0.571 |
| 9:10-2nd |  | 39 | 39 | 0.372 | 0.628 |
| 9:09-2nd |  | 39 | 39 | 0.373 | 0.627 |
| 8:53-2nd |  | 41 | 39 | 0.4 | 0.6 |
| 8:46-2nd |  | 41 | 39 | 0.434 | 0.566 |
| 8:31-2nd |  | 41 | 39 | 0.41 | 0.59 |
| 8:29-2nd |  | 41 | 39 | 0.402 | 0.598 |
| 8:12-2nd |  | 41 | 41 | 0.377 | 0.623 |
| 8:02-2nd |  | 43 | 41 | 0.405 | 0.595 |
| 7:53-2nd |  | 43 | 41 | 0.408 | 0.592 |
| 7:41-2nd |  | 43 | 43 | 0.38 | 0.62 |
| 7:29-2nd |  | 43 | 43 | 0.38 | 0.62 |
| 7:20-2nd |  | 43 | 43 | 0.358 | 0.642 |
| 7:18-2nd |  | 43 | 43 | 0.35 | 0.65 |
| 7:09-2nd |  | 43 | 45 | 0.323 | 0.677 |
| 6:50-2nd |  | 43 | 45 | 0.323 | 0.677 |
| 6:47-2nd |  | 43 | 45 | 0.305 | 0.695 |
| 6:45-2nd |  | 43 | 45 | 0.298 | 0.702 |
| 6:36-2nd |  | 43 | 45 | 0.319 | 0.681 |
| 6:33-2nd |  | 43 | 45 | 0.325 | 0.675 |
| 6:23-2nd |  | 43 | 45 | 0.306 | 0.694 |
| 6:20-2nd |  | 43 | 45 | 0.299 | 0.701 |
| 6:05-2nd |  | 43 | 47 | 0.275 | 0.725 |
| 5:49-2nd |  | 45 | 47 | 0.301 | 0.699 |
| 5:31-2nd |  | 45 | 47 | 0.322 | 0.678 |
| 5:30-2nd |  | 45 | 47 | 0.329 | 0.671 |
| 5:21-2nd |  | 47 | 47 | 0.358 | 0.642 |
| 5:03-2nd |  | 47 | 47 | 0.384 | 0.616 |
| 5:01-2nd |  | 47 | 47 | 0.393 | 0.607 |
| 4:55-2nd |  | 47 | 47 | 0.439 | 0.561 |
| 4:46-2nd |  | 47 | 47 | 0.369 | 0.631 |
| 4:37-2nd |  | 49 | 47 | 0.424 | 0.576 |
| 4:27-2nd |  | 49 | 49 | 0.394 | 0.606 |
| 4:13-2nd |  | 49 | 49 | 0.363 | 0.637 |
| 4:02-2nd |  | 49 | 51 | 0.333 | 0.667 |
| 3:50-2nd |  | 51 | 51 | 0.364 | 0.636 |
| 3:32-2nd |  | 51 | 51 | 0.398 | 0.602 |
| 3:28-2nd |  | 54 | 51 | 0.461 | 0.539 |
| 3:08-2nd |  | 54 | 51 | 0.488 | 0.512 |
| 3:04-2nd |  | 54 | 51 | 0.496 | 0.504 |
| 2:40-2nd |  | 56 | 51 | 0.534 | 0.466 |
| 2:26-2nd |  | 56 | 51 | 0.573 | 0.427 |
| 2:15-2nd |  | 56 | 51 | 0.547 | 0.453 |
| 2:12-2nd |  | 56 | 51 | 0.538 | 0.462 |
| 2:05-2nd |  | 56 | 54 | 0.469 | 0.531 |
| 1:43-2nd |  | 56 | 54 | 0.448 | 0.552 |
| 1:39-2nd |  | 56 | 54 | 0.441 | 0.559 |
| 1:35-2nd |  | 56 | 56 | 0.406 | 0.594 |
| 1:08-2nd |  | 56 | 56 | 0.377 | 0.623 |
| 57.1-2nd |  | 56 | 56 | 0.331 | 0.669 |
| 55.1-2nd |  | 56 | 58 | 0.345 | 0.655 |
| 38.1-2nd |  | 56 | 58 | 0.324 | 0.676 |
| 34.0-2nd |  | 56 | 58 | 0.346 | 0.654 |
| 33.1-2nd |  | 56 | 58 | 0.317 | 0.683 |
| 12.0-2nd |  | 56 | 58 | 0.34 | 0.66 |
| 9.0-2nd |  | 56 | 58 | 0.316 | 0.684 |
| 8.1-2nd |  | 56 | 60 | 0.287 | 0.713 |
| 1.1-2nd |  | 58 | 60 | 0.315 | 0.685 |
| 1.0-2nd |  | 58 | 63 | 0.257 | 0.743 |
| 0.0-2nd |  | 58 | 63 | 0.248 | 0.752 |
| 12:00-3rd |  | 58 | 63 | 0.248 | 0.752 |
| 11:43-3rd |  | 58 | 63 | 0.249 | 0.751 |
| 11:41-3rd |  | 58 | 63 | 0.255 | 0.745 |
| 11:23-3rd |  | 58 | 63 | 0.231 | 0.769 |
| 11:04-3rd |  | 58 | 63 | 0.249 | 0.751 |
| 11:02-3rd |  | 58 | 63 | 0.256 | 0.744 |
| 10:58-3rd |  | 58 | 63 | 0.237 | 0.763 |
| 10:54-3rd |  | 58 | 63 | 0.231 | 0.769 |
| 10:41-3rd |  | 58 | 65 | 0.202 | 0.798 |
| 10:24-3rd |  | 60 | 65 | 0.231 | 0.769 |
| 10:05-3rd |  | 60 | 68 | 0.179 | 0.821 |
| 9:54-3rd |  | 63 | 68 | 0.23 | 0.77 |
| 9:39-3rd |  | 63 | 68 | 0.25 | 0.75 |
| 9:36-3rd |  | 63 | 68 | 0.256 | 0.744 |
| 9:31-3rd |  | 63 | 68 | 0.23 | 0.77 |
| 9:16-3rd |  | 63 | 68 | 0.25 | 0.75 |
| 9:13-3rd |  | 63 | 68 | 0.256 | 0.744 |
| 9:01-3rd |  | 63 | 68 | 0.237 | 0.763 |
| 8:57-3rd |  | 63 | 68 | 0.23 | 0.77 |
| 8:52-3rd |  | 63 | 70 | 0.201 | 0.799 |
| 8:46-3rd |  | 66 | 70 | 0.258 | 0.742 |
| 8:36-3rd |  | 66 | 70 | 0.289 | 0.711 |
| 8:23-3rd |  | 66 | 70 | 0.281 | 0.719 |
| 8:20-3rd |  | 66 | 70 | 0.289 | 0.711 |
| 8:16-3rd |  | 68 | 70 | 0.322 | 0.678 |
| 8:09-3rd |  | 68 | 73 | 0.257 | 0.743 |
| 7:46-3rd |  | 68 | 73 | 0.228 | 0.772 |
| 7:40-3rd |  | 68 | 73 | 0.25 | 0.75 |
| 7:37-3rd |  | 68 | 73 | 0.257 | 0.743 |
| 7:32-3rd |  | 70 | 73 | 0.289 | 0.711 |
| 7:21-3rd |  | 70 | 73 | 0.315 | 0.685 |
| 7:18-3rd |  | 70 | 73 | 0.324 | 0.676 |
| 7:11-3rd |  | 70 | 73 | 0.289 | 0.711 |
| 7:02-3rd |  | 70 | 73 | 0.324 | 0.676 |
| 6:46-3rd |  | 70 | 73 | 0.298 | 0.702 |
| 6:42-3rd |  | 70 | 73 | 0.289 | 0.711 |
| 6:32-3rd |  | 70 | 75 | 0.256 | 0.744 |
| 6:11-3rd |  | 70 | 75 | 0.233 | 0.767 |
| 6:09-3rd |  | 72 | 75 | 0.289 | 0.711 |
| 5:55-3rd |  | 72 | 75 | 0.316 | 0.684 |
| 5:53-3rd |  | 72 | 75 | 0.326 | 0.674 |
| 5:49-3rd |  | 74 | 75 | 0.366 | 0.634 |
| 5:30-3rd |  | 74 | 75 | 0.396 | 0.604 |
| 5:27-3rd |  | 74 | 75 | 0.367 | 0.633 |
| 5:20-3rd |  | 74 | 78 | 0.291 | 0.709 |
| 5:01-3rd |  | 74 | 78 | 0.265 | 0.735 |
| 4:57-3rd |  | 74 | 78 | 0.257 | 0.743 |
| 4:47-3rd |  | 74 | 78 | 0.282 | 0.718 |
| 4:46-3rd |  | 74 | 78 | 0.291 | 0.709 |
| 4:36-3rd |  | 74 | 78 | 0.257 | 0.743 |
| 4:32-3rd |  | 74 | 80 | 0.222 | 0.778 |
| 4:30-3rd |  | 74 | 80 | 0.222 | 0.778 |
| 4:18-3rd |  | 76 | 80 | 0.256 | 0.744 |
| 4:02-3rd |  | 76 | 83 | 0.193 | 0.807 |
| 3:47-3rd |  | 76 | 83 | 0.171 | 0.829 |
| 3:46-3rd |  | 76 | 83 | 0.193 | 0.807 |
| 3:35-3rd |  | 76 | 83 | 0.163 | 0.837 |
| 3:23-3rd |  | 76 | 86 | 0.113 | 0.887 |
| 3:07-3rd |  | 78 | 86 | 0.136 | 0.864 |
| 2:54-3rd |  | 78 | 88 | 0.111 | 0.889 |
| 2:46-3rd |  | 78 | 88 | 0.096 | 0.904 |
| 2:41-3rd |  | 80 | 88 | 0.134 | 0.866 |
| 2:27-3rd |  | 80 | 90 | 0.109 | 0.891 |
| 2:07-3rd |  | 80 | 90 | 0.092 | 0.908 |
| 2:05-3rd |  | 80 | 90 | 0.087 | 0.913 |
| 1:57-3rd |  | 80 | 92 | 0.071 | 0.929 |
| 1:33-3rd |  | 83 | 92 | 0.105 | 0.895 |
| 1:18-3rd |  | 83 | 92 | 0.122 | 0.878 |
| 1:15-3rd |  | 83 | 92 | 0.127 | 0.873 |
| 1:08-3rd |  | 83 | 92 | 0.109 | 0.891 |
| 1:06-3rd |  | 83 | 92 | 0.103 | 0.897 |
| 55.1-3rd |  | 83 | 92 | 0.12 | 0.88 |
| 53.1-3rd |  | 83 | 92 | 0.126 | 0.874 |
| 35.0-3rd |  | 85 | 92 | 0.151 | 0.849 |
| 22.2-3rd |  | 85 | 94 | 0.123 | 0.877 |
| 4.1-3rd |  | 85 | 94 | 0.12 | 0.88 |
| 3.0-3rd |  | 85 | 94 | 0.12 | 0.88 |
| 2.0-3rd |  | 85 | 94 | 0.119 | 0.881 |
| 0.0-3rd |  | 85 | 94 | 0.109 | 0.891 |
| 12:00-4th |  | 85 | 94 | 0.109 | 0.891 |
| 11:46-4th |  | 86 | 94 | 0.117 | 0.883 |
| 11:25-4th |  | 86 | 94 | 0.138 | 0.862 |
| 11:22-4th |  | 86 | 94 | 0.145 | 0.855 |
| 11:19-4th |  | 88 | 94 | 0.178 | 0.822 |
| 10:57-4th |  | 88 | 94 | 0.202 | 0.798 |
| 10:54-4th |  | 88 | 94 | 0.211 | 0.789 |
| 10:50-4th |  | 90 | 94 | 0.249 | 0.751 |
| 10:49-4th |  | 90 | 94 | 0.295 | 0.705 |
| 10:37-4th |  | 90 | 94 | 0.283 | 0.717 |
| 10:34-4th |  | 90 | 94 | 0.248 | 0.752 |
| 10:33-4th |  | 90 | 97 | 0.174 | 0.826 |
| 10:13-4th |  | 90 | 97 | 0.147 | 0.853 |
| 10:10-4th |  | 90 | 97 | 0.138 | 0.862 |
| 10:03-4th |  | 90 | 97 | 0.163 | 0.837 |
| 10:00-4th |  | 90 | 97 | 0.171 | 0.829 |
| 9:45-4th |  | 90 | 97 | 0.143 | 0.857 |
| 9:42-4th |  | 90 | 97 | 0.134 | 0.866 |
| 9:30-4th |  | 90 | 99 | 0.109 | 0.891 |
| 9:16-4th |  | 90 | 99 | 0.083 | 0.917 |
| 9:05-4th |  | 90 | 99 | 0.106 | 0.894 |
| 8:58-4th |  | 90 | 99 | 0.114 | 0.886 |
| 8:49-4th |  | 90 | 99 | 0.089 | 0.911 |
| 8:43-4th |  | 92 | 99 | 0.133 | 0.867 |
| 8:36-4th |  | 92 | 99 | 0.168 | 0.832 |
| 8:23-4th |  | 92 | 99 | 0.14 | 0.86 |
| 8:22-4th |  | 92 | 99 | 0.124 | 0.876 |
| 8:05-4th |  | 92 | 101 | 0.101 | 0.899 |
| 7:54-4th |  | 92 | 101 | 0.08 | 0.92 |
| 7:51-4th |  | 92 | 101 | 0.098 | 0.902 |
| 7:47-4th |  | 94 | 101 | 0.122 | 0.878 |
| 7:30-4th |  | 94 | 101 | 0.145 | 0.855 |
| 7:28-4th |  | 94 | 101 | 0.154 | 0.846 |
| 7:24-4th |  | 96 | 101 | 0.199 | 0.801 |
| 7:08-4th |  | 96 | 101 | 0.23 | 0.77 |
| 7:05-4th |  | 96 | 101 | 0.241 | 0.759 |
| 6:55-4th |  | 98 | 101 | 0.288 | 0.712 |
| 6:31-4th |  | 98 | 101 | 0.344 | 0.656 |
| 6:24-4th |  | 98 | 101 | 0.298 | 0.702 |
| 6:19-4th |  | 98 | 101 | 0.282 | 0.718 |
| 5:58-4th |  | 98 | 101 | 0.325 | 0.675 |
| 5:55-4th |  | 98 | 101 | 0.341 | 0.659 |
| 5:52-4th |  | 101 | 101 | 0.472 | 0.528 |
| 5:50-4th |  | 101 | 101 | 0.472 | 0.528 |
| 5:33-4th |  | 101 | 101 | 0.526 | 0.474 |
| 5:26-4th |  | 101 | 101 | 0.545 | 0.455 |
| 5:25-4th |  | 101 | 101 | 0.473 | 0.527 |
| 5:19-4th |  | 101 | 101 | 0.455 | 0.545 |
| 5:06-4th |  | 101 | 104 | 0.33 | 0.67 |
| 4:52-4th |  | 101 | 104 | 0.264 | 0.736 |
| 4:40-4th |  | 101 | 106 | 0.209 | 0.791 |
| 4:39-4th |  | 101 | 106 | 0.209 | 0.791 |
| 4:27-4th |  | 104 | 106 | 0.325 | 0.675 |
| 4:10-4th |  | 104 | 108 | 0.262 | 0.738 |
| 3:49-4th |  | 106 | 108 | 0.32 | 0.68 |
| 3:35-4th |  | 106 | 110 | 0.247 | 0.753 |
| 3:23-4th |  | 106 | 110 | 0.198 | 0.802 |
| 3:21-4th |  | 106 | 110 | 0.182 | 0.818 |
| 2:57-4th |  | 106 | 110 | 0.222 | 0.778 |
| 2:54-4th |  | 106 | 110 | 0.237 | 0.763 |
| 2:47-4th |  | 106 | 110 | 0.186 | 0.814 |
| 2:46-4th |  | 106 | 110 | 0.169 | 0.831 |
| 2:31-4th |  | 106 | 110 | 0.211 | 0.789 |
| 2:28-4th |  | 106 | 110 | 0.226 | 0.774 |
| 2:27-4th |  | 106 | 110 | 0.161 | 0.839 |
| 2:08-4th |  | 106 | 110 | 0.201 | 0.799 |
| 2:07-4th |  | 106 | 110 | 0.217 | 0.783 |
| 2:02-4th |  | 108 | 110 | 0.287 | 0.713 |
| 1:46-4th |  | 108 | 112 | 0.209 | 0.791 |
| 1:32-4th |  | 111 | 112 | 0.365 | 0.635 |
| 1:18-4th |  | 111 | 114 | 0.278 | 0.722 |
| 1:03-4th |  | 111 | 114 | 0.179 | 0.821 |
| 45.1-4th |  | 111 | 114 | 0.267 | 0.733 |
| 40.1-4th |  | 111 | 114 | 0.157 | 0.843 |
| 16.1-4th |  | 111 | 114 | 0.214 | 0.786 |
| 8.1-4th |  | 113 | 114 | 0.276 | 0.724 |
| 7.1-4th | TARGET | 113 | 114 | 0.094 | 0.906 |
| 6.0-4th |  | 113 | 116 | 0.101 | 0.899 |
| 3.0-4th |  | 113 | 116 | 0.031 | 0.969 |
| 0.0-4th |  | 113 | 116 | 0.0 | 1.0 |

Question

Which event most likely happened at the marked missing position?

Answer Choices

A. Player 7 (Team A) personal take foul
B. Player 7 (Team B) enters the game for Player 5 (Team A)
C. Player 11 (Team A) misses 7-foot two point shot
D. Player 18 (Team B) blocks Player 6 (Team B) 's 4-foot two point shot

Response Format

Return exactly one JSON object:

{
  "answer": "<A|B|C|D>",
  "rationale": "<brief evidence-based justification in 1-3 sentences>",
  "evidence_event_ids": [],
  "evidence_series_times": []
}

Use only event IDs and time labels that are provided above and that support the answer. Use an empty array when the corresponding evidence type is unavailable or unused. Return only the JSON object.
