Task

Reconstruct the missing event in this basketball game. Use the available numerical time-series evidence around the marked row to select the most likely event.

Game

Team A versus Team B, season 22-23.

Time Series

| Game time | Marker | Team A score | Team B score | Team A win probability | Team B win probability |
| --- | --- | --- | --- | --- | --- |
| 12:00-1st |  | 0 | 0 | 0.156 | 0.844 |
| 11:41-1st |  | 2 | 0 | 0.174 | 0.826 |
| 11:25-1st |  | 2 | 0 | 0.176 | 0.824 |
| 11:09-1st |  | 2 | 0 | 0.188 | 0.812 |
| 11:07-1st |  | 2 | 0 | 0.192 | 0.808 |
| 11:04-1st |  | 2 | 0 | 0.181 | 0.819 |
| 11:01-1st |  | 2 | 0 | 0.178 | 0.822 |
| 10:58-1st |  | 2 | 0 | 0.193 | 0.807 |
| 10:49-1st |  | 3 | 0 | 0.194 | 0.806 |
| 10:46-1st |  | 3 | 0 | 0.194 | 0.806 |
| 10:34-1st |  | 3 | 3 | 0.165 | 0.835 |
| 10:10-1st |  | 5 | 3 | 0.182 | 0.818 |
| 9:59-1st |  | 5 | 3 | 0.195 | 0.805 |
| 9:56-1st |  | 5 | 3 | 0.199 | 0.801 |
| 9:51-1st |  | 5 | 3 | 0.188 | 0.812 |
| 9:50-1st |  | 8 | 3 | 0.233 | 0.767 |
| 9:30-1st |  | 8 | 3 | 0.251 | 0.749 |
| 9:28-1st |  | 8 | 3 | 0.257 | 0.743 |
| 9:22-1st |  | 10 | 3 | 0.278 | 0.722 |
| 9:09-1st |  | 10 | 5 | 0.259 | 0.741 |
| 8:47-1st |  | 12 | 5 | 0.283 | 0.717 |
| 8:36-1st |  | 12 | 5 | 0.302 | 0.698 |
| 8:30-1st |  | 12 | 5 | 0.309 | 0.691 |
| 8:25-1st |  | 12 | 5 | 0.292 | 0.708 |
| 8:22-1st |  | 12 | 5 | 0.287 | 0.713 |
| 8:18-1st |  | 12 | 5 | 0.305 | 0.695 |
| 8:13-1st |  | 12 | 5 | 0.311 | 0.689 |
| 7:56-1st |  | 12 | 5 | 0.296 | 0.704 |
| 7:52-1st |  | 14 | 5 | 0.337 | 0.663 |
| 7:30-1st |  | 14 | 7 | 0.318 | 0.682 |
| 7:16-1st |  | 14 | 7 | 0.302 | 0.698 |
| 7:12-1st |  | 14 | 7 | 0.297 | 0.703 |
| 7:01-1st |  | 14 | 9 | 0.278 | 0.722 |
| 6:42-1st |  | 14 | 9 | 0.279 | 0.721 |
| 6:33-1st |  | 14 | 9 | 0.259 | 0.741 |
| 6:29-1st |  | 14 | 11 | 0.239 | 0.761 |
| 6:12-1st |  | 14 | 11 | 0.227 | 0.773 |
| 6:11-1st |  | 14 | 11 | 0.227 | 0.773 |
| 6:10-1st |  | 14 | 11 | 0.241 | 0.759 |
| 6:09-1st |  | 16 | 11 | 0.262 | 0.738 |
| 5:43-1st |  | 16 | 11 | 0.282 | 0.718 |
| 5:40-1st |  | 16 | 11 | 0.288 | 0.712 |
| 5:36-1st |  | 16 | 11 | 0.288 | 0.712 |
| 5:34-1st |  | 16 | 11 | 0.267 | 0.733 |
| 5:22-1st |  | 16 | 14 | 0.228 | 0.772 |
| 5:05-1st |  | 16 | 14 | 0.228 | 0.772 |
| 4:56-1st |  | 16 | 14 | 0.212 | 0.788 |
| 4:49-1st |  | 16 | 14 | 0.227 | 0.773 |
| 4:45-1st |  | 16 | 14 | 0.232 | 0.768 |
| 4:38-1st |  | 19 | 14 | 0.273 | 0.727 |
| 4:30-1st |  | 19 | 14 | 0.292 | 0.708 |
| 4:24-1st |  | 19 | 14 | 0.298 | 0.702 |
| 4:22-1st |  | 19 | 14 | 0.281 | 0.719 |
| 4:18-1st |  | 19 | 14 | 0.276 | 0.724 |
| 4:16-1st |  | 19 | 17 | 0.235 | 0.765 |
| 3:59-1st |  | 19 | 17 | 0.223 | 0.777 |
| 3:58-1st |  | 19 | 17 | 0.237 | 0.763 |
| 3:52-1st |  | 19 | 17 | 0.224 | 0.776 |
| 3:50-1st |  | 19 | 17 | 0.22 | 0.78 |
| 3:41-1st |  | 19 | 20 | 0.184 | 0.816 |
| 3:32-1st |  | 19 | 20 | 0.185 | 0.815 |
| 3:23-1st |  | 19 | 20 | 0.173 | 0.827 |
| 3:19-1st |  | 19 | 20 | 0.169 | 0.831 |
| 3:08-1st |  | 19 | 20 | 0.187 | 0.813 |
| 3:04-1st |  | 21 | 20 | 0.205 | 0.795 |
| 2:50-1st |  | 21 | 20 | 0.227 | 0.773 |
| 2:38-1st |  | 21 | 20 | 0.213 | 0.787 |
| 2:34-1st |  | 21 | 20 | 0.208 | 0.792 |
| 2:27-1st |  | 21 | 23 | 0.174 | 0.826 |
| 2:06-1st |  | 21 | 23 | 0.164 | 0.836 |
| 2:03-1st |  | 21 | 23 | 0.16 | 0.84 |
| 1:50-1st |  | 21 | 23 | 0.177 | 0.823 |
| 1:44-1st |  | 24 | 23 | 0.213 | 0.787 |
| 1:29-1st |  | 24 | 23 | 0.231 | 0.769 |
| 1:23-1st |  | 24 | 23 | 0.238 | 0.762 |
| 1:20-1st |  | 24 | 23 | 0.221 | 0.779 |
| 1:17-1st |  | 24 | 23 | 0.238 | 0.762 |
| 1:15-1st |  | 27 | 23 | 0.282 | 0.718 |
| 49.3-1st |  | 27 | 23 | 0.303 | 0.697 |
| 46.9-1st |  | 27 | 23 | 0.287 | 0.713 |
| 43.0-1st |  | 27 | 23 | 0.304 | 0.696 |
| 40.6-1st |  | 27 | 23 | 0.288 | 0.712 |
| 31.9-1st |  | 27 | 25 | 0.264 | 0.736 |
| 15.2-1st |  | 30 | 25 | 0.312 | 0.688 |
| 3.5-1st |  | 30 | 25 | 0.281 | 0.719 |
| 0.8-1st |  | 30 | 25 | 0.314 | 0.686 |
| 0.0-1st |  | 30 | 25 | 0.328 | 0.672 |
| 12:00-2nd |  | 30 | 25 | 0.328 | 0.672 |
| 11:43-2nd |  | 30 | 25 | 0.341 | 0.659 |
| 11:42-2nd |  | 30 | 25 | 0.349 | 0.651 |
| 11:28-2nd |  | 33 | 25 | 0.403 | 0.597 |
| 11:07-2nd |  | 33 | 25 | 0.407 | 0.593 |
| 10:55-2nd |  | 33 | 27 | 0.384 | 0.616 |
| 10:49-2nd |  | 35 | 27 | 0.411 | 0.589 |
| 10:38-2nd |  | 35 | 27 | 0.446 | 0.554 |
| 10:25-2nd |  | 38 | 27 | 0.512 | 0.488 |
| 10:17-2nd |  | 38 | 29 | 0.481 | 0.519 |
| 10:01-2nd |  | 38 | 29 | 0.453 | 0.547 |
| 9:50-2nd |  | 38 | 29 | 0.487 | 0.513 |
| 9:45-2nd |  | 38 | 29 | 0.464 | 0.536 |
| 9:40-2nd |  | 38 | 29 | 0.489 | 0.511 |
| 9:39-2nd |  | 41 | 29 | 0.551 | 0.449 |
| 9:23-2nd |  | 41 | 29 | 0.581 | 0.419 |
| 9:21-2nd |  | 41 | 29 | 0.59 | 0.41 |
| 9:07-2nd |  | 43 | 29 | 0.626 | 0.374 |
| 8:56-2nd |  | 43 | 32 | 0.564 | 0.436 |
| 8:36-2nd |  | 45 | 32 | 0.6 | 0.4 |
| 8:24-2nd |  | 45 | 35 | 0.539 | 0.461 |
| 8:05-2nd |  | 45 | 35 | 0.519 | 0.481 |
| 8:03-2nd |  | 45 | 35 | 0.511 | 0.489 |
| 7:50-2nd |  | 45 | 35 | 0.539 | 0.461 |
| 7:46-2nd |  | 45 | 35 | 0.549 | 0.451 |
| 7:42-2nd |  | 45 | 35 | 0.524 | 0.476 |
| 7:41-2nd |  | 45 | 35 | 0.55 | 0.45 |
| 7:40-2nd |  | 47 | 35 | 0.58 | 0.42 |
| 7:24-2nd |  | 47 | 35 | 0.618 | 0.382 |
| 7:17-2nd |  | 47 | 35 | 0.594 | 0.406 |
| 7:15-2nd |  | 47 | 35 | 0.587 | 0.413 |
| 7:12-2nd |  | 47 | 35 | 0.621 | 0.379 |
| 6:54-2nd |  | 47 | 35 | 0.6 | 0.4 |
| 6:53-2nd |  | 47 | 35 | 0.592 | 0.408 |
| 6:48-2nd |  | 47 | 35 | 0.619 | 0.381 |
| 6:44-2nd |  | 47 | 35 | 0.628 | 0.372 |
| 6:30-2nd |  | 49 | 35 | 0.665 | 0.335 |
| 6:13-2nd |  | 49 | 37 | 0.636 | 0.364 |
| 5:59-2nd |  | 49 | 37 | 0.614 | 0.386 |
| 5:55-2nd |  | 49 | 37 | 0.607 | 0.393 |
| 5:53-2nd |  | 49 | 40 | 0.542 | 0.458 |
| 5:51-2nd |  | 49 | 40 | 0.543 | 0.457 |
| 5:31-2nd |  | 49 | 40 | 0.52 | 0.48 |
| 5:30-2nd |  | 49 | 40 | 0.546 | 0.454 |
| 5:18-2nd |  | 49 | 40 | 0.522 | 0.478 |
| 5:15-2nd |  | 49 | 40 | 0.512 | 0.488 |
| 5:00-2nd |  | 49 | 42 | 0.486 | 0.514 |
| 4:34-2nd |  | 49 | 42 | 0.465 | 0.535 |
| 4:32-2nd |  | 49 | 42 | 0.457 | 0.543 |
| 4:25-2nd |  | 49 | 44 | 0.426 | 0.574 |
| 4:03-2nd |  | 51 | 44 | 0.463 | 0.537 |
| 3:48-2nd |  | 51 | 44 | 0.467 | 0.533 |
| 3:46-2nd |  | 51 | 47 | 0.401 | 0.599 |
| 3:32-2nd |  | 53 | 47 | 0.436 | 0.564 |
| 3:13-2nd |  | 53 | 47 | 0.465 | 0.535 |
| 3:11-2nd |  | 53 | 47 | 0.474 | 0.526 |
| 2:57-2nd |  | 55 | 47 | 0.513 | 0.487 |
| 2:50-2nd |  | 55 | 47 | 0.517 | 0.483 |
| 2:43-2nd |  | 55 | 47 | 0.544 | 0.456 |
| 2:41-2nd |  | 55 | 47 | 0.553 | 0.447 |
| 2:31-2nd |  | 57 | 47 | 0.591 | 0.409 |
| 2:05-2nd |  | 57 | 49 | 0.562 | 0.438 |
| 1:44-2nd |  | 59 | 49 | 0.603 | 0.397 |
| 1:29-2nd |  | 59 | 51 | 0.571 | 0.429 |
| 1:15-2nd |  | 59 | 51 | 0.547 | 0.453 |
| 1:12-2nd |  | 59 | 51 | 0.539 | 0.461 |
| 1:05-2nd |  | 59 | 51 | 0.576 | 0.424 |
| 1:01-2nd |  | 62 | 51 | 0.646 | 0.354 |
| 47.3-2nd |  | 62 | 51 | 0.687 | 0.313 |
| 38.3-2nd |  | 64 | 51 | 0.724 | 0.276 |
| 31.8-2nd |  | 64 | 54 | 0.659 | 0.341 |
| 10.2-2nd |  | 66 | 54 | 0.697 | 0.303 |
| 0.1-2nd |  | 66 | 54 | 0.696 | 0.304 |
| 0.0-2nd |  | 66 | 54 | 0.712 | 0.288 |
| 12:00-3rd |  | 66 | 54 | 0.712 | 0.288 |
| 11:47-3rd |  | 66 | 56 | 0.67 | 0.33 |
| 11:19-3rd |  | 66 | 56 | 0.637 | 0.363 |
| 11:04-3rd |  | 66 | 59 | 0.577 | 0.423 |
| 10:44-3rd |  | 66 | 59 | 0.582 | 0.418 |
| 10:43-3rd |  | 68 | 59 | 0.613 | 0.387 |
| 10:27-3rd |  | 68 | 61 | 0.583 | 0.417 |
| 10:10-3rd |  | 70 | 61 | 0.621 | 0.379 |
| 9:52-3rd |  | 70 | 63 | 0.591 | 0.409 |
| 9:26-3rd |  | 72 | 63 | 0.633 | 0.367 |
| 9:12-3rd |  | 72 | 63 | 0.677 | 0.323 |
| 8:54-3rd |  | 74 | 63 | 0.715 | 0.285 |
| 8:41-3rd |  | 74 | 63 | 0.72 | 0.28 |
| 8:34-3rd |  | 74 | 66 | 0.647 | 0.353 |
| 8:19-3rd |  | 76 | 66 | 0.688 | 0.312 |
| 8:06-3rd |  | 76 | 68 | 0.654 | 0.346 |
| 8:03-3rd |  | 76 | 68 | 0.655 | 0.345 |
| 7:49-3rd |  | 79 | 68 | 0.733 | 0.267 |
| 7:37-3rd |  | 79 | 70 | 0.701 | 0.299 |
| 7:11-3rd |  | 81 | 70 | 0.744 | 0.256 |
| 6:56-3rd |  | 81 | 70 | 0.773 | 0.227 |
| 6:54-3rd |  | 81 | 70 | 0.749 | 0.251 |
| 6:42-3rd |  | 81 | 70 | 0.777 | 0.223 |
| 6:40-3rd |  | 81 | 70 | 0.785 | 0.215 |
| 6:36-3rd |  | 83 | 70 | 0.817 | 0.183 |
| 6:12-3rd |  | 83 | 73 | 0.761 | 0.239 |
| 6:01-3rd |  | 83 | 73 | 0.736 | 0.264 |
| 5:57-3rd |  | 83 | 73 | 0.728 | 0.272 |
| 5:42-3rd |  | 83 | 75 | 0.694 | 0.306 |
| 5:25-3rd |  | 83 | 75 | 0.694 | 0.306 |
| 5:23-3rd |  | 83 | 75 | 0.661 | 0.339 |
| 5:13-3rd |  | 83 | 75 | 0.693 | 0.307 |
| 5:09-3rd |  | 83 | 75 | 0.704 | 0.296 |
| 4:56-3rd |  | 83 | 75 | 0.707 | 0.293 |
| 4:52-3rd |  | 85 | 75 | 0.745 | 0.255 |
| 4:27-3rd |  | 85 | 78 | 0.679 | 0.321 |
| 4:14-3rd |  | 88 | 78 | 0.756 | 0.244 |
| 4:06-3rd |  | 88 | 78 | 0.76 | 0.24 |
| 3:56-3rd |  | 88 | 79 | 0.764 | 0.236 |
| 3:54-3rd |  | 88 | 80 | 0.725 | 0.275 |
| 3:52-3rd |  | 88 | 80 | 0.726 | 0.274 |
| 3:40-3rd |  | 90 | 80 | 0.767 | 0.233 |
| 3:21-3rd |  | 90 | 82 | 0.735 | 0.265 |
| 3:07-3rd |  | 90 | 82 | 0.711 | 0.289 |
| 3:05-3rd |  | 90 | 82 | 0.702 | 0.298 |
| 2:59-3rd |  | 90 | 85 | 0.615 | 0.385 |
| 2:43-3rd |  | 92 | 85 | 0.662 | 0.338 |
| 2:27-3rd |  | 92 | 87 | 0.625 | 0.375 |
| 2:18-3rd |  | 92 | 87 | 0.587 | 0.413 |
| 2:14-3rd |  | 92 | 87 | 0.628 | 0.372 |
| 2:07-3rd |  | 94 | 87 | 0.672 | 0.328 |
| 1:48-3rd |  | 94 | 90 | 0.59 | 0.41 |
| 1:31-3rd |  | 96 | 90 | 0.635 | 0.365 |
| 1:13-3rd |  | 96 | 90 | 0.681 | 0.319 |
| 1:10-3rd |  | 96 | 90 | 0.696 | 0.304 |
| 58.3-3rd |  | 98 | 90 | 0.739 | 0.261 |
| 44.3-3rd |  | 98 | 90 | 0.773 | 0.227 |
| 42.0-3rd |  | 98 | 90 | 0.744 | 0.256 |
| 33.6-3rd |  | 98 | 90 | 0.776 | 0.224 |
| 33.4-3rd |  | 98 | 90 | 0.786 | 0.214 |
| 19.4-3rd |  | 98 | 90 | 0.76 | 0.24 |
| 16.1-3rd |  | 98 | 90 | 0.75 | 0.25 |
| 2.5-3rd |  | 98 | 90 | 0.753 | 0.247 |
| 0.0-3rd |  | 98 | 90 | 0.775 | 0.225 |
| 12:00-4th |  | 98 | 90 | 0.775 | 0.225 |
| 11:47-4th |  | 98 | 90 | 0.775 | 0.225 |
| 11:45-4th |  | 98 | 90 | 0.766 | 0.234 |
| 11:36-4th |  | 98 | 90 | 0.799 | 0.201 |
| 11:33-4th |  | 98 | 90 | 0.81 | 0.19 |
| 11:21-4th |  | 98 | 90 | 0.783 | 0.217 |
| 11:18-4th |  | 98 | 90 | 0.774 | 0.226 |
| 11:07-4th |  | 98 | 92 | 0.734 | 0.266 |
| 10:53-4th |  | 98 | 92 | 0.752 | 0.248 |
| 10:46-4th |  | 98 | 92 | 0.709 | 0.291 |
| 10:40-4th |  | 98 | 92 | 0.699 | 0.301 |
| 10:35-4th |  | 98 | 92 | 0.738 | 0.262 |
| 10:34-4th |  | 98 | 92 | 0.75 | 0.25 |
| 10:22-4th |  | 98 | 92 | 0.717 | 0.283 |
| 10:19-4th |  | 98 | 92 | 0.705 | 0.295 |
| 10:13-4th |  | 98 | 92 | 0.744 | 0.256 |
| 10:12-4th |  | 98 | 92 | 0.707 | 0.293 |
| 10:04-4th |  | 98 | 95 | 0.603 | 0.397 |
| 9:56-4th |  | 100 | 95 | 0.662 | 0.338 |
| 9:32-4th |  | 100 | 95 | 0.708 | 0.292 |
| 9:30-4th |  | 100 | 95 | 0.67 | 0.33 |
| 9:29-4th |  | 100 | 95 | 0.708 | 0.292 |
| 9:25-4th |  | 100 | 95 | 0.722 | 0.278 |
| 9:14-4th |  | 103 | 95 | 0.813 | 0.187 |
| 8:58-4th |  | 103 | 98 | 0.731 | 0.269 |
| 8:42-4th |  | 105 | 98 | 0.783 | 0.217 |
| 8:24-4th |  | 105 | 101 | 0.693 | 0.307 |
| 8:14-4th |  | 105 | 101 | 0.652 | 0.348 |
| 8:11-4th |  | 105 | 101 | 0.638 | 0.362 |
| 8:06-4th |  | 105 | 101 | 0.698 | 0.302 |
| 7:48-4th |  | 107 | 101 | 0.75 | 0.25 |
| 7:32-4th |  | 107 | 101 | 0.795 | 0.205 |
| 7:30-4th |  | 107 | 101 | 0.809 | 0.191 |
| 7:10-4th |  | 107 | 101 | 0.779 | 0.221 |
| 7:09-4th |  | 107 | 101 | 0.817 | 0.183 |
| 7:07-4th |  | 107 | 101 | 0.78 | 0.22 |
| 7:03-4th |  | 107 | 101 | 0.769 | 0.231 |
| 6:59-4th |  | 107 | 101 | 0.821 | 0.179 |
| 6:55-4th |  | 110 | 101 | 0.892 | 0.108 |
| 6:52-4th |  | 110 | 101 | 0.893 | 0.107 |
| 6:35-4th |  | 110 | 101 | 0.92 | 0.08 |
| 6:32-4th |  | 110 | 101 | 0.927 | 0.073 |
| 6:22-4th |  | 110 | 101 | 0.91 | 0.09 |
| 6:20-4th |  | 110 | 101 | 0.904 | 0.096 |
| 6:15-4th |  | 110 | 104 | 0.838 | 0.162 |
| 5:56-4th |  | 110 | 104 | 0.797 | 0.203 |
| 5:34-4th |  | 110 | 106 | 0.751 | 0.249 |
| 5:19-4th |  | 110 | 106 | 0.757 | 0.243 |
| 5:01-4th |  | 110 | 106 | 0.748 | 0.252 |
| 4:59-4th |  | 110 | 106 | 0.7 | 0.3 |
| 4:54-4th |  | 110 | 106 | 0.766 | 0.234 |
| 4:43-4th |  | 113 | 106 | 0.866 | 0.134 |
| 4:19-4th |  | 113 | 108 | 0.824 | 0.176 |
| 4:06-4th |  | 113 | 108 | 0.788 | 0.212 |
| 4:04-4th |  | 113 | 108 | 0.775 | 0.225 |
| 3:59-4th |  | 113 | 108 | 0.819 | 0.181 |
| 3:55-4th |  | 113 | 108 | 0.78 | 0.22 |
| 3:49-4th |  | 113 | 110 | 0.723 | 0.277 |
| 3:30-4th |  | 113 | 110 | 0.679 | 0.321 |
| 3:29-4th |  | 113 | 110 | 0.661 | 0.339 |
| 3:26-4th |  | 113 | 110 | 0.736 | 0.264 |
| 3:13-4th |  | 113 | 110 | 0.688 | 0.312 |
| 3:11-4th |  | 113 | 110 | 0.67 | 0.33 |
| 3:00-4th |  | 113 | 110 | 0.731 | 0.269 |
| 2:57-4th |  | 113 | 110 | 0.752 | 0.248 |
| 2:36-4th |  | 116 | 110 | 0.88 | 0.12 |
| 2:26-4th |  | 116 | 110 | 0.78 | 0.22 |
| 2:11-4th | TARGET | 116 | 110 | 0.908 | 0.092 |
| 2:07-4th |  | 116 | 110 | 0.92 | 0.08 |
| 1:52-4th |  | 118 | 110 | 0.959 | 0.041 |
| 1:42-4th |  | 118 | 110 | 0.979 | 0.021 |
| 1:18-4th |  | 118 | 110 | 0.974 | 0.026 |
| 1:17-4th |  | 118 | 110 | 0.97 | 0.03 |
| 1:13-4th |  | 118 | 110 | 0.987 | 0.013 |
| 49.7-4th |  | 118 | 110 | 0.983 | 0.017 |
| 47.1-4th |  | 118 | 110 | 0.981 | 0.019 |
| 41.4-4th |  | 118 | 110 | 0.991 | 0.009 |
| 38.6-4th |  | 118 | 110 | 0.995 | 0.005 |
| 33.2-4th |  | 120 | 110 | 0.998 | 0.002 |
| 27.4-4th |  | 120 | 112 | 0.997 | 0.003 |
| 23.5-4th |  | 121 | 112 | 0.997 | 0.003 |
| 19.6-4th |  | 121 | 116 | 0.969 | 0.031 |
| 18.4-4th |  | 123 | 116 | 0.986 | 0.014 |
| 15.0-4th |  | 123 | 116 | 0.996 | 0.004 |
| 13.3-4th |  | 125 | 116 | 0.999 | 0.001 |
| 6.4-4th |  | 125 | 116 | 0.999 | 0.001 |
| 2.4-4th |  | 125 | 116 | 0.999 | 0.001 |
| 0.0-4th |  | 125 | 116 | 1.0 | 0.0 |

Question

Which event most likely happened at the marked missing position?

Answer Choices

A. Player 3 (Team B) makes 16-foot jumper (Player 5 (Team A) assists)
B. Player 14 (Team B) bad pass (Player 4 (Team B) steals)
C. Player 9 (Team B) enters the game for Player 7 (Team A)
D. Player 7 (Team B) misses 25-foot step back jumpshot

Response Format

Return exactly one JSON object:

{
  "answer": "<A|B|C|D>",
  "rationale": "<brief evidence-based justification in 1-3 sentences>",
  "evidence_event_ids": [],
  "evidence_series_times": []
}

Use only event IDs and time labels that are provided above and that support the answer. Use an empty array when the corresponding evidence type is unavailable or unused. Return only the JSON object.
