Task

Reconstruct the missing event in this basketball game. Use the available numerical time-series evidence around the marked row to select the most likely event.

Game

Team A versus Team B, season 22-23.

Time Series

| Game time | Marker | Team A score | Team B score | Team A win probability | Team B win probability |
| --- | --- | --- | --- | --- | --- |
| 12:00-1st |  | 0 | 0 | 0.529 | 0.471 |
| 11:41-1st |  | 0 | 0 | 0.529 | 0.471 |
| 11:29-1st |  | 0 | 0 | 0.544 | 0.456 |
| 11:27-1st |  | 0 | 0 | 0.549 | 0.451 |
| 11:13-1st |  | 0 | 0 | 0.529 | 0.471 |
| 11:09-1st |  | 0 | 2 | 0.499 | 0.501 |
| 10:58-1st |  | 2 | 2 | 0.526 | 0.474 |
| 10:49-1st |  | 2 | 4 | 0.5 | 0.5 |
| 10:46-1st |  | 2 | 4 | 0.5 | 0.5 |
| 10:27-1st |  | 4 | 4 | 0.525 | 0.475 |
| 10:17-1st |  | 4 | 4 | 0.544 | 0.456 |
| 10:14-1st |  | 4 | 4 | 0.525 | 0.475 |
| 10:13-1st |  | 4 | 6 | 0.499 | 0.501 |
| 10:05-1st |  | 4 | 6 | 0.473 | 0.527 |
| 10:04-1st |  | 4 | 6 | 0.474 | 0.526 |
| 9:48-1st |  | 4 | 9 | 0.423 | 0.577 |
| 9:24-1st |  | 4 | 9 | 0.402 | 0.598 |
| 9:21-1st |  | 4 | 9 | 0.395 | 0.605 |
| 9:20-1st |  | 4 | 9 | 0.399 | 0.601 |
| 9:13-1st |  | 4 | 9 | 0.422 | 0.578 |
| 9:01-1st |  | 4 | 9 | 0.396 | 0.604 |
| 8:52-1st |  | 4 | 11 | 0.371 | 0.629 |
| 8:40-1st |  | 4 | 11 | 0.352 | 0.648 |
| 8:38-1st |  | 4 | 11 | 0.346 | 0.654 |
| 8:30-1st |  | 4 | 14 | 0.298 | 0.702 |
| 8:28-1st |  | 4 | 14 | 0.297 | 0.703 |
| 8:14-1st |  | 4 | 14 | 0.273 | 0.727 |
| 8:08-1st |  | 4 | 17 | 0.231 | 0.769 |
| 7:51-1st |  | 4 | 17 | 0.216 | 0.784 |
| 7:47-1st |  | 4 | 17 | 0.211 | 0.789 |
| 7:30-1st |  | 4 | 17 | 0.224 | 0.776 |
| 7:27-1st |  | 4 | 17 | 0.229 | 0.771 |
| 7:21-1st |  | 4 | 17 | 0.229 | 0.771 |
| 7:16-1st |  | 6 | 17 | 0.248 | 0.752 |
| 6:58-1st |  | 6 | 20 | 0.209 | 0.791 |
| 6:47-1st |  | 6 | 20 | 0.193 | 0.807 |
| 6:44-1st |  | 6 | 20 | 0.187 | 0.813 |
| 6:36-1st |  | 6 | 20 | 0.202 | 0.798 |
| 6:34-1st |  | 6 | 20 | 0.187 | 0.813 |
| 6:33-1st |  | 6 | 20 | 0.202 | 0.798 |
| 6:30-1st |  | 6 | 20 | 0.207 | 0.793 |
| 6:21-1st |  | 6 | 20 | 0.186 | 0.814 |
| 6:13-1st |  | 6 | 20 | 0.201 | 0.799 |
| 6:09-1st |  | 6 | 20 | 0.205 | 0.795 |
| 6:07-1st |  | 6 | 20 | 0.185 | 0.815 |
| 6:03-1st |  | 6 | 22 | 0.168 | 0.832 |
| 5:54-1st |  | 6 | 22 | 0.169 | 0.831 |
| 5:50-1st |  | 9 | 22 | 0.206 | 0.794 |
| 5:40-1st |  | 9 | 24 | 0.185 | 0.815 |
| 5:18-1st |  | 9 | 24 | 0.164 | 0.836 |
| 5:13-1st |  | 9 | 26 | 0.15 | 0.85 |
| 5:04-1st |  | 11 | 26 | 0.164 | 0.836 |
| 4:53-1st |  | 11 | 29 | 0.132 | 0.868 |
| 4:44-1st |  | 13 | 29 | 0.145 | 0.855 |
| 4:32-1st |  | 13 | 29 | 0.164 | 0.836 |
| 4:20-1st |  | 13 | 29 | 0.148 | 0.852 |
| 4:16-1st |  | 13 | 29 | 0.143 | 0.857 |
| 4:09-1st |  | 13 | 29 | 0.162 | 0.838 |
| 4:05-1st |  | 13 | 29 | 0.147 | 0.853 |
| 4:03-1st |  | 15 | 29 | 0.178 | 0.822 |
| 3:51-1st |  | 15 | 31 | 0.161 | 0.839 |
| 3:39-1st |  | 15 | 31 | 0.146 | 0.854 |
| 3:36-1st |  | 15 | 31 | 0.141 | 0.859 |
| 3:30-1st |  | 15 | 34 | 0.114 | 0.886 |
| 3:14-1st |  | 15 | 34 | 0.103 | 0.897 |
| 3:09-1st |  | 17 | 34 | 0.125 | 0.875 |
| 2:58-1st |  | 17 | 37 | 0.098 | 0.902 |
| 2:39-1st |  | 17 | 37 | 0.087 | 0.913 |
| 2:37-1st |  | 17 | 37 | 0.084 | 0.916 |
| 2:36-1st |  | 17 | 39 | 0.073 | 0.927 |
| 2:28-1st |  | 17 | 41 | 0.047 | 0.953 |
| 2:16-1st |  | 17 | 41 | 0.053 | 0.947 |
| 2:12-1st |  | 17 | 41 | 0.055 | 0.945 |
| 2:03-1st |  | 17 | 41 | 0.048 | 0.952 |
| 2:00-1st |  | 17 | 41 | 0.046 | 0.954 |
| 1:55-1st |  | 17 | 43 | 0.04 | 0.96 |
| 1:46-1st |  | 17 | 43 | 0.035 | 0.965 |
| 1:35-1st |  | 17 | 43 | 0.038 | 0.962 |
| 1:32-1st |  | 17 | 43 | 0.034 | 0.966 |
| 1:26-1st |  | 17 | 46 | 0.024 | 0.976 |
| 59.1-1st |  | 19 | 46 | 0.029 | 0.971 |
| 48.0-1st |  | 19 | 46 | 0.033 | 0.967 |
| 40.1-1st |  | 21 | 46 | 0.038 | 0.962 |
| 31.1-1st |  | 21 | 48 | 0.032 | 0.968 |
| 14.1-1st |  | 22 | 48 | 0.031 | 0.969 |
| 2.2-1st |  | 22 | 50 | 0.028 | 0.972 |
| 0.0-1st |  | 22 | 50 | 0.024 | 0.976 |
| 12:00-2nd |  | 22 | 50 | 0.024 | 0.976 |
| 11:43-2nd |  | 24 | 50 | 0.032 | 0.968 |
| 11:23-2nd |  | 24 | 52 | 0.025 | 0.975 |
| 11:08-2nd |  | 26 | 52 | 0.03 | 0.97 |
| 10:49-2nd |  | 26 | 54 | 0.024 | 0.976 |
| 10:34-2nd |  | 26 | 54 | 0.02 | 0.98 |
| 10:31-2nd |  | 26 | 54 | 0.019 | 0.981 |
| 10:22-2nd |  | 26 | 54 | 0.023 | 0.977 |
| 10:11-2nd |  | 28 | 54 | 0.028 | 0.972 |
| 9:51-2nd |  | 28 | 54 | 0.031 | 0.969 |
| 9:49-2nd |  | 28 | 54 | 0.031 | 0.969 |
| 9:45-2nd |  | 30 | 54 | 0.036 | 0.964 |
| 9:30-2nd |  | 30 | 54 | 0.041 | 0.959 |
| 9:27-2nd |  | 30 | 54 | 0.036 | 0.964 |
| 9:26-2nd |  | 30 | 56 | 0.03 | 0.97 |
| 9:19-2nd |  | 30 | 56 | 0.03 | 0.97 |
| 9:10-2nd |  | 30 | 56 | 0.026 | 0.974 |
| 9:06-2nd |  | 30 | 56 | 0.025 | 0.975 |
| 9:01-2nd |  | 30 | 59 | 0.017 | 0.983 |
| 8:38-2nd |  | 32 | 59 | 0.02 | 0.98 |
| 8:22-2nd |  | 32 | 59 | 0.023 | 0.977 |
| 8:13-2nd |  | 32 | 59 | 0.02 | 0.98 |
| 8:08-2nd |  | 32 | 59 | 0.019 | 0.981 |
| 7:54-2nd |  | 32 | 59 | 0.022 | 0.978 |
| 7:49-2nd |  | 32 | 59 | 0.022 | 0.978 |
| 7:43-2nd |  | 32 | 59 | 0.019 | 0.981 |
| 7:33-2nd |  | 32 | 59 | 0.018 | 0.982 |
| 7:28-2nd |  | 32 | 59 | 0.022 | 0.978 |
| 7:25-2nd |  | 32 | 59 | 0.022 | 0.978 |
| 7:16-2nd |  | 32 | 59 | 0.019 | 0.981 |
| 7:12-2nd |  | 32 | 59 | 0.021 | 0.979 |
| 7:09-2nd |  | 34 | 59 | 0.026 | 0.974 |
| 6:55-2nd |  | 34 | 59 | 0.029 | 0.971 |
| 6:52-2nd |  | 34 | 59 | 0.03 | 0.97 |
| 6:41-2nd |  | 34 | 59 | 0.026 | 0.974 |
| 6:37-2nd |  | 34 | 59 | 0.025 | 0.975 |
| 6:30-2nd |  | 34 | 59 | 0.028 | 0.972 |
| 6:27-2nd |  | 34 | 59 | 0.029 | 0.971 |
| 6:19-2nd |  | 37 | 59 | 0.041 | 0.959 |
| 6:17-2nd |  | 37 | 59 | 0.041 | 0.959 |
| 6:03-2nd |  | 37 | 59 | 0.048 | 0.952 |
| 5:52-2nd |  | 37 | 61 | 0.034 | 0.966 |
| 5:43-2nd |  | 37 | 61 | 0.028 | 0.972 |
| 5:36-2nd |  | 37 | 61 | 0.028 | 0.972 |
| 5:25-2nd |  | 37 | 61 | 0.032 | 0.968 |
| 5:13-2nd |  | 40 | 61 | 0.045 | 0.955 |
| 5:00-2nd |  | 40 | 64 | 0.031 | 0.969 |
| 4:50-2nd |  | 40 | 64 | 0.031 | 0.969 |
| 4:46-2nd |  | 42 | 64 | 0.037 | 0.963 |
| 4:34-2nd |  | 42 | 66 | 0.03 | 0.97 |
| 4:24-2nd |  | 45 | 66 | 0.043 | 0.957 |
| 4:06-2nd |  | 45 | 68 | 0.035 | 0.965 |
| 3:57-2nd |  | 45 | 68 | 0.031 | 0.969 |
| 3:54-2nd |  | 45 | 68 | 0.03 | 0.97 |
| 3:50-2nd |  | 45 | 70 | 0.024 | 0.976 |
| 3:32-2nd |  | 48 | 70 | 0.033 | 0.967 |
| 3:16-2nd |  | 48 | 72 | 0.027 | 0.973 |
| 3:01-2nd |  | 48 | 72 | 0.023 | 0.977 |
| 2:58-2nd |  | 48 | 72 | 0.022 | 0.978 |
| 2:41-2nd |  | 48 | 72 | 0.026 | 0.974 |
| 2:33-2nd |  | 48 | 72 | 0.022 | 0.978 |
| 2:30-2nd |  | 48 | 72 | 0.021 | 0.979 |
| 2:25-2nd |  | 48 | 74 | 0.017 | 0.983 |
| 2:05-2nd |  | 51 | 74 | 0.025 | 0.975 |
| 1:50-2nd |  | 51 | 74 | 0.029 | 0.971 |
| 1:47-2nd |  | 51 | 74 | 0.025 | 0.975 |
| 1:44-2nd |  | 51 | 76 | 0.02 | 0.98 |
| 1:39-2nd |  | 51 | 76 | 0.02 | 0.98 |
| 1:36-2nd |  | 54 | 76 | 0.029 | 0.971 |
| 1:15-2nd |  | 54 | 76 | 0.033 | 0.967 |
| 1:12-2nd |  | 54 | 76 | 0.035 | 0.965 |
| 1:06-2nd |  | 57 | 76 | 0.049 | 0.951 |
| 48.1-2nd |  | 57 | 76 | 0.055 | 0.945 |
| 45.1-2nd |  | 57 | 76 | 0.048 | 0.952 |
| 43.1-2nd |  | 57 | 76 | 0.057 | 0.943 |
| 39.1-2nd |  | 59 | 76 | 0.068 | 0.932 |
| 32.0-2nd |  | 59 | 76 | 0.077 | 0.923 |
| 28.1-2nd |  | 59 | 76 | 0.08 | 0.92 |
| 9.1-2nd |  | 62 | 76 | 0.107 | 0.893 |
| 0.0-2nd |  | 62 | 76 | 0.116 | 0.884 |
| 12:00-3rd |  | 62 | 76 | 0.116 | 0.884 |
| 11:47-3rd |  | 64 | 76 | 0.142 | 0.858 |
| 11:30-3rd |  | 64 | 76 | 0.154 | 0.846 |
| 11:26-3rd |  | 64 | 76 | 0.158 | 0.842 |
| 11:21-3rd |  | 66 | 76 | 0.182 | 0.818 |
| 11:07-3rd |  | 66 | 78 | 0.156 | 0.844 |
| 10:52-3rd |  | 67 | 78 | 0.156 | 0.844 |
| 10:48-3rd |  | 69 | 78 | 0.203 | 0.797 |
| 10:30-3rd |  | 69 | 79 | 0.204 | 0.796 |
| 10:27-3rd |  | 69 | 81 | 0.153 | 0.847 |
| 10:08-3rd |  | 69 | 81 | 0.136 | 0.864 |
| 10:03-3rd |  | 69 | 81 | 0.131 | 0.869 |
| 9:54-3rd |  | 69 | 83 | 0.111 | 0.889 |
| 9:41-3rd |  | 69 | 83 | 0.097 | 0.903 |
| 9:36-3rd |  | 71 | 83 | 0.128 | 0.872 |
| 9:18-3rd |  | 71 | 83 | 0.141 | 0.859 |
| 9:15-3rd |  | 71 | 83 | 0.146 | 0.854 |
| 9:08-3rd |  | 71 | 83 | 0.125 | 0.875 |
| 8:53-3rd |  | 71 | 83 | 0.138 | 0.862 |
| 8:52-3rd |  | 71 | 83 | 0.123 | 0.877 |
| 8:44-3rd |  | 71 | 83 | 0.137 | 0.863 |
| 8:41-3rd |  | 71 | 83 | 0.143 | 0.857 |
| 8:27-3rd |  | 73 | 83 | 0.163 | 0.837 |
| 8:09-3rd |  | 73 | 86 | 0.12 | 0.88 |
| 7:53-3rd |  | 73 | 86 | 0.102 | 0.898 |
| 7:49-3rd |  | 73 | 86 | 0.097 | 0.903 |
| 7:48-3rd |  | 73 | 87 | 0.098 | 0.902 |
| 7:33-3rd |  | 76 | 87 | 0.136 | 0.864 |
| 7:19-3rd |  | 76 | 87 | 0.151 | 0.849 |
| 7:15-3rd |  | 76 | 87 | 0.156 | 0.844 |
| 7:12-3rd |  | 76 | 87 | 0.139 | 0.861 |
| 7:08-3rd |  | 76 | 87 | 0.133 | 0.867 |
| 6:56-3rd |  | 76 | 87 | 0.148 | 0.852 |
| 6:51-3rd |  | 76 | 87 | 0.131 | 0.869 |
| 6:49-3rd |  | 76 | 89 | 0.111 | 0.889 |
| 6:41-3rd |  | 78 | 89 | 0.13 | 0.87 |
| 6:22-3rd |  | 78 | 89 | 0.144 | 0.856 |
| 6:19-3rd |  | 78 | 89 | 0.149 | 0.851 |
| 6:16-3rd |  | 80 | 89 | 0.175 | 0.825 |
| 6:04-3rd |  | 80 | 91 | 0.148 | 0.852 |
| 5:48-3rd |  | 80 | 91 | 0.123 | 0.877 |
| 5:43-3rd |  | 80 | 93 | 0.103 | 0.897 |
| 5:30-3rd |  | 80 | 93 | 0.087 | 0.913 |
| 5:27-3rd |  | 80 | 93 | 0.081 | 0.919 |
| 5:11-3rd |  | 80 | 93 | 0.095 | 0.905 |
| 5:08-3rd |  | 80 | 93 | 0.079 | 0.921 |
| 5:07-3rd |  | 80 | 93 | 0.099 | 0.901 |
| 5:01-3rd |  | 80 | 93 | 0.084 | 0.916 |
| 4:57-3rd |  | 80 | 93 | 0.078 | 0.922 |
| 4:55-3rd |  | 80 | 95 | 0.065 | 0.935 |
| 4:43-3rd |  | 82 | 95 | 0.078 | 0.922 |
| 4:23-3rd |  | 82 | 97 | 0.062 | 0.938 |
| 4:01-3rd |  | 84 | 97 | 0.073 | 0.927 |
| 3:46-3rd |  | 84 | 100 | 0.048 | 0.952 |
| 3:35-3rd |  | 84 | 100 | 0.04 | 0.96 |
| 3:33-3rd |  | 84 | 100 | 0.047 | 0.953 |
| 3:32-3rd |  | 86 | 100 | 0.058 | 0.942 |
| 3:05-3rd |  | 86 | 100 | 0.064 | 0.936 |
| 3:02-3rd |  | 86 | 100 | 0.064 | 0.936 |
| 3:01-3rd |  | 86 | 100 | 0.067 | 0.933 |
| 2:52-3rd |  | 88 | 100 | 0.082 | 0.918 |
| 2:38-3rd |  | 88 | 100 | 0.099 | 0.901 |
| 2:15-3rd |  | 88 | 100 | 0.082 | 0.918 |
| 2:12-3rd |  | 90 | 100 | 0.116 | 0.884 |
| 1:57-3rd |  | 90 | 102 | 0.094 | 0.906 |
| 1:56-3rd |  | 90 | 102 | 0.075 | 0.925 |
| 1:40-3rd |  | 90 | 102 | 0.077 | 0.923 |
| 1:35-3rd |  | 90 | 102 | 0.091 | 0.909 |
| 1:34-3rd |  | 92 | 102 | 0.11 | 0.89 |
| 1:22-3rd | TARGET | 93 | 102 | 0.162 | 0.838 |
| 1:09-3rd |  | 93 | 102 | 0.137 | 0.863 |
| 1:05-3rd |  | 93 | 102 | 0.129 | 0.871 |
| 54.0-3rd |  | 93 | 102 | 0.15 | 0.85 |
| 51.0-3rd |  | 93 | 102 | 0.157 | 0.843 |
| 42.1-3rd |  | 94 | 102 | 0.154 | 0.846 |
| 40.0-3rd |  | 94 | 102 | 0.154 | 0.846 |
| 32.0-3rd |  | 94 | 102 | 0.184 | 0.816 |
| 9.1-3rd |  | 94 | 102 | 0.15 | 0.85 |
| 0.1-3rd |  | 94 | 105 | 0.101 | 0.899 |
| 0.0-3rd |  | 94 | 105 | 0.09 | 0.91 |
| 12:00-4th |  | 94 | 105 | 0.09 | 0.91 |
| 11:40-4th |  | 94 | 108 | 0.045 | 0.955 |
| 11:20-4th |  | 94 | 108 | 0.032 | 0.968 |
| 11:02-4th |  | 94 | 108 | 0.038 | 0.962 |
| 10:59-4th |  | 94 | 108 | 0.041 | 0.959 |
| 10:53-4th |  | 94 | 108 | 0.032 | 0.968 |
| 10:50-4th |  | 94 | 108 | 0.03 | 0.97 |
| 10:36-4th |  | 94 | 108 | 0.041 | 0.959 |
| 10:26-4th |  | 94 | 108 | 0.031 | 0.969 |
| 10:21-4th |  | 94 | 108 | 0.028 | 0.972 |
| 10:11-4th |  | 94 | 108 | 0.034 | 0.966 |
| 10:09-4th |  | 94 | 108 | 0.037 | 0.963 |
| 10:05-4th |  | 94 | 108 | 0.029 | 0.971 |
| 9:59-4th |  | 94 | 108 | 0.026 | 0.974 |
| 9:53-4th |  | 94 | 108 | 0.035 | 0.965 |
| 9:33-4th |  | 94 | 108 | 0.024 | 0.976 |
| 9:32-4th |  | 94 | 108 | 0.023 | 0.977 |
| 9:17-4th |  | 94 | 108 | 0.028 | 0.972 |
| 9:14-4th |  | 94 | 108 | 0.03 | 0.97 |
| 9:01-4th |  | 97 | 108 | 0.052 | 0.948 |
| 8:36-4th |  | 97 | 108 | 0.047 | 0.953 |
| 8:35-4th |  | 97 | 108 | 0.059 | 0.941 |
| 8:34-4th |  | 97 | 108 | 0.063 | 0.937 |
| 8:19-4th |  | 97 | 108 | 0.049 | 0.951 |
| 8:14-4th |  | 97 | 108 | 0.044 | 0.956 |
| 8:10-4th |  | 97 | 111 | 0.022 | 0.978 |
| 7:59-4th |  | 97 | 111 | 0.024 | 0.976 |
| 7:50-4th |  | 99 | 111 | 0.031 | 0.969 |
| 7:33-4th |  | 99 | 113 | 0.02 | 0.98 |
| 7:12-4th |  | 101 | 113 | 0.027 | 0.973 |
| 7:02-4th |  | 101 | 113 | 0.034 | 0.966 |
| 6:58-4th |  | 101 | 113 | 0.036 | 0.964 |
| 6:50-4th |  | 103 | 113 | 0.05 | 0.95 |
| 6:38-4th |  | 103 | 113 | 0.028 | 0.972 |
| 6:28-4th |  | 103 | 115 | 0.033 | 0.967 |
| 6:15-4th |  | 106 | 115 | 0.058 | 0.942 |
| 6:00-4th |  | 106 | 118 | 0.029 | 0.971 |
| 5:46-4th |  | 106 | 118 | 0.018 | 0.982 |
| 5:43-4th |  | 106 | 118 | 0.027 | 0.973 |
| 5:33-4th |  | 108 | 118 | 0.035 | 0.965 |
| 5:17-4th |  | 108 | 118 | 0.032 | 0.968 |
| 5:11-4th |  | 108 | 121 | 0.016 | 0.984 |
| 5:10-4th |  | 108 | 121 | 0.016 | 0.984 |
| 4:58-4th |  | 108 | 121 | 0.011 | 0.989 |
| 4:55-4th |  | 108 | 121 | 0.014 | 0.986 |
| 4:52-4th |  | 108 | 121 | 0.01 | 0.99 |
| 4:50-4th |  | 108 | 121 | 0.009 | 0.991 |
| 4:29-4th |  | 108 | 121 | 0.011 | 0.989 |
| 4:23-4th |  | 108 | 121 | 0.007 | 0.993 |
| 4:16-4th |  | 108 | 124 | 0.002 | 0.998 |
| 4:06-4th |  | 110 | 124 | 0.003 | 0.997 |
| 4:03-4th |  | 110 | 124 | 0.005 | 0.995 |
| 3:38-4th |  | 110 | 126 | 0.001 | 0.999 |
| 3:27-4th |  | 113 | 126 | 0.004 | 0.996 |
| 3:23-4th |  | 113 | 126 | 0.004 | 0.996 |
| 3:12-4th |  | 113 | 126 | 0.006 | 0.994 |
| 3:09-4th |  | 113 | 126 | 0.006 | 0.994 |
| 3:03-4th |  | 113 | 126 | 0.004 | 0.996 |
| 2:59-4th |  | 113 | 126 | 0.003 | 0.997 |
| 2:42-4th |  | 113 | 128 | 0.001 | 0.999 |
| 2:17-4th |  | 116 | 128 | 0.003 | 0.997 |
| 1:50-4th |  | 116 | 131 | 0.001 | 0.999 |
| 1:45-4th |  | 116 | 131 | 0.001 | 0.999 |
| 1:40-4th |  | 116 | 131 | 0.001 | 0.999 |
| 1:35-4th |  | 116 | 131 | 0.001 | 0.999 |
| 1:31-4th |  | 116 | 131 | 0.001 | 0.999 |
| 1:26-4th |  | 119 | 131 | 0.001 | 0.999 |
| 1:25-4th |  | 119 | 131 | 0.002 | 0.998 |
| 1:11-4th |  | 122 | 131 | 0.007 | 0.993 |
| 1:06-4th |  | 122 | 133 | 0.003 | 0.997 |
| 58.1-4th |  | 122 | 133 | 0.002 | 0.998 |
| 54.2-4th |  | 122 | 133 | 0.001 | 0.999 |
| 40.1-4th |  | 122 | 135 | 0.001 | 0.999 |
| 27.1-4th |  | 124 | 135 | 0.001 | 0.999 |
| 3.1-4th |  | 124 | 135 | 0.001 | 0.999 |
| 0.0-4th |  | 124 | 135 | 0.0 | 1.0 |

Question

Which event most likely happened at the marked missing position?

Answer Choices

A. Player 12 (Team A) bad pass (Player 8 (Team B) steals)
B. Player 3 (Team B) makes free throw 2 of 3
C. Double technical foul: Player 12 (Team B) and Player 9 (Team B)
D. Player 8 (Team B) traveling | Player 8 (Team B) technical foul (1st technical foul) | Player 5 (Team A) makes technical free throw | Team B Full timeout

Response Format

Return exactly one JSON object:

{
  "answer": "<A|B|C|D>",
  "rationale": "<brief evidence-based justification in 1-3 sentences>",
  "evidence_event_ids": [],
  "evidence_series_times": []
}

Use only event IDs and time labels that are provided above and that support the answer. Use an empty array when the corresponding evidence type is unavailable or unused. Return only the JSON object.
