Task

Reconstruct the missing event in this basketball game. Use the available numerical time-series evidence around the marked row to select the most likely event.

Game

Team A versus Team B, season 22-23.

Time Series

| Game time | Marker | Team A score | Team B score | Team A win probability | Team B win probability |
| --- | --- | --- | --- | --- | --- |
| 12:00-1st |  | 0 | 0 | 0.597 | 0.403 |
| 11:43-1st |  | 0 | 0 | 0.61 | 0.39 |
| 11:39-1st |  | 0 | 0 | 0.615 | 0.385 |
| 11:24-1st |  | 0 | 0 | 0.615 | 0.385 |
| 11:17-1st |  | 2 | 0 | 0.642 | 0.358 |
| 10:57-1st |  | 2 | 0 | 0.657 | 0.343 |
| 10:55-1st |  | 2 | 0 | 0.663 | 0.337 |
| 10:46-1st |  | 4 | 0 | 0.683 | 0.317 |
| 10:34-1st |  | 4 | 2 | 0.662 | 0.338 |
| 10:09-1st |  | 4 | 2 | 0.645 | 0.355 |
| 10:07-1st |  | 4 | 2 | 0.639 | 0.361 |
| 10:02-1st |  | 4 | 2 | 0.639 | 0.361 |
| 9:57-1st |  | 4 | 2 | 0.663 | 0.337 |
| 9:53-1st |  | 4 | 2 | 0.657 | 0.343 |
| 9:51-1st |  | 4 | 2 | 0.663 | 0.337 |
| 9:44-1st |  | 4 | 2 | 0.645 | 0.355 |
| 9:42-1st |  | 4 | 2 | 0.662 | 0.338 |
| 9:38-1st |  | 6 | 2 | 0.683 | 0.317 |
| 9:25-1st |  | 6 | 4 | 0.662 | 0.338 |
| 9:12-1st |  | 9 | 4 | 0.705 | 0.295 |
| 9:03-1st |  | 9 | 6 | 0.684 | 0.316 |
| 8:51-1st |  | 9 | 6 | 0.665 | 0.335 |
| 8:49-1st |  | 9 | 6 | 0.659 | 0.341 |
| 8:36-1st |  | 9 | 8 | 0.636 | 0.364 |
| 8:19-1st |  | 11 | 8 | 0.66 | 0.34 |
| 8:08-1st |  | 11 | 8 | 0.66 | 0.34 |
| 7:57-1st |  | 11 | 11 | 0.611 | 0.389 |
| 7:40-1st |  | 11 | 11 | 0.591 | 0.409 |
| 7:37-1st |  | 11 | 11 | 0.584 | 0.416 |
| 7:26-1st |  | 11 | 11 | 0.603 | 0.397 |
| 7:23-1st |  | 11 | 11 | 0.609 | 0.391 |
| 7:17-1st |  | 14 | 11 | 0.659 | 0.341 |
| 6:59-1st |  | 14 | 11 | 0.676 | 0.324 |
| 6:57-1st |  | 14 | 11 | 0.682 | 0.318 |
| 6:50-1st |  | 16 | 11 | 0.705 | 0.295 |
| 6:39-1st |  | 16 | 13 | 0.682 | 0.318 |
| 6:16-1st |  | 18 | 13 | 0.704 | 0.296 |
| 5:55-1st |  | 18 | 15 | 0.681 | 0.319 |
| 5:38-1st |  | 18 | 15 | 0.663 | 0.337 |
| 5:36-1st |  | 18 | 15 | 0.662 | 0.338 |
| 5:34-1st |  | 18 | 15 | 0.679 | 0.321 |
| 5:28-1st |  | 20 | 15 | 0.703 | 0.297 |
| 5:10-1st |  | 20 | 15 | 0.721 | 0.279 |
| 5:09-1st |  | 20 | 15 | 0.727 | 0.273 |
| 5:07-1st |  | 22 | 15 | 0.746 | 0.254 |
| 4:51-1st |  | 22 | 15 | 0.77 | 0.23 |
| 4:43-1st |  | 24 | 15 | 0.806 | 0.194 |
| 4:26-1st |  | 24 | 15 | 0.801 | 0.199 |
| 4:24-1st |  | 24 | 15 | 0.806 | 0.194 |
| 4:13-1st |  | 26 | 15 | 0.824 | 0.176 |
| 4:02-1st |  | 26 | 15 | 0.837 | 0.163 |
| 4:00-1st |  | 26 | 15 | 0.841 | 0.159 |
| 3:55-1st |  | 26 | 15 | 0.829 | 0.171 |
| 3:53-1st |  | 26 | 15 | 0.841 | 0.159 |
| 3:48-1st |  | 26 | 15 | 0.829 | 0.171 |
| 3:47-1st |  | 26 | 15 | 0.829 | 0.171 |
| 3:44-1st |  | 28 | 15 | 0.857 | 0.143 |
| 3:32-1st |  | 28 | 15 | 0.868 | 0.132 |
| 3:30-1st |  | 28 | 15 | 0.872 | 0.128 |
| 3:24-1st |  | 30 | 15 | 0.885 | 0.115 |
| 3:15-1st |  | 30 | 18 | 0.858 | 0.142 |
| 2:53-1st |  | 30 | 18 | 0.842 | 0.158 |
| 2:50-1st |  | 30 | 20 | 0.825 | 0.175 |
| 2:35-1st |  | 30 | 20 | 0.812 | 0.188 |
| 2:34-1st |  | 30 | 20 | 0.807 | 0.193 |
| 2:27-1st |  | 30 | 23 | 0.768 | 0.232 |
| 2:01-1st |  | 33 | 23 | 0.807 | 0.193 |
| 1:47-1st |  | 33 | 23 | 0.822 | 0.178 |
| 1:44-1st |  | 33 | 23 | 0.826 | 0.174 |
| 1:29-1st |  | 33 | 23 | 0.813 | 0.187 |
| 1:26-1st |  | 33 | 23 | 0.827 | 0.173 |
| 1:24-1st |  | 36 | 23 | 0.859 | 0.141 |
| 1:09-1st |  | 36 | 23 | 0.871 | 0.129 |
| 1:07-1st |  | 36 | 23 | 0.86 | 0.14 |
| 1:04-1st |  | 36 | 26 | 0.828 | 0.172 |
| 42.1-1st |  | 36 | 26 | 0.808 | 0.192 |
| 39.0-1st |  | 36 | 28 | 0.789 | 0.211 |
| 26.1-1st |  | 36 | 28 | 0.773 | 0.227 |
| 24.1-1st |  | 36 | 28 | 0.768 | 0.232 |
| 5.0-1st |  | 36 | 30 | 0.749 | 0.251 |
| 0.1-1st |  | 36 | 30 | 0.782 | 0.218 |
| 0.0-1st |  | 36 | 30 | 0.735 | 0.265 |
| 12:00-2nd |  | 36 | 30 | 0.735 | 0.265 |
| 11:41-2nd |  | 36 | 30 | 0.73 | 0.27 |
| 11:38-2nd |  | 36 | 30 | 0.724 | 0.276 |
| 11:28-2nd |  | 36 | 32 | 0.703 | 0.297 |
| 11:12-2nd |  | 36 | 32 | 0.683 | 0.317 |
| 11:09-2nd |  | 36 | 32 | 0.677 | 0.323 |
| 11:04-2nd |  | 36 | 32 | 0.702 | 0.298 |
| 10:49-2nd |  | 36 | 32 | 0.683 | 0.317 |
| 10:48-2nd |  | 36 | 32 | 0.702 | 0.298 |
| 10:44-2nd |  | 36 | 32 | 0.683 | 0.317 |
| 10:41-2nd |  | 36 | 32 | 0.676 | 0.324 |
| 10:32-2nd |  | 36 | 34 | 0.649 | 0.351 |
| 10:19-2nd |  | 36 | 34 | 0.628 | 0.372 |
| 10:16-2nd |  | 36 | 34 | 0.649 | 0.351 |
| 10:08-2nd |  | 39 | 34 | 0.7 | 0.3 |
| 9:50-2nd |  | 39 | 34 | 0.719 | 0.281 |
| 9:49-2nd |  | 39 | 34 | 0.726 | 0.274 |
| 9:36-2nd |  | 42 | 34 | 0.772 | 0.228 |
| 9:21-2nd |  | 42 | 36 | 0.749 | 0.251 |
| 9:08-2nd |  | 42 | 36 | 0.73 | 0.27 |
| 9:06-2nd |  | 42 | 36 | 0.724 | 0.276 |
| 9:03-2nd |  | 42 | 38 | 0.7 | 0.3 |
| 8:46-2nd |  | 44 | 38 | 0.724 | 0.276 |
| 8:34-2nd |  | 44 | 38 | 0.744 | 0.256 |
| 8:33-2nd |  | 44 | 38 | 0.724 | 0.276 |
| 8:26-2nd |  | 44 | 40 | 0.7 | 0.3 |
| 8:16-2nd |  | 44 | 40 | 0.672 | 0.328 |
| 8:05-2nd |  | 44 | 40 | 0.693 | 0.307 |
| 8:02-2nd |  | 44 | 40 | 0.671 | 0.329 |
| 7:52-2nd |  | 44 | 42 | 0.644 | 0.356 |
| 7:38-2nd |  | 44 | 42 | 0.623 | 0.377 |
| 7:37-2nd |  | 44 | 42 | 0.616 | 0.384 |
| 7:25-2nd |  | 44 | 42 | 0.637 | 0.363 |
| 7:23-2nd |  | 44 | 42 | 0.644 | 0.356 |
| 7:08-2nd |  | 44 | 42 | 0.616 | 0.384 |
| 7:02-2nd |  | 44 | 44 | 0.587 | 0.413 |
| 6:46-2nd |  | 44 | 44 | 0.551 | 0.449 |
| 6:43-2nd |  | 44 | 44 | 0.586 | 0.414 |
| 6:35-2nd |  | 44 | 44 | 0.56 | 0.44 |
| 6:31-2nd |  | 46 | 44 | 0.615 | 0.385 |
| 6:10-2nd |  | 46 | 46 | 0.585 | 0.415 |
| 5:57-2nd |  | 46 | 46 | 0.558 | 0.442 |
| 5:54-2nd |  | 46 | 46 | 0.549 | 0.451 |
| 5:48-2nd |  | 46 | 46 | 0.576 | 0.424 |
| 5:46-2nd |  | 46 | 46 | 0.584 | 0.416 |
| 5:20-2nd |  | 46 | 46 | 0.548 | 0.452 |
| 5:12-2nd |  | 46 | 46 | 0.574 | 0.426 |
| 5:10-2nd |  | 46 | 46 | 0.583 | 0.417 |
| 4:59-2nd |  | 48 | 46 | 0.612 | 0.388 |
| 4:32-2nd |  | 48 | 46 | 0.642 | 0.358 |
| 4:21-2nd |  | 50 | 46 | 0.67 | 0.33 |
| 4:19-2nd |  | 50 | 46 | 0.67 | 0.33 |
| 4:08-2nd |  | 50 | 46 | 0.693 | 0.307 |
| 4:06-2nd |  | 50 | 46 | 0.701 | 0.299 |
| 3:50-2nd |  | 52 | 46 | 0.727 | 0.273 |
| 3:31-2nd |  | 52 | 48 | 0.701 | 0.299 |
| 3:13-2nd |  | 52 | 48 | 0.678 | 0.322 |
| 3:11-2nd |  | 52 | 48 | 0.67 | 0.33 |
| 3:06-2nd |  | 52 | 48 | 0.694 | 0.306 |
| 3:02-2nd |  | 52 | 48 | 0.701 | 0.299 |
| 2:57-2nd |  | 55 | 48 | 0.755 | 0.245 |
| 2:38-2nd |  | 55 | 48 | 0.776 | 0.224 |
| 2:36-2nd |  | 55 | 48 | 0.756 | 0.244 |
| 2:34-2nd |  | 55 | 50 | 0.73 | 0.27 |
| 2:18-2nd |  | 57 | 50 | 0.756 | 0.244 |
| 2:00-2nd |  | 57 | 53 | 0.702 | 0.298 |
| 1:45-2nd |  | 57 | 53 | 0.678 | 0.322 |
| 1:42-2nd |  | 57 | 53 | 0.67 | 0.33 |
| 1:34-2nd |  | 57 | 53 | 0.694 | 0.306 |
| 1:32-2nd |  | 57 | 53 | 0.702 | 0.298 |
| 1:27-2nd |  | 57 | 53 | 0.678 | 0.322 |
| 1:25-2nd |  | 57 | 53 | 0.67 | 0.33 |
| 1:17-2nd |  | 57 | 55 | 0.64 | 0.36 |
| 1:00-2nd |  | 59 | 55 | 0.67 | 0.33 |
| 44.2-2nd |  | 59 | 55 | 0.703 | 0.297 |
| 32.1-2nd |  | 59 | 55 | 0.695 | 0.305 |
| 30.0-2nd |  | 59 | 55 | 0.703 | 0.297 |
| 9.1-2nd |  | 59 | 55 | 0.679 | 0.321 |
| 6.0-2nd |  | 59 | 55 | 0.671 | 0.329 |
| 0.0-2nd |  | 59 | 55 | 0.687 | 0.313 |
| 12:00-3rd |  | 59 | 55 | 0.687 | 0.313 |
| 11:41-3rd |  | 59 | 55 | 0.678 | 0.322 |
| 11:36-3rd |  | 59 | 55 | 0.705 | 0.295 |
| 11:29-3rd |  | 59 | 55 | 0.678 | 0.322 |
| 11:26-3rd |  | 59 | 55 | 0.67 | 0.33 |
| 11:21-3rd |  | 59 | 55 | 0.696 | 0.304 |
| 11:19-3rd |  | 59 | 55 | 0.705 | 0.295 |
| 11:15-3rd |  | 59 | 55 | 0.679 | 0.321 |
| 11:11-3rd |  | 59 | 55 | 0.67 | 0.33 |
| 11:02-3rd |  | 59 | 55 | 0.697 | 0.303 |
| 11:00-3rd |  | 59 | 55 | 0.706 | 0.294 |
| 10:51-3rd |  | 59 | 55 | 0.706 | 0.294 |
| 10:47-3rd |  | 61 | 55 | 0.736 | 0.264 |
| 10:29-3rd |  | 61 | 55 | 0.768 | 0.232 |
| 10:25-3rd |  | 63 | 55 | 0.791 | 0.209 |
| 10:11-3rd |  | 63 | 56 | 0.793 | 0.207 |
| 10:00-3rd |  | 63 | 56 | 0.772 | 0.228 |
| 9:58-3rd |  | 65 | 56 | 0.817 | 0.183 |
| 9:50-3rd |  | 65 | 56 | 0.818 | 0.182 |
| 9:40-3rd |  | 65 | 56 | 0.836 | 0.164 |
| 9:38-3rd |  | 65 | 56 | 0.843 | 0.157 |
| 9:31-3rd |  | 67 | 56 | 0.864 | 0.136 |
| 9:16-3rd |  | 67 | 58 | 0.844 | 0.156 |
| 8:56-3rd |  | 67 | 58 | 0.82 | 0.18 |
| 8:53-3rd |  | 67 | 58 | 0.82 | 0.18 |
| 8:41-3rd |  | 67 | 58 | 0.839 | 0.161 |
| 8:40-3rd |  | 67 | 60 | 0.796 | 0.204 |
| 8:28-3rd |  | 67 | 60 | 0.776 | 0.224 |
| 8:25-3rd |  | 67 | 60 | 0.769 | 0.231 |
| 8:13-3rd |  | 67 | 62 | 0.739 | 0.261 |
| 7:59-3rd |  | 67 | 62 | 0.716 | 0.284 |
| 7:58-3rd |  | 67 | 62 | 0.708 | 0.292 |
| 7:50-3rd |  | 67 | 62 | 0.732 | 0.268 |
| 7:47-3rd |  | 67 | 62 | 0.74 | 0.26 |
| 7:42-3rd |  | 67 | 62 | 0.717 | 0.283 |
| 7:41-3rd |  | 67 | 62 | 0.74 | 0.26 |
| 7:34-3rd |  | 67 | 62 | 0.717 | 0.283 |
| 7:30-3rd |  | 67 | 62 | 0.709 | 0.291 |
| 7:23-3rd |  | 67 | 62 | 0.741 | 0.259 |
| 7:18-3rd |  | 69 | 62 | 0.772 | 0.228 |
| 7:03-3rd |  | 69 | 62 | 0.795 | 0.205 |
| 7:00-3rd |  | 69 | 62 | 0.773 | 0.227 |
| 6:57-3rd |  | 69 | 62 | 0.796 | 0.204 |
| 6:56-3rd |  | 69 | 62 | 0.803 | 0.197 |
| 6:46-3rd |  | 72 | 62 | 0.853 | 0.147 |
| 6:26-3rd |  | 72 | 64 | 0.831 | 0.169 |
| 6:13-3rd |  | 74 | 64 | 0.856 | 0.144 |
| 5:59-3rd |  | 74 | 66 | 0.833 | 0.167 |
| 5:44-3rd |  | 74 | 66 | 0.869 | 0.131 |
| 5:40-3rd |  | 74 | 66 | 0.816 | 0.184 |
| 5:38-3rd |  | 74 | 66 | 0.816 | 0.184 |
| 5:37-3rd |  | 74 | 66 | 0.81 | 0.19 |
| 5:35-3rd |  | 74 | 66 | 0.835 | 0.165 |
| 5:33-3rd |  | 76 | 66 | 0.859 | 0.141 |
| 5:21-3rd |  | 76 | 68 | 0.836 | 0.164 |
| 5:03-3rd |  | 76 | 68 | 0.819 | 0.181 |
| 5:01-3rd |  | 76 | 68 | 0.837 | 0.163 |
| 5:00-3rd |  | 76 | 68 | 0.813 | 0.187 |
| 4:55-3rd |  | 76 | 70 | 0.783 | 0.217 |
| 4:46-3rd |  | 76 | 70 | 0.757 | 0.243 |
| 4:45-3rd |  | 76 | 70 | 0.749 | 0.251 |
| 4:36-3rd |  | 76 | 72 | 0.714 | 0.286 |
| 4:35-3rd |  | 76 | 72 | 0.714 | 0.286 |
| 4:21-3rd | TARGET | 79 | 72 | 0.783 | 0.217 |
| 4:00-3rd |  | 79 | 74 | 0.753 | 0.247 |
| 3:44-3rd |  | 82 | 74 | 0.819 | 0.181 |
| 3:31-3rd |  | 82 | 75 | 0.82 | 0.18 |
| 3:29-3rd |  | 82 | 75 | 0.82 | 0.18 |
| 3:14-3rd |  | 84 | 75 | 0.846 | 0.154 |
| 3:02-3rd |  | 84 | 77 | 0.823 | 0.177 |
| 2:40-3rd |  | 86 | 77 | 0.85 | 0.15 |
| 2:20-3rd |  | 86 | 79 | 0.827 | 0.173 |
| 2:02-3rd |  | 89 | 79 | 0.881 | 0.119 |
| 1:44-3rd |  | 89 | 79 | 0.883 | 0.117 |
| 1:42-3rd |  | 89 | 79 | 0.883 | 0.117 |
| 1:26-3rd |  | 89 | 81 | 0.86 | 0.14 |
| 1:06-3rd |  | 91 | 81 | 0.887 | 0.113 |
| 50.1-3rd |  | 91 | 83 | 0.864 | 0.136 |
| 36.1-3rd |  | 93 | 83 | 0.891 | 0.109 |
| 15.1-3rd |  | 93 | 83 | 0.909 | 0.091 |
| 14.1-3rd |  | 93 | 83 | 0.915 | 0.085 |
| 0.0-3rd |  | 93 | 83 | 0.905 | 0.095 |
| 12:00-4th |  | 93 | 83 | 0.905 | 0.095 |
| 11:36-4th |  | 93 | 83 | 0.921 | 0.079 |
| 11:17-4th |  | 93 | 83 | 0.908 | 0.092 |
| 11:12-4th |  | 93 | 83 | 0.904 | 0.096 |
| 11:07-4th |  | 93 | 83 | 0.924 | 0.076 |
| 11:02-4th |  | 93 | 83 | 0.91 | 0.09 |
| 10:59-4th |  | 93 | 83 | 0.905 | 0.095 |
| 10:58-4th |  | 93 | 83 | 0.897 | 0.103 |
| 10:52-4th |  | 93 | 86 | 0.846 | 0.154 |
| 10:39-4th |  | 95 | 86 | 0.873 | 0.127 |
| 10:24-4th |  | 95 | 86 | 0.875 | 0.125 |
| 10:13-4th |  | 95 | 86 | 0.904 | 0.096 |
| 10:05-4th |  | 97 | 86 | 0.926 | 0.074 |
| 9:59-4th |  | 97 | 88 | 0.902 | 0.098 |
| 9:45-4th |  | 99 | 88 | 0.925 | 0.075 |
| 9:23-4th |  | 99 | 90 | 0.908 | 0.092 |
| 9:12-4th |  | 101 | 90 | 0.931 | 0.069 |
| 9:00-4th |  | 101 | 93 | 0.888 | 0.112 |
| 8:32-4th |  | 101 | 93 | 0.868 | 0.132 |
| 8:30-4th |  | 101 | 93 | 0.86 | 0.14 |
| 8:19-4th |  | 101 | 93 | 0.894 | 0.106 |
| 8:15-4th |  | 101 | 93 | 0.862 | 0.138 |
| 7:59-4th |  | 101 | 95 | 0.823 | 0.177 |
| 7:55-4th |  | 101 | 95 | 0.824 | 0.176 |
| 7:40-4th |  | 103 | 95 | 0.863 | 0.137 |
| 7:23-4th |  | 103 | 95 | 0.89 | 0.11 |
| 7:20-4th |  | 103 | 95 | 0.868 | 0.132 |
| 7:05-4th |  | 103 | 95 | 0.894 | 0.106 |
| 7:03-4th |  | 103 | 95 | 0.872 | 0.128 |
| 7:00-4th |  | 103 | 97 | 0.838 | 0.162 |
| 6:43-4th |  | 105 | 97 | 0.877 | 0.123 |
| 6:28-4th |  | 105 | 97 | 0.91 | 0.09 |
| 6:05-4th |  | 108 | 97 | 0.955 | 0.045 |
| 5:51-4th |  | 108 | 97 | 0.967 | 0.033 |
| 5:46-4th |  | 108 | 97 | 0.97 | 0.03 |
| 5:33-4th |  | 108 | 97 | 0.963 | 0.037 |
| 5:30-4th |  | 108 | 97 | 0.96 | 0.04 |
| 5:12-4th |  | 108 | 99 | 0.948 | 0.052 |
| 4:50-4th |  | 111 | 99 | 0.977 | 0.023 |
| 4:28-4th |  | 111 | 99 | 0.987 | 0.013 |
| 4:24-4th |  | 111 | 99 | 0.981 | 0.019 |
| 4:12-4th |  | 111 | 99 | 0.987 | 0.013 |
| 4:08-4th |  | 111 | 99 | 0.983 | 0.017 |
| 3:55-4th |  | 111 | 99 | 0.991 | 0.009 |
| 3:25-4th |  | 111 | 102 | 0.956 | 0.044 |
| 3:23-4th |  | 111 | 102 | 0.969 | 0.031 |
| 3:19-4th |  | 111 | 99 | 0.99 | 0.01 |
| 3:14-4th |  | 113 | 102 | 0.982 | 0.018 |
| 3:10-4th |  | 113 | 102 | 0.982 | 0.018 |
| 2:58-4th |  | 113 | 99 | 0.999 | 0.001 |
| 2:55-4th |  | 113 | 99 | 0.999 | 0.001 |
| 2:40-4th |  | 115 | 99 | 0.999 | 0.001 |
| 2:26-4th |  | 115 | 102 | 0.999 | 0.001 |
| 2:02-4th |  | 117 | 102 | 0.999 | 0.001 |
| 1:47-4th |  | 117 | 102 | 0.999 | 0.001 |
| 1:46-4th |  | 117 | 102 | 0.999 | 0.001 |
| 1:32-4th |  | 117 | 102 | 0.999 | 0.001 |
| 1:29-4th |  | 117 | 102 | 0.999 | 0.001 |
| 1:22-4th |  | 117 | 102 | 0.999 | 0.001 |
| 1:19-4th |  | 117 | 102 | 0.999 | 0.001 |
| 1:07-4th |  | 117 | 102 | 0.999 | 0.001 |
| 1:04-4th |  | 117 | 102 | 0.999 | 0.001 |
| 55.0-4th |  | 117 | 102 | 0.999 | 0.001 |
| 52.1-4th |  | 117 | 102 | 0.999 | 0.001 |
| 50.0-4th |  | 117 | 102 | 0.999 | 0.001 |
| 47.1-4th |  | 117 | 102 | 0.999 | 0.001 |
| 24.1-4th |  | 117 | 102 | 0.999 | 0.001 |
| 19.0-4th |  | 117 | 102 | 0.999 | 0.001 |
| 16.0-4th |  | 117 | 102 | 0.999 | 0.001 |
| 0.0-4th |  | 117 | 102 | 1.0 | 0.0 |

Question

Which event most likely happened at the marked missing position?

Answer Choices

A. Player 6 (Team A) blocks Player 5 (Team A) 's 4-foot driving layup
B. Player 10 (Team A) misses 16-foot two point shot
C. Player 10 (Team A) lost ball turnover
D. Player 10 (Team A) makes 29-foot three point jumper (Player 7 (Team A) assists)

Response Format

Return exactly one JSON object:

{
  "answer": "<A|B|C|D>",
  "rationale": "<brief evidence-based justification in 1-3 sentences>",
  "evidence_event_ids": [],
  "evidence_series_times": []
}

Use only event IDs and time labels that are provided above and that support the answer. Use an empty array when the corresponding evidence type is unavailable or unused. Return only the JSON object.
