Task

Reconstruct the missing event in this basketball game. Use the available numerical time-series evidence around the marked row to select the most likely event.

Game

Team A versus Team B, season 22-23.

Time Series

| Game time | Marker | Team A score | Team B score | Team A win probability | Team B win probability |
| --- | --- | --- | --- | --- | --- |
| 12:00-1st |  | 0 | 0 | 0.856 | 0.144 |
| 11:43-1st |  | 0 | 0 | 0.861 | 0.139 |
| 11:40-1st |  | 0 | 0 | 0.864 | 0.136 |
| 11:32-1st |  | 0 | 0 | 0.852 | 0.148 |
| 11:31-1st |  | 0 | 0 | 0.863 | 0.137 |
| 11:20-1st |  | 0 | 0 | 0.854 | 0.146 |
| 11:17-1st |  | 0 | 0 | 0.851 | 0.149 |
| 11:08-1st |  | 0 | 0 | 0.859 | 0.141 |
| 11:06-1st |  | 0 | 0 | 0.862 | 0.138 |
| 11:00-1st |  | 3 | 0 | 0.885 | 0.115 |
| 10:42-1st |  | 3 | 2 | 0.873 | 0.127 |
| 10:27-1st |  | 5 | 2 | 0.883 | 0.117 |
| 10:14-1st |  | 5 | 2 | 0.889 | 0.111 |
| 10:10-1st |  | 5 | 2 | 0.891 | 0.109 |
| 10:03-1st |  | 5 | 2 | 0.881 | 0.119 |
| 9:52-1st |  | 5 | 5 | 0.857 | 0.143 |
| 9:38-1st |  | 7 | 5 | 0.868 | 0.132 |
| 9:23-1st |  | 7 | 5 | 0.876 | 0.124 |
| 9:21-1st |  | 7 | 5 | 0.879 | 0.121 |
| 9:11-1st |  | 7 | 5 | 0.869 | 0.131 |
| 9:09-1st |  | 7 | 5 | 0.878 | 0.122 |
| 9:06-1st |  | 7 | 5 | 0.869 | 0.131 |
| 9:05-1st |  | 7 | 5 | 0.878 | 0.122 |
| 9:00-1st |  | 7 | 5 | 0.868 | 0.132 |
| 8:56-1st |  | 7 | 5 | 0.865 | 0.135 |
| 8:53-1st |  | 7 | 5 | 0.874 | 0.126 |
| 8:49-1st |  | 7 | 5 | 0.877 | 0.123 |
| 8:46-1st |  | 7 | 5 | 0.867 | 0.133 |
| 8:43-1st |  | 7 | 5 | 0.864 | 0.136 |
| 8:37-1st |  | 7 | 5 | 0.873 | 0.127 |
| 8:35-1st |  | 7 | 5 | 0.876 | 0.124 |
| 8:29-1st |  | 7 | 5 | 0.866 | 0.134 |
| 8:26-1st |  | 7 | 5 | 0.863 | 0.137 |
| 8:22-1st |  | 7 | 5 | 0.875 | 0.125 |
| 8:10-1st |  | 7 | 5 | 0.862 | 0.138 |
| 8:06-1st |  | 7 | 8 | 0.82 | 0.18 |
| 7:54-1st |  | 9 | 8 | 0.847 | 0.153 |
| 7:39-1st |  | 9 | 8 | 0.856 | 0.144 |
| 7:36-1st |  | 9 | 8 | 0.859 | 0.141 |
| 7:33-1st |  | 11 | 8 | 0.871 | 0.129 |
| 7:15-1st |  | 11 | 8 | 0.878 | 0.122 |
| 7:13-1st |  | 11 | 8 | 0.881 | 0.119 |
| 7:07-1st |  | 11 | 8 | 0.872 | 0.128 |
| 7:05-1st |  | 11 | 8 | 0.869 | 0.131 |
| 7:00-1st |  | 11 | 10 | 0.856 | 0.144 |
| 6:45-1st |  | 11 | 10 | 0.845 | 0.155 |
| 6:41-1st |  | 11 | 10 | 0.841 | 0.159 |
| 6:29-1st |  | 11 | 10 | 0.841 | 0.159 |
| 6:28-1st |  | 11 | 12 | 0.825 | 0.175 |
| 6:05-1st |  | 11 | 12 | 0.811 | 0.189 |
| 6:00-1st |  | 11 | 12 | 0.822 | 0.178 |
| 5:57-1st |  | 13 | 12 | 0.837 | 0.163 |
| 5:46-1st |  | 13 | 14 | 0.821 | 0.179 |
| 5:31-1st |  | 15 | 14 | 0.835 | 0.165 |
| 5:06-1st |  | 15 | 14 | 0.844 | 0.156 |
| 5:03-1st |  | 15 | 14 | 0.833 | 0.167 |
| 4:52-1st |  | 15 | 16 | 0.817 | 0.183 |
| 4:36-1st |  | 17 | 16 | 0.83 | 0.17 |
| 4:27-1st |  | 17 | 19 | 0.797 | 0.203 |
| 4:07-1st |  | 19 | 19 | 0.813 | 0.187 |
| 3:54-1st |  | 19 | 22 | 0.774 | 0.226 |
| 3:43-1st |  | 22 | 22 | 0.81 | 0.19 |
| 3:22-1st |  | 22 | 22 | 0.82 | 0.18 |
| 3:19-1st |  | 22 | 22 | 0.808 | 0.192 |
| 3:14-1st |  | 22 | 24 | 0.789 | 0.211 |
| 3:03-1st |  | 22 | 24 | 0.769 | 0.231 |
| 3:00-1st |  | 22 | 24 | 0.783 | 0.217 |
| 2:57-1st |  | 22 | 24 | 0.787 | 0.213 |
| 2:54-1st |  | 24 | 24 | 0.805 | 0.195 |
| 2:39-1st |  | 26 | 24 | 0.837 | 0.163 |
| 2:22-1st |  | 26 | 24 | 0.846 | 0.154 |
| 2:20-1st |  | 26 | 24 | 0.849 | 0.151 |
| 2:06-1st |  | 26 | 24 | 0.838 | 0.162 |
| 2:02-1st |  | 26 | 24 | 0.834 | 0.166 |
| 1:59-1st |  | 26 | 24 | 0.844 | 0.156 |
| 1:54-1st |  | 26 | 26 | 0.816 | 0.184 |
| 1:42-1st |  | 28 | 26 | 0.832 | 0.168 |
| 1:34-1st |  | 28 | 26 | 0.843 | 0.157 |
| 1:31-1st |  | 28 | 26 | 0.846 | 0.154 |
| 1:20-1st |  | 30 | 26 | 0.861 | 0.139 |
| 1:06-1st |  | 30 | 26 | 0.869 | 0.131 |
| 1:04-1st |  | 30 | 26 | 0.873 | 0.127 |
| 55.1-1st |  | 30 | 26 | 0.862 | 0.138 |
| 51.1-1st |  | 30 | 26 | 0.859 | 0.141 |
| 45.0-1st |  | 30 | 26 | 0.868 | 0.132 |
| 41.1-1st |  | 30 | 28 | 0.842 | 0.158 |
| 32.0-1st |  | 32 | 28 | 0.858 | 0.142 |
| 14.1-1st |  | 32 | 30 | 0.84 | 0.16 |
| 2.1-1st |  | 34 | 30 | 0.856 | 0.144 |
| 0.0-1st |  | 34 | 30 | 0.86 | 0.14 |
| 12:00-2nd |  | 34 | 30 | 0.86 | 0.14 |
| 11:48-2nd |  | 34 | 30 | 0.855 | 0.145 |
| 11:43-2nd |  | 34 | 33 | 0.823 | 0.177 |
| 11:27-2nd |  | 34 | 33 | 0.806 | 0.194 |
| 11:26-2nd |  | 34 | 33 | 0.801 | 0.199 |
| 11:19-2nd |  | 34 | 33 | 0.816 | 0.184 |
| 11:15-2nd |  | 34 | 33 | 0.821 | 0.179 |
| 11:12-2nd |  | 36 | 33 | 0.835 | 0.165 |
| 10:59-2nd |  | 36 | 33 | 0.852 | 0.148 |
| 10:47-2nd |  | 38 | 33 | 0.864 | 0.136 |
| 10:26-2nd |  | 38 | 33 | 0.874 | 0.126 |
| 10:24-2nd |  | 38 | 33 | 0.878 | 0.122 |
| 10:09-2nd |  | 38 | 33 | 0.866 | 0.134 |
| 10:04-2nd |  | 38 | 33 | 0.861 | 0.139 |
| 9:58-2nd |  | 38 | 33 | 0.876 | 0.124 |
| 9:54-2nd |  | 40 | 33 | 0.888 | 0.112 |
| 9:52-2nd |  | 40 | 33 | 0.888 | 0.112 |
| 9:40-2nd |  | 40 | 35 | 0.875 | 0.125 |
| 9:23-2nd |  | 43 | 35 | 0.898 | 0.102 |
| 9:10-2nd |  | 43 | 38 | 0.873 | 0.127 |
| 8:54-2nd |  | 46 | 38 | 0.897 | 0.103 |
| 8:40-2nd |  | 46 | 40 | 0.885 | 0.115 |
| 8:27-2nd |  | 46 | 40 | 0.884 | 0.116 |
| 8:13-2nd |  | 46 | 40 | 0.873 | 0.127 |
| 8:11-2nd |  | 46 | 40 | 0.883 | 0.117 |
| 8:08-2nd |  | 48 | 40 | 0.896 | 0.104 |
| 7:50-2nd |  | 48 | 40 | 0.905 | 0.095 |
| 7:46-2nd |  | 48 | 40 | 0.896 | 0.104 |
| 7:35-2nd |  | 48 | 43 | 0.868 | 0.132 |
| 7:21-2nd |  | 48 | 43 | 0.852 | 0.148 |
| 7:04-2nd |  | 48 | 46 | 0.817 | 0.183 |
| 6:50-2nd |  | 51 | 46 | 0.851 | 0.149 |
| 6:32-2nd |  | 51 | 46 | 0.862 | 0.138 |
| 6:29-2nd |  | 51 | 46 | 0.865 | 0.135 |
| 6:12-2nd |  | 51 | 46 | 0.852 | 0.148 |
| 6:09-2nd |  | 51 | 46 | 0.848 | 0.152 |
| 6:04-2nd |  | 51 | 46 | 0.86 | 0.14 |
| 6:03-2nd |  | 51 | 46 | 0.864 | 0.136 |
| 5:56-2nd |  | 53 | 46 | 0.877 | 0.123 |
| 5:55-2nd |  | 53 | 46 | 0.877 | 0.123 |
| 5:45-2nd |  | 53 | 46 | 0.891 | 0.109 |
| 5:34-2nd |  | 53 | 46 | 0.88 | 0.12 |
| 5:31-2nd |  | 53 | 46 | 0.89 | 0.11 |
| 5:29-2nd |  | 53 | 46 | 0.88 | 0.12 |
| 5:25-2nd |  | 53 | 46 | 0.876 | 0.124 |
| 5:19-2nd |  | 53 | 49 | 0.845 | 0.155 |
| 5:06-2nd |  | 56 | 49 | 0.875 | 0.125 |
| 4:50-2nd |  | 56 | 52 | 0.843 | 0.157 |
| 4:38-2nd |  | 59 | 52 | 0.874 | 0.126 |
| 4:25-2nd |  | 59 | 52 | 0.884 | 0.116 |
| 4:23-2nd |  | 59 | 52 | 0.888 | 0.112 |
| 4:17-2nd |  | 59 | 52 | 0.873 | 0.127 |
| 4:03-2nd |  | 59 | 54 | 0.858 | 0.142 |
| 3:52-2nd |  | 59 | 54 | 0.839 | 0.161 |
| 3:38-2nd |  | 59 | 56 | 0.82 | 0.18 |
| 3:23-2nd |  | 59 | 56 | 0.797 | 0.203 |
| 3:15-2nd |  | 59 | 58 | 0.776 | 0.224 |
| 3:02-2nd |  | 59 | 58 | 0.771 | 0.229 |
| 2:54-2nd |  | 61 | 58 | 0.794 | 0.206 |
| 2:46-2nd |  | 61 | 58 | 0.81 | 0.19 |
| 2:44-2nd |  | 61 | 58 | 0.816 | 0.184 |
| 2:33-2nd |  | 63 | 58 | 0.835 | 0.165 |
| 2:13-2nd |  | 63 | 61 | 0.792 | 0.208 |
| 1:57-2nd |  | 65 | 61 | 0.812 | 0.188 |
| 1:33-2nd |  | 65 | 61 | 0.826 | 0.174 |
| 1:30-2nd |  | 65 | 61 | 0.831 | 0.169 |
| 1:28-2nd |  | 65 | 61 | 0.815 | 0.185 |
| 1:24-2nd |  | 65 | 61 | 0.81 | 0.19 |
| 1:23-2nd |  | 65 | 61 | 0.826 | 0.174 |
| 1:22-2nd |  | 65 | 61 | 0.81 | 0.19 |
| 1:21-2nd |  | 65 | 63 | 0.786 | 0.214 |
| 1:05-2nd |  | 67 | 63 | 0.807 | 0.193 |
| 52.1-2nd |  | 67 | 65 | 0.783 | 0.217 |
| 41.1-2nd |  | 69 | 65 | 0.805 | 0.195 |
| 37.0-2nd |  | 69 | 67 | 0.782 | 0.218 |
| 30.0-2nd |  | 72 | 67 | 0.828 | 0.172 |
| 12.0-2nd |  | 73 | 69 | 0.826 | 0.174 |
| 10.1-2nd |  | 73 | 69 | 0.826 | 0.174 |
| 3.0-2nd |  | 73 | 69 | 0.803 | 0.197 |
| 0.1-2nd |  | 73 | 69 | 0.799 | 0.201 |
| 0.0-2nd |  | 73 | 69 | 0.811 | 0.189 |
| 12:00-3rd |  | 73 | 69 | 0.811 | 0.189 |
| 11:43-3rd |  | 75 | 69 | 0.845 | 0.155 |
| 11:20-3rd |  | 75 | 71 | 0.824 | 0.176 |
| 11:08-3rd |  | 77 | 71 | 0.844 | 0.156 |
| 10:58-3rd |  | 77 | 71 | 0.859 | 0.141 |
| 10:55-3rd |  | 77 | 71 | 0.864 | 0.136 |
| 10:50-3rd |  | 77 | 71 | 0.848 | 0.152 |
| 10:48-3rd |  | 77 | 71 | 0.843 | 0.157 |
| 10:44-3rd |  | 77 | 73 | 0.822 | 0.178 |
| 10:35-3rd |  | 77 | 73 | 0.798 | 0.202 |
| 10:30-3rd |  | 77 | 73 | 0.815 | 0.185 |
| 10:26-3rd |  | 77 | 73 | 0.821 | 0.179 |
| 10:25-3rd |  | 79 | 73 | 0.842 | 0.158 |
| 10:17-3rd |  | 79 | 76 | 0.798 | 0.202 |
| 10:01-3rd |  | 79 | 76 | 0.796 | 0.204 |
| 9:55-3rd |  | 80 | 76 | 0.794 | 0.206 |
| 9:54-3rd |  | 80 | 76 | 0.794 | 0.206 |
| 9:44-3rd |  | 80 | 76 | 0.812 | 0.188 |
| 9:41-3rd |  | 80 | 76 | 0.818 | 0.182 |
| 9:29-3rd |  | 80 | 76 | 0.792 | 0.208 |
| 9:15-3rd |  | 80 | 78 | 0.766 | 0.234 |
| 8:50-3rd |  | 82 | 78 | 0.79 | 0.21 |
| 8:37-3rd |  | 82 | 81 | 0.733 | 0.267 |
| 8:19-3rd |  | 84 | 81 | 0.76 | 0.24 |
| 8:08-3rd | TARGET | 84 | 84 | 0.7 | 0.3 |
| 7:47-3rd |  | 87 | 84 | 0.757 | 0.243 |
| 7:34-3rd |  | 87 | 84 | 0.777 | 0.223 |
| 7:28-3rd |  | 87 | 84 | 0.784 | 0.216 |
| 7:26-3rd |  | 90 | 84 | 0.832 | 0.168 |
| 7:14-3rd |  | 90 | 86 | 0.808 | 0.192 |
| 6:59-3rd |  | 93 | 86 | 0.855 | 0.145 |
| 6:50-3rd |  | 93 | 89 | 0.807 | 0.193 |
| 6:39-3rd |  | 93 | 89 | 0.78 | 0.22 |
| 6:29-3rd |  | 93 | 89 | 0.786 | 0.214 |
| 6:24-3rd |  | 93 | 89 | 0.806 | 0.194 |
| 6:12-3rd |  | 96 | 89 | 0.854 | 0.146 |
| 6:04-3rd |  | 96 | 91 | 0.831 | 0.169 |
| 5:47-3rd |  | 98 | 91 | 0.854 | 0.146 |
| 5:40-3rd |  | 98 | 91 | 0.87 | 0.13 |
| 5:36-3rd |  | 98 | 91 | 0.875 | 0.125 |
| 5:26-3rd |  | 101 | 91 | 0.909 | 0.091 |
| 5:09-3rd |  | 101 | 91 | 0.921 | 0.079 |
| 5:05-3rd |  | 101 | 91 | 0.925 | 0.075 |
| 5:04-3rd |  | 101 | 91 | 0.913 | 0.087 |
| 5:01-3rd |  | 101 | 91 | 0.91 | 0.09 |
| 4:54-3rd |  | 101 | 91 | 0.921 | 0.079 |
| 4:51-3rd |  | 101 | 91 | 0.925 | 0.075 |
| 4:39-3rd |  | 101 | 91 | 0.91 | 0.09 |
| 4:28-3rd |  | 101 | 91 | 0.922 | 0.078 |
| 4:24-3rd |  | 101 | 91 | 0.926 | 0.074 |
| 4:19-3rd |  | 101 | 91 | 0.926 | 0.074 |
| 4:08-3rd |  | 101 | 91 | 0.911 | 0.089 |
| 4:02-3rd |  | 101 | 91 | 0.923 | 0.077 |
| 3:58-3rd |  | 101 | 93 | 0.895 | 0.105 |
| 3:53-3rd |  | 102 | 93 | 0.894 | 0.106 |
| 3:37-3rd |  | 102 | 95 | 0.876 | 0.124 |
| 3:26-3rd |  | 104 | 95 | 0.895 | 0.105 |
| 3:17-3rd |  | 104 | 95 | 0.895 | 0.105 |
| 3:10-3rd |  | 104 | 97 | 0.877 | 0.123 |
| 2:55-3rd |  | 104 | 97 | 0.859 | 0.141 |
| 2:51-3rd |  | 104 | 97 | 0.878 | 0.122 |
| 2:50-3rd |  | 106 | 97 | 0.897 | 0.103 |
| 2:46-3rd |  | 106 | 97 | 0.911 | 0.089 |
| 2:42-3rd |  | 106 | 97 | 0.916 | 0.084 |
| 2:33-3rd |  | 108 | 97 | 0.93 | 0.07 |
| 2:23-3rd |  | 108 | 97 | 0.945 | 0.055 |
| 2:15-3rd |  | 111 | 97 | 0.964 | 0.036 |
| 2:08-3rd |  | 111 | 97 | 0.965 | 0.035 |
| 1:57-3rd |  | 111 | 98 | 0.965 | 0.035 |
| 1:56-3rd |  | 111 | 98 | 0.965 | 0.035 |
| 1:47-3rd |  | 113 | 98 | 0.973 | 0.027 |
| 1:33-3rd |  | 113 | 98 | 0.978 | 0.022 |
| 1:31-3rd |  | 113 | 98 | 0.974 | 0.026 |
| 1:25-3rd |  | 113 | 98 | 0.98 | 0.02 |
| 1:23-3rd |  | 114 | 98 | 0.98 | 0.02 |
| 1:08-3rd |  | 114 | 98 | 0.986 | 0.014 |
| 58.0-3rd |  | 117 | 98 | 0.992 | 0.008 |
| 43.2-3rd |  | 117 | 100 | 0.99 | 0.01 |
| 33.1-3rd |  | 119 | 100 | 0.993 | 0.007 |
| 21.0-3rd |  | 119 | 102 | 0.991 | 0.009 |
| 2.1-3rd |  | 119 | 104 | 0.98 | 0.02 |
| 0.1-3rd |  | 119 | 107 | 0.962 | 0.038 |
| 0.0-3rd |  | 119 | 107 | 0.957 | 0.043 |
| 12:00-4th |  | 119 | 107 | 0.957 | 0.043 |
| 11:39-4th |  | 119 | 110 | 0.927 | 0.073 |
| 11:21-4th |  | 122 | 110 | 0.955 | 0.045 |
| 11:00-4th |  | 122 | 110 | 0.964 | 0.036 |
| 10:57-4th |  | 122 | 110 | 0.966 | 0.034 |
| 10:40-4th |  | 122 | 110 | 0.96 | 0.04 |
| 10:36-4th |  | 122 | 110 | 0.958 | 0.042 |
| 10:28-4th |  | 122 | 112 | 0.947 | 0.053 |
| 10:14-4th |  | 122 | 112 | 0.94 | 0.06 |
| 9:54-4th |  | 122 | 114 | 0.916 | 0.084 |
| 9:36-4th |  | 122 | 114 | 0.921 | 0.079 |
| 9:24-4th |  | 125 | 114 | 0.954 | 0.046 |
| 9:14-4th |  | 125 | 116 | 0.938 | 0.062 |
| 9:12-4th |  | 125 | 116 | 0.939 | 0.061 |
| 9:05-4th |  | 125 | 116 | 0.943 | 0.057 |
| 9:00-4th |  | 125 | 116 | 0.923 | 0.077 |
| 8:42-4th |  | 125 | 116 | 0.943 | 0.057 |
| 8:37-4th |  | 128 | 116 | 0.969 | 0.031 |
| 8:28-4th |  | 128 | 116 | 0.976 | 0.024 |
| 8:27-4th |  | 128 | 116 | 0.978 | 0.022 |
| 8:20-4th |  | 130 | 116 | 0.985 | 0.015 |
| 8:19-4th |  | 130 | 116 | 0.985 | 0.015 |
| 8:02-4th |  | 130 | 116 | 0.989 | 0.011 |
| 8:00-4th |  | 130 | 116 | 0.991 | 0.009 |
| 7:50-4th |  | 132 | 116 | 0.994 | 0.006 |
| 7:41-4th |  | 132 | 116 | 0.996 | 0.004 |
| 7:39-4th |  | 132 | 116 | 0.996 | 0.004 |
| 7:32-4th |  | 132 | 116 | 0.995 | 0.005 |
| 7:27-4th |  | 132 | 116 | 0.996 | 0.004 |
| 7:26-4th |  | 134 | 116 | 0.998 | 0.002 |
| 7:16-4th |  | 134 | 116 | 0.999 | 0.001 |
| 7:13-4th |  | 136 | 116 | 0.999 | 0.001 |
| 6:57-4th |  | 136 | 116 | 0.999 | 0.001 |
| 6:46-4th |  | 136 | 117 | 0.999 | 0.001 |
| 6:28-4th |  | 138 | 117 | 0.999 | 0.001 |
| 6:14-4th |  | 138 | 117 | 0.999 | 0.001 |
| 6:12-4th |  | 138 | 117 | 0.999 | 0.001 |
| 6:05-4th |  | 138 | 117 | 0.999 | 0.001 |
| 6:02-4th |  | 138 | 117 | 0.999 | 0.001 |
| 5:54-4th |  | 138 | 119 | 0.999 | 0.001 |
| 5:32-4th |  | 138 | 119 | 0.999 | 0.001 |
| 5:28-4th |  | 138 | 119 | 0.999 | 0.001 |
| 5:26-4th |  | 140 | 119 | 0.999 | 0.001 |
| 5:11-4th |  | 140 | 120 | 0.999 | 0.001 |
| 4:57-4th |  | 143 | 120 | 0.999 | 0.001 |
| 4:42-4th |  | 143 | 124 | 0.999 | 0.001 |
| 4:24-4th |  | 143 | 124 | 0.999 | 0.001 |
| 4:19-4th |  | 145 | 124 | 0.999 | 0.001 |
| 4:06-4th |  | 145 | 124 | 0.999 | 0.001 |
| 4:04-4th |  | 145 | 124 | 0.999 | 0.001 |
| 4:00-4th |  | 145 | 124 | 0.999 | 0.001 |
| 3:56-4th |  | 145 | 124 | 0.999 | 0.001 |
| 3:54-4th |  | 145 | 124 | 0.999 | 0.001 |
| 3:51-4th |  | 145 | 124 | 0.999 | 0.001 |
| 3:44-4th |  | 145 | 126 | 0.999 | 0.001 |
| 3:38-4th |  | 145 | 126 | 0.999 | 0.001 |
| 3:34-4th |  | 145 | 126 | 0.999 | 0.001 |
| 3:31-4th |  | 145 | 126 | 0.999 | 0.001 |
| 3:15-4th |  | 145 | 128 | 0.999 | 0.001 |
| 2:59-4th |  | 147 | 128 | 0.999 | 0.001 |
| 2:45-4th |  | 147 | 130 | 0.999 | 0.001 |
| 2:23-4th |  | 149 | 130 | 0.999 | 0.001 |
| 2:14-4th |  | 149 | 130 | 0.999 | 0.001 |
| 2:05-4th |  | 149 | 130 | 0.999 | 0.001 |
| 2:03-4th |  | 149 | 130 | 0.999 | 0.001 |
| 2:01-4th |  | 149 | 132 | 0.999 | 0.001 |
| 1:49-4th |  | 149 | 132 | 0.999 | 0.001 |
| 1:36-4th |  | 149 | 132 | 0.999 | 0.001 |
| 1:32-4th |  | 149 | 132 | 0.999 | 0.001 |
| 1:30-4th |  | 149 | 132 | 0.999 | 0.001 |
| 1:28-4th |  | 149 | 132 | 0.999 | 0.001 |
| 1:18-4th |  | 149 | 134 | 0.999 | 0.001 |
| 1:04-4th |  | 149 | 134 | 0.999 | 0.001 |
| 58.1-4th |  | 149 | 134 | 0.999 | 0.001 |
| 57.1-4th |  | 149 | 136 | 0.999 | 0.001 |
| 41.1-4th |  | 149 | 136 | 0.999 | 0.001 |
| 37.1-4th |  | 149 | 136 | 0.999 | 0.001 |
| 34.0-4th |  | 149 | 136 | 0.999 | 0.001 |
| 28.1-4th |  | 149 | 136 | 0.999 | 0.001 |
| 25.1-4th |  | 149 | 136 | 0.999 | 0.001 |
| 2.1-4th |  | 149 | 136 | 0.999 | 0.001 |
| 0.0-4th |  | 149 | 136 | 1.0 | 0.0 |

Question

Which event most likely happened at the marked missing position?

Answer Choices

A. Player 8 (Team B) makes 27-foot three point jumper (Player 7 (Team B) assists)
B. Player 18 (Team A) makes 24-foot three point jumper (Player 7 (Team A) assists)
C. Player 1 (Team A) lost ball turnover (Player 6 (Team A) steals)
D. Player 11 (Team B) out of bounds lost ball turnover

Response Format

Return exactly one JSON object:

{
  "answer": "<A|B|C|D>",
  "rationale": "<brief evidence-based justification in 1-3 sentences>",
  "evidence_event_ids": [],
  "evidence_series_times": []
}

Use only event IDs and time labels that are provided above and that support the answer. Use an empty array when the corresponding evidence type is unavailable or unused. Return only the JSON object.
