Task

Reconstruct the missing event in this basketball game. Use the available numerical time-series evidence around the marked row to select the most likely event.

Game

Team A versus Team B, season 22-23.

Time Series

| Game time | Marker | Team A score | Team B score | Team A win probability | Team B win probability |
| --- | --- | --- | --- | --- | --- |
| 12:00-1st |  | 0 | 0 | 0.654 | 0.346 |
| 11:35-1st |  | 2 | 0 | 0.679 | 0.321 |
| 11:17-1st |  | 2 | 0 | 0.694 | 0.306 |
| 11:14-1st |  | 2 | 0 | 0.678 | 0.322 |
| 11:12-1st |  | 2 | 0 | 0.693 | 0.307 |
| 11:08-1st |  | 2 | 0 | 0.698 | 0.302 |
| 11:03-1st |  | 2 | 0 | 0.698 | 0.302 |
| 10:46-1st |  | 2 | 2 | 0.651 | 0.349 |
| 10:35-1st |  | 2 | 2 | 0.651 | 0.349 |
| 10:23-1st |  | 2 | 2 | 0.634 | 0.366 |
| 10:19-1st |  | 2 | 2 | 0.629 | 0.371 |
| 10:10-1st |  | 2 | 2 | 0.645 | 0.355 |
| 10:07-1st |  | 2 | 2 | 0.65 | 0.35 |
| 10:02-1st |  | 4 | 2 | 0.674 | 0.326 |
| 9:42-1st |  | 4 | 4 | 0.649 | 0.351 |
| 9:29-1st |  | 7 | 4 | 0.696 | 0.304 |
| 9:16-1st |  | 7 | 4 | 0.711 | 0.289 |
| 9:14-1st |  | 7 | 4 | 0.716 | 0.284 |
| 9:08-1st |  | 7 | 4 | 0.7 | 0.3 |
| 9:05-1st |  | 7 | 4 | 0.716 | 0.284 |
| 9:02-1st |  | 9 | 4 | 0.735 | 0.265 |
| 8:42-1st |  | 9 | 6 | 0.716 | 0.284 |
| 8:27-1st |  | 11 | 6 | 0.735 | 0.265 |
| 8:13-1st |  | 11 | 6 | 0.756 | 0.244 |
| 8:11-1st |  | 13 | 6 | 0.775 | 0.225 |
| 7:57-1st |  | 13 | 9 | 0.735 | 0.265 |
| 7:43-1st |  | 15 | 9 | 0.754 | 0.246 |
| 7:25-1st |  | 15 | 9 | 0.769 | 0.231 |
| 7:23-1st |  | 15 | 9 | 0.774 | 0.226 |
| 7:20-1st |  | 18 | 9 | 0.81 | 0.19 |
| 7:04-1st |  | 18 | 12 | 0.774 | 0.226 |
| 6:53-1st |  | 18 | 12 | 0.759 | 0.241 |
| 6:49-1st |  | 18 | 12 | 0.754 | 0.246 |
| 6:46-1st |  | 18 | 15 | 0.712 | 0.288 |
| 6:33-1st |  | 18 | 15 | 0.69 | 0.31 |
| 6:30-1st |  | 18 | 17 | 0.666 | 0.334 |
| 6:29-1st |  | 18 | 17 | 0.666 | 0.334 |
| 6:13-1st |  | 20 | 17 | 0.689 | 0.311 |
| 5:58-1st |  | 20 | 20 | 0.639 | 0.361 |
| 5:47-1st |  | 20 | 20 | 0.639 | 0.361 |
| 5:38-1st |  | 20 | 20 | 0.621 | 0.379 |
| 5:35-1st |  | 20 | 20 | 0.615 | 0.385 |
| 5:28-1st |  | 20 | 22 | 0.588 | 0.412 |
| 5:16-1st |  | 22 | 22 | 0.614 | 0.386 |
| 5:01-1st |  | 22 | 22 | 0.631 | 0.369 |
| 4:59-1st |  | 22 | 22 | 0.637 | 0.363 |
| 4:48-1st |  | 22 | 22 | 0.619 | 0.381 |
| 4:45-1st |  | 22 | 22 | 0.613 | 0.387 |
| 4:42-1st |  | 22 | 24 | 0.586 | 0.414 |
| 4:29-1st |  | 24 | 24 | 0.612 | 0.388 |
| 4:12-1st |  | 24 | 26 | 0.584 | 0.416 |
| 4:03-1st |  | 27 | 26 | 0.634 | 0.366 |
| 3:41-1st |  | 27 | 26 | 0.654 | 0.346 |
| 3:39-1st |  | 27 | 26 | 0.661 | 0.339 |
| 3:29-1st |  | 27 | 26 | 0.633 | 0.367 |
| 3:10-1st |  | 27 | 26 | 0.653 | 0.347 |
| 3:08-1st |  | 27 | 26 | 0.659 | 0.341 |
| 3:01-1st |  | 27 | 26 | 0.638 | 0.362 |
| 2:57-1st |  | 29 | 26 | 0.683 | 0.317 |
| 2:40-1st |  | 29 | 26 | 0.7 | 0.3 |
| 2:38-1st |  | 29 | 26 | 0.705 | 0.295 |
| 2:32-1st |  | 29 | 26 | 0.688 | 0.312 |
| 2:29-1st |  | 29 | 26 | 0.682 | 0.318 |
| 2:26-1st |  | 29 | 26 | 0.705 | 0.295 |
| 2:23-1st |  | 29 | 26 | 0.705 | 0.295 |
| 2:09-1st |  | 30 | 26 | 0.707 | 0.293 |
| 2:07-1st |  | 30 | 26 | 0.707 | 0.293 |
| 1:49-1st |  | 30 | 26 | 0.723 | 0.277 |
| 1:48-1st |  | 30 | 26 | 0.729 | 0.271 |
| 1:30-1st |  | 30 | 26 | 0.712 | 0.288 |
| 1:28-1st |  | 30 | 26 | 0.706 | 0.294 |
| 1:17-1st |  | 30 | 26 | 0.722 | 0.278 |
| 1:15-1st |  | 30 | 26 | 0.728 | 0.272 |
| 1:10-1st |  | 30 | 26 | 0.711 | 0.289 |
| 1:08-1st |  | 30 | 26 | 0.706 | 0.294 |
| 1:05-1st |  | 30 | 26 | 0.728 | 0.272 |
| 56.2-1st |  | 30 | 26 | 0.711 | 0.289 |
| 54.2-1st |  | 30 | 26 | 0.727 | 0.273 |
| 53.0-1st |  | 31 | 26 | 0.725 | 0.275 |
| 51.2-1st |  | 31 | 26 | 0.725 | 0.275 |
| 36.1-1st |  | 31 | 26 | 0.724 | 0.276 |
| 30.1-1st |  | 31 | 26 | 0.73 | 0.27 |
| 28.1-1st |  | 31 | 26 | 0.724 | 0.276 |
| 13.1-1st |  | 31 | 28 | 0.697 | 0.303 |
| 0.1-1st |  | 32 | 28 | 0.701 | 0.299 |
| 0.0-1st |  | 32 | 28 | 0.713 | 0.287 |
| 12:00-2nd |  | 32 | 28 | 0.713 | 0.287 |
| 11:44-2nd |  | 32 | 28 | 0.722 | 0.278 |
| 11:41-2nd |  | 32 | 28 | 0.728 | 0.272 |
| 11:30-2nd |  | 32 | 28 | 0.709 | 0.291 |
| 11:28-2nd |  | 32 | 28 | 0.703 | 0.297 |
| 11:15-2nd |  | 32 | 31 | 0.652 | 0.348 |
| 11:03-2nd |  | 32 | 31 | 0.621 | 0.379 |
| 10:59-2nd |  | 32 | 32 | 0.623 | 0.377 |
| 10:57-2nd |  | 32 | 32 | 0.623 | 0.377 |
| 10:52-2nd |  | 32 | 32 | 0.62 | 0.38 |
| 10:42-2nd |  | 32 | 32 | 0.6 | 0.4 |
| 10:38-2nd |  | 32 | 32 | 0.592 | 0.408 |
| 10:30-2nd |  | 32 | 34 | 0.563 | 0.437 |
| 10:15-2nd |  | 35 | 34 | 0.62 | 0.38 |
| 10:01-2nd |  | 35 | 36 | 0.589 | 0.411 |
| 9:42-2nd |  | 35 | 36 | 0.568 | 0.432 |
| 9:41-2nd |  | 35 | 36 | 0.561 | 0.439 |
| 9:37-2nd |  | 35 | 36 | 0.588 | 0.412 |
| 9:32-2nd |  | 37 | 36 | 0.618 | 0.382 |
| 9:18-2nd |  | 37 | 36 | 0.637 | 0.363 |
| 9:13-2nd |  | 37 | 38 | 0.587 | 0.413 |
| 8:58-2nd |  | 38 | 38 | 0.586 | 0.414 |
| 8:39-2nd |  | 38 | 38 | 0.608 | 0.392 |
| 8:33-2nd |  | 38 | 38 | 0.615 | 0.385 |
| 8:29-2nd |  | 38 | 38 | 0.585 | 0.415 |
| 8:23-2nd |  | 38 | 38 | 0.607 | 0.393 |
| 8:20-2nd |  | 38 | 38 | 0.614 | 0.386 |
| 8:13-2nd |  | 40 | 38 | 0.642 | 0.358 |
| 7:53-2nd |  | 40 | 40 | 0.614 | 0.386 |
| 7:48-2nd |  | 41 | 40 | 0.64 | 0.36 |
| 7:39-2nd |  | 41 | 40 | 0.62 | 0.38 |
| 7:37-2nd |  | 41 | 40 | 0.613 | 0.387 |
| 7:32-2nd |  | 41 | 42 | 0.581 | 0.419 |
| 7:22-2nd |  | 41 | 42 | 0.552 | 0.448 |
| 7:00-2nd |  | 41 | 42 | 0.572 | 0.428 |
| 6:59-2nd |  | 41 | 42 | 0.58 | 0.42 |
| 6:33-2nd |  | 43 | 42 | 0.61 | 0.39 |
| 6:22-2nd |  | 43 | 42 | 0.563 | 0.437 |
| 6:13-2nd |  | 43 | 42 | 0.631 | 0.369 |
| 6:11-2nd |  | 43 | 42 | 0.639 | 0.361 |
| 6:02-2nd |  | 43 | 42 | 0.683 | 0.317 |
| 5:49-2nd |  | 46 | 42 | 0.693 | 0.307 |
| 5:39-2nd |  | 46 | 42 | 0.721 | 0.279 |
| 5:37-2nd |  | 46 | 42 | 0.693 | 0.307 |
| 5:34-2nd |  | 46 | 42 | 0.714 | 0.286 |
| 5:32-2nd |  | 46 | 42 | 0.721 | 0.279 |
| 5:24-2nd |  | 48 | 42 | 0.744 | 0.256 |
| 5:11-2nd |  | 48 | 42 | 0.763 | 0.237 |
| 5:07-2nd |  | 48 | 42 | 0.769 | 0.231 |
| 5:01-2nd |  | 50 | 42 | 0.794 | 0.206 |
| 4:46-2nd |  | 50 | 42 | 0.809 | 0.191 |
| 4:44-2nd |  | 50 | 42 | 0.814 | 0.186 |
| 4:25-2nd |  | 52 | 42 | 0.836 | 0.164 |
| 4:11-2nd |  | 52 | 42 | 0.836 | 0.164 |
| 4:02-2nd |  | 52 | 42 | 0.849 | 0.151 |
| 3:59-2nd |  | 52 | 42 | 0.854 | 0.146 |
| 3:55-2nd |  | 55 | 42 | 0.887 | 0.113 |
| 3:30-2nd |  | 55 | 44 | 0.875 | 0.125 |
| 3:08-2nd |  | 57 | 44 | 0.889 | 0.111 |
| 2:56-2nd |  | 57 | 44 | 0.905 | 0.095 |
| 2:47-2nd |  | 57 | 44 | 0.894 | 0.106 |
| 2:45-2nd |  | 57 | 44 | 0.89 | 0.11 |
| 2:39-2nd |  | 57 | 44 | 0.906 | 0.094 |
| 2:34-2nd |  | 59 | 44 | 0.919 | 0.081 |
| 2:21-2nd |  | 59 | 44 | 0.928 | 0.072 |
| 2:18-2nd |  | 59 | 44 | 0.931 | 0.069 |
| 2:11-2nd |  | 59 | 44 | 0.923 | 0.077 |
| 2:08-2nd |  | 59 | 44 | 0.92 | 0.08 |
| 1:54-2nd |  | 59 | 44 | 0.929 | 0.071 |
| 1:50-2nd |  | 59 | 46 | 0.908 | 0.092 |
| 1:37-2nd |  | 59 | 46 | 0.893 | 0.107 |
| 1:27-2nd |  | 59 | 46 | 0.905 | 0.095 |
| 1:25-2nd |  | 59 | 46 | 0.909 | 0.091 |
| 1:05-2nd |  | 59 | 46 | 0.898 | 0.102 |
| 1:02-2nd |  | 59 | 46 | 0.894 | 0.106 |
| 1:00-2nd |  | 59 | 48 | 0.881 | 0.119 |
| 47.1-2nd |  | 59 | 48 | 0.86 | 0.14 |
| 41.0-2nd |  | 59 | 48 | 0.882 | 0.118 |
| 31.0-2nd |  | 59 | 48 | 0.866 | 0.134 |
| 26.2-2nd |  | 59 | 48 | 0.861 | 0.139 |
| 24.2-2nd |  | 59 | 48 | 0.877 | 0.123 |
| 21.1-2nd |  | 59 | 50 | 0.843 | 0.157 |
| 14.0-2nd |  | 59 | 50 | 0.845 | 0.155 |
| 1.0-2nd |  | 59 | 50 | 0.824 | 0.176 |
| 0.0-2nd |  | 59 | 50 | 0.832 | 0.168 |
| 12:00-3rd |  | 59 | 50 | 0.832 | 0.168 |
| 11:38-3rd |  | 59 | 50 | 0.842 | 0.158 |
| 11:36-3rd |  | 59 | 50 | 0.847 | 0.153 |
| 11:21-3rd |  | 60 | 50 | 0.845 | 0.155 |
| 11:07-3rd |  | 60 | 50 | 0.867 | 0.133 |
| 11:00-3rd |  | 62 | 50 | 0.886 | 0.114 |
| 10:54-3rd |  | 62 | 50 | 0.898 | 0.102 |
| 10:52-3rd |  | 62 | 50 | 0.902 | 0.098 |
| 10:46-3rd |  | 62 | 50 | 0.89 | 0.11 |
| 10:42-3rd |  | 62 | 50 | 0.887 | 0.113 |
| 10:31-3rd |  | 62 | 52 | 0.869 | 0.131 |
| 10:11-3rd |  | 64 | 52 | 0.888 | 0.112 |
| 9:53-3rd |  | 64 | 54 | 0.871 | 0.129 |
| 9:38-3rd |  | 64 | 54 | 0.87 | 0.13 |
| 9:30-3rd |  | 66 | 54 | 0.89 | 0.11 |
| 9:15-3rd |  | 66 | 57 | 0.853 | 0.147 |
| 8:56-3rd |  | 66 | 57 | 0.836 | 0.164 |
| 8:54-3rd |  | 66 | 57 | 0.829 | 0.171 |
| 8:47-3rd |  | 66 | 57 | 0.849 | 0.151 |
| 8:44-3rd |  | 66 | 57 | 0.855 | 0.145 |
| 8:30-3rd |  | 67 | 57 | 0.854 | 0.146 |
| 8:26-3rd |  | 67 | 57 | 0.855 | 0.145 |
| 8:12-3rd |  | 67 | 57 | 0.87 | 0.13 |
| 8:08-3rd |  | 67 | 57 | 0.875 | 0.125 |
| 8:06-3rd |  | 70 | 57 | 0.91 | 0.09 |
| 7:54-3rd |  | 70 | 57 | 0.926 | 0.074 |
| 7:40-3rd |  | 70 | 57 | 0.912 | 0.088 |
| 7:35-3rd |  | 70 | 59 | 0.895 | 0.105 |
| 7:20-3rd |  | 72 | 59 | 0.913 | 0.087 |
| 7:12-3rd |  | 72 | 61 | 0.897 | 0.103 |
| 7:04-3rd |  | 72 | 61 | 0.921 | 0.079 |
| 6:56-3rd |  | 75 | 61 | 0.929 | 0.071 |
| 6:44-3rd |  | 75 | 61 | 0.939 | 0.061 |
| 6:41-3rd |  | 75 | 61 | 0.942 | 0.058 |
| 6:36-3rd |  | 75 | 61 | 0.93 | 0.07 |
| 6:24-3rd |  | 77 | 61 | 0.953 | 0.047 |
| 6:05-3rd |  | 77 | 63 | 0.944 | 0.056 |
| 5:47-3rd |  | 80 | 63 | 0.964 | 0.036 |
| 5:32-3rd |  | 80 | 66 | 0.946 | 0.054 |
| 5:15-3rd |  | 80 | 66 | 0.936 | 0.064 |
| 5:03-3rd |  | 80 | 66 | 0.935 | 0.065 |
| 4:55-3rd |  | 80 | 66 | 0.946 | 0.054 |
| 4:52-3rd |  | 80 | 66 | 0.949 | 0.051 |
| 4:49-3rd |  | 80 | 66 | 0.937 | 0.063 |
| 4:42-3rd |  | 80 | 69 | 0.909 | 0.091 |
| 4:24-3rd |  | 82 | 69 | 0.925 | 0.075 |
| 4:18-3rd |  | 82 | 71 | 0.911 | 0.089 |
| 4:16-3rd |  | 82 | 71 | 0.912 | 0.088 |
| 4:06-3rd |  | 82 | 71 | 0.898 | 0.102 |
| 4:05-3rd |  | 83 | 71 | 0.911 | 0.089 |
| 3:48-3rd |  | 83 | 71 | 0.925 | 0.075 |
| 3:45-3rd |  | 83 | 71 | 0.929 | 0.071 |
| 3:37-3rd |  | 83 | 71 | 0.918 | 0.082 |
| 3:34-3rd |  | 83 | 71 | 0.914 | 0.086 |
| 3:32-3rd |  | 83 | 73 | 0.896 | 0.104 |
| 3:06-3rd |  | 85 | 73 | 0.917 | 0.083 |
| 2:54-3rd |  | 85 | 76 | 0.881 | 0.119 |
| 2:37-3rd |  | 87 | 76 | 0.902 | 0.098 |
| 2:18-3rd |  | 87 | 78 | 0.884 | 0.116 |
| 2:01-3rd |  | 90 | 78 | 0.923 | 0.077 |
| 1:44-3rd |  | 90 | 78 | 0.936 | 0.064 |
| 1:42-3rd |  | 90 | 78 | 0.94 | 0.06 |
| 1:40-3rd |  | 90 | 78 | 0.929 | 0.071 |
| 1:36-3rd |  | 90 | 78 | 0.926 | 0.074 |
| 1:31-3rd |  | 90 | 78 | 0.938 | 0.062 |
| 1:29-3rd |  | 90 | 78 | 0.941 | 0.059 |
| 1:21-3rd |  | 92 | 78 | 0.955 | 0.045 |
| 1:01-3rd |  | 92 | 81 | 0.929 | 0.071 |
| 44.0-3rd |  | 92 | 81 | 0.917 | 0.083 |
| 40.1-3rd |  | 92 | 81 | 0.912 | 0.088 |
| 35.0-3rd |  | 92 | 83 | 0.897 | 0.103 |
| 15.1-3rd |  | 92 | 83 | 0.872 | 0.128 |
| 3.0-3rd |  | 92 | 83 | 0.898 | 0.102 |
| 0.0-3rd |  | 92 | 83 | 0.886 | 0.114 |
| 11:42-4th |  | 92 | 83 | 0.884 | 0.116 |
| 11:39-4th |  | 92 | 83 | 0.878 | 0.122 |
| 11:37-4th |  | 92 | 83 | 0.904 | 0.096 |
| 11:23-4th |  | 92 | 83 | 0.88 | 0.12 |
| 11:12-4th |  | 92 | 83 | 0.901 | 0.099 |
| 11:09-4th |  | 92 | 83 | 0.907 | 0.093 |
| 11:01-4th |  | 92 | 83 | 0.889 | 0.111 |
| 10:59-4th |  | 92 | 83 | 0.883 | 0.117 |
| 10:55-4th |  | 92 | 83 | 0.903 | 0.097 |
| 10:51-4th |  | 92 | 83 | 0.91 | 0.09 |
| 10:47-4th |  | 94 | 83 | 0.929 | 0.071 |
| 10:26-4th |  | 94 | 83 | 0.947 | 0.053 |
| 10:21-4th |  | 96 | 83 | 0.958 | 0.042 |
| 10:06-4th |  | 96 | 83 | 0.957 | 0.043 |
| 9:57-4th |  | 96 | 83 | 0.971 | 0.029 |
| 9:49-4th |  | 96 | 83 | 0.963 | 0.037 |
| 9:46-4th |  | 96 | 83 | 0.961 | 0.039 |
| 9:41-4th |  | 96 | 86 | 0.934 | 0.066 |
| 9:14-4th |  | 96 | 86 | 0.923 | 0.077 |
| 9:11-4th |  | 96 | 86 | 0.918 | 0.082 |
| 9:05-4th |  | 96 | 88 | 0.898 | 0.102 |
| 9:04-4th |  | 96 | 88 | 0.898 | 0.102 |
| 8:47-4th |  | 96 | 88 | 0.877 | 0.123 |
| 8:44-4th |  | 96 | 88 | 0.87 | 0.13 |
| 8:34-4th |  | 96 | 90 | 0.838 | 0.162 |
| 8:17-4th |  | 96 | 90 | 0.813 | 0.187 |
| 8:15-4th |  | 96 | 90 | 0.804 | 0.196 |
| 8:10-4th |  | 96 | 90 | 0.832 | 0.168 |
| 8:07-4th |  | 96 | 90 | 0.842 | 0.158 |
| 7:59-4th |  | 96 | 90 | 0.815 | 0.185 |
| 7:57-4th |  | 96 | 90 | 0.807 | 0.193 |
| 7:46-4th |  | 96 | 90 | 0.837 | 0.163 |
| 7:43-4th |  | 96 | 90 | 0.847 | 0.153 |
| 7:28-4th |  | 98 | 90 | 0.883 | 0.117 |
| 7:14-4th |  | 98 | 90 | 0.877 | 0.123 |
| 7:00-4th |  | 98 | 92 | 0.854 | 0.146 |
| 6:40-4th |  | 98 | 92 | 0.82 | 0.18 |
| 6:35-4th |  | 98 | 94 | 0.777 | 0.223 |
| 6:22-4th |  | 98 | 94 | 0.787 | 0.213 |
| 6:08-4th |  | 101 | 94 | 0.867 | 0.133 |
| 5:47-4th |  | 101 | 96 | 0.835 | 0.165 |
| 5:31-4th |  | 103 | 96 | 0.879 | 0.121 |
| 5:19-4th |  | 103 | 96 | 0.907 | 0.093 |
| 5:17-4th |  | 103 | 96 | 0.916 | 0.084 |
| 5:06-4th |  | 103 | 96 | 0.893 | 0.107 |
| 5:02-4th |  | 103 | 96 | 0.894 | 0.106 |
| 5:00-4th |  | 105 | 96 | 0.94 | 0.06 |
| 4:57-4th |  | 105 | 98 | 0.92 | 0.08 |
| 4:32-4th |  | 105 | 98 | 0.899 | 0.101 |
| 4:31-4th |  | 105 | 98 | 0.922 | 0.078 |
| 4:20-4th |  | 105 | 98 | 0.92 | 0.08 |
| 4:18-4th |  | 105 | 98 | 0.929 | 0.071 |
| 4:02-4th |  | 105 | 98 | 0.9 | 0.1 |
| 3:59-4th |  | 105 | 100 | 0.858 | 0.142 |
| 3:46-4th |  | 105 | 100 | 0.826 | 0.174 |
| 3:45-4th |  | 105 | 100 | 0.815 | 0.185 |
| 3:40-4th | TARGET | 105 | 100 | 0.708 | 0.292 |
| 3:27-4th |  | 105 | 102 | 0.75 | 0.25 |
| 3:17-4th |  | 106 | 102 | 0.817 | 0.183 |
| 3:03-4th |  | 108 | 102 | 0.868 | 0.132 |
| 2:53-4th |  | 108 | 103 | 0.877 | 0.123 |
| 2:51-4th |  | 108 | 103 | 0.878 | 0.122 |
| 2:41-4th |  | 108 | 103 | 0.937 | 0.063 |
| 2:29-4th |  | 110 | 103 | 0.927 | 0.073 |
| 2:09-4th |  | 110 | 103 | 0.953 | 0.047 |
| 2:05-4th |  | 110 | 103 | 0.96 | 0.04 |
| 1:54-4th |  | 110 | 103 | 0.945 | 0.055 |
| 1:47-4th |  | 110 | 103 | 0.942 | 0.058 |
| 1:45-4th |  | 110 | 105 | 0.916 | 0.084 |
| 1:36-4th |  | 112 | 105 | 0.945 | 0.055 |
| 1:22-4th |  | 112 | 105 | 0.968 | 0.032 |
| 1:20-4th |  | 112 | 105 | 0.974 | 0.026 |
| 1:00-4th |  | 112 | 105 | 0.964 | 0.036 |
| 57.1-4th |  | 112 | 105 | 0.981 | 0.019 |
| 44.1-4th |  | 112 | 105 | 0.972 | 0.028 |
| 40.0-4th |  | 112 | 105 | 0.97 | 0.03 |
| 38.1-4th |  | 112 | 105 | 0.971 | 0.029 |
| 33.1-4th |  | 112 | 106 | 0.976 | 0.024 |
| 26.1-4th |  | 112 | 106 | 0.958 | 0.042 |
| 25.1-4th |  | 112 | 108 | 0.927 | 0.073 |
| 22.1-4th |  | 114 | 108 | 0.965 | 0.035 |
| 20.1-4th |  | 114 | 108 | 0.986 | 0.014 |
| 16.1-4th |  | 115 | 108 | 0.988 | 0.012 |
| 12.1-4th |  | 115 | 108 | 0.997 | 0.003 |
| 10.1-4th |  | 115 | 108 | 0.999 | 0.001 |
| 10.0-4th |  | 116 | 108 | 0.998 | 0.002 |
| 5.1-4th |  | 116 | 108 | 0.999 | 0.001 |
| 4.1-4th |  | 116 | 110 | 0.999 | 0.001 |
| 0.0-4th |  | 116 | 110 | 1.0 | 0.0 |

Question

Which event most likely happened at the marked missing position?

Answer Choices

A. Player 7 (Team A) personal foul
B. Player 7 (Team A) bad pass (Player 2 (Team A) steals)
C. Player 19 (Team B) bad pass (Player 6 (Team B) steals)
D. Player 12 (Team B) misses 28-foot three point shot

Response Format

Return exactly one JSON object:

{
  "answer": "<A|B|C|D>",
  "rationale": "<brief evidence-based justification in 1-3 sentences>",
  "evidence_event_ids": [],
  "evidence_series_times": []
}

Use only event IDs and time labels that are provided above and that support the answer. Use an empty array when the corresponding evidence type is unavailable or unused. Return only the JSON object.
