Task

Reconstruct the missing event in this basketball game. Use the available numerical time-series evidence around the marked row to select the most likely event.

Game

Team A versus Team B, season 22-23.

Time Series

| Game time | Marker | Team A score | Team B score | Team A win probability | Team B win probability |
| --- | --- | --- | --- | --- | --- |
| 12:00-1st |  | 0 | 0 | 0.878 | 0.122 |
| 11:45-1st |  | 0 | 2 | 0.863 | 0.137 |
| 11:21-1st |  | 2 | 2 | 0.875 | 0.125 |
| 11:00-1st |  | 2 | 2 | 0.88 | 0.12 |
| 10:59-1st |  | 2 | 2 | 0.882 | 0.118 |
| 10:52-1st |  | 2 | 2 | 0.875 | 0.125 |
| 10:49-1st |  | 2 | 2 | 0.872 | 0.128 |
| 10:33-1st |  | 2 | 2 | 0.878 | 0.122 |
| 10:32-1st |  | 2 | 2 | 0.88 | 0.12 |
| 10:19-1st |  | 4 | 2 | 0.891 | 0.109 |
| 9:52-1st |  | 4 | 2 | 0.896 | 0.104 |
| 9:49-1st |  | 4 | 2 | 0.898 | 0.102 |
| 9:42-1st |  | 6 | 2 | 0.907 | 0.093 |
| 9:31-1st |  | 6 | 2 | 0.913 | 0.087 |
| 9:28-1st |  | 6 | 2 | 0.915 | 0.085 |
| 9:19-1st |  | 6 | 2 | 0.908 | 0.092 |
| 9:17-1st |  | 6 | 2 | 0.905 | 0.095 |
| 9:11-1st |  | 6 | 2 | 0.912 | 0.088 |
| 9:10-1st |  | 6 | 2 | 0.914 | 0.086 |
| 9:03-1st |  | 6 | 2 | 0.907 | 0.093 |
| 9:01-1st |  | 6 | 2 | 0.904 | 0.096 |
| 8:47-1st |  | 6 | 4 | 0.894 | 0.106 |
| 8:33-1st |  | 8 | 4 | 0.903 | 0.097 |
| 8:18-1st | TARGET | 8 | 7 | 0.883 | 0.117 |
| 8:08-1st |  | 8 | 7 | 0.873 | 0.127 |
| 8:05-1st |  | 8 | 7 | 0.869 | 0.131 |
| 7:57-1st |  | 8 | 7 | 0.882 | 0.118 |
| 7:55-1st |  | 11 | 7 | 0.901 | 0.099 |
| 7:38-1st |  | 11 | 7 | 0.907 | 0.093 |
| 7:35-1st |  | 11 | 7 | 0.909 | 0.091 |
| 7:25-1st |  | 11 | 7 | 0.899 | 0.101 |
| 7:20-1st |  | 11 | 7 | 0.906 | 0.094 |
| 7:15-1st |  | 11 | 7 | 0.899 | 0.101 |
| 7:08-1st |  | 11 | 9 | 0.888 | 0.112 |
| 6:54-1st |  | 13 | 9 | 0.898 | 0.102 |
| 6:34-1st |  | 13 | 10 | 0.896 | 0.104 |
| 6:16-1st |  | 15 | 10 | 0.905 | 0.095 |
| 6:02-1st |  | 15 | 10 | 0.914 | 0.086 |
| 5:56-1st |  | 17 | 10 | 0.922 | 0.078 |
| 5:35-1st |  | 17 | 10 | 0.929 | 0.071 |
| 5:28-1st |  | 17 | 10 | 0.927 | 0.073 |
| 5:26-1st |  | 17 | 10 | 0.929 | 0.071 |
| 5:22-1st |  | 17 | 10 | 0.922 | 0.078 |
| 5:20-1st |  | 17 | 10 | 0.92 | 0.08 |
| 5:16-1st |  | 17 | 10 | 0.928 | 0.072 |
| 5:05-1st |  | 20 | 10 | 0.942 | 0.058 |
| 4:41-1st |  | 20 | 10 | 0.946 | 0.054 |
| 4:39-1st |  | 20 | 10 | 0.941 | 0.059 |
| 4:38-1st |  | 20 | 12 | 0.934 | 0.066 |
| 4:12-1st |  | 20 | 12 | 0.926 | 0.074 |
| 3:59-1st |  | 20 | 12 | 0.931 | 0.069 |
| 3:56-1st |  | 20 | 12 | 0.933 | 0.067 |
| 3:40-1st |  | 22 | 12 | 0.94 | 0.06 |
| 3:23-1st |  | 22 | 12 | 0.945 | 0.055 |
| 3:21-1st |  | 22 | 12 | 0.946 | 0.054 |
| 3:07-1st |  | 24 | 12 | 0.95 | 0.05 |
| 2:50-1st |  | 24 | 12 | 0.955 | 0.045 |
| 2:49-1st |  | 24 | 12 | 0.956 | 0.044 |
| 2:44-1st |  | 27 | 12 | 0.966 | 0.034 |
| 2:27-1st |  | 27 | 12 | 0.968 | 0.032 |
| 2:23-1st |  | 27 | 12 | 0.969 | 0.031 |
| 2:08-1st |  | 30 | 12 | 0.976 | 0.024 |
| 1:52-1st |  | 30 | 12 | 0.98 | 0.02 |
| 1:33-1st |  | 30 | 12 | 0.976 | 0.024 |
| 1:21-1st |  | 30 | 14 | 0.973 | 0.027 |
| 1:03-1st |  | 32 | 14 | 0.976 | 0.024 |
| 46.1-1st |  | 32 | 14 | 0.979 | 0.021 |
| 42.1-1st |  | 32 | 14 | 0.979 | 0.021 |
| 35.1-1st |  | 34 | 14 | 0.982 | 0.018 |
| 11.0-1st |  | 34 | 14 | 0.984 | 0.016 |
| 8.1-1st |  | 34 | 14 | 0.984 | 0.016 |
| 1.0-1st |  | 34 | 14 | 0.984 | 0.016 |
| 0.0-1st |  | 34 | 14 | 0.983 | 0.017 |
| 12:00-2nd |  | 34 | 14 | 0.983 | 0.017 |
| 11:42-2nd |  | 34 | 14 | 0.982 | 0.018 |
| 11:31-2nd |  | 34 | 16 | 0.979 | 0.021 |
| 11:11-2nd |  | 36 | 16 | 0.982 | 0.018 |
| 10:56-2nd |  | 36 | 19 | 0.976 | 0.024 |
| 10:40-2nd |  | 36 | 19 | 0.973 | 0.027 |
| 10:37-2nd |  | 36 | 19 | 0.976 | 0.024 |
| 10:34-2nd |  | 39 | 19 | 0.982 | 0.018 |
| 10:25-2nd |  | 39 | 21 | 0.979 | 0.021 |
| 10:10-2nd |  | 39 | 21 | 0.976 | 0.024 |
| 10:09-2nd |  | 39 | 21 | 0.976 | 0.024 |
| 9:59-2nd |  | 39 | 23 | 0.972 | 0.028 |
| 9:41-2nd |  | 41 | 23 | 0.976 | 0.024 |
| 9:33-2nd |  | 41 | 25 | 0.972 | 0.028 |
| 9:25-2nd |  | 41 | 25 | 0.968 | 0.032 |
| 9:16-2nd |  | 41 | 25 | 0.972 | 0.028 |
| 9:01-2nd |  | 44 | 25 | 0.979 | 0.021 |
| 8:52-2nd |  | 44 | 25 | 0.981 | 0.019 |
| 8:49-2nd |  | 44 | 25 | 0.982 | 0.018 |
| 8:40-2nd |  | 46 | 25 | 0.985 | 0.015 |
| 8:30-2nd |  | 46 | 27 | 0.982 | 0.018 |
| 8:12-2nd |  | 49 | 27 | 0.987 | 0.013 |
| 8:02-2nd |  | 49 | 27 | 0.989 | 0.011 |
| 7:44-2nd |  | 49 | 27 | 0.987 | 0.013 |
| 7:27-2nd |  | 49 | 29 | 0.985 | 0.015 |
| 7:21-2nd |  | 49 | 29 | 0.983 | 0.017 |
| 7:18-2nd |  | 49 | 29 | 0.982 | 0.018 |
| 7:17-2nd |  | 49 | 29 | 0.985 | 0.015 |
| 7:03-2nd |  | 49 | 29 | 0.982 | 0.018 |
| 6:49-2nd |  | 49 | 29 | 0.984 | 0.016 |
| 6:46-2nd |  | 49 | 29 | 0.985 | 0.015 |
| 6:26-2nd |  | 49 | 29 | 0.983 | 0.017 |
| 6:24-2nd |  | 49 | 29 | 0.982 | 0.018 |
| 6:16-2nd |  | 49 | 31 | 0.979 | 0.021 |
| 6:00-2nd |  | 49 | 31 | 0.977 | 0.023 |
| 5:58-2nd |  | 49 | 31 | 0.979 | 0.021 |
| 5:55-2nd |  | 49 | 31 | 0.977 | 0.023 |
| 5:52-2nd |  | 49 | 31 | 0.976 | 0.024 |
| 5:48-2nd |  | 49 | 31 | 0.976 | 0.024 |
| 5:43-2nd |  | 49 | 31 | 0.979 | 0.021 |
| 5:41-2nd |  | 49 | 31 | 0.979 | 0.021 |
| 5:30-2nd |  | 49 | 31 | 0.976 | 0.024 |
| 5:22-2nd |  | 49 | 31 | 0.979 | 0.021 |
| 5:18-2nd |  | 49 | 31 | 0.98 | 0.02 |
| 4:57-2nd |  | 49 | 31 | 0.98 | 0.02 |
| 4:54-2nd |  | 49 | 31 | 0.977 | 0.023 |
| 4:52-2nd |  | 49 | 31 | 0.976 | 0.024 |
| 4:38-2nd |  | 49 | 31 | 0.979 | 0.021 |
| 4:35-2nd |  | 49 | 31 | 0.976 | 0.024 |
| 4:26-2nd |  | 49 | 31 | 0.979 | 0.021 |
| 4:22-2nd |  | 49 | 31 | 0.98 | 0.02 |
| 4:18-2nd |  | 49 | 31 | 0.976 | 0.024 |
| 4:02-2nd |  | 49 | 33 | 0.972 | 0.028 |
| 3:52-2nd |  | 49 | 33 | 0.967 | 0.033 |
| 3:45-2nd |  | 49 | 35 | 0.961 | 0.039 |
| 3:29-2nd |  | 49 | 35 | 0.955 | 0.045 |
| 3:11-2nd |  | 49 | 35 | 0.955 | 0.045 |
| 3:07-2nd |  | 49 | 35 | 0.96 | 0.04 |
| 3:05-2nd |  | 49 | 35 | 0.961 | 0.039 |
| 2:59-2nd |  | 51 | 35 | 0.967 | 0.033 |
| 2:38-2nd |  | 51 | 35 | 0.971 | 0.029 |
| 2:36-2nd |  | 51 | 35 | 0.967 | 0.033 |
| 2:34-2nd |  | 51 | 35 | 0.972 | 0.028 |
| 2:21-2nd |  | 54 | 35 | 0.98 | 0.02 |
| 1:59-2nd |  | 54 | 35 | 0.983 | 0.017 |
| 1:57-2nd |  | 54 | 35 | 0.984 | 0.016 |
| 1:46-2nd |  | 54 | 35 | 0.981 | 0.019 |
| 1:36-2nd |  | 54 | 35 | 0.984 | 0.016 |
| 1:21-2nd |  | 57 | 35 | 0.989 | 0.011 |
| 1:06-2nd |  | 57 | 35 | 0.991 | 0.009 |
| 1:04-2nd |  | 57 | 35 | 0.992 | 0.008 |
| 59.1-2nd |  | 57 | 35 | 0.994 | 0.006 |
| 53.1-2nd |  | 57 | 35 | 0.99 | 0.01 |
| 52.1-2nd |  | 57 | 35 | 0.989 | 0.011 |
| 41.1-2nd |  | 57 | 35 | 0.991 | 0.009 |
| 38.1-2nd |  | 57 | 35 | 0.991 | 0.009 |
| 30.1-2nd |  | 57 | 35 | 0.99 | 0.01 |
| 28.1-2nd |  | 58 | 35 | 0.992 | 0.008 |
| 6.1-2nd |  | 58 | 35 | 0.993 | 0.007 |
| 6.0-2nd |  | 58 | 35 | 0.992 | 0.008 |
| 4.1-2nd |  | 58 | 35 | 0.993 | 0.007 |
| 1.1-2nd |  | 58 | 35 | 0.993 | 0.007 |
| 0.0-2nd |  | 58 | 35 | 0.992 | 0.008 |
| 12:00-3rd |  | 58 | 35 | 0.992 | 0.008 |
| 11:36-3rd |  | 60 | 35 | 0.995 | 0.005 |
| 11:19-3rd |  | 60 | 35 | 0.996 | 0.004 |
| 11:17-3rd |  | 60 | 35 | 0.996 | 0.004 |
| 11:16-3rd |  | 60 | 37 | 0.994 | 0.006 |
| 10:54-3rd |  | 60 | 37 | 0.993 | 0.007 |
| 10:50-3rd |  | 60 | 37 | 0.993 | 0.007 |
| 10:34-3rd |  | 60 | 37 | 0.994 | 0.006 |
| 10:32-3rd |  | 60 | 37 | 0.993 | 0.007 |
| 10:30-3rd |  | 60 | 39 | 0.991 | 0.009 |
| 10:22-3rd |  | 62 | 39 | 0.993 | 0.007 |
| 10:01-3rd |  | 62 | 41 | 0.991 | 0.009 |
| 9:49-3rd |  | 63 | 41 | 0.992 | 0.008 |
| 9:32-3rd |  | 63 | 41 | 0.993 | 0.007 |
| 9:28-3rd |  | 65 | 41 | 0.995 | 0.005 |
| 9:05-3rd |  | 65 | 41 | 0.996 | 0.004 |
| 9:02-3rd |  | 65 | 41 | 0.996 | 0.004 |
| 8:56-3rd |  | 65 | 41 | 0.996 | 0.004 |
| 8:54-3rd |  | 67 | 41 | 0.997 | 0.003 |
| 8:52-3rd |  | 67 | 41 | 0.997 | 0.003 |
| 8:35-3rd |  | 67 | 41 | 0.998 | 0.002 |
| 8:32-3rd |  | 67 | 41 | 0.998 | 0.002 |
| 8:20-3rd |  | 69 | 41 | 0.999 | 0.001 |
| 8:00-3rd |  | 69 | 41 | 0.999 | 0.001 |
| 7:44-3rd |  | 69 | 41 | 0.999 | 0.001 |
| 7:41-3rd |  | 69 | 41 | 0.999 | 0.001 |
| 7:34-3rd |  | 69 | 41 | 0.999 | 0.001 |
| 7:32-3rd |  | 69 | 41 | 0.999 | 0.001 |
| 7:19-3rd |  | 69 | 41 | 0.999 | 0.001 |
| 7:16-3rd |  | 71 | 41 | 0.999 | 0.001 |
| 7:05-3rd |  | 71 | 44 | 0.999 | 0.001 |
| 6:42-3rd |  | 71 | 44 | 0.999 | 0.001 |
| 6:39-3rd |  | 71 | 44 | 0.999 | 0.001 |
| 6:37-3rd |  | 71 | 44 | 0.999 | 0.001 |
| 6:22-3rd |  | 71 | 46 | 0.998 | 0.002 |
| 6:07-3rd |  | 71 | 46 | 0.998 | 0.002 |
| 5:53-3rd |  | 71 | 48 | 0.997 | 0.003 |
| 5:41-3rd |  | 74 | 48 | 0.998 | 0.002 |
| 5:16-3rd |  | 74 | 48 | 0.999 | 0.001 |
| 5:14-3rd |  | 74 | 48 | 0.999 | 0.001 |
| 5:01-3rd |  | 74 | 48 | 0.999 | 0.001 |
| 4:59-3rd |  | 76 | 48 | 0.999 | 0.001 |
| 4:38-3rd |  | 76 | 48 | 0.999 | 0.001 |
| 4:35-3rd |  | 78 | 48 | 0.999 | 0.001 |
| 4:21-3rd |  | 78 | 48 | 0.999 | 0.001 |
| 4:19-3rd |  | 78 | 48 | 0.999 | 0.001 |
| 4:07-3rd |  | 78 | 48 | 0.999 | 0.001 |
| 4:05-3rd |  | 78 | 48 | 0.999 | 0.001 |
| 3:59-3rd |  | 78 | 48 | 0.999 | 0.001 |
| 3:58-3rd |  | 78 | 48 | 0.999 | 0.001 |
| 3:54-3rd |  | 80 | 48 | 0.999 | 0.001 |
| 3:41-3rd |  | 80 | 48 | 0.999 | 0.001 |
| 3:38-3rd |  | 80 | 48 | 0.999 | 0.001 |
| 3:28-3rd |  | 80 | 48 | 0.999 | 0.001 |
| 3:12-3rd |  | 80 | 50 | 0.999 | 0.001 |
| 2:56-3rd |  | 80 | 50 | 0.999 | 0.001 |
| 2:53-3rd |  | 82 | 50 | 0.999 | 0.001 |
| 2:46-3rd |  | 82 | 52 | 0.999 | 0.001 |
| 2:21-3rd |  | 84 | 52 | 0.999 | 0.001 |
| 1:54-3rd |  | 84 | 52 | 0.999 | 0.001 |
| 1:53-3rd |  | 84 | 52 | 0.999 | 0.001 |
| 1:46-3rd |  | 84 | 52 | 0.999 | 0.001 |
| 1:44-3rd |  | 84 | 52 | 0.999 | 0.001 |
| 1:41-3rd |  | 87 | 52 | 0.999 | 0.001 |
| 1:30-3rd |  | 87 | 52 | 0.999 | 0.001 |
| 1:27-3rd |  | 87 | 52 | 0.999 | 0.001 |
| 1:19-3rd |  | 87 | 52 | 0.999 | 0.001 |
| 1:17-3rd |  | 87 | 52 | 0.999 | 0.001 |
| 1:05-3rd |  | 87 | 55 | 0.999 | 0.001 |
| 39.1-3rd |  | 89 | 55 | 0.999 | 0.001 |
| 27.0-3rd |  | 89 | 55 | 0.999 | 0.001 |
| 23.1-3rd |  | 89 | 55 | 0.999 | 0.001 |
| 3.1-3rd |  | 89 | 55 | 0.999 | 0.001 |
| 0.0-3rd |  | 89 | 55 | 0.999 | 0.001 |
| 12:00-4th |  | 89 | 55 | 0.999 | 0.001 |
| 11:41-4th |  | 89 | 57 | 0.999 | 0.001 |
| 11:27-4th |  | 89 | 57 | 0.999 | 0.001 |
| 11:16-4th |  | 91 | 57 | 0.999 | 0.001 |
| 10:57-4th |  | 91 | 57 | 0.999 | 0.001 |
| 10:54-4th |  | 91 | 57 | 0.999 | 0.001 |
| 10:44-4th |  | 91 | 57 | 0.999 | 0.001 |
| 10:33-4th |  | 91 | 57 | 0.999 | 0.001 |
| 10:30-4th |  | 91 | 57 | 0.999 | 0.001 |
| 10:28-4th |  | 91 | 57 | 0.999 | 0.001 |
| 10:26-4th |  | 91 | 57 | 0.999 | 0.001 |
| 10:09-4th |  | 91 | 59 | 0.999 | 0.001 |
| 10:00-4th |  | 93 | 59 | 0.999 | 0.001 |
| 9:50-4th |  | 93 | 62 | 0.999 | 0.001 |
| 9:37-4th |  | 93 | 62 | 0.999 | 0.001 |
| 9:27-4th |  | 93 | 62 | 0.999 | 0.001 |
| 9:25-4th |  | 93 | 62 | 0.999 | 0.001 |
| 9:12-4th |  | 95 | 62 | 0.999 | 0.001 |
| 8:56-4th |  | 95 | 63 | 0.999 | 0.001 |
| 8:53-4th |  | 95 | 63 | 0.999 | 0.001 |
| 8:28-4th |  | 97 | 63 | 0.999 | 0.001 |
| 8:10-4th |  | 97 | 65 | 0.999 | 0.001 |
| 7:53-4th |  | 97 | 65 | 0.999 | 0.001 |
| 7:43-4th |  | 97 | 65 | 0.999 | 0.001 |
| 7:40-4th |  | 97 | 65 | 0.999 | 0.001 |
| 7:38-4th |  | 100 | 65 | 0.999 | 0.001 |
| 7:21-4th |  | 100 | 67 | 0.999 | 0.001 |
| 7:11-4th |  | 100 | 67 | 0.999 | 0.001 |
| 7:03-4th |  | 100 | 69 | 0.999 | 0.001 |
| 6:57-4th |  | 100 | 69 | 0.999 | 0.001 |
| 6:50-4th |  | 100 | 69 | 0.999 | 0.001 |
| 6:48-4th |  | 100 | 69 | 0.999 | 0.001 |
| 6:43-4th |  | 100 | 72 | 0.999 | 0.001 |
| 6:28-4th |  | 102 | 72 | 0.999 | 0.001 |
| 6:14-4th |  | 102 | 74 | 0.999 | 0.001 |
| 5:52-4th |  | 105 | 74 | 0.999 | 0.001 |
| 5:31-4th |  | 105 | 77 | 0.999 | 0.001 |
| 5:19-4th |  | 105 | 77 | 0.999 | 0.001 |
| 5:15-4th |  | 105 | 77 | 0.999 | 0.001 |
| 5:03-4th |  | 105 | 77 | 0.999 | 0.001 |
| 5:01-4th |  | 105 | 77 | 0.999 | 0.001 |
| 4:53-4th |  | 107 | 77 | 0.999 | 0.001 |
| 4:30-4th |  | 107 | 77 | 0.999 | 0.001 |
| 4:28-4th |  | 107 | 77 | 0.999 | 0.001 |
| 4:25-4th |  | 109 | 77 | 0.999 | 0.001 |
| 4:06-4th |  | 109 | 80 | 0.999 | 0.001 |
| 3:50-4th |  | 109 | 80 | 0.999 | 0.001 |
| 3:49-4th |  | 109 | 80 | 0.999 | 0.001 |
| 3:36-4th |  | 109 | 83 | 0.999 | 0.001 |
| 3:25-4th |  | 109 | 83 | 0.999 | 0.001 |
| 3:22-4th |  | 109 | 83 | 0.999 | 0.001 |
| 3:18-4th |  | 109 | 83 | 0.999 | 0.001 |
| 3:15-4th |  | 109 | 83 | 0.999 | 0.001 |
| 3:12-4th |  | 109 | 83 | 0.999 | 0.001 |
| 3:03-4th |  | 109 | 83 | 0.999 | 0.001 |
| 2:52-4th |  | 109 | 83 | 0.999 | 0.001 |
| 2:51-4th |  | 109 | 83 | 0.999 | 0.001 |
| 2:45-4th |  | 109 | 83 | 0.999 | 0.001 |
| 2:41-4th |  | 109 | 85 | 0.999 | 0.001 |
| 2:27-4th |  | 112 | 85 | 0.999 | 0.001 |
| 2:08-4th |  | 112 | 85 | 0.999 | 0.001 |
| 2:06-4th |  | 112 | 85 | 0.999 | 0.001 |
| 2:00-4th |  | 114 | 85 | 0.999 | 0.001 |
| 1:46-4th |  | 114 | 85 | 0.999 | 0.001 |
| 1:43-4th |  | 114 | 85 | 0.999 | 0.001 |
| 1:38-4th |  | 117 | 85 | 0.999 | 0.001 |
| 1:25-4th |  | 117 | 85 | 0.999 | 0.001 |
| 1:23-4th |  | 117 | 85 | 0.999 | 0.001 |
| 1:14-4th |  | 119 | 85 | 0.999 | 0.001 |
| 1:03-4th |  | 119 | 85 | 0.999 | 0.001 |
| 1:01-4th |  | 121 | 85 | 0.999 | 0.001 |
| 47.0-4th |  | 121 | 88 | 0.999 | 0.001 |
| 35.2-4th |  | 124 | 88 | 0.999 | 0.001 |
| 28.0-4th |  | 124 | 90 | 0.999 | 0.001 |
| 8.1-4th |  | 124 | 90 | 0.999 | 0.001 |
| 4.1-4th |  | 124 | 90 | 0.999 | 0.001 |
| 0.0-4th |  | 124 | 90 | 1.0 | 0.0 |

Question

Which event most likely happened at the marked missing position?

Answer Choices

A. Player 1 (Team A) misses 24-foot two point shot
B. Player 1 (Team B) makes 29-foot three point jumper (Player 10 (Team B) assists)
C. Player 17 (Team B) makes alley oop layup (Player 16 (Team A) assists)
D. Player 10 (Team B) makes 16-foot pullup jump shot (Player 8 (Team B) assists)

Response Format

Return exactly one JSON object:

{
  "answer": "<A|B|C|D>",
  "rationale": "<brief evidence-based justification in 1-3 sentences>",
  "evidence_event_ids": [],
  "evidence_series_times": []
}

Use only event IDs and time labels that are provided above and that support the answer. Use an empty array when the corresponding evidence type is unavailable or unused. Return only the JSON object.
