Task

Reconstruct the missing event in this basketball game. Use the available numerical time-series evidence around the marked row to select the most likely event.

Game

Team A versus Team B, season 22-23.

Time Series

| Game time | Marker | Team A score | Team B score | Team A win probability | Team B win probability |
| --- | --- | --- | --- | --- | --- |
| 12:00-1st |  | 0 | 0 | 0.629 | 0.371 |
| 11:45-1st |  | 0 | 0 | 0.61 | 0.39 |
| 11:27-1st |  | 0 | 0 | 0.623 | 0.377 |
| 11:25-1st |  | 0 | 0 | 0.628 | 0.372 |
| 11:16-1st |  | 0 | 0 | 0.613 | 0.387 |
| 11:13-1st |  | 0 | 0 | 0.628 | 0.372 |
| 11:12-1st |  | 0 | 0 | 0.608 | 0.392 |
| 11:03-1st |  | 0 | 3 | 0.557 | 0.443 |
| 10:54-1st |  | 0 | 3 | 0.557 | 0.443 |
| 10:40-1st |  | 0 | 3 | 0.535 | 0.465 |
| 10:38-1st |  | 0 | 3 | 0.528 | 0.472 |
| 10:17-1st |  | 0 | 5 | 0.504 | 0.496 |
| 10:06-1st |  | 2 | 5 | 0.527 | 0.473 |
| 9:46-1st |  | 2 | 7 | 0.5 | 0.5 |
| 9:34-1st |  | 5 | 7 | 0.549 | 0.451 |
| 9:22-1st |  | 5 | 7 | 0.569 | 0.431 |
| 9:20-1st |  | 5 | 7 | 0.576 | 0.424 |
| 9:05-1st |  | 7 | 7 | 0.6 | 0.4 |
| 8:45-1st |  | 7 | 7 | 0.618 | 0.382 |
| 8:42-1st |  | 7 | 7 | 0.624 | 0.376 |
| 8:40-1st |  | 7 | 7 | 0.599 | 0.401 |
| 8:35-1st |  | 7 | 7 | 0.618 | 0.382 |
| 8:34-1st |  | 7 | 7 | 0.599 | 0.401 |
| 8:33-1st |  | 7 | 9 | 0.574 | 0.426 |
| 8:21-1st |  | 7 | 9 | 0.546 | 0.454 |
| 8:14-1st |  | 7 | 12 | 0.493 | 0.507 |
| 8:06-1st |  | 7 | 12 | 0.493 | 0.507 |
| 7:58-1st |  | 9 | 12 | 0.519 | 0.481 |
| 7:32-1st |  | 9 | 12 | 0.537 | 0.463 |
| 7:29-1st |  | 9 | 12 | 0.544 | 0.456 |
| 7:15-1st |  | 9 | 12 | 0.516 | 0.484 |
| 7:12-1st |  | 9 | 13 | 0.517 | 0.483 |
| 7:09-1st |  | 9 | 13 | 0.517 | 0.483 |
| 7:04-1st |  | 9 | 13 | 0.489 | 0.511 |
| 6:59-1st |  | 9 | 13 | 0.509 | 0.491 |
| 6:55-1st |  | 9 | 15 | 0.463 | 0.537 |
| 6:42-1st |  | 9 | 15 | 0.435 | 0.565 |
| 6:25-1st |  | 9 | 15 | 0.454 | 0.546 |
| 6:22-1st |  | 9 | 15 | 0.461 | 0.539 |
| 6:13-1st |  | 11 | 15 | 0.485 | 0.515 |
| 5:58-1st |  | 11 | 17 | 0.459 | 0.541 |
| 5:38-1st |  | 13 | 17 | 0.483 | 0.517 |
| 5:14-1st |  | 13 | 17 | 0.503 | 0.497 |
| 5:11-1st |  | 13 | 17 | 0.51 | 0.49 |
| 4:59-1st |  | 15 | 17 | 0.537 | 0.463 |
| 4:37-1st |  | 15 | 20 | 0.478 | 0.522 |
| 4:22-1st |  | 18 | 20 | 0.535 | 0.465 |
| 4:17-1st |  | 18 | 22 | 0.507 | 0.493 |
| 3:57-1st |  | 20 | 22 | 0.533 | 0.467 |
| 3:47-1st |  | 20 | 24 | 0.505 | 0.495 |
| 3:23-1st |  | 20 | 24 | 0.473 | 0.527 |
| 3:12-1st |  | 20 | 24 | 0.503 | 0.497 |
| 2:58-1st |  | 22 | 24 | 0.53 | 0.47 |
| 2:38-1st |  | 22 | 24 | 0.557 | 0.443 |
| 2:27-1st |  | 24 | 24 | 0.584 | 0.416 |
| 2:24-1st |  | 24 | 24 | 0.584 | 0.416 |
| 2:03-1st |  | 24 | 26 | 0.554 | 0.446 |
| 1:52-1st |  | 24 | 26 | 0.533 | 0.467 |
| 1:50-1st |  | 24 | 26 | 0.526 | 0.474 |
| 1:41-1st |  | 24 | 26 | 0.546 | 0.454 |
| 1:38-1st |  | 24 | 26 | 0.553 | 0.447 |
| 1:34-1st |  | 27 | 26 | 0.606 | 0.394 |
| 1:10-1st |  | 27 | 29 | 0.551 | 0.449 |
| 54.1-1st |  | 27 | 29 | 0.529 | 0.471 |
| 52.0-1st |  | 27 | 29 | 0.55 | 0.45 |
| 49.1-1st |  | 27 | 29 | 0.529 | 0.471 |
| 48.1-1st |  | 28 | 29 | 0.549 | 0.451 |
| 45.0-1st |  | 28 | 29 | 0.549 | 0.451 |
| 32.1-1st |  | 28 | 29 | 0.577 | 0.423 |
| 9.1-1st |  | 30 | 29 | 0.606 | 0.394 |
| 0.1-1st |  | 30 | 31 | 0.577 | 0.423 |
| 0.0-1st |  | 30 | 31 | 0.561 | 0.439 |
| 12:00-2nd |  | 30 | 31 | 0.561 | 0.439 |
| 11:42-2nd |  | 30 | 31 | 0.569 | 0.431 |
| 11:40-2nd |  | 30 | 31 | 0.577 | 0.423 |
| 11:25-2nd |  | 30 | 31 | 0.552 | 0.448 |
| 11:23-2nd |  | 30 | 31 | 0.577 | 0.423 |
| 11:12-2nd |  | 30 | 31 | 0.551 | 0.449 |
| 11:11-2nd |  | 30 | 31 | 0.576 | 0.424 |
| 11:10-2nd |  | 30 | 31 | 0.543 | 0.457 |
| 10:53-2nd |  | 30 | 33 | 0.517 | 0.483 |
| 10:38-2nd |  | 32 | 33 | 0.541 | 0.459 |
| 10:15-2nd |  | 32 | 36 | 0.482 | 0.518 |
| 10:00-2nd |  | 32 | 36 | 0.457 | 0.543 |
| 9:58-2nd |  | 32 | 36 | 0.449 | 0.551 |
| 9:55-2nd |  | 32 | 36 | 0.451 | 0.549 |
| 9:45-2nd |  | 32 | 36 | 0.482 | 0.518 |
| 9:33-2nd |  | 32 | 36 | 0.457 | 0.543 |
| 9:29-2nd |  | 32 | 36 | 0.449 | 0.551 |
| 9:10-2nd |  | 32 | 36 | 0.472 | 0.528 |
| 9:06-2nd |  | 32 | 36 | 0.447 | 0.553 |
| 9:05-2nd |  | 32 | 38 | 0.418 | 0.582 |
| 8:59-2nd |  | 32 | 38 | 0.418 | 0.582 |
| 8:47-2nd |  | 32 | 38 | 0.417 | 0.583 |
| 8:40-2nd |  | 32 | 38 | 0.393 | 0.607 |
| 8:36-2nd |  | 32 | 38 | 0.384 | 0.616 |
| 8:22-2nd |  | 32 | 40 | 0.355 | 0.645 |
| 8:15-2nd |  | 32 | 40 | 0.354 | 0.646 |
| 7:53-2nd |  | 32 | 40 | 0.352 | 0.648 |
| 7:48-2nd |  | 34 | 40 | 0.38 | 0.62 |
| 7:21-2nd |  | 34 | 43 | 0.318 | 0.682 |
| 7:06-2nd |  | 34 | 43 | 0.296 | 0.704 |
| 7:03-2nd |  | 34 | 43 | 0.316 | 0.684 |
| 7:02-2nd |  | 36 | 43 | 0.345 | 0.655 |
| 6:57-2nd |  | 36 | 43 | 0.344 | 0.656 |
| 6:52-2nd |  | 36 | 43 | 0.367 | 0.633 |
| 6:50-2nd |  | 36 | 43 | 0.374 | 0.626 |
| 6:36-2nd |  | 36 | 43 | 0.35 | 0.65 |
| 6:34-2nd |  | 36 | 43 | 0.342 | 0.658 |
| 6:25-2nd |  | 36 | 43 | 0.372 | 0.628 |
| 6:00-2nd |  | 39 | 43 | 0.432 | 0.568 |
| 5:45-2nd |  | 39 | 43 | 0.464 | 0.536 |
| 5:27-2nd |  | 39 | 43 | 0.437 | 0.563 |
| 5:24-2nd |  | 39 | 43 | 0.463 | 0.537 |
| 5:23-2nd |  | 39 | 43 | 0.437 | 0.563 |
| 5:22-2nd |  | 39 | 43 | 0.428 | 0.572 |
| 5:20-2nd |  | 39 | 43 | 0.428 | 0.572 |
| 5:07-2nd |  | 39 | 43 | 0.453 | 0.547 |
| 5:05-2nd |  | 39 | 43 | 0.461 | 0.539 |
| 4:46-2nd |  | 39 | 43 | 0.428 | 0.572 |
| 4:35-2nd |  | 39 | 43 | 0.425 | 0.575 |
| 4:23-2nd |  | 39 | 43 | 0.45 | 0.55 |
| 4:21-2nd |  | 39 | 43 | 0.459 | 0.541 |
| 4:15-2nd |  | 39 | 43 | 0.423 | 0.577 |
| 4:11-2nd |  | 39 | 43 | 0.423 | 0.577 |
| 3:53-2nd |  | 39 | 46 | 0.359 | 0.641 |
| 3:30-2nd |  | 39 | 46 | 0.332 | 0.668 |
| 3:28-2nd |  | 39 | 46 | 0.324 | 0.676 |
| 3:23-2nd |  | 39 | 49 | 0.265 | 0.735 |
| 3:13-2nd |  | 39 | 49 | 0.264 | 0.736 |
| 3:04-2nd |  | 42 | 49 | 0.321 | 0.679 |
| 2:51-2nd |  | 42 | 49 | 0.352 | 0.648 |
| 2:48-2nd |  | 42 | 49 | 0.319 | 0.681 |
| 2:37-2nd |  | 42 | 49 | 0.342 | 0.658 |
| 2:35-2nd |  | 42 | 49 | 0.318 | 0.682 |
| 2:32-2nd |  | 42 | 49 | 0.342 | 0.658 |
| 2:30-2nd |  | 42 | 49 | 0.35 | 0.65 |
| 2:29-2nd |  | 42 | 49 | 0.317 | 0.683 |
| 2:16-2nd |  | 42 | 52 | 0.258 | 0.742 |
| 1:54-2nd |  | 45 | 52 | 0.313 | 0.687 |
| 1:35-2nd |  | 45 | 54 | 0.282 | 0.718 |
| 1:22-2nd |  | 45 | 54 | 0.252 | 0.748 |
| 1:09-2nd |  | 45 | 56 | 0.224 | 0.776 |
| 54.1-2nd |  | 46 | 56 | 0.219 | 0.781 |
| 51.2-2nd |  | 48 | 56 | 0.276 | 0.724 |
| 30.1-2nd |  | 48 | 56 | 0.296 | 0.704 |
| 27.1-2nd |  | 48 | 56 | 0.303 | 0.697 |
| 21.2-2nd |  | 48 | 56 | 0.281 | 0.719 |
| 19.1-2nd |  | 48 | 56 | 0.273 | 0.727 |
| 17.1-2nd |  | 48 | 56 | 0.302 | 0.698 |
| 1.0-2nd |  | 48 | 56 | 0.272 | 0.728 |
| 0.0-2nd |  | 48 | 56 | 0.289 | 0.711 |
| 12:00-3rd |  | 48 | 56 | 0.289 | 0.711 |
| 11:44-3rd |  | 48 | 59 | 0.213 | 0.787 |
| 11:20-3rd |  | 51 | 59 | 0.264 | 0.736 |
| 10:58-3rd |  | 51 | 59 | 0.286 | 0.714 |
| 10:56-3rd |  | 51 | 59 | 0.294 | 0.706 |
| 10:48-3rd |  | 51 | 59 | 0.268 | 0.732 |
| 10:45-3rd |  | 51 | 59 | 0.259 | 0.741 |
| 10:40-3rd |  | 51 | 59 | 0.283 | 0.717 |
| 10:36-3rd |  | 51 | 59 | 0.291 | 0.709 |
| 10:32-3rd |  | 53 | 59 | 0.322 | 0.678 |
| 10:08-3rd |  | 53 | 59 | 0.347 | 0.653 |
| 10:07-3rd |  | 53 | 59 | 0.319 | 0.681 |
| 10:03-3rd |  | 53 | 61 | 0.288 | 0.712 |
| 10:00-3rd |  | 53 | 61 | 0.289 | 0.711 |
| 9:41-3rd |  | 53 | 61 | 0.261 | 0.739 |
| 9:39-3rd |  | 53 | 61 | 0.252 | 0.748 |
| 9:36-3rd |  | 53 | 63 | 0.225 | 0.775 |
| 9:26-3rd |  | 56 | 63 | 0.283 | 0.717 |
| 9:05-3rd |  | 56 | 63 | 0.315 | 0.685 |
| 8:52-3rd |  | 58 | 63 | 0.349 | 0.651 |
| 8:47-3rd |  | 58 | 63 | 0.295 | 0.705 |
| 8:32-3rd | TARGET | 58 | 63 | 0.375 | 0.625 |
| 8:30-3rd |  | 58 | 63 | 0.348 | 0.652 |
| 8:28-3rd |  | 58 | 65 | 0.311 | 0.689 |
| 8:27-3rd |  | 58 | 65 | 0.311 | 0.689 |
| 8:15-3rd |  | 58 | 65 | 0.275 | 0.725 |
| 8:12-3rd |  | 58 | 67 | 0.243 | 0.757 |
| 8:05-3rd |  | 60 | 67 | 0.274 | 0.726 |
| 7:45-3rd |  | 60 | 67 | 0.297 | 0.703 |
| 7:42-3rd |  | 60 | 67 | 0.305 | 0.695 |
| 7:31-3rd |  | 62 | 67 | 0.341 | 0.659 |
| 7:22-3rd |  | 62 | 67 | 0.367 | 0.633 |
| 7:21-3rd |  | 62 | 67 | 0.376 | 0.624 |
| 7:07-3rd |  | 65 | 67 | 0.45 | 0.55 |
| 6:52-3rd |  | 65 | 70 | 0.373 | 0.627 |
| 6:37-3rd |  | 67 | 70 | 0.408 | 0.592 |
| 6:19-3rd |  | 67 | 72 | 0.369 | 0.631 |
| 5:57-3rd |  | 69 | 72 | 0.404 | 0.596 |
| 5:42-3rd |  | 69 | 75 | 0.325 | 0.675 |
| 5:29-3rd |  | 71 | 75 | 0.362 | 0.638 |
| 5:10-3rd |  | 71 | 77 | 0.321 | 0.679 |
| 4:57-3rd |  | 71 | 77 | 0.319 | 0.681 |
| 4:49-3rd |  | 71 | 77 | 0.276 | 0.724 |
| 4:35-3rd |  | 71 | 77 | 0.305 | 0.695 |
| 4:32-3rd |  | 71 | 77 | 0.316 | 0.684 |
| 4:23-3rd |  | 71 | 77 | 0.272 | 0.728 |
| 4:08-3rd |  | 71 | 79 | 0.236 | 0.764 |
| 3:46-3rd |  | 71 | 79 | 0.209 | 0.791 |
| 3:43-3rd |  | 71 | 79 | 0.2 | 0.8 |
| 3:35-3rd |  | 71 | 79 | 0.199 | 0.801 |
| 3:22-3rd |  | 71 | 79 | 0.22 | 0.78 |
| 3:17-3rd |  | 71 | 79 | 0.227 | 0.773 |
| 3:09-3rd |  | 74 | 79 | 0.3 | 0.7 |
| 2:47-3rd |  | 74 | 82 | 0.221 | 0.779 |
| 2:39-3rd |  | 76 | 82 | 0.254 | 0.746 |
| 2:17-3rd |  | 76 | 82 | 0.296 | 0.704 |
| 2:14-3rd |  | 76 | 82 | 0.296 | 0.704 |
| 2:04-3rd |  | 78 | 82 | 0.331 | 0.669 |
| 1:47-3rd |  | 78 | 85 | 0.251 | 0.749 |
| 1:31-3rd |  | 78 | 85 | 0.208 | 0.792 |
| 1:05-3rd |  | 78 | 88 | 0.141 | 0.859 |
| 55.1-3rd |  | 79 | 88 | 0.137 | 0.863 |
| 35.1-3rd |  | 79 | 88 | 0.168 | 0.832 |
| 28.1-3rd |  | 79 | 90 | 0.112 | 0.888 |
| 11.0-3rd |  | 81 | 90 | 0.132 | 0.868 |
| 0.1-3rd |  | 81 | 90 | 0.154 | 0.846 |
| 0.0-3rd |  | 81 | 90 | 0.146 | 0.854 |
| 12:00-4th |  | 81 | 90 | 0.146 | 0.854 |
| 11:46-4th |  | 81 | 90 | 0.131 | 0.869 |
| 11:42-4th |  | 81 | 90 | 0.123 | 0.877 |
| 11:39-4th |  | 81 | 91 | 0.12 | 0.88 |
| 11:16-4th |  | 81 | 91 | 0.098 | 0.902 |
| 11:14-4th |  | 81 | 91 | 0.092 | 0.908 |
| 11:09-4th |  | 81 | 91 | 0.108 | 0.892 |
| 11:06-4th |  | 81 | 91 | 0.114 | 0.886 |
| 10:59-4th |  | 84 | 91 | 0.175 | 0.825 |
| 10:54-4th |  | 84 | 91 | 0.183 | 0.817 |
| 10:53-4th |  | 84 | 91 | 0.173 | 0.827 |
| 10:52-4th |  | 84 | 91 | 0.165 | 0.835 |
| 10:36-4th |  | 84 | 91 | 0.195 | 0.805 |
| 10:34-4th |  | 84 | 91 | 0.204 | 0.796 |
| 10:27-4th |  | 84 | 91 | 0.174 | 0.826 |
| 10:24-4th |  | 84 | 91 | 0.163 | 0.837 |
| 10:06-4th |  | 84 | 91 | 0.189 | 0.811 |
| 10:03-4th |  | 84 | 91 | 0.159 | 0.841 |
| 9:53-4th |  | 84 | 91 | 0.186 | 0.814 |
| 9:50-4th |  | 84 | 91 | 0.156 | 0.844 |
| 9:45-4th |  | 84 | 91 | 0.148 | 0.852 |
| 9:30-4th |  | 84 | 91 | 0.177 | 0.823 |
| 9:29-4th |  | 84 | 91 | 0.186 | 0.814 |
| 9:11-4th |  | 84 | 91 | 0.154 | 0.846 |
| 9:09-4th |  | 84 | 91 | 0.145 | 0.855 |
| 9:06-4th |  | 84 | 93 | 0.116 | 0.884 |
| 8:48-4th |  | 84 | 93 | 0.086 | 0.914 |
| 8:23-4th |  | 84 | 93 | 0.101 | 0.899 |
| 8:20-4th |  | 84 | 93 | 0.082 | 0.918 |
| 8:19-4th |  | 84 | 93 | 0.101 | 0.899 |
| 8:17-4th |  | 84 | 93 | 0.085 | 0.915 |
| 8:13-4th |  | 84 | 95 | 0.061 | 0.939 |
| 7:52-4th |  | 87 | 95 | 0.101 | 0.899 |
| 7:37-4th |  | 87 | 95 | 0.128 | 0.872 |
| 7:34-4th |  | 89 | 95 | 0.159 | 0.841 |
| 7:11-4th |  | 89 | 95 | 0.186 | 0.814 |
| 7:09-4th |  | 89 | 95 | 0.152 | 0.848 |
| 7:06-4th |  | 89 | 97 | 0.12 | 0.88 |
| 6:42-4th |  | 89 | 97 | 0.092 | 0.908 |
| 6:40-4th |  | 89 | 97 | 0.084 | 0.916 |
| 6:16-4th |  | 89 | 97 | 0.099 | 0.901 |
| 6:13-4th |  | 89 | 97 | 0.106 | 0.894 |
| 6:05-4th |  | 89 | 97 | 0.083 | 0.917 |
| 6:01-4th |  | 89 | 97 | 0.075 | 0.925 |
| 5:58-4th |  | 89 | 97 | 0.044 | 0.956 |
| 5:46-4th |  | 89 | 97 | 0.087 | 0.913 |
| 5:43-4th |  | 89 | 97 | 0.093 | 0.907 |
| 5:39-4th |  | 89 | 97 | 0.1 | 0.9 |
| 5:29-4th |  | 89 | 97 | 0.072 | 0.928 |
| 5:28-4th |  | 89 | 99 | 0.049 | 0.951 |
| 5:15-4th |  | 89 | 99 | 0.035 | 0.965 |
| 5:14-4th |  | 89 | 99 | 0.031 | 0.969 |
| 5:13-4th |  | 89 | 99 | 0.052 | 0.948 |
| 5:06-4th |  | 91 | 99 | 0.06 | 0.94 |
| 4:55-4th |  | 91 | 99 | 0.083 | 0.917 |
| 4:43-4th |  | 91 | 99 | 0.074 | 0.926 |
| 4:41-4th |  | 91 | 99 | 0.079 | 0.921 |
| 4:40-4th |  | 93 | 99 | 0.112 | 0.888 |
| 4:18-4th |  | 93 | 101 | 0.078 | 0.922 |
| 4:00-4th |  | 93 | 101 | 0.134 | 0.866 |
| 3:52-4th |  | 95 | 101 | 0.107 | 0.893 |
| 3:35-4th |  | 95 | 101 | 0.101 | 0.899 |
| 3:27-4th |  | 95 | 102 | 0.099 | 0.901 |
| 3:08-4th |  | 95 | 102 | 0.062 | 0.938 |
| 2:45-4th |  | 95 | 102 | 0.076 | 0.924 |
| 2:42-4th |  | 95 | 102 | 0.054 | 0.946 |
| 2:36-4th |  | 95 | 104 | 0.035 | 0.965 |
| 2:21-4th |  | 97 | 104 | 0.047 | 0.953 |
| 1:55-4th |  | 97 | 106 | 0.025 | 0.975 |
| 1:40-4th |  | 99 | 106 | 0.034 | 0.966 |
| 1:19-4th |  | 99 | 106 | 0.045 | 0.955 |
| 1:17-4th |  | 99 | 106 | 0.05 | 0.95 |
| 1:13-4th |  | 99 | 106 | 0.031 | 0.969 |
| 1:12-4th |  | 99 | 106 | 0.048 | 0.952 |
| 1:11-4th |  | 99 | 106 | 0.025 | 0.975 |
| 48.1-4th |  | 99 | 106 | 0.031 | 0.969 |
| 47.1-4th |  | 99 | 106 | 0.016 | 0.984 |
| 46.1-4th |  | 99 | 108 | 0.01 | 0.99 |
| 38.1-4th |  | 101 | 108 | 0.013 | 0.987 |
| 29.1-4th |  | 101 | 109 | 0.013 | 0.987 |
| 20.1-4th |  | 101 | 109 | 0.004 | 0.996 |
| 19.1-4th |  | 101 | 109 | 0.002 | 0.998 |
| 11.0-4th |  | 101 | 109 | 0.003 | 0.997 |
| 5.2-4th |  | 101 | 109 | 0.002 | 0.998 |
| 3.0-4th |  | 101 | 109 | 0.001 | 0.999 |
| 0.0-4th |  | 101 | 109 | 0.0 | 1.0 |

Question

Which event most likely happened at the marked missing position?

Answer Choices

A. Player 9 (Team A) makes 25-foot step back jumpshot
B. Player 5 (Team A) vs. Player 17 (Team B) (Player 10 (Team A) gains possession)
C. Player 6 (Team B) misses 23-foot three point jumper
D. Player 5 (Team B) misses 23-foot three point jumper

Response Format

Return exactly one JSON object:

{
  "answer": "<A|B|C|D>",
  "rationale": "<brief evidence-based justification in 1-3 sentences>",
  "evidence_event_ids": [],
  "evidence_series_times": []
}

Use only event IDs and time labels that are provided above and that support the answer. Use an empty array when the corresponding evidence type is unavailable or unused. Return only the JSON object.
