Task

Reconstruct the missing event in this basketball game. Use the available numerical time-series evidence around the marked row to select the most likely event.

Game

Team A versus Team B, season 22-23.

Time Series

| Game time | Marker | Team A score | Team B score | Team A win probability | Team B win probability |
| --- | --- | --- | --- | --- | --- |
| 12:00-1st |  | 0 | 0 | 0.376 | 0.624 |
| 11:40-1st |  | 0 | 0 | 0.391 | 0.609 |
| 11:38-1st |  | 0 | 0 | 0.395 | 0.605 |
| 11:34-1st |  | 2 | 0 | 0.424 | 0.576 |
| 11:16-1st |  | 2 | 3 | 0.375 | 0.625 |
| 10:57-1st |  | 5 | 3 | 0.425 | 0.575 |
| 10:40-1st |  | 5 | 3 | 0.444 | 0.556 |
| 10:36-1st |  | 5 | 3 | 0.45 | 0.55 |
| 10:30-1st |  | 5 | 3 | 0.432 | 0.568 |
| 10:27-1st |  | 5 | 3 | 0.426 | 0.574 |
| 10:20-1st |  | 5 | 3 | 0.445 | 0.555 |
| 10:16-1st |  | 5 | 3 | 0.451 | 0.549 |
| 10:11-1st |  | 5 | 3 | 0.427 | 0.573 |
| 10:00-1st |  | 5 | 5 | 0.4 | 0.6 |
| 9:49-1st |  | 7 | 5 | 0.428 | 0.572 |
| 9:39-1st |  | 7 | 5 | 0.428 | 0.572 |
| 9:33-1st |  | 7 | 5 | 0.448 | 0.552 |
| 9:30-1st |  | 7 | 5 | 0.455 | 0.545 |
| 9:19-1st |  | 9 | 5 | 0.479 | 0.521 |
| 9:10-1st |  | 9 | 5 | 0.5 | 0.5 |
| 9:07-1st |  | 9 | 5 | 0.507 | 0.493 |
| 8:59-1st |  | 9 | 5 | 0.487 | 0.513 |
| 8:56-1st |  | 9 | 5 | 0.508 | 0.492 |
| 8:53-1st |  | 12 | 5 | 0.56 | 0.44 |
| 8:33-1st |  | 12 | 7 | 0.536 | 0.464 |
| 8:21-1st |  | 14 | 7 | 0.563 | 0.437 |
| 8:01-1st |  | 14 | 9 | 0.538 | 0.462 |
| 7:36-1st |  | 14 | 9 | 0.512 | 0.488 |
| 7:31-1st |  | 14 | 9 | 0.54 | 0.46 |
| 7:11-1st |  | 17 | 9 | 0.593 | 0.407 |
| 6:46-1st |  | 17 | 11 | 0.571 | 0.429 |
| 6:28-1st |  | 20 | 11 | 0.624 | 0.376 |
| 6:10-1st |  | 20 | 11 | 0.646 | 0.354 |
| 6:07-1st |  | 20 | 11 | 0.653 | 0.347 |
| 6:01-1st |  | 20 | 11 | 0.633 | 0.367 |
| 5:57-1st |  | 20 | 11 | 0.626 | 0.374 |
| 5:56-1st |  | 20 | 13 | 0.601 | 0.399 |
| 5:42-1st |  | 22 | 13 | 0.627 | 0.373 |
| 5:22-1st |  | 22 | 13 | 0.65 | 0.35 |
| 5:20-1st |  | 22 | 13 | 0.657 | 0.343 |
| 5:13-1st |  | 25 | 13 | 0.705 | 0.295 |
| 4:58-1st |  | 25 | 13 | 0.732 | 0.268 |
| 4:40-1st |  | 26 | 13 | 0.735 | 0.265 |
| 4:38-1st |  | 26 | 13 | 0.735 | 0.265 |
| 4:24-1st |  | 26 | 15 | 0.712 | 0.288 |
| 4:09-1st |  | 26 | 15 | 0.694 | 0.306 |
| 4:04-1st |  | 28 | 15 | 0.738 | 0.262 |
| 3:55-1st |  | 28 | 17 | 0.715 | 0.285 |
| 3:40-1st |  | 28 | 17 | 0.69 | 0.31 |
| 3:28-1st |  | 28 | 17 | 0.711 | 0.289 |
| 3:26-1st |  | 28 | 17 | 0.718 | 0.282 |
| 3:19-1st |  | 30 | 17 | 0.742 | 0.258 |
| 3:07-1st |  | 30 | 17 | 0.76 | 0.24 |
| 3:03-1st |  | 30 | 17 | 0.766 | 0.234 |
| 2:52-1st |  | 30 | 17 | 0.75 | 0.25 |
| 2:50-1st |  | 30 | 17 | 0.745 | 0.255 |
| 2:36-1st |  | 30 | 19 | 0.722 | 0.278 |
| 2:17-1st |  | 30 | 19 | 0.705 | 0.295 |
| 2:14-1st |  | 30 | 19 | 0.699 | 0.301 |
| 2:05-1st |  | 30 | 21 | 0.674 | 0.326 |
| 1:46-1st |  | 32 | 21 | 0.702 | 0.298 |
| 1:35-1st |  | 32 | 24 | 0.65 | 0.35 |
| 1:12-1st |  | 32 | 24 | 0.63 | 0.37 |
| 1:10-1st |  | 32 | 24 | 0.652 | 0.348 |
| 1:07-1st |  | 32 | 24 | 0.623 | 0.377 |
| 54.1-1st |  | 32 | 24 | 0.582 | 0.418 |
| 48.7-1st |  | 32 | 26 | 0.597 | 0.403 |
| 24.3-1st |  | 34 | 26 | 0.626 | 0.374 |
| 3.6-1st |  | 34 | 26 | 0.65 | 0.35 |
| 0.7-1st |  | 34 | 26 | 0.661 | 0.339 |
| 0.0-1st |  | 34 | 26 | 0.644 | 0.356 |
| 12:00-2nd |  | 34 | 26 | 0.644 | 0.356 |
| 11:47-2nd |  | 34 | 26 | 0.637 | 0.363 |
| 11:44-2nd |  | 34 | 26 | 0.63 | 0.37 |
| 11:38-2nd |  | 34 | 26 | 0.662 | 0.338 |
| 11:33-2nd |  | 34 | 26 | 0.638 | 0.362 |
| 11:30-2nd |  | 34 | 26 | 0.631 | 0.369 |
| 11:18-2nd |  | 34 | 26 | 0.656 | 0.344 |
| 11:16-2nd |  | 34 | 26 | 0.664 | 0.336 |
| 11:09-2nd |  | 37 | 26 | 0.718 | 0.282 |
| 10:54-2nd |  | 37 | 26 | 0.736 | 0.264 |
| 10:53-2nd |  | 37 | 26 | 0.742 | 0.258 |
| 10:40-2nd |  | 37 | 26 | 0.726 | 0.274 |
| 10:38-2nd |  | 37 | 26 | 0.721 | 0.279 |
| 10:30-2nd |  | 37 | 26 | 0.739 | 0.261 |
| 10:27-2nd |  | 37 | 26 | 0.745 | 0.255 |
| 10:21-2nd |  | 40 | 26 | 0.795 | 0.205 |
| 10:18-2nd |  | 40 | 26 | 0.796 | 0.204 |
| 10:05-2nd |  | 40 | 26 | 0.812 | 0.188 |
| 10:01-2nd |  | 40 | 26 | 0.817 | 0.183 |
| 9:56-2nd |  | 40 | 26 | 0.798 | 0.202 |
| 9:43-2nd |  | 40 | 26 | 0.814 | 0.186 |
| 9:39-2nd |  | 40 | 26 | 0.799 | 0.201 |
| 9:37-2nd |  | 40 | 26 | 0.815 | 0.185 |
| 9:35-2nd |  | 40 | 26 | 0.82 | 0.18 |
| 9:26-2nd |  | 40 | 26 | 0.806 | 0.194 |
| 9:22-2nd |  | 40 | 26 | 0.801 | 0.199 |
| 9:17-2nd |  | 40 | 29 | 0.753 | 0.247 |
| 9:01-2nd |  | 40 | 29 | 0.736 | 0.264 |
| 8:59-2nd |  | 40 | 31 | 0.704 | 0.296 |
| 8:45-2nd |  | 40 | 31 | 0.676 | 0.324 |
| 8:33-2nd |  | 40 | 31 | 0.706 | 0.294 |
| 8:23-2nd |  | 41 | 31 | 0.706 | 0.294 |
| 8:06-2nd |  | 41 | 33 | 0.681 | 0.319 |
| 7:55-2nd |  | 41 | 33 | 0.659 | 0.341 |
| 7:53-2nd |  | 41 | 33 | 0.651 | 0.349 |
| 7:42-2nd |  | 41 | 33 | 0.675 | 0.325 |
| 7:38-2nd |  | 41 | 33 | 0.684 | 0.316 |
| 7:30-2nd |  | 41 | 33 | 0.683 | 0.317 |
| 7:21-2nd |  | 41 | 33 | 0.683 | 0.317 |
| 7:18-2nd |  | 41 | 33 | 0.663 | 0.337 |
| 7:14-2nd |  | 41 | 33 | 0.656 | 0.344 |
| 7:10-2nd |  | 41 | 35 | 0.625 | 0.375 |
| 7:05-2nd |  | 41 | 35 | 0.625 | 0.375 |
| 6:57-2nd |  | 41 | 35 | 0.603 | 0.397 |
| 6:52-2nd |  | 41 | 35 | 0.626 | 0.374 |
| 6:51-2nd |  | 44 | 35 | 0.684 | 0.316 |
| 6:29-2nd |  | 44 | 35 | 0.71 | 0.29 |
| 6:27-2nd |  | 44 | 37 | 0.661 | 0.339 |
| 6:17-2nd |  | 46 | 37 | 0.687 | 0.313 |
| 6:03-2nd |  | 46 | 38 | 0.692 | 0.308 |
| 5:42-2nd |  | 46 | 38 | 0.671 | 0.329 |
| 5:38-2nd |  | 46 | 38 | 0.695 | 0.305 |
| 5:36-2nd |  | 48 | 38 | 0.723 | 0.277 |
| 5:18-2nd |  | 48 | 40 | 0.697 | 0.303 |
| 5:10-2nd |  | 48 | 40 | 0.675 | 0.325 |
| 5:08-2nd |  | 48 | 40 | 0.667 | 0.333 |
| 4:52-2nd |  | 48 | 40 | 0.692 | 0.308 |
| 4:49-2nd |  | 48 | 40 | 0.7 | 0.3 |
| 4:45-2nd |  | 48 | 40 | 0.677 | 0.323 |
| 4:42-2nd |  | 48 | 40 | 0.67 | 0.33 |
| 4:31-2nd |  | 48 | 40 | 0.702 | 0.298 |
| 4:21-2nd |  | 51 | 40 | 0.757 | 0.243 |
| 4:03-2nd |  | 51 | 40 | 0.779 | 0.221 |
| 4:02-2nd |  | 51 | 42 | 0.734 | 0.266 |
| 3:57-2nd |  | 51 | 42 | 0.734 | 0.266 |
| 3:45-2nd |  | 51 | 42 | 0.713 | 0.287 |
| 3:41-2nd |  | 51 | 42 | 0.705 | 0.295 |
| 3:36-2nd |  | 51 | 42 | 0.662 | 0.338 |
| 3:26-2nd |  | 51 | 45 | 0.647 | 0.353 |
| 3:05-2nd |  | 51 | 45 | 0.647 | 0.353 |
| 2:50-2nd | TARGET | 54 | 45 | 0.714 | 0.286 |
| 2:33-2nd |  | 54 | 45 | 0.736 | 0.264 |
| 2:31-2nd |  | 54 | 45 | 0.743 | 0.257 |
| 2:26-2nd |  | 56 | 45 | 0.77 | 0.23 |
| 2:17-2nd |  | 56 | 48 | 0.713 | 0.287 |
| 1:59-2nd |  | 56 | 48 | 0.696 | 0.304 |
| 1:57-2nd |  | 56 | 48 | 0.69 | 0.31 |
| 1:51-2nd |  | 56 | 48 | 0.716 | 0.284 |
| 1:28-2nd |  | 59 | 48 | 0.776 | 0.224 |
| 1:15-2nd |  | 59 | 51 | 0.72 | 0.28 |
| 1:03-2nd |  | 59 | 51 | 0.703 | 0.297 |
| 1:01-2nd |  | 59 | 51 | 0.697 | 0.303 |
| 49.5-2nd |  | 59 | 51 | 0.716 | 0.284 |
| 47.1-2nd |  | 59 | 51 | 0.722 | 0.278 |
| 36.7-2nd |  | 59 | 51 | 0.706 | 0.294 |
| 34.5-2nd |  | 59 | 51 | 0.7 | 0.3 |
| 24.5-2nd |  | 59 | 51 | 0.725 | 0.275 |
| 5.1-2nd |  | 61 | 51 | 0.759 | 0.241 |
| 1.5-2nd |  | 61 | 54 | 0.701 | 0.299 |
| 0.2-2nd |  | 61 | 51 | 0.765 | 0.235 |
| 0.1-2nd |  | 61 | 54 | 0.7 | 0.3 |
| 0.0-2nd |  | 61 | 54 | 0.682 | 0.318 |
| 12:00-3rd |  | 61 | 54 | 0.682 | 0.318 |
| 11:46-3rd |  | 63 | 54 | 0.738 | 0.262 |
| 11:30-3rd |  | 63 | 54 | 0.764 | 0.236 |
| 11:11-3rd |  | 66 | 54 | 0.821 | 0.179 |
| 10:53-3rd |  | 66 | 56 | 0.798 | 0.202 |
| 10:51-3rd |  | 66 | 56 | 0.798 | 0.202 |
| 10:34-3rd |  | 66 | 56 | 0.771 | 0.229 |
| 10:27-3rd |  | 66 | 56 | 0.794 | 0.206 |
| 10:19-3rd |  | 66 | 56 | 0.803 | 0.197 |
| 10:17-3rd |  | 66 | 56 | 0.781 | 0.219 |
| 10:15-3rd |  | 66 | 56 | 0.803 | 0.197 |
| 10:02-3rd |  | 66 | 56 | 0.783 | 0.217 |
| 9:59-3rd |  | 66 | 56 | 0.776 | 0.224 |
| 9:58-3rd |  | 66 | 56 | 0.806 | 0.194 |
| 9:53-3rd |  | 66 | 56 | 0.784 | 0.216 |
| 9:50-3rd |  | 66 | 56 | 0.777 | 0.223 |
| 9:48-3rd |  | 66 | 56 | 0.8 | 0.2 |
| 9:46-3rd |  | 66 | 56 | 0.807 | 0.193 |
| 9:38-3rd |  | 66 | 56 | 0.786 | 0.214 |
| 9:36-3rd |  | 66 | 56 | 0.779 | 0.221 |
| 9:29-3rd |  | 66 | 56 | 0.809 | 0.191 |
| 9:24-3rd |  | 69 | 56 | 0.857 | 0.143 |
| 9:21-3rd |  | 69 | 56 | 0.858 | 0.142 |
| 9:05-3rd |  | 69 | 58 | 0.837 | 0.163 |
| 8:40-3rd |  | 71 | 58 | 0.863 | 0.137 |
| 8:20-3rd |  | 71 | 58 | 0.882 | 0.118 |
| 8:15-3rd |  | 71 | 58 | 0.888 | 0.112 |
| 8:05-3rd |  | 74 | 58 | 0.922 | 0.078 |
| 7:46-3rd |  | 74 | 58 | 0.934 | 0.066 |
| 7:45-3rd |  | 74 | 58 | 0.938 | 0.062 |
| 7:29-3rd |  | 74 | 58 | 0.929 | 0.071 |
| 7:27-3rd |  | 74 | 58 | 0.926 | 0.074 |
| 7:14-3rd |  | 74 | 60 | 0.913 | 0.087 |
| 7:03-3rd |  | 74 | 60 | 0.901 | 0.099 |
| 7:01-3rd |  | 74 | 60 | 0.896 | 0.104 |
| 6:50-3rd |  | 74 | 60 | 0.911 | 0.089 |
| 6:47-3rd |  | 74 | 60 | 0.911 | 0.089 |
| 6:46-3rd |  | 74 | 60 | 0.898 | 0.102 |
| 6:42-3rd |  | 74 | 60 | 0.912 | 0.088 |
| 6:38-3rd |  | 74 | 60 | 0.916 | 0.084 |
| 6:25-3rd |  | 74 | 60 | 0.906 | 0.094 |
| 6:23-3rd |  | 74 | 60 | 0.902 | 0.098 |
| 6:14-3rd |  | 74 | 60 | 0.918 | 0.082 |
| 6:13-3rd |  | 76 | 60 | 0.934 | 0.066 |
| 5:58-3rd |  | 76 | 60 | 0.947 | 0.053 |
| 5:55-3rd |  | 78 | 60 | 0.957 | 0.043 |
| 5:40-3rd |  | 78 | 62 | 0.948 | 0.052 |
| 5:22-3rd |  | 78 | 62 | 0.964 | 0.036 |
| 5:15-3rd |  | 80 | 62 | 0.96 | 0.04 |
| 5:01-3rd |  | 80 | 64 | 0.952 | 0.048 |
| 4:47-3rd |  | 83 | 64 | 0.97 | 0.03 |
| 4:41-3rd |  | 83 | 64 | 0.982 | 0.018 |
| 4:30-3rd |  | 83 | 64 | 0.977 | 0.023 |
| 4:27-3rd |  | 83 | 64 | 0.979 | 0.021 |
| 4:17-3rd |  | 86 | 64 | 0.988 | 0.012 |
| 4:01-3rd |  | 86 | 67 | 0.98 | 0.02 |
| 3:48-3rd |  | 86 | 67 | 0.974 | 0.026 |
| 3:37-3rd |  | 86 | 67 | 0.98 | 0.02 |
| 3:35-3rd |  | 86 | 67 | 0.975 | 0.025 |
| 3:29-3rd |  | 86 | 67 | 0.98 | 0.02 |
| 3:26-3rd |  | 86 | 67 | 0.976 | 0.024 |
| 3:23-3rd |  | 86 | 70 | 0.962 | 0.038 |
| 3:03-3rd |  | 86 | 70 | 0.952 | 0.048 |
| 2:50-3rd |  | 86 | 70 | 0.962 | 0.038 |
| 2:46-3rd |  | 86 | 70 | 0.965 | 0.035 |
| 2:41-3rd |  | 86 | 70 | 0.954 | 0.046 |
| 2:31-3rd |  | 86 | 72 | 0.945 | 0.055 |
| 2:17-3rd |  | 86 | 72 | 0.931 | 0.069 |
| 2:08-3rd |  | 86 | 72 | 0.936 | 0.064 |
| 2:05-3rd |  | 86 | 72 | 0.933 | 0.067 |
| 2:03-3rd |  | 86 | 74 | 0.919 | 0.081 |
| 1:55-3rd |  | 89 | 74 | 0.949 | 0.051 |
| 1:31-3rd |  | 89 | 74 | 0.962 | 0.038 |
| 1:27-3rd |  | 89 | 74 | 0.955 | 0.045 |
| 1:24-3rd |  | 89 | 74 | 0.953 | 0.047 |
| 1:22-3rd |  | 89 | 76 | 0.939 | 0.061 |
| 1:08-3rd |  | 91 | 76 | 0.954 | 0.046 |
| 50.7-3rd |  | 91 | 79 | 0.943 | 0.057 |
| 38.7-3rd |  | 93 | 79 | 0.957 | 0.043 |
| 26.4-3rd |  | 93 | 81 | 0.946 | 0.054 |
| 8.5-3rd |  | 95 | 81 | 0.947 | 0.053 |
| 1.4-3rd |  | 95 | 84 | 0.914 | 0.086 |
| 0.2-3rd |  | 95 | 84 | 0.901 | 0.099 |
| 0.1-3rd |  | 95 | 84 | 0.917 | 0.083 |
| 0.0-3rd |  | 95 | 84 | 0.906 | 0.094 |
| 12:00-4th |  | 95 | 84 | 0.906 | 0.094 |
| 11:48-4th |  | 95 | 84 | 0.917 | 0.083 |
| 11:45-4th |  | 95 | 84 | 0.923 | 0.077 |
| 11:40-4th |  | 95 | 84 | 0.903 | 0.097 |
| 11:30-4th |  | 95 | 84 | 0.92 | 0.08 |
| 11:26-4th |  | 95 | 84 | 0.926 | 0.074 |
| 11:23-4th |  | 97 | 84 | 0.942 | 0.058 |
| 11:21-4th |  | 97 | 84 | 0.942 | 0.058 |
| 11:07-4th |  | 97 | 87 | 0.908 | 0.092 |
| 10:56-4th |  | 97 | 87 | 0.891 | 0.109 |
| 10:54-4th |  | 97 | 87 | 0.885 | 0.115 |
| 10:51-4th |  | 97 | 89 | 0.86 | 0.14 |
| 10:37-4th |  | 98 | 89 | 0.863 | 0.137 |
| 10:34-4th |  | 98 | 89 | 0.864 | 0.136 |
| 10:25-4th |  | 98 | 89 | 0.888 | 0.112 |
| 10:22-4th |  | 98 | 89 | 0.895 | 0.105 |
| 10:17-4th |  | 98 | 89 | 0.874 | 0.126 |
| 10:16-4th |  | 98 | 89 | 0.867 | 0.133 |
| 10:08-4th |  | 98 | 89 | 0.898 | 0.102 |
| 9:57-4th |  | 98 | 89 | 0.906 | 0.094 |
| 9:47-4th |  | 100 | 89 | 0.925 | 0.075 |
| 9:39-4th |  | 100 | 89 | 0.94 | 0.06 |
| 9:38-4th |  | 100 | 89 | 0.945 | 0.055 |
| 9:33-4th |  | 100 | 89 | 0.928 | 0.072 |
| 9:21-4th |  | 100 | 89 | 0.943 | 0.057 |
| 9:18-4th |  | 100 | 89 | 0.948 | 0.052 |
| 9:13-4th |  | 101 | 89 | 0.95 | 0.05 |
| 9:05-4th |  | 101 | 91 | 0.936 | 0.064 |
| 8:49-4th |  | 104 | 91 | 0.964 | 0.036 |
| 8:35-4th |  | 104 | 91 | 0.974 | 0.026 |
| 8:33-4th |  | 104 | 91 | 0.977 | 0.023 |
| 8:26-4th |  | 106 | 91 | 0.984 | 0.016 |
| 8:12-4th |  | 106 | 91 | 0.989 | 0.011 |
| 8:11-4th |  | 106 | 91 | 0.99 | 0.01 |
| 8:07-4th |  | 108 | 91 | 0.993 | 0.007 |
| 7:54-4th |  | 108 | 91 | 0.996 | 0.004 |
| 7:51-4th |  | 108 | 91 | 0.996 | 0.004 |
| 7:36-4th |  | 108 | 91 | 0.994 | 0.006 |
| 7:28-4th |  | 108 | 94 | 0.988 | 0.012 |
| 7:12-4th |  | 108 | 94 | 0.984 | 0.016 |
| 7:08-4th |  | 108 | 94 | 0.983 | 0.017 |
| 7:01-4th |  | 108 | 94 | 0.988 | 0.012 |
| 6:58-4th |  | 108 | 94 | 0.989 | 0.011 |
| 6:50-4th |  | 108 | 94 | 0.985 | 0.015 |
| 6:31-4th |  | 108 | 94 | 0.99 | 0.01 |
| 6:29-4th |  | 108 | 94 | 0.986 | 0.014 |
| 6:28-4th |  | 108 | 96 | 0.98 | 0.02 |
| 6:07-4th |  | 108 | 96 | 0.975 | 0.025 |
| 6:05-4th |  | 108 | 96 | 0.974 | 0.026 |
| 5:59-4th |  | 108 | 96 | 0.981 | 0.019 |
| 5:57-4th |  | 108 | 96 | 0.983 | 0.017 |
| 5:50-4th |  | 108 | 96 | 0.977 | 0.023 |
| 5:47-4th |  | 108 | 96 | 0.976 | 0.024 |
| 5:39-4th |  | 108 | 96 | 0.985 | 0.015 |
| 5:28-4th |  | 108 | 96 | 0.98 | 0.02 |
| 5:25-4th |  | 108 | 96 | 0.978 | 0.022 |
| 5:10-4th |  | 108 | 99 | 0.958 | 0.042 |
| 4:46-4th |  | 110 | 99 | 0.974 | 0.026 |
| 4:30-4th |  | 110 | 99 | 0.973 | 0.027 |
| 4:20-4th |  | 110 | 99 | 0.984 | 0.016 |
| 4:17-4th |  | 110 | 99 | 0.978 | 0.022 |
| 4:12-4th |  | 110 | 99 | 0.985 | 0.015 |
| 4:09-4th |  | 110 | 99 | 0.987 | 0.013 |
| 4:05-4th |  | 110 | 99 | 0.988 | 0.012 |
| 3:50-4th |  | 110 | 99 | 0.982 | 0.018 |
| 3:36-4th |  | 110 | 99 | 0.979 | 0.021 |
| 3:27-4th |  | 110 | 99 | 0.989 | 0.011 |
| 3:26-4th |  | 110 | 99 | 0.962 | 0.038 |
| 3:21-4th |  | 110 | 99 | 0.988 | 0.012 |
| 3:19-4th |  | 110 | 99 | 0.99 | 0.01 |
| 3:14-4th |  | 110 | 99 | 0.99 | 0.01 |
| 3:09-4th |  | 111 | 99 | 0.991 | 0.009 |
| 3:07-4th |  | 111 | 99 | 0.991 | 0.009 |
| 2:55-4th |  | 111 | 99 | 0.995 | 0.005 |
| 2:52-4th |  | 111 | 99 | 0.996 | 0.004 |
| 2:41-4th |  | 111 | 99 | 0.994 | 0.006 |
| 2:40-4th |  | 111 | 99 | 0.994 | 0.006 |
| 2:31-4th |  | 111 | 99 | 0.997 | 0.003 |
| 2:28-4th |  | 111 | 99 | 0.998 | 0.002 |
| 2:16-4th |  | 111 | 99 | 0.996 | 0.004 |
| 2:14-4th |  | 111 | 99 | 0.996 | 0.004 |
| 2:03-4th |  | 111 | 99 | 0.999 | 0.001 |
| 1:54-4th |  | 111 | 99 | 0.997 | 0.003 |
| 1:51-4th |  | 111 | 99 | 0.998 | 0.002 |
| 1:45-4th |  | 111 | 99 | 0.999 | 0.001 |
| 1:42-4th |  | 111 | 99 | 0.999 | 0.001 |
| 1:26-4th |  | 111 | 99 | 0.999 | 0.001 |
| 1:07-4th |  | 111 | 99 | 0.999 | 0.001 |
| 1:06-4th |  | 111 | 99 | 0.999 | 0.001 |
| 1:04-4th |  | 113 | 99 | 0.999 | 0.001 |
| 50.8-4th |  | 113 | 99 | 0.999 | 0.001 |
| 48.1-4th |  | 115 | 99 | 0.999 | 0.001 |
| 40.5-4th |  | 115 | 101 | 0.999 | 0.001 |
| 32.0-4th |  | 115 | 101 | 0.999 | 0.001 |
| 15.4-4th |  | 115 | 102 | 0.999 | 0.001 |
| 14.1-4th |  | 115 | 102 | 0.999 | 0.001 |
| 0.0-4th |  | 115 | 102 | 1.0 | 0.0 |

Question

Which event most likely happened at the marked missing position?

Answer Choices

A. Player 10 (Team A) bad pass (Player 13 (Team B) steals)
B. Player 13 (Team A) makes three point jumper (Player 11 (Team A) assists)
C. Player 1 (Team B) makes 17-foot two point shot (Player 4 (Team A) assists)
D. Player 7 (Team A) bad pass (Player 5 (Team B) steals)

Response Format

Return exactly one JSON object:

{
  "answer": "<A|B|C|D>",
  "rationale": "<brief evidence-based justification in 1-3 sentences>",
  "evidence_event_ids": [],
  "evidence_series_times": []
}

Use only event IDs and time labels that are provided above and that support the answer. Use an empty array when the corresponding evidence type is unavailable or unused. Return only the JSON object.
