Task

Reconstruct the missing event in this basketball game. Use the available numerical time-series evidence around the marked row to select the most likely event.

Game

Team A versus Team B, season 22-23.

Time Series

| Game time | Marker | Team A score | Team B score | Team A win probability | Team B win probability |
| --- | --- | --- | --- | --- | --- |
| 12:00-1st |  | 0 | 0 | 0.383 | 0.617 |
| 11:39-1st |  | 0 | 0 | 0.398 | 0.602 |
| 11:36-1st |  | 0 | 0 | 0.403 | 0.597 |
| 11:29-1st |  | 0 | 0 | 0.389 | 0.611 |
| 11:27-1st |  | 0 | 0 | 0.384 | 0.616 |
| 11:16-1st |  | 0 | 0 | 0.399 | 0.601 |
| 11:14-1st |  | 0 | 0 | 0.404 | 0.596 |
| 11:09-1st |  | 0 | 0 | 0.39 | 0.61 |
| 11:04-1st |  | 0 | 0 | 0.385 | 0.615 |
| 10:57-1st |  | 0 | 3 | 0.337 | 0.663 |
| 10:32-1st |  | 0 | 3 | 0.313 | 0.687 |
| 10:30-1st |  | 0 | 3 | 0.313 | 0.687 |
| 10:24-1st |  | 0 | 3 | 0.332 | 0.668 |
| 10:20-1st |  | 0 | 3 | 0.338 | 0.662 |
| 10:14-1st |  | 0 | 3 | 0.32 | 0.68 |
| 10:07-1st |  | 2 | 3 | 0.361 | 0.639 |
| 10:04-1st |  | 2 | 3 | 0.362 | 0.638 |
| 9:52-1st |  | 2 | 3 | 0.379 | 0.621 |
| 9:50-1st |  | 2 | 3 | 0.383 | 0.617 |
| 9:38-1st |  | 4 | 3 | 0.41 | 0.59 |
| 9:16-1st |  | 4 | 4 | 0.411 | 0.589 |
| 9:14-1st |  | 4 | 4 | 0.411 | 0.589 |
| 9:05-1st |  | 4 | 4 | 0.393 | 0.607 |
| 9:02-1st |  | 4 | 4 | 0.387 | 0.613 |
| 8:49-1st |  | 4 | 6 | 0.363 | 0.637 |
| 8:37-1st |  | 7 | 6 | 0.413 | 0.587 |
| 8:22-1st |  | 7 | 9 | 0.364 | 0.636 |
| 8:00-1st |  | 7 | 9 | 0.346 | 0.654 |
| 7:57-1st |  | 7 | 9 | 0.34 | 0.66 |
| 7:56-1st |  | 7 | 9 | 0.364 | 0.636 |
| 7:37-1st |  | 7 | 9 | 0.347 | 0.653 |
| 7:34-1st |  | 7 | 9 | 0.365 | 0.635 |
| 7:29-1st |  | 9 | 9 | 0.39 | 0.61 |
| 7:08-1st |  | 9 | 9 | 0.41 | 0.59 |
| 7:06-1st |  | 9 | 9 | 0.416 | 0.584 |
| 6:57-1st |  | 12 | 9 | 0.47 | 0.53 |
| 6:45-1st |  | 12 | 9 | 0.489 | 0.511 |
| 6:41-1st |  | 12 | 9 | 0.496 | 0.504 |
| 6:37-1st |  | 14 | 9 | 0.526 | 0.474 |
| 6:20-1st |  | 14 | 9 | 0.552 | 0.448 |
| 6:07-1st |  | 16 | 9 | 0.579 | 0.421 |
| 5:44-1st |  | 16 | 9 | 0.611 | 0.389 |
| 5:37-1st |  | 18 | 9 | 0.633 | 0.367 |
| 5:28-1st |  | 18 | 11 | 0.612 | 0.388 |
| 5:14-1st |  | 20 | 11 | 0.636 | 0.364 |
| 5:00-1st |  | 20 | 13 | 0.613 | 0.387 |
| 4:39-1st |  | 20 | 13 | 0.593 | 0.407 |
| 4:37-1st |  | 20 | 13 | 0.585 | 0.415 |
| 4:24-1st |  | 20 | 13 | 0.609 | 0.391 |
| 4:21-1st |  | 20 | 13 | 0.616 | 0.384 |
| 4:16-1st |  | 22 | 13 | 0.64 | 0.36 |
| 4:02-1st |  | 22 | 15 | 0.618 | 0.382 |
| 3:35-1st |  | 24 | 15 | 0.644 | 0.356 |
| 3:18-1st |  | 24 | 17 | 0.621 | 0.379 |
| 3:08-1st |  | 24 | 17 | 0.6 | 0.4 |
| 3:06-1st |  | 26 | 17 | 0.649 | 0.351 |
| 2:50-1st |  | 26 | 17 | 0.669 | 0.331 |
| 2:46-1st |  | 26 | 17 | 0.669 | 0.331 |
| 2:45-1st |  | 26 | 17 | 0.651 | 0.349 |
| 2:40-1st |  | 26 | 17 | 0.67 | 0.33 |
| 2:34-1st |  | 26 | 17 | 0.671 | 0.329 |
| 2:33-1st |  | 26 | 17 | 0.652 | 0.348 |
| 2:32-1st |  | 26 | 19 | 0.625 | 0.375 |
| 2:08-1st |  | 29 | 19 | 0.678 | 0.322 |
| 1:41-1st |  | 29 | 19 | 0.709 | 0.291 |
| 1:27-1st |  | 29 | 19 | 0.689 | 0.311 |
| 1:24-1st |  | 29 | 19 | 0.682 | 0.318 |
| 1:13-1st |  | 29 | 19 | 0.64 | 0.36 |
| 1:02-1st |  | 29 | 19 | 0.704 | 0.296 |
| 59.1-1st |  | 29 | 19 | 0.712 | 0.288 |
| 57.0-1st |  | 29 | 19 | 0.69 | 0.31 |
| 53.1-1st |  | 29 | 19 | 0.683 | 0.317 |
| 35.0-1st |  | 29 | 19 | 0.707 | 0.293 |
| 29.0-1st |  | 29 | 19 | 0.715 | 0.285 |
| 26.1-1st |  | 31 | 19 | 0.736 | 0.264 |
| 2.2-1st |  | 31 | 21 | 0.713 | 0.287 |
| 0.0-1st |  | 31 | 21 | 0.698 | 0.302 |
| 12:00-2nd |  | 31 | 21 | 0.698 | 0.302 |
| 11:44-2nd |  | 31 | 21 | 0.699 | 0.301 |
| 11:40-2nd |  | 31 | 21 | 0.694 | 0.306 |
| 11:35-2nd |  | 31 | 21 | 0.711 | 0.289 |
| 11:29-2nd |  | 31 | 21 | 0.694 | 0.306 |
| 11:21-2nd |  | 31 | 24 | 0.639 | 0.361 |
| 11:03-2nd |  | 33 | 24 | 0.667 | 0.333 |
| 10:46-2nd |  | 33 | 27 | 0.616 | 0.384 |
| 10:36-2nd |  | 33 | 27 | 0.585 | 0.415 |
| 10:32-2nd |  | 33 | 27 | 0.609 | 0.391 |
| 10:28-2nd |  | 33 | 27 | 0.617 | 0.383 |
| 10:18-2nd |  | 33 | 27 | 0.618 | 0.382 |
| 10:17-2nd |  | 33 | 27 | 0.595 | 0.405 |
| 10:15-2nd |  | 33 | 27 | 0.587 | 0.413 |
| 10:14-2nd |  | 33 | 27 | 0.587 | 0.413 |
| 10:07-2nd |  | 33 | 27 | 0.61 | 0.39 |
| 10:04-2nd |  | 33 | 27 | 0.618 | 0.382 |
| 9:53-2nd |  | 33 | 27 | 0.596 | 0.404 |
| 9:50-2nd |  | 33 | 27 | 0.589 | 0.411 |
| 9:44-2nd |  | 33 | 27 | 0.612 | 0.388 |
| 9:39-2nd |  | 33 | 30 | 0.532 | 0.468 |
| 9:29-2nd |  | 35 | 30 | 0.561 | 0.439 |
| 9:12-2nd |  | 35 | 32 | 0.534 | 0.466 |
| 9:00-2nd |  | 37 | 32 | 0.563 | 0.437 |
| 8:44-2nd |  | 37 | 34 | 0.536 | 0.464 |
| 8:33-2nd |  | 37 | 34 | 0.504 | 0.496 |
| 8:25-2nd |  | 37 | 34 | 0.505 | 0.495 |
| 8:11-2nd |  | 37 | 34 | 0.53 | 0.47 |
| 8:08-2nd |  | 37 | 34 | 0.538 | 0.462 |
| 8:02-2nd |  | 40 | 34 | 0.596 | 0.404 |
| 7:51-2nd |  | 40 | 35 | 0.599 | 0.401 |
| 7:39-2nd |  | 40 | 35 | 0.576 | 0.424 |
| 7:35-2nd |  | 40 | 35 | 0.569 | 0.431 |
| 7:31-2nd |  | 40 | 36 | 0.571 | 0.429 |
| 7:09-2nd |  | 40 | 36 | 0.547 | 0.453 |
| 7:07-2nd |  | 40 | 36 | 0.539 | 0.461 |
| 6:56-2nd |  | 40 | 36 | 0.574 | 0.426 |
| 6:52-2nd |  | 42 | 36 | 0.602 | 0.398 |
| 6:51-2nd |  | 42 | 36 | 0.602 | 0.398 |
| 6:32-2nd |  | 42 | 36 | 0.626 | 0.374 |
| 6:29-2nd |  | 42 | 36 | 0.634 | 0.366 |
| 6:21-2nd |  | 42 | 36 | 0.612 | 0.388 |
| 6:17-2nd |  | 42 | 36 | 0.605 | 0.395 |
| 6:08-2nd |  | 42 | 36 | 0.628 | 0.372 |
| 6:04-2nd |  | 42 | 36 | 0.606 | 0.394 |
| 6:03-2nd |  | 42 | 36 | 0.636 | 0.364 |
| 5:50-2nd |  | 44 | 36 | 0.671 | 0.329 |
| 5:37-2nd |  | 44 | 38 | 0.639 | 0.361 |
| 5:30-2nd |  | 44 | 38 | 0.609 | 0.391 |
| 5:17-2nd |  | 44 | 38 | 0.633 | 0.367 |
| 5:13-2nd |  | 44 | 38 | 0.641 | 0.359 |
| 5:01-2nd |  | 47 | 38 | 0.703 | 0.297 |
| 4:50-2nd |  | 47 | 40 | 0.677 | 0.323 |
| 4:31-2nd |  | 47 | 40 | 0.647 | 0.353 |
| 4:11-2nd |  | 47 | 42 | 0.617 | 0.383 |
| 3:51-2nd |  | 49 | 42 | 0.65 | 0.35 |
| 3:37-2nd |  | 49 | 43 | 0.651 | 0.349 |
| 3:34-2nd |  | 49 | 43 | 0.651 | 0.349 |
| 3:18-2nd |  | 51 | 43 | 0.685 | 0.315 |
| 3:04-2nd |  | 51 | 46 | 0.623 | 0.377 |
| 2:42-2nd |  | 52 | 46 | 0.622 | 0.378 |
| 2:29-2nd |  | 52 | 49 | 0.562 | 0.438 |
| 2:01-2nd |  | 52 | 49 | 0.537 | 0.463 |
| 2:00-2nd |  | 52 | 49 | 0.528 | 0.472 |
| 1:46-2nd |  | 52 | 51 | 0.494 | 0.506 |
| 1:36-2nd |  | 52 | 51 | 0.469 | 0.531 |
| 1:32-2nd |  | 52 | 51 | 0.495 | 0.505 |
| 1:29-2nd |  | 54 | 51 | 0.53 | 0.47 |
| 1:10-2nd |  | 54 | 53 | 0.496 | 0.504 |
| 53.0-2nd |  | 54 | 53 | 0.471 | 0.529 |
| 49.1-2nd |  | 54 | 53 | 0.462 | 0.538 |
| 45.1-2nd |  | 54 | 55 | 0.43 | 0.57 |
| 34.0-2nd |  | 54 | 55 | 0.404 | 0.596 |
| 31.0-2nd |  | 54 | 55 | 0.395 | 0.605 |
| 13.1-2nd |  | 54 | 55 | 0.42 | 0.58 |
| 10.2-2nd |  | 54 | 55 | 0.428 | 0.572 |
| 2.1-2nd |  | 54 | 55 | 0.404 | 0.596 |
| 2.0-2nd |  | 56 | 55 | 0.464 | 0.536 |
| 0.0-2nd |  | 56 | 55 | 0.48 | 0.52 |
| 12:00-3rd |  | 56 | 55 | 0.48 | 0.52 |
| 11:44-3rd |  | 59 | 55 | 0.568 | 0.432 |
| 11:22-3rd |  | 59 | 57 | 0.538 | 0.462 |
| 11:03-3rd |  | 59 | 57 | 0.513 | 0.487 |
| 11:00-3rd |  | 59 | 57 | 0.505 | 0.495 |
| 10:54-3rd |  | 59 | 60 | 0.428 | 0.572 |
| 10:37-3rd |  | 62 | 60 | 0.506 | 0.494 |
| 10:14-3rd |  | 62 | 62 | 0.471 | 0.529 |
| 9:58-3rd |  | 64 | 62 | 0.508 | 0.492 |
| 9:44-3rd |  | 64 | 64 | 0.473 | 0.527 |
| 9:35-3rd |  | 67 | 64 | 0.545 | 0.455 |
| 9:19-3rd |  | 67 | 64 | 0.575 | 0.425 |
| 9:16-3rd |  | 67 | 64 | 0.584 | 0.416 |
| 9:00-3rd |  | 69 | 64 | 0.622 | 0.378 |
| 8:45-3rd |  | 69 | 66 | 0.587 | 0.413 |
| 8:31-3rd |  | 69 | 66 | 0.559 | 0.441 |
| 8:27-3rd |  | 69 | 66 | 0.55 | 0.45 |
| 8:20-3rd |  | 69 | 68 | 0.512 | 0.488 |
| 8:06-3rd |  | 71 | 68 | 0.55 | 0.45 |
| 7:56-3rd |  | 71 | 68 | 0.591 | 0.409 |
| 7:45-3rd |  | 71 | 68 | 0.552 | 0.448 |
| 7:33-3rd |  | 71 | 70 | 0.514 | 0.486 |
| 7:23-3rd |  | 73 | 70 | 0.553 | 0.447 |
| 7:08-3rd |  | 73 | 70 | 0.585 | 0.415 |
| 7:06-3rd |  | 73 | 70 | 0.595 | 0.405 |
| 7:00-3rd |  | 73 | 70 | 0.651 | 0.349 |
| 6:48-3rd |  | 73 | 70 | 0.566 | 0.434 |
| 6:47-3rd |  | 73 | 70 | 0.556 | 0.444 |
| 6:37-3rd |  | 73 | 70 | 0.559 | 0.441 |
| 6:27-3rd |  | 73 | 70 | 0.559 | 0.441 |
| 6:16-3rd |  | 73 | 70 | 0.59 | 0.41 |
| 6:09-3rd |  | 73 | 70 | 0.601 | 0.399 |
| 6:06-3rd |  | 75 | 70 | 0.638 | 0.362 |
| 5:49-3rd |  | 75 | 70 | 0.64 | 0.36 |
| 5:45-3rd |  | 75 | 72 | 0.603 | 0.397 |
| 5:20-3rd |  | 75 | 72 | 0.566 | 0.434 |
| 5:15-3rd |  | 75 | 74 | 0.524 | 0.476 |
| 5:00-3rd |  | 75 | 74 | 0.493 | 0.507 |
| 4:58-3rd |  | 75 | 74 | 0.482 | 0.518 |
| 4:40-3rd |  | 75 | 74 | 0.483 | 0.517 |
| 4:38-3rd |  | 75 | 77 | 0.399 | 0.601 |
| 4:13-3rd |  | 77 | 77 | 0.442 | 0.558 |
| 4:00-3rd |  | 77 | 77 | 0.474 | 0.526 |
| 3:56-3rd |  | 77 | 79 | 0.399 | 0.601 |
| 3:41-3rd |  | 80 | 79 | 0.486 | 0.514 |
| 3:21-3rd |  | 80 | 82 | 0.399 | 0.601 |
| 3:07-3rd |  | 82 | 82 | 0.444 | 0.556 |
| 2:44-3rd |  | 82 | 82 | 0.477 | 0.523 |
| 2:43-3rd |  | 82 | 82 | 0.488 | 0.512 |
| 2:33-3rd |  | 82 | 82 | 0.456 | 0.544 |
| 2:29-3rd |  | 82 | 82 | 0.456 | 0.544 |
| 2:27-3rd |  | 82 | 82 | 0.445 | 0.555 |
| 2:11-3rd |  | 82 | 84 | 0.398 | 0.602 |
| 1:44-3rd |  | 85 | 84 | 0.492 | 0.508 |
| 1:21-3rd |  | 85 | 86 | 0.447 | 0.553 |
| 1:07-3rd |  | 87 | 86 | 0.494 | 0.506 |
| 48.1-3rd |  | 87 | 88 | 0.448 | 0.552 |
| 30.1-3rd | TARGET | 90 | 88 | 0.545 | 0.455 |
| 8.1-3rd |  | 90 | 91 | 0.449 | 0.551 |
| 0.1-3rd |  | 90 | 91 | 0.4 | 0.6 |
| 0.0-3rd |  | 90 | 91 | 0.422 | 0.578 |
| 12:00-4th |  | 90 | 91 | 0.422 | 0.578 |
| 11:37-4th |  | 90 | 93 | 0.356 | 0.644 |
| 11:08-4th |  | 92 | 93 | 0.401 | 0.599 |
| 10:54-4th |  | 92 | 95 | 0.353 | 0.647 |
| 10:41-4th |  | 92 | 95 | 0.311 | 0.689 |
| 10:39-4th |  | 92 | 95 | 0.297 | 0.703 |
| 10:35-4th |  | 92 | 95 | 0.338 | 0.662 |
| 10:28-4th |  | 92 | 95 | 0.352 | 0.648 |
| 10:19-4th |  | 92 | 95 | 0.309 | 0.691 |
| 10:17-4th |  | 92 | 95 | 0.351 | 0.649 |
| 10:16-4th |  | 92 | 95 | 0.295 | 0.705 |
| 10:14-4th |  | 92 | 97 | 0.25 | 0.75 |
| 9:56-4th |  | 92 | 97 | 0.216 | 0.784 |
| 9:52-4th |  | 92 | 97 | 0.248 | 0.752 |
| 9:51-4th |  | 92 | 97 | 0.204 | 0.796 |
| 9:37-4th |  | 92 | 97 | 0.236 | 0.764 |
| 9:33-4th |  | 92 | 99 | 0.165 | 0.835 |
| 9:08-4th |  | 94 | 99 | 0.199 | 0.801 |
| 8:48-4th |  | 94 | 99 | 0.23 | 0.77 |
| 8:45-4th |  | 94 | 99 | 0.241 | 0.759 |
| 8:36-4th |  | 97 | 99 | 0.335 | 0.665 |
| 8:13-4th |  | 97 | 99 | 0.333 | 0.667 |
| 8:09-4th |  | 97 | 101 | 0.286 | 0.714 |
| 7:56-4th |  | 99 | 101 | 0.332 | 0.668 |
| 7:30-4th |  | 99 | 101 | 0.375 | 0.625 |
| 7:26-4th |  | 99 | 101 | 0.39 | 0.61 |
| 7:19-4th |  | 99 | 101 | 0.343 | 0.657 |
| 7:17-4th |  | 99 | 101 | 0.327 | 0.673 |
| 7:13-4th |  | 99 | 101 | 0.327 | 0.673 |
| 7:03-4th |  | 99 | 103 | 0.275 | 0.725 |
| 6:45-4th |  | 99 | 103 | 0.232 | 0.768 |
| 6:41-4th |  | 99 | 103 | 0.218 | 0.782 |
| 6:25-4th |  | 99 | 105 | 0.171 | 0.829 |
| 6:10-4th |  | 99 | 105 | 0.139 | 0.861 |
| 6:07-4th |  | 99 | 105 | 0.167 | 0.833 |
| 6:01-4th |  | 99 | 105 | 0.137 | 0.863 |
| 5:58-4th |  | 99 | 105 | 0.127 | 0.873 |
| 5:54-4th |  | 99 | 105 | 0.155 | 0.845 |
| 5:52-4th |  | 99 | 105 | 0.164 | 0.836 |
| 5:49-4th |  | 102 | 105 | 0.259 | 0.741 |
| 5:23-4th |  | 102 | 107 | 0.199 | 0.801 |
| 5:08-4th |  | 102 | 107 | 0.16 | 0.84 |
| 5:06-4th |  | 102 | 107 | 0.195 | 0.805 |
| 5:01-4th |  | 104 | 107 | 0.244 | 0.756 |
| 4:35-4th |  | 104 | 107 | 0.308 | 0.692 |
| 4:30-4th |  | 104 | 107 | 0.239 | 0.761 |
| 4:24-4th |  | 104 | 109 | 0.186 | 0.814 |
| 4:02-4th |  | 104 | 109 | 0.133 | 0.867 |
| 3:50-4th |  | 104 | 111 | 0.095 | 0.905 |
| 3:37-4th |  | 106 | 111 | 0.125 | 0.875 |
| 3:21-4th |  | 106 | 111 | 0.108 | 0.892 |
| 3:10-4th |  | 106 | 113 | 0.078 | 0.922 |
| 3:09-4th |  | 106 | 113 | 0.078 | 0.922 |
| 2:53-4th |  | 108 | 113 | 0.107 | 0.893 |
| 2:30-4th |  | 108 | 115 | 0.065 | 0.935 |
| 2:09-4th |  | 109 | 115 | 0.058 | 0.942 |
| 2:06-4th |  | 109 | 115 | 0.057 | 0.943 |
| 1:46-4th |  | 109 | 117 | 0.032 | 0.968 |
| 1:34-4th |  | 109 | 117 | 0.013 | 0.987 |
| 1:30-4th |  | 109 | 117 | 0.006 | 0.994 |
| 1:11-4th |  | 109 | 117 | 0.017 | 0.983 |
| 1:08-4th |  | 109 | 117 | 0.022 | 0.978 |
| 59.1-4th |  | 109 | 117 | 0.001 | 0.999 |
| 56.1-4th |  | 109 | 117 | 0.018 | 0.982 |
| 54.0-4th |  | 112 | 117 | 0.039 | 0.961 |
| 47.1-4th |  | 112 | 117 | 0.02 | 0.98 |
| 37.1-4th |  | 112 | 117 | 0.074 | 0.926 |
| 35.1-4th |  | 112 | 117 | 0.083 | 0.917 |
| 28.2-4th |  | 112 | 117 | 0.048 | 0.952 |
| 25.1-4th |  | 112 | 117 | 0.034 | 0.966 |
| 23.0-4th |  | 112 | 119 | 0.015 | 0.985 |
| 17.1-4th |  | 112 | 119 | 0.004 | 0.996 |
| 14.1-4th |  | 112 | 121 | 0.002 | 0.998 |
| 7.1-4th |  | 114 | 122 | 0.001 | 0.999 |
| 0.0-4th |  | 114 | 122 | 0.0 | 1.0 |

Question

Which event most likely happened at the marked missing position?

Answer Choices

A. Player 10 (Team B) misses 12-foot step back jumpshot
B. Player 9 (Team A) misses 29-foot three point pullup jump shot
C. Player 11 (Team A) makes 25-foot three point jumper (Player 7 (Team A) assists)
D. Player 6 (Team B) makes layup (Player 1 (Team A) assists)

Response Format

Return exactly one JSON object:

{
  "answer": "<A|B|C|D>",
  "rationale": "<brief evidence-based justification in 1-3 sentences>",
  "evidence_event_ids": [],
  "evidence_series_times": []
}

Use only event IDs and time labels that are provided above and that support the answer. Use an empty array when the corresponding evidence type is unavailable or unused. Return only the JSON object.
