Task

Reconstruct the missing event in this basketball game. Use the available numerical time-series evidence around the marked row to select the most likely event.

Game

Team A versus Team B, season 22-23.

Time Series

| Game time | Marker | Team A score | Team B score | Team A win probability | Team B win probability |
| --- | --- | --- | --- | --- | --- |
| 12:00-1st |  | 0 | 0 | 0.527 | 0.473 |
| 11:42-1st |  | 0 | 0 | 0.512 | 0.488 |
| 11:38-1st |  | 0 | 0 | 0.507 | 0.493 |
| 11:23-1st |  | 0 | 0 | 0.522 | 0.478 |
| 11:22-1st |  | 0 | 0 | 0.527 | 0.473 |
| 10:58-1st |  | 0 | 0 | 0.512 | 0.488 |
| 10:56-1st |  | 0 | 0 | 0.507 | 0.493 |
| 10:44-1st |  | 0 | 0 | 0.527 | 0.473 |
| 10:37-1st |  | 2 | 0 | 0.556 | 0.444 |
| 10:22-1st |  | 2 | 2 | 0.527 | 0.473 |
| 10:07-1st |  | 4 | 2 | 0.556 | 0.444 |
| 9:56-1st |  | 4 | 2 | 0.574 | 0.426 |
| 9:52-1st |  | 4 | 2 | 0.58 | 0.42 |
| 9:49-1st |  | 6 | 2 | 0.604 | 0.396 |
| 9:46-1st |  | 6 | 2 | 0.604 | 0.396 |
| 9:40-1st |  | 6 | 2 | 0.606 | 0.394 |
| 9:34-1st |  | 6 | 2 | 0.624 | 0.376 |
| 9:29-1st | TARGET | 6 | 4 | 0.581 | 0.419 |
| 9:16-1st |  | 8 | 4 | 0.605 | 0.395 |
| 9:01-1st |  | 8 | 4 | 0.624 | 0.376 |
| 8:59-1st |  | 8 | 4 | 0.63 | 0.37 |
| 8:44-1st |  | 10 | 4 | 0.655 | 0.345 |
| 8:35-1st |  | 10 | 4 | 0.673 | 0.327 |
| 8:30-1st |  | 10 | 4 | 0.679 | 0.321 |
| 8:21-1st |  | 12 | 4 | 0.701 | 0.299 |
| 8:07-1st |  | 12 | 6 | 0.68 | 0.32 |
| 7:43-1st |  | 14 | 6 | 0.702 | 0.298 |
| 7:26-1st |  | 14 | 6 | 0.721 | 0.279 |
| 7:25-1st |  | 14 | 6 | 0.727 | 0.273 |
| 7:17-1st |  | 14 | 6 | 0.709 | 0.291 |
| 7:15-1st |  | 14 | 6 | 0.727 | 0.273 |
| 7:14-1st |  | 14 | 6 | 0.703 | 0.297 |
| 7:06-1st |  | 14 | 8 | 0.682 | 0.318 |
| 6:49-1st |  | 16 | 8 | 0.703 | 0.297 |
| 6:46-1st |  | 16 | 8 | 0.703 | 0.297 |
| 6:32-1st |  | 16 | 8 | 0.722 | 0.278 |
| 6:28-1st |  | 16 | 8 | 0.728 | 0.272 |
| 6:24-1st |  | 16 | 8 | 0.71 | 0.29 |
| 6:21-1st |  | 16 | 8 | 0.704 | 0.296 |
| 6:16-1st |  | 16 | 8 | 0.728 | 0.272 |
| 6:12-1st |  | 18 | 8 | 0.75 | 0.25 |
| 5:55-1st |  | 18 | 8 | 0.774 | 0.226 |
| 5:42-1st |  | 20 | 8 | 0.789 | 0.211 |
| 5:24-1st |  | 20 | 8 | 0.812 | 0.188 |
| 5:00-1st |  | 22 | 8 | 0.831 | 0.169 |
| 4:51-1st |  | 22 | 8 | 0.843 | 0.157 |
| 4:47-1st |  | 22 | 8 | 0.848 | 0.152 |
| 4:45-1st |  | 22 | 8 | 0.836 | 0.164 |
| 4:40-1st |  | 22 | 8 | 0.848 | 0.152 |
| 4:39-1st |  | 22 | 8 | 0.836 | 0.164 |
| 4:36-1st |  | 22 | 8 | 0.832 | 0.168 |
| 4:30-1st |  | 22 | 8 | 0.848 | 0.152 |
| 4:27-1st |  | 24 | 8 | 0.862 | 0.138 |
| 4:12-1st |  | 24 | 8 | 0.876 | 0.124 |
| 4:09-1st |  | 24 | 8 | 0.88 | 0.12 |
| 4:03-1st |  | 24 | 8 | 0.863 | 0.137 |
| 3:44-1st |  | 24 | 8 | 0.865 | 0.135 |
| 3:32-1st |  | 24 | 8 | 0.878 | 0.122 |
| 3:29-1st |  | 24 | 8 | 0.883 | 0.117 |
| 3:18-1st |  | 27 | 8 | 0.905 | 0.095 |
| 3:06-1st |  | 27 | 10 | 0.895 | 0.105 |
| 2:46-1st |  | 30 | 10 | 0.918 | 0.082 |
| 2:25-1st |  | 30 | 10 | 0.927 | 0.073 |
| 2:24-1st |  | 30 | 10 | 0.919 | 0.081 |
| 2:17-1st |  | 30 | 13 | 0.898 | 0.102 |
| 2:02-1st |  | 30 | 13 | 0.888 | 0.112 |
| 2:00-1st |  | 30 | 13 | 0.885 | 0.115 |
| 1:56-1st |  | 30 | 15 | 0.87 | 0.13 |
| 1:48-1st |  | 30 | 15 | 0.871 | 0.129 |
| 1:44-1st |  | 32 | 15 | 0.886 | 0.114 |
| 1:27-1st |  | 32 | 18 | 0.857 | 0.143 |
| 1:08-1st |  | 32 | 18 | 0.846 | 0.154 |
| 1:05-1st |  | 32 | 18 | 0.842 | 0.158 |
| 57.1-1st |  | 32 | 20 | 0.826 | 0.174 |
| 52.0-1st |  | 33 | 20 | 0.822 | 0.178 |
| 37.0-1st |  | 33 | 23 | 0.786 | 0.214 |
| 31.1-1st |  | 33 | 23 | 0.768 | 0.232 |
| 28.1-1st |  | 33 | 23 | 0.762 | 0.238 |
| 5.1-1st |  | 33 | 23 | 0.779 | 0.221 |
| 3.1-1st |  | 33 | 23 | 0.784 | 0.216 |
| 1.0-1st |  | 36 | 23 | 0.826 | 0.174 |
| 0.0-1st |  | 36 | 23 | 0.834 | 0.166 |
| 12:00-2nd |  | 36 | 23 | 0.834 | 0.166 |
| 11:40-2nd |  | 36 | 25 | 0.807 | 0.193 |
| 11:19-2nd |  | 39 | 25 | 0.848 | 0.152 |
| 11:08-2nd |  | 39 | 25 | 0.86 | 0.14 |
| 11:03-2nd |  | 39 | 25 | 0.849 | 0.151 |
| 10:57-2nd |  | 39 | 25 | 0.86 | 0.14 |
| 10:53-2nd |  | 39 | 25 | 0.864 | 0.136 |
| 10:45-2nd |  | 41 | 25 | 0.882 | 0.118 |
| 10:28-2nd |  | 41 | 25 | 0.894 | 0.106 |
| 10:24-2nd |  | 43 | 25 | 0.907 | 0.093 |
| 10:04-2nd |  | 43 | 25 | 0.918 | 0.082 |
| 10:02-2nd |  | 43 | 25 | 0.921 | 0.079 |
| 9:57-2nd |  | 43 | 25 | 0.909 | 0.091 |
| 9:42-2nd |  | 45 | 28 | 0.913 | 0.087 |
| 9:20-2nd |  | 45 | 28 | 0.904 | 0.096 |
| 9:17-2nd |  | 45 | 28 | 0.901 | 0.099 |
| 9:04-2nd |  | 45 | 28 | 0.911 | 0.089 |
| 9:00-2nd |  | 45 | 28 | 0.915 | 0.085 |
| 8:58-2nd |  | 47 | 28 | 0.923 | 0.077 |
| 8:34-2nd |  | 47 | 28 | 0.933 | 0.067 |
| 8:31-2nd |  | 47 | 28 | 0.936 | 0.064 |
| 8:28-2nd |  | 47 | 28 | 0.935 | 0.065 |
| 8:20-2nd |  | 49 | 28 | 0.945 | 0.055 |
| 8:04-2nd |  | 49 | 30 | 0.937 | 0.063 |
| 7:44-2nd |  | 49 | 30 | 0.929 | 0.071 |
| 7:42-2nd |  | 49 | 30 | 0.927 | 0.073 |
| 7:34-2nd |  | 49 | 31 | 0.929 | 0.071 |
| 7:31-2nd |  | 49 | 31 | 0.929 | 0.071 |
| 7:11-2nd |  | 49 | 31 | 0.921 | 0.079 |
| 7:09-2nd |  | 49 | 31 | 0.93 | 0.07 |
| 6:58-2nd |  | 49 | 31 | 0.922 | 0.078 |
| 6:54-2nd |  | 49 | 31 | 0.919 | 0.081 |
| 6:49-2nd |  | 49 | 31 | 0.928 | 0.072 |
| 6:47-2nd |  | 49 | 31 | 0.931 | 0.069 |
| 6:39-2nd |  | 51 | 31 | 0.941 | 0.059 |
| 6:19-2nd |  | 51 | 31 | 0.948 | 0.052 |
| 6:15-2nd |  | 51 | 31 | 0.95 | 0.05 |
| 6:01-2nd |  | 54 | 31 | 0.965 | 0.035 |
| 5:45-2nd |  | 54 | 31 | 0.97 | 0.03 |
| 5:43-2nd |  | 54 | 31 | 0.971 | 0.029 |
| 5:25-2nd |  | 54 | 31 | 0.968 | 0.032 |
| 5:22-2nd |  | 54 | 31 | 0.966 | 0.034 |
| 5:16-2nd |  | 54 | 34 | 0.953 | 0.047 |
| 5:15-2nd |  | 54 | 34 | 0.953 | 0.047 |
| 4:51-2nd |  | 54 | 34 | 0.948 | 0.052 |
| 4:48-2nd |  | 54 | 34 | 0.954 | 0.046 |
| 4:46-2nd |  | 54 | 34 | 0.946 | 0.054 |
| 4:34-2nd |  | 54 | 37 | 0.927 | 0.073 |
| 4:21-2nd |  | 57 | 37 | 0.947 | 0.053 |
| 4:12-2nd |  | 57 | 37 | 0.956 | 0.044 |
| 4:09-2nd |  | 57 | 37 | 0.956 | 0.044 |
| 3:51-2nd |  | 59 | 37 | 0.963 | 0.037 |
| 3:41-2nd |  | 59 | 40 | 0.949 | 0.051 |
| 3:19-2nd |  | 62 | 40 | 0.964 | 0.036 |
| 2:59-2nd |  | 62 | 40 | 0.971 | 0.029 |
| 2:35-2nd |  | 62 | 40 | 0.967 | 0.033 |
| 2:34-2nd |  | 64 | 40 | 0.978 | 0.022 |
| 2:27-2nd |  | 66 | 40 | 0.985 | 0.015 |
| 2:14-2nd |  | 66 | 43 | 0.978 | 0.022 |
| 1:56-2nd |  | 66 | 43 | 0.975 | 0.025 |
| 1:53-2nd |  | 66 | 43 | 0.974 | 0.026 |
| 1:44-2nd |  | 66 | 43 | 0.965 | 0.035 |
| 1:40-2nd |  | 66 | 46 | 0.961 | 0.039 |
| 1:18-2nd |  | 68 | 46 | 0.969 | 0.031 |
| 1:05-2nd |  | 68 | 46 | 0.974 | 0.026 |
| 1:03-2nd |  | 68 | 46 | 0.975 | 0.025 |
| 1:00-2nd |  | 70 | 46 | 0.981 | 0.019 |
| 41.1-2nd |  | 70 | 48 | 0.976 | 0.024 |
| 30.2-2nd |  | 70 | 48 | 0.973 | 0.027 |
| 27.1-2nd |  | 70 | 48 | 0.971 | 0.029 |
| 6.0-2nd |  | 70 | 51 | 0.96 | 0.04 |
| 1.0-2nd |  | 70 | 51 | 0.96 | 0.04 |
| 0.0-2nd |  | 70 | 51 | 0.955 | 0.045 |
| 12:00-3rd |  | 70 | 51 | 0.955 | 0.045 |
| 11:48-3rd |  | 70 | 51 | 0.96 | 0.04 |
| 11:44-3rd |  | 70 | 51 | 0.962 | 0.038 |
| 11:21-3rd |  | 72 | 51 | 0.969 | 0.031 |
| 11:10-3rd |  | 72 | 51 | 0.975 | 0.025 |
| 11:02-3rd |  | 72 | 51 | 0.97 | 0.03 |
| 10:44-3rd |  | 72 | 51 | 0.975 | 0.025 |
| 10:42-3rd |  | 72 | 51 | 0.976 | 0.024 |
| 10:38-3rd |  | 72 | 51 | 0.972 | 0.028 |
| 10:34-3rd |  | 72 | 51 | 0.971 | 0.029 |
| 10:17-3rd |  | 72 | 53 | 0.967 | 0.033 |
| 10:01-3rd |  | 72 | 53 | 0.961 | 0.039 |
| 9:57-3rd |  | 72 | 53 | 0.959 | 0.041 |
| 9:43-3rd |  | 72 | 53 | 0.966 | 0.034 |
| 9:39-3rd |  | 72 | 53 | 0.969 | 0.031 |
| 9:36-3rd |  | 72 | 53 | 0.961 | 0.039 |
| 9:31-3rd |  | 72 | 56 | 0.942 | 0.058 |
| 9:10-3rd |  | 72 | 56 | 0.935 | 0.065 |
| 9:06-3rd |  | 72 | 56 | 0.933 | 0.067 |
| 8:56-3rd |  | 72 | 56 | 0.942 | 0.058 |
| 8:53-3rd |  | 72 | 58 | 0.919 | 0.081 |
| 8:42-3rd |  | 72 | 58 | 0.904 | 0.096 |
| 8:23-3rd |  | 72 | 58 | 0.921 | 0.079 |
| 8:19-3rd |  | 72 | 58 | 0.922 | 0.078 |
| 8:07-3rd |  | 74 | 58 | 0.936 | 0.064 |
| 7:50-3rd |  | 74 | 58 | 0.938 | 0.062 |
| 7:44-3rd |  | 74 | 58 | 0.947 | 0.053 |
| 7:40-3rd |  | 74 | 58 | 0.939 | 0.061 |
| 7:36-3rd |  | 74 | 60 | 0.926 | 0.074 |
| 7:20-3rd |  | 77 | 60 | 0.951 | 0.049 |
| 7:10-3rd |  | 77 | 62 | 0.94 | 0.06 |
| 6:49-3rd |  | 79 | 62 | 0.953 | 0.047 |
| 6:39-3rd |  | 79 | 62 | 0.961 | 0.039 |
| 6:36-3rd |  | 79 | 62 | 0.963 | 0.037 |
| 6:35-3rd |  | 79 | 62 | 0.953 | 0.047 |
| 6:30-3rd |  | 79 | 62 | 0.961 | 0.039 |
| 6:26-3rd |  | 79 | 62 | 0.964 | 0.036 |
| 6:20-3rd |  | 82 | 62 | 0.977 | 0.023 |
| 5:58-3rd |  | 82 | 64 | 0.973 | 0.027 |
| 5:54-3rd |  | 82 | 64 | 0.973 | 0.027 |
| 5:46-3rd |  | 84 | 64 | 0.979 | 0.021 |
| 5:22-3rd |  | 84 | 64 | 0.983 | 0.017 |
| 5:20-3rd |  | 84 | 64 | 0.98 | 0.02 |
| 5:14-3rd |  | 84 | 64 | 0.985 | 0.015 |
| 5:07-3rd |  | 84 | 64 | 0.982 | 0.018 |
| 5:03-3rd |  | 84 | 64 | 0.981 | 0.019 |
| 4:56-3rd |  | 84 | 64 | 0.985 | 0.015 |
| 4:54-3rd |  | 84 | 64 | 0.986 | 0.014 |
| 4:36-3rd |  | 84 | 64 | 0.986 | 0.014 |
| 4:31-3rd |  | 84 | 64 | 0.987 | 0.013 |
| 4:21-3rd |  | 86 | 64 | 0.99 | 0.01 |
| 4:11-3rd |  | 86 | 64 | 0.991 | 0.009 |
| 4:10-3rd |  | 86 | 64 | 0.99 | 0.01 |
| 4:06-3rd |  | 86 | 64 | 0.993 | 0.007 |
| 4:02-3rd |  | 86 | 64 | 0.993 | 0.007 |
| 3:47-3rd |  | 86 | 64 | 0.992 | 0.008 |
| 3:45-3rd |  | 86 | 64 | 0.991 | 0.009 |
| 3:42-3rd |  | 86 | 67 | 0.984 | 0.016 |
| 3:30-3rd |  | 86 | 67 | 0.985 | 0.015 |
| 3:18-3rd |  | 86 | 67 | 0.98 | 0.02 |
| 3:12-3rd |  | 86 | 67 | 0.986 | 0.014 |
| 2:51-3rd |  | 86 | 67 | 0.983 | 0.017 |
| 2:48-3rd |  | 86 | 67 | 0.982 | 0.018 |
| 2:32-3rd |  | 86 | 69 | 0.979 | 0.021 |
| 2:16-3rd |  | 86 | 69 | 0.974 | 0.026 |
| 2:11-3rd |  | 86 | 69 | 0.98 | 0.02 |
| 2:07-3rd |  | 89 | 69 | 0.988 | 0.012 |
| 1:47-3rd |  | 89 | 71 | 0.986 | 0.014 |
| 1:33-3rd |  | 91 | 71 | 0.99 | 0.01 |
| 1:22-3rd |  | 91 | 71 | 0.992 | 0.008 |
| 1:19-3rd |  | 91 | 71 | 0.993 | 0.007 |
| 1:02-3rd |  | 91 | 71 | 0.992 | 0.008 |
| 57.1-3rd |  | 93 | 71 | 0.996 | 0.004 |
| 49.0-3rd |  | 93 | 74 | 0.991 | 0.009 |
| 39.0-3rd |  | 93 | 74 | 0.991 | 0.009 |
| 28.1-3rd |  | 95 | 74 | 0.995 | 0.005 |
| 6.0-3rd |  | 95 | 76 | 0.993 | 0.007 |
| 1.1-3rd |  | 95 | 76 | 0.996 | 0.004 |
| 0.0-3rd |  | 98 | 76 | 0.998 | 0.002 |
| 12:00-4th |  | 98 | 76 | 0.998 | 0.002 |
| 11:48-4th |  | 98 | 76 | 0.997 | 0.003 |
| 11:44-4th |  | 98 | 76 | 0.996 | 0.004 |
| 11:37-4th |  | 98 | 76 | 0.998 | 0.002 |
| 11:34-4th |  | 98 | 76 | 0.998 | 0.002 |
| 11:18-4th |  | 98 | 76 | 0.997 | 0.003 |
| 11:14-4th |  | 98 | 76 | 0.997 | 0.003 |
| 11:03-4th |  | 98 | 76 | 0.998 | 0.002 |
| 10:59-4th |  | 98 | 76 | 0.998 | 0.002 |
| 10:50-4th |  | 101 | 76 | 0.999 | 0.001 |
| 10:33-4th |  | 101 | 76 | 0.999 | 0.001 |
| 10:31-4th |  | 101 | 76 | 0.999 | 0.001 |
| 10:22-4th |  | 103 | 76 | 0.999 | 0.001 |
| 10:13-4th |  | 103 | 76 | 0.999 | 0.001 |
| 10:10-4th |  | 103 | 76 | 0.999 | 0.001 |
| 9:55-4th |  | 103 | 76 | 0.999 | 0.001 |
| 9:52-4th |  | 103 | 79 | 0.999 | 0.001 |
| 9:32-4th |  | 105 | 79 | 0.999 | 0.001 |
| 9:13-4th |  | 105 | 79 | 0.999 | 0.001 |
| 8:51-4th |  | 105 | 79 | 0.999 | 0.001 |
| 8:49-4th |  | 105 | 79 | 0.999 | 0.001 |
| 8:40-4th |  | 105 | 79 | 0.999 | 0.001 |
| 8:18-4th |  | 106 | 79 | 0.999 | 0.001 |
| 8:04-4th |  | 106 | 81 | 0.999 | 0.001 |
| 7:49-4th |  | 108 | 81 | 0.999 | 0.001 |
| 7:36-4th |  | 108 | 81 | 0.999 | 0.001 |
| 7:32-4th |  | 108 | 83 | 0.999 | 0.001 |
| 7:19-4th |  | 110 | 83 | 0.999 | 0.001 |
| 7:08-4th |  | 110 | 86 | 0.999 | 0.001 |
| 6:48-4th |  | 112 | 86 | 0.999 | 0.001 |
| 6:38-4th |  | 112 | 86 | 0.999 | 0.001 |
| 6:26-4th |  | 112 | 86 | 0.999 | 0.001 |
| 6:12-4th |  | 112 | 86 | 0.999 | 0.001 |
| 6:10-4th |  | 112 | 86 | 0.999 | 0.001 |
| 6:07-4th |  | 112 | 86 | 0.999 | 0.001 |
| 6:05-4th |  | 112 | 86 | 0.999 | 0.001 |
| 5:50-4th |  | 112 | 86 | 0.999 | 0.001 |
| 5:48-4th |  | 112 | 86 | 0.999 | 0.001 |
| 5:40-4th |  | 114 | 86 | 0.999 | 0.001 |
| 5:30-4th |  | 114 | 86 | 0.999 | 0.001 |
| 5:10-4th |  | 114 | 86 | 0.999 | 0.001 |
| 5:04-4th |  | 116 | 86 | 0.999 | 0.001 |
| 4:46-4th |  | 116 | 88 | 0.999 | 0.001 |
| 4:42-4th |  | 116 | 88 | 0.999 | 0.001 |
| 4:22-4th |  | 116 | 88 | 0.999 | 0.001 |
| 4:20-4th |  | 116 | 88 | 0.999 | 0.001 |
| 4:11-4th |  | 116 | 90 | 0.999 | 0.001 |
| 3:48-4th |  | 116 | 90 | 0.999 | 0.001 |
| 3:43-4th |  | 116 | 90 | 0.999 | 0.001 |
| 3:41-4th |  | 116 | 90 | 0.999 | 0.001 |
| 3:40-4th |  | 116 | 90 | 0.999 | 0.001 |
| 3:36-4th |  | 116 | 92 | 0.999 | 0.001 |
| 3:15-4th |  | 118 | 92 | 0.999 | 0.001 |
| 3:01-4th |  | 118 | 95 | 0.999 | 0.001 |
| 2:38-4th |  | 121 | 95 | 0.999 | 0.001 |
| 2:24-4th |  | 121 | 96 | 0.999 | 0.001 |
| 2:22-4th |  | 121 | 96 | 0.999 | 0.001 |
| 1:59-4th |  | 121 | 96 | 0.999 | 0.001 |
| 1:53-4th |  | 121 | 96 | 0.999 | 0.001 |
| 1:44-4th |  | 121 | 96 | 0.999 | 0.001 |
| 1:37-4th |  | 121 | 96 | 0.999 | 0.001 |
| 1:34-4th |  | 121 | 96 | 0.999 | 0.001 |
| 1:26-4th |  | 121 | 96 | 0.999 | 0.001 |
| 1:04-4th |  | 121 | 96 | 0.999 | 0.001 |
| 1:00-4th |  | 124 | 96 | 0.999 | 0.001 |
| 50.1-4th |  | 124 | 98 | 0.999 | 0.001 |
| 32.0-4th |  | 124 | 98 | 0.999 | 0.001 |
| 27.2-4th |  | 124 | 98 | 0.999 | 0.001 |
| 4.1-4th |  | 124 | 98 | 0.999 | 0.001 |
| 1.0-4th |  | 124 | 98 | 0.999 | 0.001 |
| 0.0-4th |  | 124 | 98 | 1.0 | 0.0 |

Question

Which event most likely happened at the marked missing position?

Answer Choices

A. Player 4 (Team B) offensive rebound | Player 4 (Team B) makes tip shot
B. Player 9 (Team A) makes 2-foot two point shot (Player 1 (Team B) assists)
C. Player 3 (Team B) makes 23-foot three point jumper (Player 10 (Team B) assists)
D. Player 12 (Team B) enters the game for Player 13 (Team A)

Response Format

Return exactly one JSON object:

{
  "answer": "<A|B|C|D>",
  "rationale": "<brief evidence-based justification in 1-3 sentences>",
  "evidence_event_ids": [],
  "evidence_series_times": []
}

Use only event IDs and time labels that are provided above and that support the answer. Use an empty array when the corresponding evidence type is unavailable or unused. Return only the JSON object.
