Task

Reconstruct the missing event in this basketball game. Use the available numerical time-series evidence around the marked row to select the most likely event.

Game

Team A versus Team B, season 22-23.

Time Series

| Game time | Marker | Team A score | Team B score | Team A win probability | Team B win probability |
| --- | --- | --- | --- | --- | --- |
| 12:00-1st |  | 0 | 0 | 0.774 | 0.226 |
| 11:37-1st |  | 3 | 0 | 0.807 | 0.193 |
| 11:22-1st |  | 3 | 0 | 0.823 | 0.177 |
| 11:10-1st |  | 5 | 0 | 0.835 | 0.165 |
| 10:57-1st |  | 5 | 0 | 0.845 | 0.155 |
| 10:55-1st |  | 5 | 0 | 0.849 | 0.151 |
| 10:52-1st |  | 5 | 0 | 0.838 | 0.162 |
| 10:49-1st |  | 5 | 0 | 0.834 | 0.166 |
| 10:34-1st |  | 5 | 0 | 0.844 | 0.156 |
| 10:29-1st |  | 5 | 0 | 0.848 | 0.152 |
| 10:26-1st |  | 6 | 0 | 0.849 | 0.151 |
| 10:15-1st |  | 6 | 3 | 0.819 | 0.181 |
| 10:01-1st |  | 8 | 3 | 0.832 | 0.168 |
| 9:47-1st |  | 8 | 3 | 0.843 | 0.157 |
| 9:44-1st |  | 8 | 3 | 0.831 | 0.169 |
| 9:42-1st |  | 8 | 3 | 0.843 | 0.157 |
| 9:34-1st |  | 8 | 3 | 0.846 | 0.154 |
| 9:29-1st |  | 8 | 3 | 0.844 | 0.156 |
| 9:15-1st |  | 8 | 3 | 0.834 | 0.166 |
| 9:13-1st |  | 8 | 3 | 0.83 | 0.17 |
| 9:08-1st |  | 8 | 3 | 0.844 | 0.156 |
| 9:05-1st |  | 8 | 3 | 0.83 | 0.17 |
| 8:47-1st |  | 8 | 3 | 0.84 | 0.16 |
| 8:44-1st |  | 8 | 3 | 0.843 | 0.157 |
| 8:27-1st |  | 11 | 3 | 0.87 | 0.13 |
| 8:10-1st |  | 11 | 3 | 0.878 | 0.122 |
| 8:08-1st |  | 11 | 3 | 0.869 | 0.131 |
| 8:07-1st |  | 11 | 5 | 0.856 | 0.144 |
| 7:43-1st |  | 11 | 5 | 0.844 | 0.156 |
| 7:40-1st |  | 11 | 5 | 0.855 | 0.145 |
| 7:38-1st |  | 11 | 5 | 0.844 | 0.156 |
| 7:35-1st |  | 11 | 5 | 0.855 | 0.145 |
| 7:34-1st |  | 11 | 5 | 0.855 | 0.145 |
| 7:33-1st |  | 11 | 5 | 0.844 | 0.156 |
| 7:30-1st |  | 11 | 5 | 0.855 | 0.145 |
| 7:29-1st |  | 13 | 5 | 0.867 | 0.133 |
| 7:16-1st |  | 13 | 5 | 0.876 | 0.124 |
| 7:12-1st |  | 13 | 5 | 0.879 | 0.121 |
| 7:07-1st |  | 13 | 5 | 0.87 | 0.13 |
| 7:05-1st |  | 13 | 5 | 0.867 | 0.133 |
| 7:01-1st |  | 13 | 7 | 0.854 | 0.146 |
| 6:33-1st |  | 13 | 7 | 0.842 | 0.158 |
| 6:31-1st |  | 13 | 7 | 0.838 | 0.162 |
| 6:23-1st |  | 13 | 10 | 0.806 | 0.194 |
| 5:56-1st |  | 16 | 10 | 0.837 | 0.163 |
| 5:49-1st |  | 16 | 10 | 0.836 | 0.164 |
| 5:37-1st |  | 16 | 10 | 0.847 | 0.153 |
| 5:35-1st |  | 16 | 10 | 0.851 | 0.149 |
| 5:27-1st |  | 18 | 10 | 0.864 | 0.136 |
| 5:13-1st |  | 18 | 10 | 0.873 | 0.127 |
| 5:11-1st |  | 18 | 10 | 0.876 | 0.124 |
| 5:03-1st |  | 20 | 10 | 0.889 | 0.111 |
| 4:50-1st |  | 20 | 10 | 0.896 | 0.104 |
| 4:47-1st |  | 20 | 10 | 0.899 | 0.101 |
| 4:42-1st |  | 22 | 10 | 0.908 | 0.092 |
| 4:32-1st |  | 22 | 13 | 0.888 | 0.112 |
| 4:07-1st |  | 22 | 13 | 0.879 | 0.121 |
| 4:04-1st |  | 22 | 13 | 0.876 | 0.124 |
| 4:02-1st |  | 22 | 14 | 0.875 | 0.125 |
| 3:51-1st |  | 22 | 14 | 0.864 | 0.136 |
| 3:49-1st |  | 22 | 14 | 0.86 | 0.14 |
| 3:45-1st |  | 22 | 14 | 0.871 | 0.129 |
| 3:42-1st |  | 22 | 14 | 0.875 | 0.125 |
| 3:36-1st |  | 22 | 14 | 0.864 | 0.136 |
| 3:33-1st |  | 22 | 14 | 0.875 | 0.125 |
| 3:32-1st |  | 24 | 14 | 0.887 | 0.113 |
| 3:28-1st |  | 24 | 14 | 0.896 | 0.104 |
| 3:25-1st |  | 24 | 14 | 0.899 | 0.101 |
| 3:17-1st |  | 26 | 14 | 0.907 | 0.093 |
| 3:03-1st |  | 26 | 16 | 0.898 | 0.102 |
| 2:49-1st |  | 28 | 16 | 0.907 | 0.093 |
| 2:26-1st |  | 28 | 18 | 0.898 | 0.102 |
| 1:59-1st |  | 31 | 18 | 0.917 | 0.083 |
| 1:46-1st |  | 31 | 20 | 0.908 | 0.092 |
| 1:36-1st |  | 31 | 20 | 0.899 | 0.101 |
| 1:33-1st |  | 31 | 20 | 0.896 | 0.104 |
| 1:32-1st |  | 31 | 20 | 0.907 | 0.093 |
| 1:21-1st |  | 32 | 20 | 0.907 | 0.093 |
| 1:18-1st |  | 32 | 20 | 0.916 | 0.084 |
| 1:07-1st |  | 34 | 20 | 0.927 | 0.073 |
| 50.1-1st |  | 34 | 22 | 0.916 | 0.084 |
| 37.0-1st |  | 37 | 22 | 0.935 | 0.065 |
| 31.0-1st |  | 37 | 22 | 0.941 | 0.059 |
| 29.1-1st |  | 37 | 22 | 0.943 | 0.057 |
| 17.1-1st |  | 37 | 22 | 0.937 | 0.063 |
| 14.0-1st |  | 37 | 22 | 0.942 | 0.058 |
| 13.1-1st |  | 39 | 22 | 0.95 | 0.05 |
| 0.1-1st |  | 39 | 22 | 0.955 | 0.045 |
| 0.0-1st |  | 39 | 22 | 0.952 | 0.048 |
| 12:00-2nd |  | 39 | 22 | 0.952 | 0.048 |
| 11:47-2nd |  | 39 | 22 | 0.956 | 0.044 |
| 11:45-2nd |  | 39 | 22 | 0.958 | 0.042 |
| 11:35-2nd |  | 41 | 22 | 0.961 | 0.039 |
| 11:20-2nd |  | 41 | 22 | 0.968 | 0.032 |
| 11:08-2nd |  | 41 | 22 | 0.962 | 0.038 |
| 11:01-2nd |  | 41 | 25 | 0.949 | 0.051 |
| 10:38-2nd |  | 41 | 25 | 0.944 | 0.056 |
| 10:19-2nd |  | 41 | 25 | 0.951 | 0.049 |
| 10:12-2nd |  | 43 | 25 | 0.957 | 0.043 |
| 10:00-2nd |  | 43 | 25 | 0.961 | 0.039 |
| 9:55-2nd |  | 43 | 25 | 0.963 | 0.037 |
| 9:46-2nd |  | 45 | 25 | 0.968 | 0.032 |
| 9:40-2nd |  | 45 | 28 | 0.958 | 0.042 |
| 9:28-2nd |  | 48 | 28 | 0.968 | 0.032 |
| 9:17-2nd |  | 48 | 28 | 0.972 | 0.028 |
| 9:14-2nd |  | 48 | 28 | 0.968 | 0.032 |
| 8:59-2nd |  | 48 | 31 | 0.958 | 0.042 |
| 8:35-2nd |  | 48 | 31 | 0.953 | 0.047 |
| 8:34-2nd |  | 48 | 31 | 0.959 | 0.041 |
| 8:33-2nd |  | 48 | 31 | 0.954 | 0.046 |
| 8:30-2nd |  | 48 | 31 | 0.952 | 0.048 |
| 8:21-2nd |  | 48 | 33 | 0.944 | 0.056 |
| 8:14-2nd |  | 48 | 33 | 0.944 | 0.056 |
| 8:02-2nd |  | 48 | 33 | 0.938 | 0.062 |
| 8:00-2nd |  | 48 | 33 | 0.936 | 0.064 |
| 7:57-2nd |  | 48 | 33 | 0.942 | 0.058 |
| 7:55-2nd |  | 48 | 33 | 0.936 | 0.064 |
| 7:54-2nd |  | 48 | 33 | 0.944 | 0.056 |
| 7:42-2nd |  | 48 | 33 | 0.938 | 0.062 |
| 7:39-2nd |  | 48 | 33 | 0.944 | 0.056 |
| 7:38-2nd |  | 48 | 33 | 0.938 | 0.062 |
| 7:36-2nd |  | 48 | 33 | 0.944 | 0.056 |
| 7:35-2nd |  | 48 | 33 | 0.938 | 0.062 |
| 7:34-2nd |  | 48 | 33 | 0.936 | 0.064 |
| 7:27-2nd |  | 48 | 35 | 0.928 | 0.072 |
| 7:25-2nd |  | 48 | 35 | 0.928 | 0.072 |
| 7:08-2nd |  | 50 | 35 | 0.936 | 0.064 |
| 6:53-2nd |  | 50 | 35 | 0.943 | 0.057 |
| 6:50-2nd |  | 50 | 35 | 0.945 | 0.055 |
| 6:42-2nd |  | 50 | 35 | 0.939 | 0.061 |
| 6:38-2nd |  | 50 | 35 | 0.936 | 0.064 |
| 6:31-2nd |  | 50 | 37 | 0.928 | 0.072 |
| 6:29-2nd |  | 50 | 37 | 0.928 | 0.072 |
| 6:07-2nd |  | 53 | 37 | 0.946 | 0.054 |
| 5:51-2nd |  | 53 | 40 | 0.928 | 0.072 |
| 5:32-2nd |  | 53 | 40 | 0.92 | 0.08 |
| 5:29-2nd |  | 53 | 40 | 0.917 | 0.083 |
| 5:19-2nd |  | 53 | 40 | 0.926 | 0.074 |
| 5:17-2nd |  | 53 | 40 | 0.929 | 0.071 |
| 4:57-2nd |  | 53 | 40 | 0.92 | 0.08 |
| 4:54-2nd |  | 53 | 40 | 0.917 | 0.083 |
| 4:46-2nd |  | 53 | 40 | 0.929 | 0.071 |
| 4:33-2nd |  | 55 | 40 | 0.939 | 0.061 |
| 4:10-2nd |  | 55 | 40 | 0.945 | 0.055 |
| 4:07-2nd |  | 55 | 40 | 0.947 | 0.053 |
| 4:03-2nd |  | 55 | 40 | 0.941 | 0.059 |
| 4:00-2nd |  | 55 | 40 | 0.948 | 0.052 |
| 3:58-2nd |  | 58 | 40 | 0.962 | 0.038 |
| 3:51-2nd |  | 58 | 40 | 0.962 | 0.038 |
| 3:41-2nd |  | 58 | 43 | 0.948 | 0.052 |
| 3:20-2nd |  | 58 | 43 | 0.942 | 0.058 |
| 3:18-2nd |  | 58 | 43 | 0.94 | 0.06 |
| 2:58-2nd |  | 58 | 43 | 0.949 | 0.051 |
| 2:43-2nd |  | 58 | 43 | 0.943 | 0.057 |
| 2:40-2nd |  | 58 | 43 | 0.941 | 0.059 |
| 2:31-2nd |  | 58 | 45 | 0.93 | 0.07 |
| 2:07-2nd |  | 60 | 45 | 0.942 | 0.058 |
| 1:49-2nd |  | 60 | 48 | 0.921 | 0.079 |
| 1:24-2nd |  | 62 | 48 | 0.93 | 0.07 |
| 1:13-2nd |  | 62 | 50 | 0.922 | 0.078 |
| 50.1-2nd |  | 62 | 50 | 0.912 | 0.088 |
| 50.0-2nd |  | 62 | 50 | 0.909 | 0.091 |
| 35.1-2nd |  | 62 | 52 | 0.894 | 0.106 |
| 24.1-2nd |  | 62 | 52 | 0.879 | 0.121 |
| 20.1-2nd |  | 62 | 52 | 0.891 | 0.109 |
| 17.1-2nd |  | 62 | 52 | 0.879 | 0.121 |
| 16.1-2nd |  | 62 | 55 | 0.845 | 0.155 |
| 5.0-2nd |  | 62 | 55 | 0.827 | 0.173 |
| 2.1-2nd |  | 62 | 55 | 0.821 | 0.179 |
| 0.1-2nd |  | 62 | 55 | 0.839 | 0.161 |
| 0.0-2nd |  | 62 | 55 | 0.833 | 0.167 |
| 12:00-3rd |  | 62 | 55 | 0.833 | 0.167 |
| 11:36-3rd |  | 62 | 55 | 0.847 | 0.153 |
| 11:25-3rd |  | 64 | 55 | 0.865 | 0.135 |
| 11:15-3rd |  | 64 | 55 | 0.878 | 0.122 |
| 11:13-3rd |  | 64 | 55 | 0.866 | 0.134 |
| 11:10-3rd |  | 64 | 58 | 0.826 | 0.174 |
| 10:49-3rd |  | 64 | 58 | 0.8 | 0.2 |
| 10:30-3rd |  | 64 | 58 | 0.819 | 0.181 |
| 10:28-3rd |  | 64 | 58 | 0.825 | 0.175 |
| 10:17-3rd |  | 67 | 58 | 0.866 | 0.134 |
| 10:06-3rd |  | 67 | 61 | 0.825 | 0.175 |
| 9:44-3rd |  | 68 | 61 | 0.823 | 0.177 |
| 9:43-3rd |  | 68 | 61 | 0.823 | 0.177 |
| 9:31-3rd |  | 68 | 61 | 0.84 | 0.16 |
| 9:28-3rd |  | 68 | 61 | 0.846 | 0.154 |
| 9:16-3rd |  | 68 | 61 | 0.829 | 0.171 |
| 9:12-3rd |  | 68 | 61 | 0.846 | 0.154 |
| 9:06-3rd |  | 68 | 61 | 0.828 | 0.172 |
| 9:03-3rd |  | 68 | 61 | 0.846 | 0.154 |
| 8:54-3rd |  | 71 | 61 | 0.883 | 0.117 |
| 8:39-3rd |  | 71 | 64 | 0.846 | 0.154 |
| 8:11-3rd |  | 74 | 64 | 0.884 | 0.116 |
| 7:51-3rd |  | 74 | 64 | 0.898 | 0.102 |
| 7:49-3rd |  | 74 | 64 | 0.902 | 0.098 |
| 7:47-3rd |  | 76 | 64 | 0.917 | 0.083 |
| 7:37-3rd |  | 76 | 66 | 0.902 | 0.098 |
| 7:21-3rd |  | 76 | 66 | 0.886 | 0.114 |
| 7:18-3rd |  | 76 | 68 | 0.867 | 0.133 |
| 7:09-3rd |  | 76 | 68 | 0.851 | 0.149 |
| 7:06-3rd |  | 76 | 68 | 0.846 | 0.154 |
| 7:00-3rd |  | 76 | 68 | 0.868 | 0.132 |
| 6:36-3rd |  | 76 | 68 | 0.847 | 0.153 |
| 6:24-3rd |  | 76 | 68 | 0.864 | 0.136 |
| 6:20-3rd |  | 76 | 68 | 0.847 | 0.153 |
| 6:10-3rd |  | 76 | 70 | 0.823 | 0.177 |
| 5:40-3rd |  | 76 | 70 | 0.803 | 0.197 |
| 5:38-3rd |  | 76 | 70 | 0.824 | 0.176 |
| 5:36-3rd |  | 76 | 70 | 0.803 | 0.197 |
| 5:34-3rd |  | 76 | 70 | 0.796 | 0.204 |
| 5:25-3rd |  | 76 | 70 | 0.824 | 0.176 |
| 5:21-3rd |  | 78 | 70 | 0.849 | 0.151 |
| 5:07-3rd |  | 78 | 70 | 0.867 | 0.133 |
| 5:04-3rd |  | 78 | 70 | 0.873 | 0.127 |
| 4:55-3rd |  | 78 | 70 | 0.856 | 0.144 |
| 4:53-3rd |  | 78 | 70 | 0.85 | 0.15 |
| 4:45-3rd |  | 78 | 70 | 0.868 | 0.132 |
| 4:42-3rd |  | 78 | 70 | 0.874 | 0.126 |
| 4:33-3rd |  | 78 | 70 | 0.874 | 0.126 |
| 4:22-3rd |  | 78 | 70 | 0.857 | 0.143 |
| 4:20-3rd |  | 78 | 70 | 0.851 | 0.149 |
| 4:17-3rd |  | 78 | 70 | 0.851 | 0.149 |
| 4:14-3rd |  | 78 | 70 | 0.869 | 0.131 |
| 4:09-3rd |  | 78 | 70 | 0.875 | 0.125 |
| 3:55-3rd |  | 80 | 70 | 0.895 | 0.105 |
| 3:38-3rd |  | 80 | 72 | 0.877 | 0.123 |
| 3:21-3rd |  | 80 | 72 | 0.86 | 0.14 |
| 3:20-3rd |  | 80 | 72 | 0.878 | 0.122 |
| 3:16-3rd |  | 82 | 72 | 0.898 | 0.102 |
| 2:56-3rd |  | 82 | 74 | 0.88 | 0.12 |
| 2:36-3rd |  | 84 | 74 | 0.901 | 0.099 |
| 2:19-3rd |  | 84 | 77 | 0.858 | 0.142 |
| 1:56-3rd |  | 84 | 77 | 0.839 | 0.161 |
| 1:54-3rd |  | 84 | 77 | 0.86 | 0.14 |
| 1:45-3rd |  | 84 | 77 | 0.84 | 0.16 |
| 1:43-3rd |  | 84 | 77 | 0.833 | 0.167 |
| 1:32-3rd |  | 84 | 77 | 0.862 | 0.138 |
| 1:19-3rd |  | 86 | 77 | 0.885 | 0.115 |
| 1:04-3rd |  | 86 | 77 | 0.848 | 0.152 |
| 54.1-3rd |  | 86 | 80 | 0.835 | 0.165 |
| 35.1-3rd |  | 86 | 80 | 0.812 | 0.188 |
| 33.1-3rd | TARGET | 88 | 80 | 0.864 | 0.136 |
| 22.0-3rd |  | 88 | 80 | 0.883 | 0.117 |
| 19.1-3rd |  | 88 | 80 | 0.889 | 0.111 |
| 0.0-3rd |  | 90 | 80 | 0.914 | 0.086 |
| 12:00-4th |  | 90 | 80 | 0.914 | 0.086 |
| 11:45-4th |  | 93 | 80 | 0.957 | 0.043 |
| 11:32-4th |  | 93 | 82 | 0.947 | 0.053 |
| 11:13-4th |  | 96 | 82 | 0.97 | 0.03 |
| 11:04-4th |  | 96 | 82 | 0.976 | 0.024 |
| 11:01-4th |  | 96 | 82 | 0.978 | 0.022 |
| 10:43-4th |  | 96 | 82 | 0.974 | 0.026 |
| 10:42-4th |  | 96 | 82 | 0.972 | 0.028 |
| 10:37-4th |  | 96 | 82 | 0.978 | 0.022 |
| 10:35-4th |  | 96 | 82 | 0.979 | 0.021 |
| 10:23-4th |  | 98 | 82 | 0.986 | 0.014 |
| 10:21-4th |  | 98 | 82 | 0.986 | 0.014 |
| 10:06-4th |  | 98 | 82 | 0.991 | 0.009 |
| 9:58-4th |  | 98 | 82 | 0.988 | 0.012 |
| 9:55-4th |  | 98 | 82 | 0.987 | 0.013 |
| 9:51-4th |  | 98 | 82 | 0.991 | 0.009 |
| 9:48-4th |  | 98 | 82 | 0.991 | 0.009 |
| 9:43-4th |  | 100 | 82 | 0.994 | 0.006 |
| 9:28-4th |  | 100 | 85 | 0.99 | 0.01 |
| 9:07-4th |  | 100 | 85 | 0.987 | 0.013 |
| 9:04-4th |  | 100 | 85 | 0.986 | 0.014 |
| 8:57-4th |  | 100 | 88 | 0.972 | 0.028 |
| 8:41-4th |  | 101 | 88 | 0.973 | 0.027 |
| 8:28-4th |  | 101 | 88 | 0.982 | 0.018 |
| 8:10-4th |  | 101 | 88 | 0.977 | 0.023 |
| 8:06-4th |  | 101 | 88 | 0.975 | 0.025 |
| 7:51-4th |  | 101 | 88 | 0.982 | 0.018 |
| 7:50-4th |  | 101 | 88 | 0.977 | 0.023 |
| 7:49-4th |  | 101 | 91 | 0.957 | 0.043 |
| 7:38-4th |  | 101 | 91 | 0.958 | 0.042 |
| 7:28-4th |  | 103 | 91 | 0.97 | 0.03 |
| 7:16-4th |  | 103 | 91 | 0.978 | 0.022 |
| 7:14-4th |  | 103 | 91 | 0.971 | 0.029 |
| 7:13-4th |  | 103 | 93 | 0.961 | 0.039 |
| 6:58-4th |  | 105 | 93 | 0.973 | 0.027 |
| 6:31-4th |  | 105 | 93 | 0.981 | 0.019 |
| 6:27-4th |  | 105 | 93 | 0.983 | 0.017 |
| 6:10-4th |  | 105 | 93 | 0.979 | 0.021 |
| 6:05-4th |  | 105 | 93 | 0.977 | 0.023 |
| 5:51-4th |  | 105 | 93 | 0.977 | 0.023 |
| 5:49-4th |  | 105 | 95 | 0.971 | 0.029 |
| 5:26-4th |  | 105 | 95 | 0.964 | 0.036 |
| 5:21-4th |  | 105 | 95 | 0.961 | 0.039 |
| 5:17-4th |  | 105 | 98 | 0.926 | 0.074 |
| 4:52-4th |  | 105 | 98 | 0.911 | 0.089 |
| 4:50-4th |  | 105 | 98 | 0.905 | 0.095 |
| 4:43-4th |  | 105 | 98 | 0.926 | 0.074 |
| 4:38-4th |  | 105 | 98 | 0.934 | 0.066 |
| 4:24-4th |  | 106 | 98 | 0.936 | 0.064 |
| 4:14-4th |  | 106 | 98 | 0.954 | 0.046 |
| 4:12-4th |  | 106 | 98 | 0.96 | 0.04 |
| 3:48-4th |  | 109 | 98 | 0.984 | 0.016 |
| 3:31-4th |  | 109 | 100 | 0.978 | 0.022 |
| 3:02-4th |  | 111 | 100 | 0.989 | 0.011 |
| 2:47-4th |  | 111 | 100 | 0.994 | 0.006 |
| 2:44-4th |  | 111 | 100 | 0.995 | 0.005 |
| 2:31-4th |  | 113 | 100 | 0.998 | 0.002 |
| 2:11-4th |  | 113 | 102 | 0.997 | 0.003 |
| 1:52-4th |  | 113 | 102 | 0.995 | 0.005 |
| 1:51-4th |  | 113 | 102 | 0.983 | 0.017 |
| 1:42-4th |  | 113 | 102 | 0.997 | 0.003 |
| 1:40-4th |  | 113 | 102 | 0.994 | 0.006 |
| 1:37-4th |  | 113 | 102 | 0.997 | 0.003 |
| 1:36-4th |  | 113 | 102 | 0.998 | 0.002 |
| 1:14-4th |  | 113 | 102 | 0.997 | 0.003 |
| 1:09-4th |  | 113 | 102 | 0.999 | 0.001 |
| 1:07-4th |  | 115 | 102 | 0.999 | 0.001 |
| 57.1-4th |  | 115 | 104 | 0.999 | 0.001 |
| 45.1-4th |  | 117 | 104 | 0.999 | 0.001 |
| 35.1-4th |  | 117 | 104 | 0.999 | 0.001 |
| 32.1-4th |  | 117 | 104 | 0.999 | 0.001 |
| 9.1-4th |  | 117 | 104 | 0.999 | 0.001 |
| 0.0-4th |  | 117 | 104 | 1.0 | 0.0 |

Question

Which event most likely happened at the marked missing position?

Answer Choices

A. Player 2 (Team A) offensive rebound | Player 2 (Team A) makes tip shot
B. Player 14 (Team A) vs. Player 14 (Team B) (Player 4 (Team B) gains possession)
C. (01:47) [[Team]] COACH'S CHALLENGE (CALL OVERTURNED) [[Team]] retain their timeout
D. Player 12 (Team A) misses 31-foot three point pullup jump shot

Response Format

Return exactly one JSON object:

{
  "answer": "<A|B|C|D>",
  "rationale": "<brief evidence-based justification in 1-3 sentences>",
  "evidence_event_ids": [],
  "evidence_series_times": []
}

Use only event IDs and time labels that are provided above and that support the answer. Use an empty array when the corresponding evidence type is unavailable or unused. Return only the JSON object.
