Task

Reconstruct the missing event in this basketball game. Use the available numerical time-series evidence around the marked row to select the most likely event.

Game

Team A versus Team B, season 22-23.

Time Series

| Game time | Marker | Team A score | Team B score | Team A win probability | Team B win probability |
| --- | --- | --- | --- | --- | --- |
| 12:00-1st |  | 0 | 0 | 0.232 | 0.768 |
| 11:45-1st |  | 0 | 0 | 0.219 | 0.781 |
| 11:27-1st |  | 0 | 2 | 0.201 | 0.799 |
| 11:06-1st |  | 3 | 2 | 0.238 | 0.762 |
| 10:48-1st |  | 3 | 5 | 0.204 | 0.796 |
| 10:37-1st |  | 6 | 5 | 0.24 | 0.76 |
| 10:26-1st |  | 6 | 5 | 0.258 | 0.742 |
| 10:23-1st |  | 6 | 5 | 0.265 | 0.735 |
| 10:17-1st |  | 8 | 5 | 0.281 | 0.719 |
| 10:00-1st |  | 8 | 5 | 0.3 | 0.7 |
| 9:56-1st |  | 8 | 5 | 0.307 | 0.693 |
| 9:45-1st |  | 8 | 5 | 0.29 | 0.71 |
| 9:43-1st |  | 8 | 5 | 0.284 | 0.716 |
| 9:36-1st |  | 8 | 7 | 0.269 | 0.731 |
| 9:16-1st |  | 8 | 7 | 0.247 | 0.753 |
| 9:08-1st |  | 8 | 7 | 0.265 | 0.735 |
| 9:07-1st |  | 8 | 7 | 0.271 | 0.729 |
| 9:03-1st |  | 8 | 7 | 0.247 | 0.753 |
| 8:53-1st |  | 8 | 7 | 0.25 | 0.75 |
| 8:42-1st |  | 8 | 10 | 0.213 | 0.787 |
| 8:19-1st |  | 11 | 10 | 0.252 | 0.748 |
| 8:06-1st |  | 11 | 13 | 0.215 | 0.785 |
| 7:54-1st |  | 11 | 13 | 0.203 | 0.797 |
| 7:52-1st |  | 11 | 13 | 0.198 | 0.802 |
| 7:47-1st |  | 11 | 15 | 0.217 | 0.783 |
| 7:31-1st | TARGET | 11 | 15 | 0.173 | 0.827 |
| 7:28-1st |  | 11 | 15 | 0.169 | 0.831 |
| 7:18-1st |  | 11 | 18 | 0.141 | 0.859 |
| 6:56-1st |  | 14 | 18 | 0.17 | 0.83 |
| 6:49-1st |  | 14 | 18 | 0.186 | 0.814 |
| 6:39-1st |  | 14 | 18 | 0.175 | 0.825 |
| 6:35-1st |  | 14 | 18 | 0.187 | 0.813 |
| 6:33-1st |  | 14 | 18 | 0.171 | 0.829 |
| 6:19-1st |  | 14 | 20 | 0.157 | 0.843 |
| 6:07-1st |  | 14 | 20 | 0.157 | 0.843 |
| 6:04-1st |  | 14 | 20 | 0.144 | 0.856 |
| 5:52-1st |  | 14 | 20 | 0.155 | 0.845 |
| 5:49-1st |  | 14 | 20 | 0.158 | 0.842 |
| 5:40-1st |  | 16 | 20 | 0.173 | 0.827 |
| 5:26-1st |  | 16 | 22 | 0.159 | 0.841 |
| 5:01-1st |  | 18 | 22 | 0.175 | 0.825 |
| 4:43-1st |  | 18 | 22 | 0.189 | 0.811 |
| 4:41-1st |  | 18 | 22 | 0.193 | 0.807 |
| 4:34-1st |  | 18 | 22 | 0.181 | 0.819 |
| 4:30-1st |  | 18 | 22 | 0.176 | 0.824 |
| 4:25-1st |  | 18 | 22 | 0.194 | 0.806 |
| 4:11-1st |  | 18 | 22 | 0.182 | 0.818 |
| 4:08-1st |  | 18 | 22 | 0.195 | 0.805 |
| 4:01-1st |  | 18 | 22 | 0.179 | 0.821 |
| 3:52-1st |  | 18 | 24 | 0.164 | 0.836 |
| 3:34-1st |  | 18 | 24 | 0.149 | 0.851 |
| 3:21-1st |  | 18 | 26 | 0.137 | 0.863 |
| 3:06-1st |  | 18 | 26 | 0.126 | 0.874 |
| 3:02-1st |  | 18 | 26 | 0.123 | 0.877 |
| 2:54-1st |  | 18 | 26 | 0.134 | 0.866 |
| 2:52-1st |  | 18 | 26 | 0.138 | 0.862 |
| 2:48-1st |  | 21 | 26 | 0.168 | 0.832 |
| 2:34-1st |  | 21 | 26 | 0.18 | 0.82 |
| 2:33-1st |  | 22 | 26 | 0.183 | 0.817 |
| 2:26-1st |  | 22 | 28 | 0.168 | 0.832 |
| 2:14-1st |  | 22 | 28 | 0.156 | 0.844 |
| 2:12-1st |  | 22 | 28 | 0.152 | 0.848 |
| 2:07-1st |  | 22 | 31 | 0.125 | 0.875 |
| 1:49-1st |  | 22 | 31 | 0.115 | 0.885 |
| 1:47-1st |  | 22 | 31 | 0.125 | 0.875 |
| 1:44-1st |  | 22 | 31 | 0.125 | 0.875 |
| 1:40-1st |  | 25 | 31 | 0.153 | 0.847 |
| 1:22-1st |  | 25 | 34 | 0.126 | 0.874 |
| 57.0-1st |  | 25 | 34 | 0.116 | 0.884 |
| 54.1-1st |  | 25 | 34 | 0.112 | 0.888 |
| 38.0-1st |  | 25 | 34 | 0.123 | 0.877 |
| 35.1-1st |  | 25 | 34 | 0.127 | 0.873 |
| 18.1-1st |  | 28 | 34 | 0.156 | 0.844 |
| 0.1-1st |  | 28 | 35 | 0.156 | 0.844 |
| 0.0-1st |  | 28 | 35 | 0.149 | 0.851 |
| 12:00-2nd |  | 28 | 35 | 0.149 | 0.851 |
| 11:45-2nd |  | 28 | 38 | 0.113 | 0.887 |
| 11:26-2nd |  | 28 | 38 | 0.103 | 0.897 |
| 11:21-2nd |  | 28 | 38 | 0.114 | 0.886 |
| 11:10-2nd |  | 30 | 38 | 0.128 | 0.872 |
| 10:49-2nd |  | 30 | 38 | 0.14 | 0.86 |
| 10:46-2nd |  | 30 | 38 | 0.144 | 0.856 |
| 10:40-2nd |  | 30 | 38 | 0.132 | 0.868 |
| 10:37-2nd |  | 30 | 38 | 0.128 | 0.872 |
| 10:27-2nd |  | 30 | 38 | 0.145 | 0.855 |
| 10:20-2nd |  | 30 | 38 | 0.129 | 0.871 |
| 10:01-2nd |  | 30 | 41 | 0.103 | 0.897 |
| 9:46-2nd |  | 30 | 41 | 0.094 | 0.906 |
| 9:44-2nd |  | 30 | 41 | 0.091 | 0.909 |
| 9:30-2nd |  | 30 | 41 | 0.1 | 0.9 |
| 9:26-2nd |  | 30 | 41 | 0.091 | 0.909 |
| 9:25-2nd |  | 30 | 44 | 0.071 | 0.929 |
| 9:11-2nd |  | 30 | 44 | 0.071 | 0.929 |
| 9:05-2nd |  | 30 | 44 | 0.065 | 0.935 |
| 9:03-2nd |  | 30 | 44 | 0.063 | 0.937 |
| 9:00-2nd |  | 30 | 44 | 0.071 | 0.929 |
| 8:50-2nd |  | 30 | 44 | 0.063 | 0.937 |
| 8:42-2nd |  | 30 | 44 | 0.069 | 0.931 |
| 8:39-2nd |  | 30 | 44 | 0.063 | 0.937 |
| 8:36-2nd |  | 30 | 44 | 0.069 | 0.931 |
| 8:32-2nd |  | 30 | 44 | 0.063 | 0.937 |
| 8:28-2nd |  | 30 | 44 | 0.069 | 0.931 |
| 8:26-2nd |  | 30 | 44 | 0.071 | 0.929 |
| 8:16-2nd |  | 30 | 44 | 0.065 | 0.935 |
| 8:13-2nd |  | 30 | 44 | 0.063 | 0.937 |
| 8:07-2nd |  | 30 | 44 | 0.069 | 0.931 |
| 8:03-2nd |  | 30 | 44 | 0.071 | 0.929 |
| 7:52-2nd |  | 30 | 44 | 0.065 | 0.935 |
| 7:51-2nd |  | 30 | 44 | 0.063 | 0.937 |
| 7:25-2nd |  | 30 | 44 | 0.069 | 0.931 |
| 7:22-2nd |  | 30 | 44 | 0.071 | 0.929 |
| 7:16-2nd |  | 31 | 44 | 0.071 | 0.929 |
| 7:05-2nd |  | 31 | 47 | 0.054 | 0.946 |
| 6:51-2nd |  | 31 | 47 | 0.046 | 0.954 |
| 6:32-2nd |  | 31 | 49 | 0.04 | 0.96 |
| 6:08-2nd |  | 31 | 49 | 0.035 | 0.965 |
| 6:06-2nd |  | 31 | 49 | 0.034 | 0.966 |
| 6:01-2nd |  | 31 | 49 | 0.038 | 0.962 |
| 5:59-2nd |  | 31 | 49 | 0.04 | 0.96 |
| 5:54-2nd |  | 33 | 49 | 0.046 | 0.954 |
| 5:41-2nd |  | 33 | 49 | 0.051 | 0.949 |
| 5:37-2nd |  | 33 | 49 | 0.053 | 0.947 |
| 5:27-2nd |  | 33 | 49 | 0.047 | 0.953 |
| 5:25-2nd |  | 33 | 49 | 0.045 | 0.955 |
| 5:18-2nd |  | 33 | 49 | 0.051 | 0.949 |
| 5:15-2nd |  | 33 | 49 | 0.053 | 0.947 |
| 5:07-2nd |  | 35 | 49 | 0.061 | 0.939 |
| 4:49-2nd |  | 35 | 51 | 0.052 | 0.948 |
| 4:32-2nd |  | 35 | 51 | 0.046 | 0.954 |
| 4:30-2nd |  | 35 | 51 | 0.044 | 0.956 |
| 4:26-2nd |  | 35 | 51 | 0.05 | 0.95 |
| 4:21-2nd |  | 35 | 51 | 0.052 | 0.948 |
| 4:13-2nd |  | 35 | 51 | 0.044 | 0.956 |
| 4:09-2nd |  | 35 | 53 | 0.038 | 0.962 |
| 4:08-2nd |  | 35 | 53 | 0.038 | 0.962 |
| 3:55-2nd |  | 37 | 53 | 0.044 | 0.956 |
| 3:44-2nd |  | 37 | 53 | 0.049 | 0.951 |
| 3:41-2nd |  | 37 | 53 | 0.051 | 0.949 |
| 3:36-2nd |  | 37 | 53 | 0.045 | 0.955 |
| 3:34-2nd |  | 37 | 53 | 0.043 | 0.957 |
| 3:30-2nd |  | 37 | 55 | 0.037 | 0.963 |
| 3:14-2nd |  | 37 | 55 | 0.033 | 0.967 |
| 3:13-2nd |  | 37 | 55 | 0.031 | 0.969 |
| 2:56-2nd |  | 37 | 55 | 0.037 | 0.963 |
| 2:45-2nd |  | 39 | 55 | 0.043 | 0.957 |
| 2:37-2nd |  | 39 | 55 | 0.05 | 0.95 |
| 2:22-2nd |  | 41 | 55 | 0.059 | 0.941 |
| 2:11-2nd |  | 41 | 58 | 0.043 | 0.957 |
| 1:59-2nd |  | 43 | 58 | 0.049 | 0.951 |
| 1:48-2nd |  | 43 | 58 | 0.058 | 0.942 |
| 1:28-2nd |  | 43 | 58 | 0.051 | 0.949 |
| 1:27-2nd |  | 43 | 58 | 0.049 | 0.951 |
| 1:15-2nd |  | 43 | 58 | 0.055 | 0.945 |
| 1:12-2nd |  | 43 | 58 | 0.057 | 0.943 |
| 1:04-2nd |  | 43 | 58 | 0.05 | 0.95 |
| 1:01-2nd |  | 43 | 58 | 0.048 | 0.952 |
| 52.1-2nd |  | 43 | 58 | 0.054 | 0.946 |
| 50.1-2nd |  | 43 | 58 | 0.057 | 0.943 |
| 46.0-2nd |  | 45 | 58 | 0.068 | 0.932 |
| 31.1-2nd |  | 45 | 60 | 0.056 | 0.944 |
| 7.1-2nd |  | 45 | 60 | 0.05 | 0.95 |
| 5.0-2nd |  | 45 | 60 | 0.047 | 0.953 |
| 0.0-2nd |  | 45 | 60 | 0.053 | 0.947 |
| 12:00-3rd |  | 45 | 60 | 0.053 | 0.947 |
| 11:41-3rd |  | 45 | 60 | 0.055 | 0.945 |
| 11:20-3rd |  | 47 | 60 | 0.065 | 0.935 |
| 10:57-3rd |  | 47 | 60 | 0.071 | 0.929 |
| 10:55-3rd |  | 47 | 60 | 0.074 | 0.926 |
| 10:49-3rd |  | 47 | 60 | 0.074 | 0.926 |
| 10:46-3rd |  | 47 | 60 | 0.066 | 0.934 |
| 10:43-3rd |  | 47 | 60 | 0.064 | 0.936 |
| 10:35-3rd |  | 47 | 63 | 0.045 | 0.955 |
| 10:16-3rd |  | 47 | 63 | 0.039 | 0.961 |
| 10:14-3rd |  | 47 | 63 | 0.037 | 0.963 |
| 9:51-3rd |  | 47 | 65 | 0.03 | 0.97 |
| 9:38-3rd |  | 47 | 65 | 0.025 | 0.975 |
| 9:36-3rd |  | 47 | 65 | 0.024 | 0.976 |
| 9:24-3rd |  | 47 | 65 | 0.028 | 0.972 |
| 9:19-3rd |  | 47 | 67 | 0.019 | 0.981 |
| 9:12-3rd |  | 47 | 67 | 0.019 | 0.981 |
| 9:01-3rd |  | 47 | 67 | 0.019 | 0.981 |
| 8:57-3rd |  | 49 | 67 | 0.023 | 0.977 |
| 8:48-3rd |  | 49 | 70 | 0.015 | 0.985 |
| 8:47-3rd |  | 49 | 70 | 0.015 | 0.985 |
| 8:22-3rd |  | 52 | 70 | 0.022 | 0.978 |
| 8:00-3rd |  | 52 | 73 | 0.014 | 0.986 |
| 7:50-3rd |  | 54 | 73 | 0.017 | 0.983 |
| 7:32-3rd |  | 54 | 73 | 0.02 | 0.98 |
| 7:29-3rd |  | 54 | 73 | 0.021 | 0.979 |
| 7:21-3rd |  | 56 | 73 | 0.026 | 0.974 |
| 7:02-3rd |  | 56 | 73 | 0.03 | 0.97 |
| 7:00-3rd |  | 56 | 73 | 0.031 | 0.969 |
| 6:56-3rd |  | 56 | 73 | 0.025 | 0.975 |
| 6:44-3rd |  | 56 | 73 | 0.029 | 0.971 |
| 6:39-3rd |  | 56 | 73 | 0.03 | 0.97 |
| 6:34-3rd |  | 56 | 73 | 0.026 | 0.974 |
| 6:29-3rd |  | 58 | 73 | 0.037 | 0.963 |
| 6:16-3rd |  | 58 | 76 | 0.024 | 0.976 |
| 5:59-3rd |  | 58 | 76 | 0.019 | 0.981 |
| 5:50-3rd |  | 58 | 78 | 0.014 | 0.986 |
| 5:32-3rd |  | 61 | 78 | 0.022 | 0.978 |
| 5:07-3rd |  | 61 | 80 | 0.017 | 0.983 |
| 4:53-3rd |  | 63 | 80 | 0.021 | 0.979 |
| 4:26-3rd |  | 63 | 82 | 0.016 | 0.984 |
| 4:07-3rd |  | 66 | 82 | 0.025 | 0.975 |
| 3:49-3rd |  | 66 | 82 | 0.025 | 0.975 |
| 3:35-3rd |  | 66 | 82 | 0.029 | 0.971 |
| 3:32-3rd |  | 66 | 82 | 0.03 | 0.97 |
| 3:22-3rd |  | 66 | 82 | 0.025 | 0.975 |
| 3:18-3rd |  | 66 | 82 | 0.024 | 0.976 |
| 3:12-3rd |  | 66 | 83 | 0.023 | 0.977 |
| 2:54-3rd |  | 68 | 83 | 0.028 | 0.972 |
| 2:39-3rd |  | 68 | 83 | 0.033 | 0.967 |
| 2:37-3rd |  | 68 | 83 | 0.035 | 0.965 |
| 2:24-3rd |  | 70 | 83 | 0.042 | 0.958 |
| 2:12-3rd |  | 70 | 86 | 0.026 | 0.974 |
| 1:59-3rd |  | 70 | 86 | 0.02 | 0.98 |
| 1:43-3rd |  | 70 | 86 | 0.023 | 0.977 |
| 1:42-3rd |  | 70 | 86 | 0.025 | 0.975 |
| 1:32-3rd |  | 70 | 86 | 0.02 | 0.98 |
| 1:29-3rd |  | 70 | 86 | 0.019 | 0.981 |
| 1:21-3rd |  | 70 | 88 | 0.014 | 0.986 |
| 1:06-3rd |  | 70 | 88 | 0.011 | 0.989 |
| 1:04-3rd |  | 70 | 88 | 0.01 | 0.99 |
| 50.1-3rd |  | 70 | 91 | 0.005 | 0.995 |
| 39.1-3rd |  | 70 | 91 | 0.004 | 0.996 |
| 37.1-3rd |  | 70 | 91 | 0.004 | 0.996 |
| 32.1-3rd |  | 70 | 91 | 0.004 | 0.996 |
| 29.1-3rd |  | 70 | 91 | 0.005 | 0.995 |
| 27.0-3rd |  | 72 | 91 | 0.006 | 0.994 |
| 4.2-3rd |  | 72 | 94 | 0.003 | 0.997 |
| 0.0-3rd |  | 72 | 94 | 0.002 | 0.998 |
| 12:00-4th |  | 72 | 94 | 0.002 | 0.998 |
| 11:46-4th |  | 72 | 94 | 0.003 | 0.997 |
| 11:39-4th |  | 72 | 94 | 0.003 | 0.997 |
| 11:38-4th |  | 72 | 94 | 0.002 | 0.998 |
| 11:26-4th |  | 72 | 94 | 0.003 | 0.997 |
| 11:24-4th |  | 72 | 94 | 0.003 | 0.997 |
| 11:18-4th |  | 72 | 94 | 0.002 | 0.998 |
| 11:15-4th |  | 72 | 94 | 0.002 | 0.998 |
| 11:09-4th |  | 72 | 97 | 0.001 | 0.999 |
| 10:57-4th |  | 72 | 97 | 0.001 | 0.999 |
| 10:46-4th |  | 72 | 97 | 0.001 | 0.999 |
| 10:44-4th |  | 72 | 97 | 0.001 | 0.999 |
| 10:40-4th |  | 72 | 97 | 0.001 | 0.999 |
| 10:36-4th |  | 72 | 97 | 0.001 | 0.999 |
| 10:31-4th |  | 72 | 97 | 0.001 | 0.999 |
| 10:27-4th |  | 72 | 97 | 0.001 | 0.999 |
| 10:13-4th |  | 72 | 97 | 0.001 | 0.999 |
| 10:10-4th |  | 72 | 97 | 0.001 | 0.999 |
| 9:59-4th |  | 72 | 97 | 0.001 | 0.999 |
| 9:36-4th |  | 72 | 99 | 0.001 | 0.999 |
| 9:22-4th |  | 72 | 99 | 0.001 | 0.999 |
| 9:20-4th |  | 72 | 99 | 0.001 | 0.999 |
| 9:14-4th |  | 72 | 99 | 0.001 | 0.999 |
| 9:10-4th |  | 72 | 99 | 0.001 | 0.999 |
| 9:03-4th |  | 72 | 99 | 0.001 | 0.999 |
| 8:58-4th |  | 72 | 99 | 0.001 | 0.999 |
| 8:49-4th |  | 72 | 99 | 0.001 | 0.999 |
| 8:46-4th |  | 72 | 99 | 0.001 | 0.999 |
| 8:45-4th |  | 72 | 99 | 0.001 | 0.999 |
| 8:36-4th |  | 72 | 99 | 0.001 | 0.999 |
| 8:31-4th |  | 72 | 99 | 0.001 | 0.999 |
| 8:24-4th |  | 74 | 99 | 0.001 | 0.999 |
| 8:03-4th |  | 74 | 101 | 0.001 | 0.999 |
| 7:49-4th |  | 74 | 101 | 0.001 | 0.999 |
| 7:45-4th |  | 74 | 101 | 0.001 | 0.999 |
| 7:28-4th |  | 74 | 101 | 0.001 | 0.999 |
| 7:26-4th |  | 74 | 101 | 0.001 | 0.999 |
| 7:14-4th |  | 76 | 101 | 0.001 | 0.999 |
| 6:46-4th |  | 76 | 101 | 0.001 | 0.999 |
| 6:43-4th |  | 76 | 101 | 0.001 | 0.999 |
| 6:30-4th |  | 78 | 101 | 0.001 | 0.999 |
| 6:09-4th |  | 78 | 101 | 0.001 | 0.999 |
| 6:07-4th |  | 78 | 101 | 0.001 | 0.999 |
| 6:04-4th |  | 80 | 101 | 0.001 | 0.999 |
| 5:47-4th |  | 80 | 101 | 0.001 | 0.999 |
| 5:30-4th |  | 80 | 101 | 0.001 | 0.999 |
| 5:28-4th |  | 80 | 101 | 0.001 | 0.999 |
| 5:15-4th |  | 80 | 101 | 0.001 | 0.999 |
| 5:12-4th |  | 80 | 101 | 0.001 | 0.999 |
| 4:59-4th |  | 80 | 101 | 0.001 | 0.999 |
| 4:56-4th |  | 80 | 101 | 0.001 | 0.999 |
| 4:36-4th |  | 80 | 103 | 0.001 | 0.999 |
| 4:28-4th |  | 83 | 103 | 0.001 | 0.999 |
| 4:13-4th |  | 83 | 103 | 0.001 | 0.999 |
| 4:05-4th |  | 83 | 103 | 0.001 | 0.999 |
| 4:01-4th |  | 83 | 103 | 0.001 | 0.999 |
| 3:54-4th |  | 83 | 103 | 0.001 | 0.999 |
| 3:48-4th |  | 86 | 103 | 0.001 | 0.999 |
| 3:32-4th |  | 86 | 103 | 0.001 | 0.999 |
| 3:30-4th |  | 86 | 103 | 0.001 | 0.999 |
| 3:20-4th |  | 89 | 103 | 0.002 | 0.998 |
| 3:04-4th |  | 89 | 105 | 0.001 | 0.999 |
| 2:52-4th |  | 89 | 105 | 0.001 | 0.999 |
| 2:46-4th |  | 89 | 108 | 0.001 | 0.999 |
| 2:30-4th |  | 91 | 108 | 0.001 | 0.999 |
| 2:20-4th |  | 91 | 110 | 0.001 | 0.999 |
| 2:09-4th |  | 91 | 110 | 0.001 | 0.999 |
| 2:06-4th |  | 91 | 110 | 0.001 | 0.999 |
| 1:48-4th |  | 91 | 113 | 0.001 | 0.999 |
| 1:38-4th |  | 91 | 113 | 0.001 | 0.999 |
| 1:35-4th |  | 91 | 113 | 0.001 | 0.999 |
| 1:31-4th |  | 91 | 113 | 0.001 | 0.999 |
| 1:28-4th |  | 91 | 113 | 0.001 | 0.999 |
| 1:26-4th |  | 91 | 113 | 0.001 | 0.999 |
| 1:23-4th |  | 91 | 113 | 0.001 | 0.999 |
| 1:19-4th |  | 91 | 113 | 0.001 | 0.999 |
| 1:13-4th |  | 91 | 113 | 0.001 | 0.999 |
| 1:07-4th |  | 91 | 113 | 0.001 | 0.999 |
| 1:03-4th |  | 91 | 113 | 0.001 | 0.999 |
| 58.1-4th |  | 91 | 113 | 0.001 | 0.999 |
| 57.1-4th |  | 91 | 115 | 0.001 | 0.999 |
| 49.1-4th |  | 93 | 115 | 0.001 | 0.999 |
| 24.1-4th |  | 93 | 115 | 0.001 | 0.999 |
| 0.1-4th |  | 93 | 115 | 0.001 | 0.999 |
| 0.0-4th |  | 93 | 115 | 0.0 | 1.0 |

Question

Which event most likely happened at the marked missing position?

Answer Choices

A. Player 16 (Team A) enters the game for Player 2 (Team B)
B. Player 10 (Team A) makes 25-foot three point shot (Player 10 (Team B) assists)
C. Player 5 (Team A) makes 18-foot two point shot
D. Player 3 (Team A) misses driving floating jump shot

Response Format

Return exactly one JSON object:

{
  "answer": "<A|B|C|D>",
  "rationale": "<brief evidence-based justification in 1-3 sentences>",
  "evidence_event_ids": [],
  "evidence_series_times": []
}

Use only event IDs and time labels that are provided above and that support the answer. Use an empty array when the corresponding evidence type is unavailable or unused. Return only the JSON object.
