Task

Reconstruct the missing event in this basketball game. Use the available numerical time-series evidence around the marked row to select the most likely event.

Game

Team A versus Team B, season 22-23.

Time Series

| Game time | Marker | Team A score | Team B score | Team A win probability | Team B win probability |
| --- | --- | --- | --- | --- | --- |
| 12:00-1st |  | 0 | 0 | 0.435 | 0.565 |
| 11:43-1st |  | 0 | 2 | 0.407 | 0.593 |
| 11:20-1st |  | 0 | 2 | 0.39 | 0.61 |
| 11:18-1st |  | 0 | 2 | 0.407 | 0.593 |
| 11:17-1st |  | 3 | 2 | 0.458 | 0.542 |
| 11:05-1st |  | 3 | 4 | 0.434 | 0.566 |
| 10:53-1st |  | 3 | 4 | 0.412 | 0.588 |
| 10:50-1st |  | 3 | 4 | 0.405 | 0.595 |
| 10:46-1st |  | 3 | 4 | 0.427 | 0.573 |
| 10:43-1st |  | 3 | 4 | 0.434 | 0.566 |
| 10:32-1st |  | 3 | 4 | 0.412 | 0.588 |
| 10:28-1st |  | 3 | 4 | 0.435 | 0.565 |
| 10:26-1st |  | 6 | 4 | 0.486 | 0.514 |
| 10:10-1st |  | 6 | 6 | 0.457 | 0.543 |
| 9:52-1st |  | 8 | 6 | 0.487 | 0.513 |
| 9:27-1st |  | 8 | 6 | 0.506 | 0.494 |
| 9:24-1st |  | 8 | 6 | 0.487 | 0.513 |
| 9:23-1st |  | 8 | 9 | 0.436 | 0.564 |
| 9:05-1st |  | 8 | 9 | 0.414 | 0.586 |
| 9:02-1st |  | 8 | 9 | 0.437 | 0.563 |
| 8:49-1st |  | 8 | 9 | 0.414 | 0.586 |
| 8:46-1st |  | 8 | 9 | 0.406 | 0.594 |
| 8:41-1st |  | 8 | 12 | 0.363 | 0.637 |
| 8:39-1st |  | 8 | 12 | 0.363 | 0.637 |
| 8:19-1st |  | 8 | 12 | 0.343 | 0.657 |
| 8:17-1st |  | 8 | 12 | 0.337 | 0.663 |
| 8:12-1st |  | 8 | 12 | 0.356 | 0.644 |
| 8:08-1st |  | 8 | 12 | 0.337 | 0.663 |
| 8:05-1st |  | 8 | 12 | 0.356 | 0.644 |
| 8:00-1st |  | 8 | 12 | 0.363 | 0.637 |
| 7:56-1st |  | 10 | 12 | 0.387 | 0.613 |
| 7:43-1st |  | 10 | 14 | 0.363 | 0.637 |
| 7:26-1st |  | 13 | 14 | 0.411 | 0.589 |
| 7:04-1st |  | 13 | 17 | 0.362 | 0.638 |
| 6:45-1st |  | 13 | 17 | 0.343 | 0.657 |
| 6:44-1st |  | 13 | 17 | 0.361 | 0.639 |
| 6:39-1st |  | 15 | 17 | 0.412 | 0.588 |
| 6:34-1st |  | 17 | 17 | 0.438 | 0.562 |
| 6:21-1st |  | 17 | 17 | 0.457 | 0.543 |
| 6:18-1st |  | 17 | 17 | 0.457 | 0.543 |
| 6:17-1st |  | 17 | 17 | 0.464 | 0.536 |
| 6:08-1st |  | 17 | 17 | 0.445 | 0.555 |
| 6:06-1st |  | 17 | 17 | 0.438 | 0.562 |
| 5:58-1st |  | 17 | 19 | 0.413 | 0.587 |
| 5:38-1st |  | 17 | 19 | 0.393 | 0.607 |
| 5:34-1st |  | 17 | 19 | 0.386 | 0.614 |
| 5:28-1st |  | 17 | 22 | 0.338 | 0.662 |
| 5:13-1st |  | 19 | 22 | 0.361 | 0.639 |
| 5:01-1st |  | 19 | 24 | 0.336 | 0.664 |
| 4:44-1st |  | 19 | 24 | 0.317 | 0.683 |
| 4:41-1st |  | 19 | 24 | 0.31 | 0.69 |
| 4:22-1st |  | 19 | 26 | 0.29 | 0.71 |
| 4:06-1st |  | 19 | 26 | 0.27 | 0.73 |
| 4:02-1st |  | 19 | 26 | 0.263 | 0.737 |
| 3:56-1st |  | 19 | 28 | 0.244 | 0.756 |
| 3:35-1st |  | 19 | 28 | 0.227 | 0.773 |
| 3:32-1st |  | 19 | 28 | 0.221 | 0.779 |
| 3:25-1st |  | 19 | 28 | 0.238 | 0.762 |
| 3:22-1st |  | 19 | 28 | 0.243 | 0.757 |
| 3:07-1st |  | 22 | 28 | 0.287 | 0.713 |
| 2:45-1st |  | 22 | 30 | 0.265 | 0.735 |
| 2:22-1st |  | 22 | 30 | 0.247 | 0.753 |
| 2:19-1st |  | 22 | 30 | 0.24 | 0.76 |
| 2:11-1st |  | 22 | 30 | 0.265 | 0.735 |
| 2:07-1st |  | 24 | 30 | 0.286 | 0.714 |
| 1:53-1st |  | 24 | 30 | 0.25 | 0.75 |
| 1:49-1st |  | 24 | 32 | 0.265 | 0.735 |
| 1:33-1st |  | 24 | 32 | 0.238 | 0.762 |
| 1:21-1st |  | 24 | 32 | 0.257 | 0.743 |
| 1:19-1st |  | 24 | 32 | 0.238 | 0.762 |
| 1:11-1st |  | 24 | 32 | 0.257 | 0.743 |
| 1:10-1st |  | 24 | 32 | 0.238 | 0.762 |
| 50.0-1st |  | 27 | 32 | 0.312 | 0.688 |
| 38.2-1st |  | 27 | 32 | 0.331 | 0.669 |
| 35.0-1st |  | 27 | 32 | 0.337 | 0.663 |
| 31.1-1st |  | 30 | 32 | 0.387 | 0.613 |
| 27.0-1st |  | 30 | 32 | 0.415 | 0.585 |
| 5.1-1st |  | 32 | 32 | 0.444 | 0.556 |
| 1.1-1st |  | 32 | 32 | 0.474 | 0.526 |
| 0.0-1st |  | 32 | 32 | 0.459 | 0.541 |
| 12:00-2nd |  | 32 | 32 | 0.459 | 0.541 |
| 11:42-2nd |  | 32 | 32 | 0.473 | 0.527 |
| 11:32-2nd |  | 34 | 32 | 0.504 | 0.496 |
| 11:14-2nd |  | 34 | 32 | 0.527 | 0.473 |
| 11:10-2nd |  | 34 | 32 | 0.534 | 0.466 |
| 10:59-2nd |  | 34 | 32 | 0.533 | 0.467 |
| 10:49-2nd |  | 34 | 32 | 0.511 | 0.489 |
| 10:43-2nd |  | 34 | 32 | 0.504 | 0.496 |
| 10:37-2nd |  | 34 | 32 | 0.527 | 0.473 |
| 10:34-2nd |  | 34 | 32 | 0.535 | 0.465 |
| 10:31-2nd |  | 34 | 32 | 0.512 | 0.488 |
| 10:28-2nd |  | 34 | 32 | 0.504 | 0.496 |
| 10:21-2nd |  | 34 | 35 | 0.445 | 0.555 |
| 10:04-2nd |  | 35 | 35 | 0.445 | 0.555 |
| 9:53-2nd |  | 35 | 35 | 0.468 | 0.532 |
| 9:51-2nd |  | 35 | 35 | 0.475 | 0.525 |
| 9:47-2nd |  | 35 | 35 | 0.445 | 0.555 |
| 9:39-2nd |  | 35 | 35 | 0.468 | 0.532 |
| 9:36-2nd |  | 35 | 35 | 0.476 | 0.524 |
| 9:31-2nd |  | 35 | 35 | 0.453 | 0.547 |
| 9:28-2nd |  | 35 | 35 | 0.446 | 0.554 |
| 9:15-2nd |  | 35 | 35 | 0.469 | 0.531 |
| 9:11-2nd |  | 35 | 35 | 0.476 | 0.524 |
| 8:54-2nd |  | 37 | 35 | 0.505 | 0.495 |
| 8:42-2nd |  | 37 | 35 | 0.539 | 0.461 |
| 8:40-2nd |  | 37 | 35 | 0.539 | 0.461 |
| 8:24-2nd |  | 37 | 35 | 0.507 | 0.493 |
| 8:15-2nd |  | 37 | 35 | 0.532 | 0.468 |
| 8:12-2nd |  | 37 | 35 | 0.54 | 0.46 |
| 8:03-2nd |  | 39 | 35 | 0.569 | 0.431 |
| 7:56-2nd |  | 39 | 35 | 0.593 | 0.407 |
| 7:52-2nd |  | 39 | 35 | 0.6 | 0.4 |
| 7:37-2nd |  | 39 | 35 | 0.578 | 0.422 |
| 7:34-2nd |  | 39 | 35 | 0.571 | 0.429 |
| 7:30-2nd |  | 39 | 37 | 0.542 | 0.458 |
| 7:10-2nd |  | 39 | 37 | 0.519 | 0.481 |
| 7:09-2nd |  | 39 | 37 | 0.511 | 0.489 |
| 7:01-2nd |  | 39 | 39 | 0.481 | 0.519 |
| 6:46-2nd |  | 39 | 39 | 0.527 | 0.473 |
| 6:35-2nd |  | 40 | 39 | 0.481 | 0.519 |
| 6:33-2nd |  | 40 | 39 | 0.481 | 0.519 |
| 6:14-2nd |  | 40 | 39 | 0.503 | 0.497 |
| 6:12-2nd |  | 40 | 39 | 0.511 | 0.489 |
| 6:00-2nd |  | 42 | 39 | 0.542 | 0.458 |
| 5:43-2nd |  | 42 | 39 | 0.566 | 0.434 |
| 5:41-2nd |  | 42 | 39 | 0.574 | 0.426 |
| 5:32-2nd |  | 42 | 39 | 0.551 | 0.449 |
| 5:30-2nd |  | 42 | 39 | 0.543 | 0.457 |
| 5:26-2nd |  | 42 | 39 | 0.567 | 0.433 |
| 5:22-2nd |  | 42 | 39 | 0.575 | 0.425 |
| 5:07-2nd |  | 42 | 39 | 0.552 | 0.448 |
| 5:04-2nd |  | 42 | 39 | 0.544 | 0.456 |
| 4:43-2nd |  | 42 | 39 | 0.569 | 0.431 |
| 4:40-2nd |  | 42 | 39 | 0.577 | 0.423 |
| 4:34-2nd |  | 42 | 39 | 0.554 | 0.446 |
| 4:31-2nd |  | 42 | 39 | 0.546 | 0.454 |
| 4:22-2nd |  | 42 | 39 | 0.57 | 0.43 |
| 4:19-2nd |  | 42 | 39 | 0.578 | 0.422 |
| 4:09-2nd |  | 44 | 39 | 0.612 | 0.388 |
| 3:48-2nd |  | 44 | 39 | 0.639 | 0.361 |
| 3:45-2nd |  | 44 | 39 | 0.647 | 0.353 |
| 3:39-2nd |  | 44 | 39 | 0.623 | 0.377 |
| 3:35-2nd |  | 44 | 39 | 0.614 | 0.386 |
| 3:32-2nd |  | 44 | 39 | 0.64 | 0.36 |
| 3:30-2nd |  | 44 | 39 | 0.615 | 0.385 |
| 3:29-2nd |  | 44 | 41 | 0.581 | 0.419 |
| 3:08-2nd |  | 45 | 41 | 0.585 | 0.415 |
| 3:05-2nd |  | 45 | 41 | 0.585 | 0.415 |
| 2:52-2nd |  | 45 | 41 | 0.61 | 0.39 |
| 2:49-2nd |  | 45 | 41 | 0.619 | 0.381 |
| 2:42-2nd |  | 45 | 41 | 0.594 | 0.406 |
| 2:40-2nd |  | 45 | 41 | 0.586 | 0.414 |
| 2:31-2nd |  | 45 | 41 | 0.612 | 0.388 |
| 2:30-2nd |  | 45 | 41 | 0.612 | 0.388 |
| 2:29-2nd |  | 45 | 41 | 0.587 | 0.413 |
| 2:27-2nd |  | 45 | 43 | 0.552 | 0.448 |
| 2:09-2nd |  | 48 | 43 | 0.62 | 0.38 |
| 1:58-2nd |  | 48 | 43 | 0.647 | 0.353 |
| 1:53-2nd |  | 48 | 43 | 0.656 | 0.344 |
| 1:46-2nd |  | 50 | 43 | 0.687 | 0.313 |
| 1:29-2nd |  | 50 | 45 | 0.658 | 0.342 |
| 1:08-2nd |  | 52 | 43 | 0.75 | 0.25 |
| 58.1-2nd |  | 52 | 45 | 0.714 | 0.286 |
| 54.1-2nd |  | 52 | 45 | 0.722 | 0.278 |
| 35.0-2nd |  | 52 | 45 | 0.7 | 0.3 |
| 32.1-2nd |  | 52 | 45 | 0.693 | 0.307 |
| 10.1-2nd |  | 52 | 48 | 0.629 | 0.371 |
| 0.1-2nd |  | 54 | 48 | 0.66 | 0.34 |
| 0.0-2nd |  | 54 | 48 | 0.677 | 0.323 |
| 12:00-3rd |  | 54 | 48 | 0.677 | 0.323 |
| 11:42-3rd |  | 54 | 48 | 0.675 | 0.325 |
| 11:38-3rd |  | 54 | 48 | 0.667 | 0.333 |
| 11:21-3rd |  | 54 | 48 | 0.695 | 0.305 |
| 11:19-3rd |  | 54 | 48 | 0.705 | 0.295 |
| 11:02-3rd |  | 56 | 48 | 0.733 | 0.267 |
| 10:50-3rd |  | 56 | 48 | 0.756 | 0.244 |
| 10:47-3rd |  | 56 | 48 | 0.764 | 0.236 |
| 10:24-3rd |  | 56 | 48 | 0.737 | 0.263 |
| 10:12-3rd |  | 56 | 51 | 0.672 | 0.328 |
| 9:44-3rd |  | 58 | 51 | 0.71 | 0.29 |
| 9:26-3rd |  | 58 | 52 | 0.712 | 0.288 |
| 9:03-3rd |  | 60 | 52 | 0.744 | 0.256 |
| 8:51-3rd |  | 60 | 52 | 0.768 | 0.232 |
| 8:50-3rd |  | 60 | 52 | 0.768 | 0.232 |
| 8:49-3rd |  | 60 | 52 | 0.776 | 0.224 |
| 8:38-3rd |  | 60 | 52 | 0.747 | 0.253 |
| 8:26-3rd |  | 60 | 52 | 0.771 | 0.229 |
| 8:20-3rd |  | 60 | 52 | 0.779 | 0.221 |
| 8:17-3rd |  | 63 | 52 | 0.833 | 0.167 |
| 7:59-3rd |  | 63 | 54 | 0.811 | 0.189 |
| 7:34-3rd |  | 65 | 54 | 0.839 | 0.161 |
| 7:14-3rd |  | 65 | 54 | 0.859 | 0.141 |
| 7:10-3rd |  | 65 | 54 | 0.865 | 0.135 |
| 6:49-3rd |  | 65 | 54 | 0.85 | 0.15 |
| 6:45-3rd |  | 65 | 54 | 0.868 | 0.132 |
| 6:43-3rd |  | 65 | 54 | 0.845 | 0.155 |
| 6:29-3rd |  | 65 | 56 | 0.822 | 0.178 |
| 6:09-3rd |  | 65 | 56 | 0.794 | 0.206 |
| 6:06-3rd |  | 65 | 56 | 0.794 | 0.206 |
| 5:50-3rd |  | 65 | 56 | 0.819 | 0.181 |
| 5:47-3rd |  | 65 | 56 | 0.797 | 0.203 |
| 5:46-3rd |  | 65 | 56 | 0.828 | 0.172 |
| 5:33-3rd |  | 65 | 59 | 0.737 | 0.263 |
| 5:09-3rd |  | 65 | 59 | 0.739 | 0.261 |
| 4:55-3rd |  | 65 | 59 | 0.712 | 0.288 |
| 4:53-3rd |  | 65 | 59 | 0.702 | 0.298 |
| 4:31-3rd |  | 65 | 59 | 0.734 | 0.266 |
| 4:29-3rd |  | 65 | 59 | 0.744 | 0.256 |
| 4:15-3rd |  | 67 | 59 | 0.78 | 0.22 |
| 3:56-3rd |  | 67 | 61 | 0.748 | 0.252 |
| 3:36-3rd |  | 67 | 61 | 0.722 | 0.278 |
| 3:32-3rd |  | 67 | 61 | 0.712 | 0.288 |
| 3:29-3rd |  | 67 | 64 | 0.635 | 0.365 |
| 3:27-3rd |  | 68 | 64 | 0.677 | 0.323 |
| 3:05-3rd |  | 71 | 64 | 0.756 | 0.244 |
| 2:37-3rd |  | 71 | 64 | 0.796 | 0.204 |
| 2:15-3rd |  | 71 | 64 | 0.763 | 0.237 |
| 2:10-3rd |  | 71 | 67 | 0.688 | 0.312 |
| 1:47-3rd |  | 71 | 67 | 0.656 | 0.344 |
| 1:45-3rd |  | 71 | 67 | 0.644 | 0.356 |
| 1:33-3rd |  | 71 | 67 | 0.681 | 0.319 |
| 1:31-3rd |  | 71 | 67 | 0.693 | 0.307 |
| 1:22-3rd |  | 71 | 67 | 0.659 | 0.341 |
| 1:19-3rd |  | 71 | 67 | 0.647 | 0.353 |
| 1:07-3rd |  | 71 | 69 | 0.603 | 0.397 |
| 51.1-3rd |  | 73 | 69 | 0.65 | 0.35 |
| 28.1-3rd |  | 73 | 69 | 0.689 | 0.311 |
| 25.0-3rd |  | 73 | 69 | 0.701 | 0.299 |
| 6.0-3rd |  | 73 | 69 | 0.763 | 0.237 |
| 2.1-3rd |  | 76 | 69 | 0.782 | 0.218 |
| 0.0-3rd |  | 76 | 69 | 0.818 | 0.182 |
| 12:00-4th |  | 76 | 69 | 0.818 | 0.182 |
| 11:39-4th |  | 76 | 72 | 0.71 | 0.29 |
| 11:12-4th |  | 78 | 72 | 0.795 | 0.205 |
| 10:53-4th |  | 78 | 74 | 0.717 | 0.283 |
| 10:36-4th |  | 78 | 74 | 0.68 | 0.32 |
| 10:34-4th |  | 78 | 74 | 0.667 | 0.333 |
| 10:15-4th |  | 78 | 76 | 0.622 | 0.378 |
| 9:58-4th |  | 78 | 76 | 0.572 | 0.428 |
| 9:52-4th |  | 78 | 76 | 0.612 | 0.388 |
| 9:49-4th |  | 78 | 76 | 0.625 | 0.375 |
| 9:27-4th |  | 81 | 76 | 0.726 | 0.274 |
| 9:16-4th |  | 81 | 78 | 0.677 | 0.323 |
| 8:52-4th |  | 84 | 78 | 0.775 | 0.225 |
| 8:29-4th |  | 84 | 79 | 0.773 | 0.227 |
| 8:03-4th |  | 84 | 79 | 0.741 | 0.259 |
| 8:01-4th |  | 84 | 79 | 0.729 | 0.271 |
| 7:55-4th |  | 84 | 81 | 0.682 | 0.318 |
| 7:30-4th |  | 86 | 81 | 0.742 | 0.258 |
| 7:14-4th |  | 86 | 81 | 0.782 | 0.218 |
| 7:11-4th |  | 86 | 81 | 0.795 | 0.205 |
| 6:55-4th |  | 89 | 81 | 0.874 | 0.126 |
| 6:54-4th |  | 89 | 81 | 0.875 | 0.125 |
| 6:36-4th |  | 89 | 83 | 0.841 | 0.159 |
| 6:11-4th |  | 89 | 83 | 0.817 | 0.183 |
| 6:09-4th |  | 89 | 83 | 0.806 | 0.194 |
| 5:59-4th |  | 89 | 83 | 0.852 | 0.148 |
| 5:39-4th |  | 89 | 83 | 0.826 | 0.174 |
| 5:36-4th |  | 89 | 83 | 0.816 | 0.184 |
| 5:26-4th |  | 89 | 83 | 0.862 | 0.138 |
| 5:10-4th |  | 92 | 83 | 0.927 | 0.073 |
| 4:56-4th |  | 92 | 83 | 0.931 | 0.069 |
| 4:48-4th |  | 92 | 83 | 0.949 | 0.051 |
| 4:45-4th |  | 92 | 83 | 0.934 | 0.066 |
| 4:44-4th |  | 92 | 83 | 0.95 | 0.05 |
| 4:42-4th |  | 92 | 83 | 0.955 | 0.045 |
| 4:38-4th |  | 92 | 83 | 0.936 | 0.064 |
| 4:35-4th |  | 92 | 86 | 0.877 | 0.123 |
| 4:11-4th |  | 92 | 86 | 0.852 | 0.148 |
| 4:09-4th |  | 92 | 86 | 0.842 | 0.158 |
| 4:01-4th |  | 92 | 86 | 0.876 | 0.124 |
| 3:56-4th |  | 92 | 86 | 0.889 | 0.111 |
| 3:51-4th |  | 92 | 86 | 0.859 | 0.141 |
| 3:47-4th |  | 92 | 86 | 0.893 | 0.107 |
| 3:34-4th |  | 95 | 86 | 0.953 | 0.047 |
| 3:32-4th |  | 95 | 86 | 0.953 | 0.047 |
| 3:18-4th |  | 95 | 89 | 0.906 | 0.094 |
| 3:14-4th |  | 95 | 89 | 0.907 | 0.093 |
| 2:54-4th |  | 95 | 89 | 0.887 | 0.113 |
| 2:51-4th |  | 95 | 89 | 0.879 | 0.121 |
| 2:47-4th |  | 95 | 91 | 0.834 | 0.166 |
| 2:28-4th |  | 95 | 91 | 0.797 | 0.203 |
| 2:24-4th |  | 95 | 91 | 0.848 | 0.152 |
| 2:23-4th |  | 95 | 91 | 0.854 | 0.146 |
| 2:08-4th |  | 95 | 91 | 0.812 | 0.188 |
| 2:02-4th |  | 95 | 91 | 0.8 | 0.2 |
| 1:44-4th |  | 95 | 91 | 0.854 | 0.146 |
| 1:40-4th |  | 95 | 91 | 0.805 | 0.195 |
| 1:39-4th |  | 95 | 91 | 0.856 | 0.144 |
| 1:34-4th |  | 95 | 91 | 0.875 | 0.125 |
| 1:14-4th |  | 96 | 91 | 0.894 | 0.106 |
| 1:09-4th |  | 96 | 91 | 0.939 | 0.061 |
| 56.1-4th |  | 96 | 91 | 0.901 | 0.099 |
| 47.1-4th |  | 96 | 93 | 0.868 | 0.132 |
| 39.1-4th |  | 96 | 93 | 0.791 | 0.209 |
| 28.1-4th |  | 96 | 93 | 0.824 | 0.176 |
| 24.2-4th |  | 96 | 93 | 0.811 | 0.189 |
| 19.1-4th |  | 96 | 95 | 0.762 | 0.238 |
| 12.0-4th |  | 97 | 95 | 0.727 | 0.273 |
| 9.1-4th | TARGET | 99 | 95 | 0.921 | 0.079 |
| 6.1-4th |  | 99 | 95 | 0.972 | 0.028 |
| 3.0-4th |  | 99 | 95 | 0.99 | 0.01 |
| 0.0-4th |  | 99 | 95 | 1.0 | 0.0 |

Question

Which event most likely happened at the marked missing position?

Answer Choices

A. Player 18 (Team B) bad pass (Player 6 (Team A) steals)
B. Player 18 (Team B) enters the game for Player 3 (Team A)
C. Team A offensive team rebound | Player 7 (Team B) personal foul | Player 7 (Team A) makes free throw 1 of 2 | Player 7 (Team A) makes free throw 2 of 2 | Team B Full timeout | Player 15 (Team B) enters the game for Player 11 (Team B) | Player 2 (Team A) enters the game for Player 7 (Team A)
D. Player 16 (Team B) blocks Player 18 (Team B) 's 11-foot two point shot

Response Format

Return exactly one JSON object:

{
  "answer": "<A|B|C|D>",
  "rationale": "<brief evidence-based justification in 1-3 sentences>",
  "evidence_event_ids": [],
  "evidence_series_times": []
}

Use only event IDs and time labels that are provided above and that support the answer. Use an empty array when the corresponding evidence type is unavailable or unused. Return only the JSON object.
