Task

Reconstruct the missing event in this basketball game. Use the available numerical time-series evidence around the marked row to select the most likely event.

Game

Team A versus Team B, season 22-23.

Time Series

| Game time | Marker | Team A score | Team B score | Team A win probability | Team B win probability |
| --- | --- | --- | --- | --- | --- |
| 12:00-1st |  | 0 | 0 | 0.694 | 0.306 |
| 11:45-1st |  | 0 | 0 | 0.706 | 0.294 |
| 11:43-1st |  | 0 | 0 | 0.693 | 0.307 |
| 11:40-1st |  | 0 | 3 | 0.647 | 0.353 |
| 11:13-1st |  | 3 | 3 | 0.691 | 0.309 |
| 10:51-1st |  | 3 | 3 | 0.703 | 0.297 |
| 10:49-1st |  | 3 | 3 | 0.707 | 0.293 |
| 10:42-1st |  | 5 | 3 | 0.729 | 0.271 |
| 10:25-1st |  | 5 | 3 | 0.743 | 0.257 |
| 10:24-1st |  | 5 | 5 | 0.706 | 0.294 |
| 10:06-1st |  | 5 | 5 | 0.684 | 0.316 |
| 10:03-1st |  | 5 | 5 | 0.704 | 0.296 |
| 9:57-1st |  | 5 | 5 | 0.689 | 0.311 |
| 9:53-1st |  | 5 | 5 | 0.704 | 0.296 |
| 9:52-1st |  | 7 | 5 | 0.725 | 0.275 |
| 9:32-1st |  | 7 | 7 | 0.703 | 0.297 |
| 9:09-1st |  | 9 | 7 | 0.723 | 0.277 |
| 8:49-1st |  | 9 | 9 | 0.7 | 0.3 |
| 8:25-1st |  | 9 | 9 | 0.683 | 0.317 |
| 8:21-1st |  | 9 | 9 | 0.677 | 0.323 |
| 8:14-1st |  | 9 | 10 | 0.676 | 0.324 |
| 7:58-1st |  | 11 | 10 | 0.698 | 0.302 |
| 7:51-1st |  | 11 | 10 | 0.719 | 0.281 |
| 7:36-1st |  | 13 | 10 | 0.74 | 0.26 |
| 7:25-1st |  | 13 | 10 | 0.74 | 0.26 |
| 7:17-1st |  | 13 | 12 | 0.718 | 0.282 |
| 6:59-1st |  | 15 | 12 | 0.739 | 0.261 |
| 6:44-1st |  | 15 | 14 | 0.716 | 0.284 |
| 6:32-1st |  | 15 | 14 | 0.699 | 0.301 |
| 6:29-1st |  | 15 | 14 | 0.693 | 0.307 |
| 6:22-1st |  | 15 | 16 | 0.67 | 0.33 |
| 6:03-1st |  | 15 | 16 | 0.65 | 0.35 |
| 6:00-1st |  | 15 | 16 | 0.644 | 0.356 |
| 5:53-1st |  | 15 | 19 | 0.592 | 0.408 |
| 5:52-1st |  | 15 | 19 | 0.592 | 0.408 |
| 5:37-1st |  | 17 | 19 | 0.617 | 0.383 |
| 5:17-1st |  | 17 | 19 | 0.635 | 0.365 |
| 5:15-1st |  | 17 | 19 | 0.641 | 0.359 |
| 5:01-1st |  | 19 | 19 | 0.665 | 0.335 |
| 4:59-1st |  | 19 | 19 | 0.665 | 0.335 |
| 4:39-1st |  | 19 | 19 | 0.68 | 0.32 |
| 4:35-1st |  | 19 | 19 | 0.685 | 0.315 |
| 4:29-1st |  | 22 | 19 | 0.732 | 0.268 |
| 4:17-1st |  | 22 | 21 | 0.708 | 0.292 |
| 3:49-1st |  | 22 | 21 | 0.688 | 0.312 |
| 3:46-1st |  | 22 | 21 | 0.707 | 0.293 |
| 3:45-1st |  | 24 | 21 | 0.73 | 0.27 |
| 3:33-1st |  | 24 | 23 | 0.706 | 0.294 |
| 3:21-1st |  | 26 | 23 | 0.728 | 0.272 |
| 3:02-1st |  | 26 | 25 | 0.704 | 0.296 |
| 2:48-1st |  | 28 | 25 | 0.727 | 0.273 |
| 2:36-1st |  | 28 | 25 | 0.747 | 0.253 |
| 2:25-1st |  | 31 | 25 | 0.788 | 0.212 |
| 2:15-1st |  | 31 | 25 | 0.788 | 0.212 |
| 2:05-1st |  | 31 | 27 | 0.769 | 0.231 |
| 1:52-1st |  | 33 | 27 | 0.786 | 0.214 |
| 1:31-1st |  | 33 | 29 | 0.766 | 0.234 |
| 1:18-1st |  | 35 | 29 | 0.785 | 0.215 |
| 1:06-1st |  | 35 | 32 | 0.742 | 0.258 |
| 48.0-1st |  | 38 | 32 | 0.784 | 0.216 |
| 37.1-1st |  | 38 | 34 | 0.764 | 0.236 |
| 32.1-1st |  | 38 | 34 | 0.749 | 0.251 |
| 27.1-1st |  | 38 | 34 | 0.744 | 0.256 |
| 8.1-1st |  | 38 | 36 | 0.719 | 0.281 |
| 3.0-1st |  | 41 | 36 | 0.763 | 0.237 |
| 0.0-1st |  | 41 | 36 | 0.771 | 0.229 |
| 12:00-2nd |  | 41 | 36 | 0.771 | 0.229 |
| 11:50-2nd |  | 41 | 36 | 0.762 | 0.238 |
| 11:40-2nd |  | 41 | 38 | 0.742 | 0.258 |
| 11:26-2nd |  | 43 | 38 | 0.762 | 0.238 |
| 11:14-2nd |  | 43 | 41 | 0.718 | 0.282 |
| 11:01-2nd |  | 43 | 41 | 0.692 | 0.308 |
| 10:41-2nd |  | 43 | 43 | 0.665 | 0.335 |
| 10:26-2nd |  | 43 | 43 | 0.663 | 0.337 |
| 10:19-2nd |  | 43 | 43 | 0.641 | 0.359 |
| 10:15-2nd |  | 43 | 43 | 0.634 | 0.366 |
| 10:02-2nd |  | 43 | 43 | 0.655 | 0.345 |
| 9:56-2nd |  | 43 | 43 | 0.662 | 0.338 |
| 9:54-2nd |  | 43 | 43 | 0.632 | 0.368 |
| 9:46-2nd |  | 43 | 43 | 0.654 | 0.346 |
| 9:44-2nd |  | 43 | 43 | 0.631 | 0.369 |
| 9:41-2nd |  | 43 | 45 | 0.604 | 0.396 |
| 9:12-2nd |  | 43 | 45 | 0.58 | 0.42 |
| 9:10-2nd |  | 43 | 45 | 0.573 | 0.427 |
| 9:06-2nd |  | 43 | 47 | 0.542 | 0.458 |
| 8:48-2nd |  | 45 | 47 | 0.571 | 0.429 |
| 8:36-2nd |  | 45 | 49 | 0.539 | 0.461 |
| 8:22-2nd |  | 45 | 49 | 0.504 | 0.496 |
| 8:06-2nd |  | 45 | 49 | 0.536 | 0.464 |
| 8:03-2nd |  | 47 | 49 | 0.567 | 0.433 |
| 7:49-2nd |  | 47 | 49 | 0.587 | 0.413 |
| 7:46-2nd |  | 47 | 49 | 0.594 | 0.406 |
| 7:39-2nd |  | 47 | 49 | 0.572 | 0.428 |
| 7:34-2nd |  | 49 | 49 | 0.621 | 0.379 |
| 7:18-2nd |  | 49 | 49 | 0.644 | 0.356 |
| 7:16-2nd |  | 49 | 49 | 0.652 | 0.348 |
| 7:13-2nd |  | 49 | 49 | 0.62 | 0.38 |
| 7:04-2nd |  | 49 | 52 | 0.563 | 0.437 |
| 6:41-2nd |  | 49 | 52 | 0.536 | 0.464 |
| 6:39-2nd |  | 49 | 52 | 0.528 | 0.472 |
| 6:31-2nd |  | 49 | 54 | 0.495 | 0.505 |
| 6:08-2nd |  | 51 | 54 | 0.525 | 0.475 |
| 5:59-2nd |  | 51 | 55 | 0.524 | 0.476 |
| 5:56-2nd |  | 51 | 55 | 0.524 | 0.476 |
| 5:40-2nd |  | 51 | 55 | 0.496 | 0.504 |
| 5:38-2nd |  | 51 | 55 | 0.487 | 0.513 |
| 5:24-2nd |  | 51 | 57 | 0.455 | 0.545 |
| 5:00-2nd |  | 53 | 57 | 0.483 | 0.517 |
| 4:49-2nd |  | 53 | 57 | 0.508 | 0.492 |
| 4:45-2nd |  | 53 | 57 | 0.516 | 0.484 |
| 4:42-2nd |  | 53 | 57 | 0.481 | 0.519 |
| 4:28-2nd |  | 56 | 57 | 0.578 | 0.422 |
| 4:17-2nd |  | 56 | 57 | 0.601 | 0.399 |
| 4:16-2nd |  | 56 | 57 | 0.577 | 0.423 |
| 4:14-2nd |  | 56 | 59 | 0.546 | 0.454 |
| 4:00-2nd |  | 56 | 59 | 0.518 | 0.482 |
| 3:56-2nd |  | 56 | 59 | 0.509 | 0.491 |
| 3:50-2nd |  | 56 | 59 | 0.535 | 0.465 |
| 3:48-2nd |  | 56 | 59 | 0.544 | 0.456 |
| 3:38-2nd |  | 56 | 59 | 0.516 | 0.484 |
| 3:36-2nd |  | 56 | 59 | 0.542 | 0.458 |
| 3:33-2nd |  | 58 | 59 | 0.573 | 0.427 |
| 3:17-2nd |  | 58 | 61 | 0.54 | 0.46 |
| 2:51-2nd |  | 58 | 61 | 0.511 | 0.489 |
| 2:48-2nd |  | 58 | 61 | 0.502 | 0.498 |
| 2:41-2nd |  | 58 | 63 | 0.468 | 0.532 |
| 2:23-2nd |  | 58 | 63 | 0.438 | 0.562 |
| 2:19-2nd |  | 58 | 63 | 0.429 | 0.571 |
| 2:12-2nd |  | 58 | 65 | 0.395 | 0.605 |
| 2:04-2nd |  | 58 | 65 | 0.358 | 0.642 |
| 1:50-2nd |  | 58 | 65 | 0.383 | 0.617 |
| 1:47-2nd |  | 58 | 65 | 0.392 | 0.608 |
| 1:34-2nd |  | 61 | 65 | 0.458 | 0.542 |
| 1:19-2nd |  | 61 | 67 | 0.422 | 0.578 |
| 1:05-2nd |  | 63 | 67 | 0.455 | 0.545 |
| 53.0-2nd |  | 63 | 67 | 0.453 | 0.547 |
| 47.0-2nd |  | 63 | 71 | 0.351 | 0.649 |
| 37.0-2nd |  | 63 | 71 | 0.326 | 0.674 |
| 33.1-2nd |  | 63 | 71 | 0.318 | 0.682 |
| 27.1-2nd |  | 63 | 71 | 0.34 | 0.66 |
| 23.0-2nd |  | 63 | 71 | 0.315 | 0.685 |
| 15.2-2nd |  | 63 | 72 | 0.311 | 0.689 |
| 0.0-2nd |  | 65 | 72 | 0.362 | 0.638 |
| 12:00-3rd |  | 65 | 72 | 0.362 | 0.638 |
| 11:44-3rd |  | 65 | 72 | 0.342 | 0.658 |
| 11:41-3rd |  | 65 | 72 | 0.332 | 0.668 |
| 11:36-3rd |  | 65 | 74 | 0.3 | 0.7 |
| 11:09-3rd |  | 67 | 74 | 0.327 | 0.673 |
| 10:48-3rd |  | 67 | 76 | 0.292 | 0.708 |
| 10:25-3rd |  | 69 | 76 | 0.321 | 0.679 |
| 10:11-3rd |  | 69 | 78 | 0.287 | 0.713 |
| 9:53-3rd |  | 71 | 78 | 0.316 | 0.684 |
| 9:34-3rd |  | 71 | 78 | 0.341 | 0.659 |
| 9:32-3rd |  | 71 | 78 | 0.313 | 0.687 |
| 9:31-3rd |  | 71 | 78 | 0.35 | 0.65 |
| 9:20-3rd |  | 73 | 78 | 0.389 | 0.611 |
| 9:02-3rd |  | 73 | 78 | 0.412 | 0.588 |
| 8:59-3rd |  | 73 | 78 | 0.42 | 0.58 |
| 8:44-3rd |  | 75 | 78 | 0.457 | 0.543 |
| 8:30-3rd |  | 75 | 79 | 0.457 | 0.543 |
| 8:14-3rd |  | 75 | 79 | 0.426 | 0.574 |
| 8:10-3rd |  | 75 | 79 | 0.416 | 0.584 |
| 8:06-3rd |  | 75 | 79 | 0.416 | 0.584 |
| 7:52-3rd |  | 75 | 81 | 0.378 | 0.622 |
| 7:33-3rd |  | 78 | 81 | 0.45 | 0.55 |
| 7:10-3rd |  | 78 | 83 | 0.409 | 0.591 |
| 6:55-3rd |  | 81 | 83 | 0.485 | 0.515 |
| 6:36-3rd |  | 81 | 83 | 0.514 | 0.486 |
| 6:35-3rd |  | 81 | 83 | 0.482 | 0.518 |
| 6:34-3rd |  | 81 | 85 | 0.441 | 0.559 |
| 6:26-3rd |  | 83 | 85 | 0.48 | 0.52 |
| 6:06-3rd |  | 83 | 88 | 0.398 | 0.602 |
| 5:49-3rd |  | 83 | 88 | 0.364 | 0.636 |
| 5:47-3rd |  | 83 | 88 | 0.395 | 0.605 |
| 5:45-3rd |  | 83 | 88 | 0.363 | 0.637 |
| 5:39-3rd |  | 83 | 88 | 0.352 | 0.648 |
| 5:30-3rd |  | 83 | 90 | 0.312 | 0.688 |
| 5:03-3rd |  | 86 | 90 | 0.387 | 0.613 |
| 4:43-3rd |  | 86 | 90 | 0.427 | 0.573 |
| 4:28-3rd |  | 88 | 90 | 0.467 | 0.533 |
| 4:11-3rd |  | 88 | 90 | 0.497 | 0.503 |
| 4:08-3rd |  | 88 | 90 | 0.507 | 0.493 |
| 4:00-3rd |  | 90 | 90 | 0.549 | 0.451 |
| 3:46-3rd |  | 90 | 90 | 0.593 | 0.407 |
| 3:33-3rd |  | 93 | 90 | 0.672 | 0.328 |
| 3:17-3rd |  | 93 | 93 | 0.591 | 0.409 |
| 2:54-3rd |  | 93 | 93 | 0.543 | 0.457 |
| 2:28-3rd |  | 93 | 93 | 0.576 | 0.424 |
| 2:25-3rd |  | 93 | 93 | 0.588 | 0.412 |
| 2:09-3rd |  | 95 | 93 | 0.631 | 0.369 |
| 1:49-3rd |  | 95 | 93 | 0.662 | 0.338 |
| 1:43-3rd |  | 95 | 93 | 0.672 | 0.328 |
| 1:35-3rd |  | 95 | 93 | 0.641 | 0.359 |
| 1:31-3rd |  | 95 | 93 | 0.631 | 0.369 |
| 1:19-3rd |  | 95 | 93 | 0.661 | 0.339 |
| 1:17-3rd |  | 95 | 93 | 0.671 | 0.329 |
| 1:08-3rd |  | 98 | 93 | 0.75 | 0.25 |
| 50.0-3rd |  | 98 | 95 | 0.715 | 0.285 |
| 33.1-3rd |  | 98 | 95 | 0.682 | 0.318 |
| 28.2-3rd |  | 98 | 95 | 0.671 | 0.329 |
| 7.1-3rd |  | 98 | 95 | 0.715 | 0.285 |
| 0.2-3rd |  | 98 | 95 | 0.661 | 0.339 |
| 0.0-3rd |  | 98 | 95 | 0.685 | 0.315 |
| 12:00-4th |  | 98 | 95 | 0.685 | 0.315 |
| 11:46-4th |  | 98 | 95 | 0.708 | 0.292 |
| 11:41-4th |  | 98 | 95 | 0.721 | 0.279 |
| 11:40-4th |  | 98 | 95 | 0.681 | 0.319 |
| 11:38-4th |  | 98 | 95 | 0.721 | 0.279 |
| 11:37-4th |  | 98 | 95 | 0.681 | 0.319 |
| 11:36-4th |  | 98 | 95 | 0.721 | 0.279 |
| 11:35-4th |  | 100 | 95 | 0.756 | 0.244 |
| 11:16-4th |  | 100 | 95 | 0.79 | 0.21 |
| 11:06-4th | TARGET | 100 | 98 | 0.673 | 0.327 |
| 10:56-4th |  | 100 | 98 | 0.627 | 0.373 |
| 10:38-4th |  | 100 | 100 | 0.572 | 0.428 |
| 10:14-4th |  | 102 | 100 | 0.626 | 0.374 |
| 10:04-4th |  | 102 | 100 | 0.607 | 0.393 |
| 9:50-4th |  | 102 | 100 | 0.656 | 0.344 |
| 9:48-4th |  | 102 | 100 | 0.67 | 0.33 |
| 9:39-4th |  | 104 | 100 | 0.717 | 0.283 |
| 9:25-4th |  | 104 | 103 | 0.619 | 0.381 |
| 9:09-4th |  | 106 | 103 | 0.667 | 0.333 |
| 8:54-4th |  | 106 | 103 | 0.708 | 0.292 |
| 8:51-4th |  | 106 | 103 | 0.722 | 0.278 |
| 8:40-4th |  | 108 | 103 | 0.77 | 0.23 |
| 8:34-4th |  | 108 | 103 | 0.757 | 0.243 |
| 8:28-4th |  | 108 | 103 | 0.807 | 0.193 |
| 8:17-4th |  | 108 | 103 | 0.82 | 0.18 |
| 8:05-4th |  | 108 | 103 | 0.783 | 0.217 |
| 8:01-4th |  | 108 | 103 | 0.814 | 0.186 |
| 7:50-4th |  | 108 | 103 | 0.785 | 0.215 |
| 7:45-4th |  | 108 | 103 | 0.776 | 0.224 |
| 7:44-4th |  | 108 | 103 | 0.76 | 0.24 |
| 7:33-4th |  | 108 | 105 | 0.724 | 0.276 |
| 7:08-4th |  | 110 | 105 | 0.775 | 0.225 |
| 6:47-4th |  | 110 | 108 | 0.676 | 0.324 |
| 6:29-4th |  | 113 | 108 | 0.783 | 0.217 |
| 6:00-4th |  | 113 | 108 | 0.822 | 0.178 |
| 5:55-4th |  | 113 | 110 | 0.74 | 0.26 |
| 5:52-4th |  | 113 | 110 | 0.748 | 0.252 |
| 5:44-4th |  | 115 | 110 | 0.798 | 0.202 |
| 5:20-4th |  | 115 | 110 | 0.836 | 0.164 |
| 5:19-4th |  | 115 | 110 | 0.848 | 0.152 |
| 5:08-4th |  | 115 | 110 | 0.816 | 0.184 |
| 5:06-4th |  | 115 | 110 | 0.805 | 0.195 |
| 4:55-4th |  | 115 | 110 | 0.842 | 0.158 |
| 4:52-4th |  | 115 | 110 | 0.854 | 0.146 |
| 4:29-4th |  | 117 | 110 | 0.894 | 0.106 |
| 4:08-4th |  | 117 | 113 | 0.817 | 0.183 |
| 3:47-4th |  | 119 | 113 | 0.874 | 0.126 |
| 3:31-4th |  | 119 | 115 | 0.827 | 0.173 |
| 3:08-4th |  | 122 | 115 | 0.916 | 0.084 |
| 2:47-4th |  | 122 | 117 | 0.89 | 0.11 |
| 2:24-4th |  | 125 | 117 | 0.954 | 0.046 |
| 2:11-4th |  | 125 | 117 | 0.97 | 0.03 |
| 2:09-4th |  | 125 | 117 | 0.975 | 0.025 |
| 1:50-4th |  | 127 | 117 | 0.988 | 0.012 |
| 1:33-4th |  | 127 | 117 | 0.994 | 0.006 |
| 1:30-4th |  | 127 | 117 | 0.991 | 0.009 |
| 1:28-4th |  | 127 | 117 | 0.995 | 0.005 |
| 1:25-4th |  | 127 | 117 | 0.996 | 0.004 |
| 1:09-4th |  | 129 | 117 | 0.999 | 0.001 |
| 1:01-4th |  | 129 | 120 | 0.996 | 0.004 |
| 47.1-4th |  | 131 | 120 | 0.999 | 0.001 |
| 37.2-4th |  | 131 | 120 | 0.999 | 0.001 |
| 34.1-4th |  | 131 | 120 | 0.999 | 0.001 |
| 31.1-4th |  | 131 | 120 | 0.999 | 0.001 |
| 26.0-4th |  | 131 | 123 | 0.997 | 0.003 |
| 9.1-4th |  | 131 | 123 | 0.998 | 0.002 |
| 7.0-4th |  | 131 | 126 | 0.99 | 0.01 |
| 6.1-4th |  | 131 | 126 | 0.991 | 0.009 |
| 5.1-4th |  | 131 | 126 | 0.978 | 0.022 |
| 2.1-4th |  | 131 | 126 | 0.99 | 0.01 |
| 0.0-4th |  | 131 | 126 | 1.0 | 0.0 |

Question

Which event most likely happened at the marked missing position?

Answer Choices

A. Player 7 (Team B) offensive rebound | Player 12 (Team B) makes 25-foot three point jumper (Player 7 (Team B) assists)
B. Player 10 (Team B) makes alley oop layup (Player 18 (Team B) assists)
C. Player 4 (Team B) makes 24-foot step back jumpshot
D. Player 10 (Team A) misses 39-foot three point jumper

Response Format

Return exactly one JSON object:

{
  "answer": "<A|B|C|D>",
  "rationale": "<brief evidence-based justification in 1-3 sentences>",
  "evidence_event_ids": [],
  "evidence_series_times": []
}

Use only event IDs and time labels that are provided above and that support the answer. Use an empty array when the corresponding evidence type is unavailable or unused. Return only the JSON object.
