Task

Reconstruct the missing event in this basketball game. Use the available numerical time-series evidence around the marked row to select the most likely event.

Game

Team A versus Team B, season 22-23.

Time Series

| Game time | Marker | Team A score | Team B score | Team A win probability | Team B win probability |
| --- | --- | --- | --- | --- | --- |
| 12:00-1st |  | 0.0 | 0.0 | 0.41 | 0.59 |
| 11:43-1st |  | 0.0 | 0.0 | 0.396 | 0.604 |
| 11:40-1st |  | 0.0 | 0.0 | 0.391 | 0.609 |
| 11:28-1st |  | 0.0 | 1.0 | 0.39 | 0.61 |
| 11:07-1st |  | 0.0 | 1.0 | 0.371 | 0.629 |
| 11:03-1st |  | 0.0 | 1.0 | 0.364 | 0.636 |
| 10:57-1st |  | 0.0 | 1.0 | 0.391 | 0.609 |
| 10:46-1st |  | 0.0 | 1.0 | 0.371 | 0.629 |
| 10:42-1st |  | 0.0 | 1.0 | 0.365 | 0.635 |
| 10:35-1st |  | 0.0 | 1.0 | 0.385 | 0.615 |
| 10:32-1st |  | 0.0 | 1.0 | 0.392 | 0.608 |
| 10:27-1st |  | 0.0 | 1.0 | 0.39 | 0.61 |
| 10:21-1st |  | 0.0 | 1.0 | 0.374 | 0.626 |
| 10:18-1st |  | 0.0 | 1.0 | 0.391 | 0.609 |
| 10:17-1st |  | 1.0 | 1.0 | 0.39 | 0.61 |
| 10:13-1st |  | 1.0 | 1.0 | 0.39 | 0.61 |
| 10:03-1st |  | 1.0 | 3.0 | 0.367 | 0.633 |
| 9:52-1st |  | 3.0 | 3.0 | 0.391 | 0.609 |
| 9:39-1st |  | 3.0 | 3.0 | 0.417 | 0.583 |
| 9:28-1st |  | 3.0 | 3.0 | 0.398 | 0.602 |
| 9:25-1st |  | 3.0 | 3.0 | 0.392 | 0.608 |
| 9:20-1st |  | 3.0 | 3.0 | 0.418 | 0.582 |
| 9:16-1st |  | 3.0 | 3.0 | 0.412 | 0.588 |
| 9:13-1st |  | 3.0 | 3.0 | 0.418 | 0.582 |
| 9:09-1st |  | 3.0 | 3.0 | 0.393 | 0.607 |
| 9:02-1st |  | 3.0 | 3.0 | 0.413 | 0.587 |
| 8:59-1st |  | 3.0 | 3.0 | 0.394 | 0.606 |
| 8:58-1st |  | 3.0 | 3.0 | 0.419 | 0.581 |
| 8:47-1st |  | 3.0 | 3.0 | 0.4 | 0.6 |
| 8:40-1st |  | 3.0 | 3.0 | 0.394 | 0.606 |
| 8:33-1st |  | 3.0 | 3.0 | 0.413 | 0.587 |
| 8:30-1st |  | 3.0 | 3.0 | 0.395 | 0.605 |
| 8:28-1st |  | 3.0 | 3.0 | 0.395 | 0.605 |
| 8:24-1st |  | 3.0 | 5.0 | 0.37 | 0.63 |
| 8:12-1st |  | 5.0 | 5.0 | 0.395 | 0.605 |
| 7:56-1st |  | 5.0 | 7.0 | 0.372 | 0.628 |
| 7:39-1st |  | 8.0 | 7.0 | 0.423 | 0.577 |
| 7:19-1st |  | 8.0 | 7.0 | 0.443 | 0.557 |
| 7:17-1st |  | 8.0 | 7.0 | 0.45 | 0.55 |
| 7:14-1st |  | 8.0 | 7.0 | 0.43 | 0.57 |
| 7:09-1st |  | 8.0 | 7.0 | 0.45 | 0.55 |
| 7:08-1st |  | 8.0 | 7.0 | 0.424 | 0.576 |
| 7:03-1st |  | 8.0 | 9.0 | 0.398 | 0.602 |
| 6:49-1st |  | 11.0 | 9.0 | 0.449 | 0.551 |
| 6:37-1st |  | 11.0 | 9.0 | 0.477 | 0.523 |
| 6:21-1st |  | 14.0 | 9.0 | 0.533 | 0.467 |
| 6:06-1st |  | 14.0 | 11.0 | 0.506 | 0.494 |
| 5:58-1st |  | 16.0 | 11.0 | 0.535 | 0.465 |
| 5:40-1st |  | 16.0 | 13.0 | 0.507 | 0.493 |
| 5:26-1st |  | 16.0 | 13.0 | 0.481 | 0.519 |
| 5:19-1st |  | 16.0 | 15.0 | 0.457 | 0.543 |
| 5:07-1st |  | 16.0 | 15.0 | 0.436 | 0.564 |
| 5:04-1st |  | 16.0 | 15.0 | 0.457 | 0.543 |
| 5:00-1st |  | 18.0 | 15.0 | 0.481 | 0.519 |
| 4:48-1st |  | 18.0 | 18.0 | 0.429 | 0.571 |
| 4:31-1st |  | 18.0 | 18.0 | 0.41 | 0.59 |
| 4:26-1st |  | 18.0 | 18.0 | 0.404 | 0.596 |
| 4:17-1st |  | 18.0 | 21.0 | 0.353 | 0.647 |
| 4:03-1st |  | 20.0 | 21.0 | 0.377 | 0.623 |
| 3:52-1st |  | 20.0 | 21.0 | 0.398 | 0.602 |
| 3:46-1st |  | 20.0 | 21.0 | 0.405 | 0.595 |
| 3:41-1st |  | 22.0 | 21.0 | 0.432 | 0.568 |
| 3:26-1st |  | 22.0 | 21.0 | 0.454 | 0.546 |
| 3:23-1st |  | 22.0 | 21.0 | 0.461 | 0.539 |
| 3:20-1st |  | 24.0 | 21.0 | 0.486 | 0.514 |
| 3:12-1st |  | 24.0 | 23.0 | 0.462 | 0.538 |
| 2:52-1st |  | 27.0 | 23.0 | 0.518 | 0.482 |
| 2:28-1st |  | 27.0 | 23.0 | 0.54 | 0.46 |
| 2:27-1st |  | 27.0 | 23.0 | 0.519 | 0.481 |
| 2:26-1st |  | 27.0 | 25.0 | 0.491 | 0.509 |
| 2:19-1st |  | 29.0 | 25.0 | 0.52 | 0.48 |
| 2:07-1st |  | 29.0 | 25.0 | 0.542 | 0.458 |
| 2:04-1st |  | 29.0 | 25.0 | 0.549 | 0.451 |
| 1:55-1st |  | 29.0 | 25.0 | 0.528 | 0.472 |
| 1:51-1st |  | 29.0 | 25.0 | 0.522 | 0.478 |
| 1:40-1st |  | 29.0 | 25.0 | 0.543 | 0.457 |
| 1:36-1st |  | 29.0 | 25.0 | 0.55 | 0.45 |
| 1:31-1st |  | 29.0 | 25.0 | 0.59 | 0.41 |
| 1:23-1st |  | 31.0 | 25.0 | 0.576 | 0.424 |
| 1:08-1st |  | 31.0 | 25.0 | 0.599 | 0.401 |
| 1:04-1st |  | 31.0 | 25.0 | 0.606 | 0.394 |
| 59.1-1st |  | 31.0 | 25.0 | 0.578 | 0.422 |
| 47.2-1st |  | 31.0 | 27.0 | 0.551 | 0.449 |
| 35.1-1st |  | 33.0 | 27.0 | 0.58 | 0.42 |
| 15.1-1st |  | 33.0 | 27.0 | 0.603 | 0.397 |
| 12.0-1st |  | 33.0 | 27.0 | 0.611 | 0.389 |
| 0.0-1st |  | 33.0 | 27.0 | 0.597 | 0.403 |
| 12:00-2nd |  | 33.0 | 27.0 | 0.597 | 0.403 |
| 11:48-2nd |  | 33.0 | 27.0 | 0.606 | 0.394 |
| 11:45-2nd |  | 33.0 | 27.0 | 0.614 | 0.386 |
| 11:33-2nd |  | 35.0 | 27.0 | 0.641 | 0.359 |
| 11:21-2nd |  | 35.0 | 27.0 | 0.666 | 0.334 |
| 11:18-2nd |  | 35.0 | 27.0 | 0.674 | 0.326 |
| 11:08-2nd |  | 35.0 | 27.0 | 0.643 | 0.357 |
| 10:53-2nd |  | 35.0 | 29.0 | 0.62 | 0.38 |
| 10:37-2nd |  | 35.0 | 29.0 | 0.598 | 0.402 |
| 10:34-2nd |  | 35.0 | 29.0 | 0.591 | 0.409 |
| 10:23-2nd |  | 35.0 | 31.0 | 0.564 | 0.436 |
| 10:15-2nd |  | 37.0 | 31.0 | 0.592 | 0.408 |
| 10:00-2nd |  | 37.0 | 31.0 | 0.617 | 0.383 |
| 9:58-2nd |  | 37.0 | 31.0 | 0.625 | 0.375 |
| 9:54-2nd |  | 39.0 | 31.0 | 0.651 | 0.349 |
| 9:38-2nd |  | 39.0 | 31.0 | 0.674 | 0.326 |
| 9:34-2nd |  | 39.0 | 31.0 | 0.682 | 0.318 |
| 9:27-2nd |  | 39.0 | 31.0 | 0.66 | 0.34 |
| 9:23-2nd |  | 39.0 | 31.0 | 0.653 | 0.347 |
| 9:17-2nd |  | 39.0 | 32.0 | 0.656 | 0.344 |
| 9:07-2nd |  | 41.0 | 32.0 | 0.684 | 0.316 |
| 8:55-2nd |  | 41.0 | 35.0 | 0.628 | 0.372 |
| 8:42-2nd |  | 41.0 | 35.0 | 0.629 | 0.371 |
| 8:30-2nd |  | 44.0 | 35.0 | 0.688 | 0.312 |
| 8:11-2nd |  | 44.0 | 37.0 | 0.662 | 0.338 |
| 8:01-2nd |  | 47.0 | 37.0 | 0.716 | 0.284 |
| 7:39-2nd |  | 47.0 | 37.0 | 0.74 | 0.26 |
| 7:36-2nd |  | 47.0 | 37.0 | 0.747 | 0.253 |
| 7:30-2nd |  | 47.0 | 37.0 | 0.747 | 0.253 |
| 7:20-2nd |  | 47.0 | 37.0 | 0.72 | 0.28 |
| 7:09-2nd |  | 47.0 | 39.0 | 0.695 | 0.305 |
| 7:02-2nd |  | 47.0 | 39.0 | 0.674 | 0.326 |
| 6:59-2nd |  | 47.0 | 39.0 | 0.667 | 0.333 |
| 6:51-2nd |  | 47.0 | 39.0 | 0.689 | 0.311 |
| 6:46-2nd |  | 47.0 | 39.0 | 0.697 | 0.303 |
| 6:44-2nd |  | 47.0 | 39.0 | 0.697 | 0.303 |
| 6:37-2nd |  | 48.0 | 39.0 | 0.694 | 0.306 |
| 6:33-2nd |  | 48.0 | 39.0 | 0.695 | 0.305 |
| 6:24-2nd |  | 48.0 | 41.0 | 0.669 | 0.331 |
| 6:05-2nd |  | 48.0 | 41.0 | 0.647 | 0.353 |
| 6:04-2nd |  | 50.0 | 41.0 | 0.698 | 0.302 |
| 5:51-2nd |  | 50.0 | 41.0 | 0.721 | 0.279 |
| 5:46-2nd |  | 50.0 | 41.0 | 0.729 | 0.271 |
| 5:36-2nd |  | 53.0 | 41.0 | 0.781 | 0.219 |
| 5:20-2nd |  | 53.0 | 41.0 | 0.801 | 0.199 |
| 5:18-2nd |  | 53.0 | 41.0 | 0.807 | 0.193 |
| 5:16-2nd |  | 55.0 | 41.0 | 0.83 | 0.17 |
| 4:57-2nd |  | 55.0 | 42.0 | 0.831 | 0.169 |
| 4:46-2nd |  | 58.0 | 42.0 | 0.871 | 0.129 |
| 4:24-2nd |  | 58.0 | 42.0 | 0.884 | 0.116 |
| 4:20-2nd |  | 58.0 | 42.0 | 0.844 | 0.156 |
| 4:05-2nd |  | 58.0 | 42.0 | 0.888 | 0.112 |
| 3:57-2nd |  | 58.0 | 42.0 | 0.893 | 0.107 |
| 3:55-2nd |  | 58.0 | 42.0 | 0.88 | 0.12 |
| 3:51-2nd |  | 58.0 | 42.0 | 0.876 | 0.124 |
| 3:37-2nd |  | 58.0 | 44.0 | 0.861 | 0.139 |
| 3:20-2nd |  | 58.0 | 44.0 | 0.846 | 0.154 |
| 3:17-2nd |  | 58.0 | 44.0 | 0.841 | 0.159 |
| 2:56-2nd |  | 58.0 | 47.0 | 0.801 | 0.199 |
| 2:38-2nd |  | 58.0 | 47.0 | 0.782 | 0.218 |
| 2:34-2nd |  | 58.0 | 47.0 | 0.775 | 0.225 |
| 2:27-2nd |  | 58.0 | 49.0 | 0.75 | 0.25 |
| 2:20-2nd |  | 58.0 | 49.0 | 0.75 | 0.25 |
| 2:13-2nd |  | 58.0 | 49.0 | 0.725 | 0.275 |
| 2:02-2nd |  | 58.0 | 51.0 | 0.698 | 0.302 |
| 1:49-2nd |  | 61.0 | 51.0 | 0.755 | 0.245 |
| 1:30-2nd |  | 61.0 | 51.0 | 0.777 | 0.223 |
| 1:28-2nd |  | 61.0 | 51.0 | 0.784 | 0.216 |
| 1:26-2nd |  | 63.0 | 51.0 | 0.81 | 0.19 |
| 1:08-2nd |  | 63.0 | 53.0 | 0.787 | 0.213 |
| 45.0-2nd |  | 65.0 | 53.0 | 0.815 | 0.185 |
| 35.0-2nd |  | 65.0 | 53.0 | 0.841 | 0.159 |
| 28.1-2nd |  | 65.0 | 53.0 | 0.823 | 0.177 |
| 25.0-2nd |  | 65.0 | 53.0 | 0.817 | 0.183 |
| 5.2-2nd |  | 65.0 | 55.0 | 0.795 | 0.205 |
| 0.0-2nd |  | 65.0 | 55.0 | 0.778 | 0.222 |
| 12:00-3rd |  | 65.0 | 55.0 | 0.778 | 0.222 |
| 11:44-3rd |  | 65.0 | 57.0 | 0.742 | 0.258 |
| 11:23-3rd |  | 65.0 | 57.0 | 0.712 | 0.288 |
| 11:16-3rd |  | 65.0 | 59.0 | 0.686 | 0.314 |
| 11:06-3rd | TARGET | 68.0 | 59.0 | 0.749 | 0.251 |
| 10:51-3rd |  | 68.0 | 59.0 | 0.771 | 0.229 |
| 10:49-3rd |  | 68.0 | 59.0 | 0.778 | 0.222 |
| 10:48-3rd |  | 68.0 | 59.0 | 0.776 | 0.224 |
| 10:24-3rd |  | 70.0 | 59.0 | 0.805 | 0.195 |
| 10:05-3rd |  | 70.0 | 59.0 | 0.833 | 0.167 |
| 9:59-3rd |  | 72.0 | 59.0 | 0.859 | 0.141 |
| 9:50-3rd |  | 72.0 | 60.0 | 0.858 | 0.142 |
| 9:32-3rd |  | 72.0 | 60.0 | 0.844 | 0.156 |
| 9:28-3rd |  | 72.0 | 60.0 | 0.839 | 0.161 |
| 9:27-3rd |  | 72.0 | 60.0 | 0.839 | 0.161 |
| 9:11-3rd |  | 72.0 | 60.0 | 0.841 | 0.159 |
| 9:02-3rd |  | 72.0 | 63.0 | 0.791 | 0.209 |
| 8:48-3rd |  | 73.0 | 63.0 | 0.819 | 0.181 |
| 8:38-3rd |  | 73.0 | 63.0 | 0.799 | 0.201 |
| 8:34-3rd |  | 73.0 | 63.0 | 0.792 | 0.208 |
| 8:25-3rd |  | 73.0 | 63.0 | 0.815 | 0.185 |
| 8:22-3rd |  | 73.0 | 63.0 | 0.822 | 0.178 |
| 8:12-3rd |  | 73.0 | 63.0 | 0.802 | 0.198 |
| 8:09-3rd |  | 73.0 | 63.0 | 0.824 | 0.176 |
| 8:08-3rd |  | 73.0 | 63.0 | 0.803 | 0.197 |
| 8:05-3rd |  | 73.0 | 63.0 | 0.796 | 0.204 |
| 7:56-3rd |  | 73.0 | 66.0 | 0.738 | 0.262 |
| 7:37-3rd |  | 73.0 | 66.0 | 0.715 | 0.285 |
| 7:34-3rd |  | 73.0 | 66.0 | 0.707 | 0.293 |
| 7:24-3rd |  | 73.0 | 68.0 | 0.673 | 0.327 |
| 7:05-3rd |  | 75.0 | 68.0 | 0.711 | 0.289 |
| 6:52-3rd |  | 75.0 | 68.0 | 0.739 | 0.261 |
| 6:48-3rd |  | 75.0 | 68.0 | 0.748 | 0.252 |
| 6:43-3rd |  | 77.0 | 68.0 | 0.777 | 0.223 |
| 6:25-3rd |  | 77.0 | 68.0 | 0.812 | 0.188 |
| 6:21-3rd |  | 79.0 | 68.0 | 0.839 | 0.161 |
| 6:04-3rd |  | 79.0 | 68.0 | 0.859 | 0.141 |
| 6:01-3rd |  | 79.0 | 68.0 | 0.865 | 0.135 |
| 5:56-3rd |  | 79.0 | 68.0 | 0.848 | 0.152 |
| 5:52-3rd |  | 79.0 | 70.0 | 0.815 | 0.185 |
| 5:37-3rd |  | 82.0 | 70.0 | 0.87 | 0.13 |
| 5:11-3rd |  | 82.0 | 73.0 | 0.821 | 0.179 |
| 5:01-3rd |  | 82.0 | 73.0 | 0.793 | 0.207 |
| 4:57-3rd |  | 82.0 | 75.0 | 0.764 | 0.236 |
| 4:39-3rd |  | 82.0 | 75.0 | 0.74 | 0.26 |
| 4:35-3rd |  | 82.0 | 75.0 | 0.767 | 0.233 |
| 4:31-3rd |  | 84.0 | 75.0 | 0.798 | 0.202 |
| 4:14-3rd |  | 84.0 | 77.0 | 0.771 | 0.229 |
| 3:51-3rd |  | 84.0 | 77.0 | 0.747 | 0.253 |
| 3:48-3rd |  | 84.0 | 77.0 | 0.738 | 0.262 |
| 3:45-3rd |  | 84.0 | 77.0 | 0.766 | 0.234 |
| 3:42-3rd |  | 84.0 | 77.0 | 0.776 | 0.224 |
| 3:27-3rd |  | 86.0 | 77.0 | 0.809 | 0.191 |
| 3:17-3rd |  | 86.0 | 77.0 | 0.84 | 0.16 |
| 2:59-3rd |  | 88.0 | 77.0 | 0.869 | 0.131 |
| 2:49-3rd |  | 88.0 | 78.0 | 0.871 | 0.129 |
| 2:45-3rd |  | 88.0 | 78.0 | 0.872 | 0.128 |
| 2:32-3rd |  | 90.0 | 78.0 | 0.896 | 0.104 |
| 2:21-3rd |  | 90.0 | 80.0 | 0.876 | 0.124 |
| 2:07-3rd |  | 92.0 | 80.0 | 0.9 | 0.1 |
| 1:55-3rd |  | 92.0 | 82.0 | 0.88 | 0.12 |
| 1:43-3rd |  | 92.0 | 82.0 | 0.882 | 0.118 |
| 1:35-3rd |  | 92.0 | 82.0 | 0.864 | 0.136 |
| 1:33-3rd |  | 92.0 | 82.0 | 0.857 | 0.143 |
| 1:21-3rd |  | 92.0 | 82.0 | 0.879 | 0.121 |
| 1:19-3rd |  | 92.0 | 82.0 | 0.886 | 0.114 |
| 1:12-3rd |  | 92.0 | 82.0 | 0.867 | 0.133 |
| 1:09-3rd |  | 92.0 | 82.0 | 0.861 | 0.139 |
| 55.2-3rd |  | 92.0 | 83.0 | 0.865 | 0.135 |
| 53.1-3rd |  | 92.0 | 83.0 | 0.865 | 0.135 |
| 34.1-3rd |  | 92.0 | 83.0 | 0.846 | 0.154 |
| 31.1-3rd |  | 92.0 | 83.0 | 0.839 | 0.161 |
| 23.1-3rd |  | 92.0 | 83.0 | 0.862 | 0.138 |
| 19.0-3rd |  | 92.0 | 83.0 | 0.842 | 0.158 |
| 18.0-3rd |  | 92.0 | 83.0 | 0.87 | 0.13 |
| 0.1-3rd |  | 92.0 | 83.0 | 0.841 | 0.159 |
| 0.0-3rd |  | 92.0 | 83.0 | 0.849 | 0.151 |
| 12:00-4th |  | 92.0 | 83.0 | 0.849 | 0.151 |
| 11:43-4th |  | 92.0 | 83.0 | 0.857 | 0.143 |
| 11:39-4th |  | 92.0 | 83.0 | 0.85 | 0.15 |
| 11:29-4th |  | 92.0 | 83.0 | 0.875 | 0.125 |
| 11:25-4th |  | 92.0 | 83.0 | 0.883 | 0.117 |
| 11:23-4th |  | 92.0 | 83.0 | 0.853 | 0.147 |
| 11:12-4th |  | 92.0 | 83.0 | 0.878 | 0.122 |
| 11:08-4th |  | 92.0 | 83.0 | 0.886 | 0.114 |
| 11:01-4th |  | 95.0 | 83.0 | 0.929 | 0.071 |
| 10:47-4th |  | 95.0 | 83.0 | 0.943 | 0.057 |
| 10:45-4th |  | 95.0 | 83.0 | 0.931 | 0.069 |
| 10:44-4th |  | 95.0 | 83.0 | 0.926 | 0.074 |
| 10:33-4th |  | 95.0 | 85.0 | 0.912 | 0.088 |
| 10:16-4th |  | 95.0 | 85.0 | 0.89 | 0.11 |
| 10:12-4th |  | 95.0 | 87.0 | 0.866 | 0.134 |
| 9:55-4th |  | 97.0 | 87.0 | 0.894 | 0.106 |
| 9:36-4th |  | 97.0 | 89.0 | 0.873 | 0.127 |
| 9:21-4th |  | 99.0 | 89.0 | 0.9 | 0.1 |
| 9:09-4th |  | 99.0 | 91.0 | 0.878 | 0.122 |
| 8:55-4th |  | 102.0 | 91.0 | 0.928 | 0.072 |
| 8:32-4th |  | 102.0 | 94.0 | 0.885 | 0.115 |
| 8:14-4th |  | 104.0 | 94.0 | 0.915 | 0.085 |
| 8:04-4th |  | 104.0 | 94.0 | 0.934 | 0.066 |
| 8:01-4th |  | 104.0 | 94.0 | 0.94 | 0.06 |
| 7:51-4th |  | 104.0 | 94.0 | 0.925 | 0.075 |
| 7:48-4th |  | 104.0 | 94.0 | 0.92 | 0.08 |
| 7:30-4th |  | 104.0 | 94.0 | 0.94 | 0.06 |
| 7:28-4th |  | 104.0 | 94.0 | 0.945 | 0.055 |
| 7:22-4th |  | 107.0 | 94.0 | 0.971 | 0.029 |
| 7:21-4th |  | 107.0 | 94.0 | 0.971 | 0.029 |
| 7:07-4th |  | 107.0 | 96.0 | 0.963 | 0.037 |
| 6:48-4th |  | 109.0 | 96.0 | 0.975 | 0.025 |
| 6:34-4th |  | 109.0 | 96.0 | 0.982 | 0.018 |
| 6:29-4th |  | 109.0 | 96.0 | 0.985 | 0.015 |
| 6:23-4th |  | 109.0 | 96.0 | 0.979 | 0.021 |
| 6:19-4th |  | 109.0 | 96.0 | 0.985 | 0.015 |
| 6:10-4th |  | 109.0 | 96.0 | 0.981 | 0.019 |
| 6:04-4th |  | 111.0 | 96.0 | 0.991 | 0.009 |
| 5:55-4th |  | 111.0 | 96.0 | 0.994 | 0.006 |
| 5:51-4th |  | 111.0 | 96.0 | 0.991 | 0.009 |
| 5:43-4th |  | 111.0 | 98.0 | 0.988 | 0.012 |
| 5:13-4th |  | 113.0 | 98.0 | 0.994 | 0.006 |
| 4:52-4th |  | 113.0 | 100.0 | 0.992 | 0.008 |
| 4:24-4th |  | 116.0 | 100.0 | 0.998 | 0.002 |
| 4:10-4th |  | 116.0 | 100.0 | 0.999 | 0.001 |
| 4:08-4th |  | 116.0 | 100.0 | 0.999 | 0.001 |
| 3:59-4th |  | 116.0 | 100.0 | 0.999 | 0.001 |
| 3:48-4th |  | 116.0 | 100.0 | 0.999 | 0.001 |
| 3:45-4th |  | 116.0 | 100.0 | 0.999 | 0.001 |
| 3:39-4th |  | 116.0 | 103.0 | 0.997 | 0.003 |
| 3:29-4th |  | 116.0 | 103.0 | 0.997 | 0.003 |
| 3:19-4th |  | 118.0 | 103.0 | 0.999 | 0.001 |
| 3:03-4th |  | 118.0 | 105.0 | 0.998 | 0.002 |
| 2:48-4th |  | 121.0 | 105.0 | 0.999 | 0.001 |
| 2:36-4th |  | 121.0 | 105.0 | 0.999 | 0.001 |
| 2:35-4th |  | 121.0 | 105.0 | 0.999 | 0.001 |
| 2:28-4th |  | 123.0 | 105.0 | 0.999 | 0.001 |
| 2:26-4th |  | 123.0 | 105.0 | 0.999 | 0.001 |
| 2:09-4th |  | 123.0 | 108.0 | 0.999 | 0.001 |
| 1:40-4th |  | 123.0 | 108.0 | 0.999 | 0.001 |
| 1:38-4th |  | 123.0 | 108.0 | 0.999 | 0.001 |
| 1:23-4th |  | 123.0 | 108.0 | 0.999 | 0.001 |
| 1:10-4th |  | 126.0 | 108.0 | 0.999 | 0.001 |
| 58.1-4th |  | 126.0 | 108.0 | 0.999 | 0.001 |
| 56.0-4th |  | 126.0 | 108.0 | 0.999 | 0.001 |
| 40.0-4th |  | 129.0 | 108.0 | 0.999 | 0.001 |
| 25.1-4th |  | 129.0 | 110.0 | 0.999 | 0.001 |
| 1.0-4th |  | 129.0 | 110.0 | 0.999 | 0.001 |
| 0.0-4th |  | 129.0 | 110.0 | 1.0 | 0.0 |

Question

Which event most likely happened at the marked missing position?

Answer Choices

A. Player 14 (Team A) makes 26-foot step back jumpshot
B. Player 19 (Team A) misses two point shot
C. Player 8 (Team A) makes driving floating jump shot (Player 6 (Team A) assists)
D. Player 23 (Team A) blocks Player 20 (Team A) 's 6-foot driving layup

Response Format

Return exactly one JSON object:

{
  "answer": "<A|B|C|D>",
  "rationale": "<brief evidence-based justification in 1-3 sentences>",
  "evidence_event_ids": [],
  "evidence_series_times": []
}

Use only event IDs and time labels that are provided above and that support the answer. Use an empty array when the corresponding evidence type is unavailable or unused. Return only the JSON object.
