Task

Reconstruct the missing event in this basketball game. Use the available numerical time-series evidence around the marked row to select the most likely event.

Game

Team A versus Team B, season 22-23.

Time Series

| Game time | Marker | Team A score | Team B score | Team A win probability | Team B win probability |
| --- | --- | --- | --- | --- | --- |
| 12:00-1st |  | 0 | 0 | 0.531 | 0.469 |
| 11:41-1st |  | 0 | 3 | 0.478 | 0.522 |
| 11:19-1st |  | 2 | 3 | 0.497 | 0.503 |
| 11:08-1st |  | 2 | 3 | 0.52 | 0.48 |
| 11:07-1st |  | 2 | 3 | 0.497 | 0.503 |
| 11:03-1st |  | 2 | 6 | 0.453 | 0.547 |
| 10:39-1st |  | 5 | 6 | 0.497 | 0.503 |
| 10:27-1st |  | 5 | 6 | 0.519 | 0.481 |
| 10:23-1st |  | 5 | 6 | 0.527 | 0.473 |
| 10:17-1st |  | 7 | 6 | 0.551 | 0.449 |
| 9:55-1st |  | 7 | 6 | 0.574 | 0.426 |
| 9:52-1st |  | 7 | 6 | 0.581 | 0.419 |
| 9:36-1st |  | 7 | 6 | 0.55 | 0.45 |
| 9:23-1st |  | 7 | 8 | 0.526 | 0.474 |
| 9:03-1st |  | 9 | 8 | 0.55 | 0.45 |
| 8:50-1st |  | 9 | 8 | 0.573 | 0.427 |
| 8:45-1st |  | 9 | 8 | 0.55 | 0.45 |
| 8:41-1st |  | 9 | 10 | 0.526 | 0.474 |
| 8:29-1st |  | 11 | 10 | 0.549 | 0.451 |
| 8:18-1st |  | 11 | 10 | 0.573 | 0.427 |
| 8:15-1st |  | 11 | 10 | 0.581 | 0.419 |
| 7:57-1st |  | 13 | 10 | 0.6 | 0.4 |
| 7:49-1st |  | 13 | 10 | 0.621 | 0.379 |
| 7:47-1st |  | 13 | 10 | 0.6 | 0.4 |
| 7:33-1st |  | 13 | 12 | 0.58 | 0.42 |
| 7:16-1st |  | 13 | 12 | 0.556 | 0.444 |
| 7:11-1st |  | 13 | 12 | 0.58 | 0.42 |
| 7:10-1st |  | 13 | 12 | 0.548 | 0.452 |
| 6:57-1st |  | 13 | 14 | 0.524 | 0.476 |
| 6:43-1st |  | 13 | 14 | 0.5 | 0.5 |
| 6:36-1st |  | 13 | 14 | 0.491 | 0.509 |
| 6:33-1st |  | 13 | 14 | 0.491 | 0.509 |
| 6:15-1st |  | 13 | 16 | 0.47 | 0.53 |
| 6:00-1st |  | 13 | 16 | 0.448 | 0.552 |
| 5:59-1st |  | 13 | 16 | 0.441 | 0.559 |
| 5:53-1st |  | 13 | 18 | 0.416 | 0.584 |
| 5:32-1st |  | 13 | 18 | 0.388 | 0.612 |
| 5:28-1st |  | 13 | 20 | 0.36 | 0.64 |
| 5:07-1st |  | 13 | 20 | 0.342 | 0.658 |
| 5:02-1st |  | 13 | 20 | 0.336 | 0.664 |
| 4:47-1st |  | 13 | 20 | 0.352 | 0.648 |
| 4:46-1st |  | 13 | 20 | 0.335 | 0.665 |
| 4:34-1st |  | 13 | 20 | 0.352 | 0.648 |
| 4:30-1st |  | 13 | 20 | 0.358 | 0.642 |
| 4:24-1st |  | 16 | 20 | 0.412 | 0.588 |
| 4:00-1st |  | 16 | 23 | 0.356 | 0.644 |
| 3:40-1st |  | 18 | 23 | 0.38 | 0.62 |
| 3:26-1st |  | 18 | 26 | 0.331 | 0.669 |
| 3:11-1st |  | 18 | 26 | 0.31 | 0.69 |
| 3:08-1st |  | 18 | 26 | 0.304 | 0.696 |
| 2:58-1st |  | 18 | 26 | 0.323 | 0.677 |
| 2:55-1st |  | 18 | 26 | 0.329 | 0.671 |
| 2:51-1st |  | 18 | 26 | 0.329 | 0.671 |
| 2:39-1st |  | 18 | 26 | 0.328 | 0.672 |
| 2:34-1st |  | 18 | 26 | 0.309 | 0.691 |
| 2:31-1st |  | 18 | 26 | 0.302 | 0.698 |
| 2:27-1st |  | 18 | 29 | 0.256 | 0.744 |
| 2:06-1st |  | 20 | 29 | 0.274 | 0.726 |
| 1:51-1st |  | 20 | 29 | 0.24 | 0.76 |
| 1:37-1st |  | 20 | 31 | 0.251 | 0.749 |
| 1:27-1st |  | 20 | 31 | 0.287 | 0.713 |
| 1:15-1st |  | 20 | 31 | 0.232 | 0.768 |
| 1:14-1st |  | 20 | 31 | 0.251 | 0.749 |
| 1:12-1st |  | 22 | 31 | 0.271 | 0.729 |
| 1:02-1st |  | 22 | 31 | 0.291 | 0.709 |
| 1:00-1st |  | 22 | 31 | 0.298 | 0.702 |
| 46.1-1st |  | 24 | 31 | 0.319 | 0.681 |
| 35.1-1st |  | 24 | 31 | 0.341 | 0.659 |
| 33.1-1st |  | 24 | 33 | 0.296 | 0.704 |
| 11.1-1st |  | 27 | 33 | 0.346 | 0.654 |
| 1.1-1st |  | 27 | 36 | 0.294 | 0.706 |
| 0.0-1st |  | 27 | 36 | 0.282 | 0.718 |
| 11:39-2nd |  | 29 | 36 | 0.317 | 0.683 |
| 11:16-2nd |  | 29 | 36 | 0.336 | 0.664 |
| 11:14-2nd |  | 29 | 36 | 0.315 | 0.685 |
| 11:13-2nd |  | 29 | 38 | 0.289 | 0.711 |
| 11:04-2nd |  | 31 | 38 | 0.314 | 0.686 |
| 10:40-2nd |  | 31 | 40 | 0.287 | 0.713 |
| 10:16-2nd |  | 31 | 40 | 0.267 | 0.733 |
| 10:11-2nd |  | 31 | 40 | 0.285 | 0.715 |
| 10:06-2nd |  | 31 | 40 | 0.261 | 0.739 |
| 9:59-2nd |  | 31 | 40 | 0.278 | 0.722 |
| 9:55-2nd |  | 31 | 40 | 0.284 | 0.716 |
| 9:47-2nd |  | 31 | 40 | 0.259 | 0.741 |
| 9:45-2nd |  | 31 | 40 | 0.283 | 0.717 |
| 9:28-2nd |  | 34 | 40 | 0.337 | 0.663 |
| 9:11-2nd |  | 34 | 40 | 0.358 | 0.642 |
| 9:08-2nd |  | 34 | 40 | 0.365 | 0.635 |
| 9:01-2nd |  | 34 | 40 | 0.364 | 0.636 |
| 8:53-2nd |  | 36 | 40 | 0.39 | 0.61 |
| 8:36-2nd |  | 36 | 40 | 0.413 | 0.587 |
| 8:32-2nd |  | 36 | 40 | 0.421 | 0.579 |
| 8:28-2nd |  | 38 | 40 | 0.452 | 0.548 |
| 8:27-2nd |  | 38 | 40 | 0.452 | 0.548 |
| 8:07-2nd |  | 38 | 40 | 0.472 | 0.528 |
| 8:05-2nd |  | 38 | 40 | 0.451 | 0.549 |
| 8:02-2nd |  | 38 | 40 | 0.472 | 0.528 |
| 7:58-2nd |  | 38 | 40 | 0.479 | 0.521 |
| 7:50-2nd |  | 41 | 40 | 0.542 | 0.458 |
| 7:34-2nd |  | 41 | 43 | 0.479 | 0.521 |
| 7:08-2nd |  | 41 | 43 | 0.449 | 0.551 |
| 7:06-2nd |  | 41 | 43 | 0.449 | 0.551 |
| 7:01-2nd |  | 41 | 43 | 0.471 | 0.529 |
| 6:58-2nd |  | 41 | 43 | 0.478 | 0.522 |
| 6:44-2nd |  | 44 | 43 | 0.541 | 0.459 |
| 6:25-2nd |  | 44 | 43 | 0.542 | 0.458 |
| 6:13-2nd |  | 44 | 43 | 0.565 | 0.435 |
| 6:10-2nd |  | 44 | 43 | 0.542 | 0.458 |
| 6:03-2nd |  | 44 | 46 | 0.477 | 0.523 |
| 5:49-2nd |  | 44 | 46 | 0.477 | 0.523 |
| 5:44-2nd |  | 47 | 46 | 0.542 | 0.458 |
| 5:19-2nd |  | 47 | 46 | 0.565 | 0.435 |
| 5:15-2nd |  | 47 | 46 | 0.573 | 0.427 |
| 5:04-2nd |  | 49 | 46 | 0.602 | 0.398 |
| 4:47-2nd |  | 49 | 49 | 0.542 | 0.458 |
| 4:35-2nd |  | 49 | 49 | 0.514 | 0.486 |
| 4:32-2nd |  | 49 | 49 | 0.505 | 0.495 |
| 4:14-2nd |  | 49 | 51 | 0.475 | 0.525 |
| 4:01-2nd |  | 52 | 51 | 0.541 | 0.459 |
| 3:39-2nd |  | 52 | 51 | 0.573 | 0.427 |
| 3:27-2nd |  | 54 | 51 | 0.603 | 0.397 |
| 3:12-2nd |  | 54 | 51 | 0.627 | 0.373 |
| 3:10-2nd |  | 54 | 51 | 0.603 | 0.397 |
| 3:04-2nd |  | 54 | 54 | 0.542 | 0.458 |
| 2:42-2nd |  | 54 | 54 | 0.513 | 0.487 |
| 2:39-2nd |  | 56 | 54 | 0.573 | 0.427 |
| 2:18-2nd |  | 56 | 54 | 0.596 | 0.404 |
| 2:14-2nd |  | 56 | 54 | 0.604 | 0.396 |
| 2:10-2nd |  | 56 | 54 | 0.581 | 0.419 |
| 2:08-2nd |  | 56 | 54 | 0.573 | 0.427 |
| 2:04-2nd |  | 56 | 56 | 0.54 | 0.46 |
| 1:47-2nd |  | 59 | 56 | 0.607 | 0.393 |
| 1:36-2nd |  | 59 | 59 | 0.539 | 0.461 |
| 1:18-2nd |  | 61 | 59 | 0.573 | 0.427 |
| 1:06-2nd |  | 61 | 59 | 0.596 | 0.404 |
| 1:04-2nd |  | 61 | 59 | 0.603 | 0.397 |
| 45.1-2nd |  | 63 | 59 | 0.638 | 0.362 |
| 32.1-2nd |  | 63 | 61 | 0.603 | 0.397 |
| 16.1-2nd |  | 65 | 62 | 0.608 | 0.392 |
| 0.2-2nd |  | 65 | 62 | 0.629 | 0.371 |
| 0.0-2nd |  | 65 | 62 | 0.621 | 0.379 |
| 12:00-3rd |  | 65 | 62 | 0.621 | 0.379 |
| 11:49-3rd |  | 65 | 62 | 0.641 | 0.359 |
| 11:37-3rd |  | 65 | 62 | 0.616 | 0.384 |
| 11:35-3rd |  | 65 | 62 | 0.608 | 0.392 |
| 11:19-3rd |  | 65 | 62 | 0.634 | 0.366 |
| 11:17-3rd |  | 65 | 62 | 0.643 | 0.357 |
| 11:12-3rd |  | 67 | 62 | 0.675 | 0.325 |
| 10:54-3rd |  | 67 | 64 | 0.643 | 0.357 |
| 10:44-3rd |  | 67 | 64 | 0.609 | 0.391 |
| 10:27-3rd |  | 67 | 64 | 0.636 | 0.364 |
| 10:25-3rd |  | 67 | 64 | 0.644 | 0.356 |
| 10:17-3rd |  | 67 | 64 | 0.61 | 0.39 |
| 10:04-3rd |  | 67 | 66 | 0.574 | 0.426 |
| 9:50-3rd |  | 67 | 66 | 0.538 | 0.462 |
| 9:43-3rd |  | 67 | 66 | 0.565 | 0.435 |
| 9:42-3rd |  | 67 | 66 | 0.574 | 0.426 |
| 9:39-3rd |  | 67 | 66 | 0.547 | 0.453 |
| 9:36-3rd |  | 67 | 66 | 0.537 | 0.463 |
| 9:24-3rd |  | 67 | 66 | 0.565 | 0.435 |
| 9:22-3rd |  | 67 | 66 | 0.537 | 0.463 |
| 9:16-3rd |  | 67 | 69 | 0.463 | 0.537 |
| 9:07-3rd |  | 70 | 69 | 0.537 | 0.463 |
| 8:53-3rd |  | 70 | 69 | 0.565 | 0.435 |
| 8:49-3rd |  | 70 | 69 | 0.575 | 0.425 |
| 8:40-3rd |  | 72 | 69 | 0.61 | 0.39 |
| 8:24-3rd |  | 72 | 69 | 0.64 | 0.36 |
| 8:21-3rd |  | 72 | 69 | 0.65 | 0.35 |
| 8:01-3rd |  | 72 | 69 | 0.621 | 0.379 |
| 7:57-3rd |  | 72 | 69 | 0.611 | 0.389 |
| 7:56-3rd |  | 72 | 69 | 0.651 | 0.349 |
| 7:49-3rd |  | 74 | 69 | 0.684 | 0.316 |
| 7:27-3rd |  | 74 | 69 | 0.711 | 0.289 |
| 7:25-3rd |  | 74 | 69 | 0.719 | 0.281 |
| 7:21-3rd |  | 74 | 69 | 0.694 | 0.306 |
| 7:18-3rd |  | 74 | 69 | 0.686 | 0.314 |
| 7:09-3rd |  | 74 | 69 | 0.712 | 0.288 |
| 7:06-3rd |  | 74 | 69 | 0.721 | 0.279 |
| 7:03-3rd |  | 74 | 69 | 0.688 | 0.312 |
| 6:43-3rd |  | 74 | 71 | 0.654 | 0.346 |
| 6:26-3rd |  | 76 | 71 | 0.69 | 0.31 |
| 6:07-3rd |  | 76 | 73 | 0.656 | 0.344 |
| 5:50-3rd |  | 78 | 73 | 0.692 | 0.308 |
| 5:41-3rd |  | 78 | 73 | 0.719 | 0.281 |
| 5:38-3rd |  | 78 | 73 | 0.729 | 0.271 |
| 5:29-3rd |  | 80 | 73 | 0.763 | 0.237 |
| 5:05-3rd |  | 80 | 75 | 0.731 | 0.269 |
| 4:46-3rd |  | 82 | 75 | 0.767 | 0.233 |
| 4:34-3rd |  | 82 | 75 | 0.793 | 0.207 |
| 4:30-3rd |  | 82 | 75 | 0.801 | 0.199 |
| 4:26-3rd |  | 85 | 75 | 0.855 | 0.145 |
| 4:07-3rd |  | 85 | 77 | 0.83 | 0.17 |
| 3:42-3rd |  | 85 | 77 | 0.812 | 0.188 |
| 3:40-3rd |  | 85 | 77 | 0.806 | 0.194 |
| 3:34-3rd |  | 85 | 77 | 0.827 | 0.173 |
| 3:30-3rd |  | 85 | 77 | 0.834 | 0.166 |
| 3:29-3rd |  | 85 | 77 | 0.834 | 0.166 |
| 3:14-3rd |  | 87 | 77 | 0.863 | 0.137 |
| 2:59-3rd |  | 87 | 77 | 0.883 | 0.117 |
| 2:57-3rd |  | 87 | 77 | 0.889 | 0.111 |
| 2:44-3rd |  | 87 | 77 | 0.873 | 0.127 |
| 2:42-3rd |  | 87 | 77 | 0.867 | 0.133 |
| 2:22-3rd |  | 87 | 79 | 0.844 | 0.156 |
| 2:04-3rd |  | 89 | 79 | 0.872 | 0.128 |
| 1:56-3rd |  | 89 | 79 | 0.897 | 0.103 |
| 1:48-3rd |  | 89 | 79 | 0.898 | 0.102 |
| 1:45-3rd |  | 89 | 79 | 0.88 | 0.12 |
| 1:43-3rd |  | 89 | 79 | 0.874 | 0.126 |
| 1:24-3rd |  | 89 | 79 | 0.895 | 0.105 |
| 1:22-3rd |  | 89 | 79 | 0.877 | 0.123 |
| 1:21-3rd |  | 89 | 81 | 0.852 | 0.148 |
| 1:01-3rd |  | 89 | 81 | 0.832 | 0.168 |
| 57.2-3rd |  | 89 | 81 | 0.825 | 0.175 |
| 50.0-3rd |  | 89 | 83 | 0.794 | 0.206 |
| 33.1-3rd |  | 89 | 83 | 0.767 | 0.233 |
| 31.1-3rd |  | 89 | 83 | 0.757 | 0.243 |
| 11.1-3rd |  | 89 | 83 | 0.789 | 0.211 |
| 8.0-3rd |  | 89 | 83 | 0.759 | 0.241 |
| 0.2-3rd |  | 89 | 83 | 0.784 | 0.216 |
| 0.0-3rd |  | 89 | 83 | 0.773 | 0.227 |
| 12:00-4th |  | 89 | 83 | 0.773 | 0.227 |
| 11:40-4th |  | 89 | 83 | 0.796 | 0.204 |
| 11:38-4th |  | 89 | 83 | 0.806 | 0.194 |
| 11:19-4th |  | 89 | 83 | 0.78 | 0.22 |
| 11:17-4th |  | 89 | 83 | 0.77 | 0.23 |
| 11:09-4th |  | 89 | 83 | 0.761 | 0.239 |
| 10:57-4th |  | 89 | 83 | 0.797 | 0.203 |
| 10:54-4th |  | 89 | 83 | 0.807 | 0.193 |
| 10:40-4th |  | 91 | 83 | 0.842 | 0.158 |
| 10:15-4th |  | 91 | 86 | 0.775 | 0.225 |
| 10:03-4th |  | 91 | 86 | 0.731 | 0.269 |
| 9:58-4th |  | 91 | 88 | 0.689 | 0.311 |
| 9:44-4th |  | 91 | 88 | 0.648 | 0.352 |
| 9:40-4th |  | 91 | 88 | 0.691 | 0.309 |
| 9:29-4th |  | 91 | 88 | 0.635 | 0.365 |
| 9:24-4th |  | 91 | 90 | 0.586 | 0.414 |
| 9:03-4th |  | 93 | 90 | 0.637 | 0.363 |
| 8:46-4th |  | 93 | 90 | 0.624 | 0.376 |
| 8:36-4th |  | 93 | 92 | 0.581 | 0.419 |
| 8:24-4th |  | 95 | 92 | 0.638 | 0.362 |
| 7:59-4th |  | 95 | 94 | 0.587 | 0.413 |
| 7:45-4th |  | 97 | 94 | 0.643 | 0.357 |
| 7:33-4th |  | 97 | 94 | 0.625 | 0.375 |
| 7:23-4th |  | 97 | 94 | 0.697 | 0.303 |
| 7:05-4th |  | 97 | 94 | 0.657 | 0.343 |
| 7:02-4th |  | 97 | 94 | 0.643 | 0.357 |
| 6:57-4th |  | 97 | 94 | 0.703 | 0.297 |
| 6:52-4th |  | 97 | 94 | 0.66 | 0.34 |
| 6:49-4th |  | 99 | 94 | 0.756 | 0.244 |
| 6:34-4th |  | 99 | 94 | 0.795 | 0.205 |
| 6:33-4th | TARGET | 99 | 94 | 0.663 | 0.337 |
| 6:25-4th |  | 99 | 96 | 0.699 | 0.301 |
| 6:09-4th |  | 101 | 96 | 0.755 | 0.245 |
| 5:57-4th |  | 101 | 96 | 0.795 | 0.205 |
| 5:55-4th |  | 101 | 96 | 0.808 | 0.192 |
| 5:45-4th |  | 101 | 96 | 0.773 | 0.227 |
| 5:41-4th |  | 101 | 96 | 0.762 | 0.238 |
| 5:31-4th |  | 101 | 96 | 0.802 | 0.198 |
| 5:29-4th |  | 101 | 96 | 0.815 | 0.185 |
| 5:23-4th |  | 103 | 96 | 0.858 | 0.142 |
| 5:09-4th |  | 103 | 98 | 0.82 | 0.18 |
| 4:57-4th |  | 105 | 98 | 0.865 | 0.135 |
| 4:32-4th |  | 105 | 98 | 0.899 | 0.101 |
| 4:30-4th |  | 105 | 98 | 0.908 | 0.092 |
| 4:10-4th |  | 105 | 98 | 0.878 | 0.122 |
| 4:04-4th |  | 105 | 101 | 0.784 | 0.216 |
| 3:34-4th |  | 108 | 101 | 0.891 | 0.109 |
| 3:19-4th |  | 108 | 103 | 0.857 | 0.143 |
| 3:04-4th |  | 108 | 103 | 0.824 | 0.176 |
| 3:01-4th |  | 108 | 103 | 0.812 | 0.188 |
| 2:49-4th |  | 108 | 103 | 0.871 | 0.129 |
| 2:30-4th |  | 108 | 103 | 0.828 | 0.172 |
| 2:23-4th |  | 108 | 104 | 0.831 | 0.169 |
| 2:02-4th |  | 110 | 104 | 0.89 | 0.11 |
| 1:41-4th |  | 110 | 104 | 0.939 | 0.061 |
| 1:31-4th |  | 110 | 104 | 0.976 | 0.024 |
| 1:23-4th |  | 110 | 104 | 0.924 | 0.076 |
| 1:17-4th |  | 110 | 104 | 0.918 | 0.082 |
| 1:06-4th |  | 110 | 106 | 0.88 | 0.12 |
| 50.1-4th |  | 110 | 106 | 0.842 | 0.158 |
| 47.2-4th |  | 110 | 106 | 0.829 | 0.171 |
| 34.0-4th |  | 110 | 106 | 0.896 | 0.104 |
| 31.1-4th |  | 110 | 106 | 0.916 | 0.084 |
| 19.1-4th |  | 110 | 106 | 0.892 | 0.108 |
| 16.1-4th |  | 110 | 106 | 0.886 | 0.114 |
| 13.1-4th |  | 110 | 106 | 0.939 | 0.061 |
| 13.0-4th |  | 110 | 106 | 0.897 | 0.103 |
| 11.1-4th |  | 110 | 106 | 0.945 | 0.055 |
| 8.0-4th |  | 110 | 106 | 0.97 | 0.03 |
| 7.1-4th |  | 111 | 106 | 0.971 | 0.029 |
| 6.2-4th |  | 111 | 106 | 0.972 | 0.028 |
| 5.0-4th |  | 111 | 108 | 0.961 | 0.039 |
| 3.1-4th |  | 111 | 108 | 0.975 | 0.025 |
| 1.1-4th |  | 112 | 108 | 0.985 | 0.015 |
| 0.0-4th |  | 112 | 108 | 1.0 | 0.0 |

Question

Which event most likely happened at the marked missing position?

Answer Choices

A. Player 3 (Team A) makes 10-foot two point shot (Player 2 (Team B) assists)
B. Player 11 (Team B) makes 2-foot dunk (Player 3 (Team B) assists)
C. Team B offensive team rebound | Player 8 (Team A) loose ball foul | Player 17 (Team B) enters the game for Player 3 (Team B) | Player 11 (Team A) enters the game for Player 8 (Team A)
D. Player 5 (Team B) makes 24-foot three point jumper (Player 13 (Team B) assists)

Response Format

Return exactly one JSON object:

{
  "answer": "<A|B|C|D>",
  "rationale": "<brief evidence-based justification in 1-3 sentences>",
  "evidence_event_ids": [],
  "evidence_series_times": []
}

Use only event IDs and time labels that are provided above and that support the answer. Use an empty array when the corresponding evidence type is unavailable or unused. Return only the JSON object.
