Task

Reconstruct the missing event in this basketball game. Use the available numerical time-series evidence around the marked row to select the most likely event.

Game

Team A versus Team B, season 22-23.

Time Series

| Game time | Marker | Team A score | Team B score | Team A win probability | Team B win probability |
| --- | --- | --- | --- | --- | --- |
| 12:00-1st |  | 0 | 0 | 0.584 | 0.416 |
| 11:47-1st |  | 2 | 0 | 0.612 | 0.388 |
| 11:26-1st |  | 2 | 2 | 0.583 | 0.417 |
| 11:09-1st |  | 2 | 2 | 0.563 | 0.437 |
| 10:50-1st |  | 2 | 5 | 0.51 | 0.49 |
| 10:36-1st |  | 2 | 5 | 0.481 | 0.519 |
| 10:32-1st |  | 2 | 7 | 0.459 | 0.541 |
| 10:20-1st |  | 2 | 7 | 0.432 | 0.568 |
| 10:04-1st |  | 2 | 7 | 0.451 | 0.549 |
| 10:02-1st |  | 2 | 7 | 0.457 | 0.543 |
| 9:58-1st |  | 4 | 7 | 0.48 | 0.52 |
| 9:44-1st |  | 4 | 7 | 0.501 | 0.499 |
| 9:40-1st |  | 4 | 9 | 0.456 | 0.544 |
| 9:30-1st |  | 6 | 9 | 0.479 | 0.521 |
| 9:15-1st |  | 6 | 11 | 0.455 | 0.545 |
| 9:01-1st |  | 9 | 11 | 0.504 | 0.496 |
| 8:48-1st |  | 9 | 11 | 0.524 | 0.476 |
| 8:47-1st |  | 9 | 11 | 0.53 | 0.47 |
| 8:42-1st |  | 12 | 11 | 0.581 | 0.419 |
| 8:29-1st |  | 12 | 13 | 0.556 | 0.444 |
| 8:11-1st |  | 12 | 13 | 0.536 | 0.464 |
| 8:09-1st |  | 12 | 13 | 0.529 | 0.471 |
| 8:01-1st |  | 12 | 13 | 0.556 | 0.444 |
| 7:51-1st |  | 12 | 13 | 0.535 | 0.465 |
| 7:49-1st |  | 12 | 13 | 0.528 | 0.472 |
| 7:44-1st |  | 12 | 15 | 0.503 | 0.497 |
| 7:28-1st |  | 12 | 15 | 0.474 | 0.526 |
| 7:07-1st |  | 12 | 15 | 0.494 | 0.506 |
| 7:05-1st |  | 12 | 15 | 0.501 | 0.499 |
| 6:53-1st |  | 12 | 15 | 0.48 | 0.52 |
| 6:52-1st |  | 12 | 15 | 0.473 | 0.527 |
| 6:34-1st |  | 12 | 15 | 0.493 | 0.507 |
| 6:31-1st |  | 12 | 15 | 0.5 | 0.5 |
| 6:30-1st |  | 12 | 15 | 0.472 | 0.528 |
| 6:26-1st |  | 12 | 18 | 0.418 | 0.582 |
| 6:07-1st |  | 12 | 18 | 0.389 | 0.611 |
| 5:53-1st |  | 12 | 18 | 0.409 | 0.591 |
| 5:52-1st |  | 12 | 18 | 0.416 | 0.584 |
| 5:38-1st |  | 12 | 18 | 0.394 | 0.606 |
| 5:37-1st |  | 12 | 18 | 0.387 | 0.613 |
| 5:32-1st |  | 12 | 20 | 0.364 | 0.636 |
| 5:14-1st |  | 12 | 20 | 0.343 | 0.657 |
| 5:11-1st |  | 12 | 20 | 0.336 | 0.664 |
| 4:54-1st |  | 12 | 22 | 0.31 | 0.69 |
| 4:31-1st |  | 12 | 22 | 0.284 | 0.716 |
| 4:17-1st |  | 12 | 22 | 0.307 | 0.693 |
| 4:12-1st |  | 14 | 22 | 0.331 | 0.669 |
| 3:54-1st |  | 14 | 22 | 0.331 | 0.669 |
| 3:46-1st |  | 14 | 24 | 0.305 | 0.695 |
| 3:34-1st |  | 14 | 24 | 0.285 | 0.715 |
| 3:31-1st |  | 14 | 24 | 0.278 | 0.722 |
| 3:15-1st |  | 14 | 27 | 0.232 | 0.768 |
| 3:07-1st |  | 14 | 27 | 0.232 | 0.768 |
| 2:58-1st |  | 17 | 27 | 0.275 | 0.725 |
| 2:31-1st |  | 17 | 27 | 0.3 | 0.7 |
| 2:09-1st |  | 20 | 27 | 0.348 | 0.652 |
| 1:47-1st |  | 20 | 29 | 0.319 | 0.681 |
| 1:36-1st |  | 20 | 29 | 0.3 | 0.7 |
| 1:34-1st |  | 20 | 29 | 0.293 | 0.707 |
| 1:28-1st |  | 20 | 31 | 0.271 | 0.729 |
| 1:12-1st |  | 20 | 31 | 0.271 | 0.729 |
| 1:10-1st |  | 20 | 31 | 0.245 | 0.755 |
| 59.1-1st |  | 20 | 33 | 0.222 | 0.778 |
| 43.1-1st |  | 20 | 33 | 0.206 | 0.794 |
| 41.2-1st |  | 20 | 33 | 0.221 | 0.779 |
| 40.1-1st |  | 22 | 33 | 0.243 | 0.757 |
| 29.0-1st |  | 22 | 33 | 0.26 | 0.74 |
| 26.1-1st |  | 22 | 33 | 0.242 | 0.758 |
| 22.2-1st |  | 22 | 33 | 0.26 | 0.74 |
| 20.1-1st |  | 22 | 33 | 0.266 | 0.734 |
| 0.0-1st |  | 24 | 33 | 0.305 | 0.695 |
| 12:00-2nd |  | 24 | 33 | 0.305 | 0.695 |
| 11:49-2nd |  | 24 | 34 | 0.287 | 0.713 |
| 11:32-2nd |  | 26 | 34 | 0.311 | 0.689 |
| 11:20-2nd |  | 26 | 37 | 0.26 | 0.74 |
| 11:12-2nd |  | 26 | 37 | 0.244 | 0.756 |
| 11:10-2nd |  | 26 | 37 | 0.239 | 0.761 |
| 11:06-2nd |  | 26 | 39 | 0.212 | 0.788 |
| 10:55-2nd |  | 26 | 39 | 0.195 | 0.805 |
| 10:52-2nd |  | 26 | 39 | 0.189 | 0.811 |
| 10:48-2nd |  | 26 | 39 | 0.205 | 0.795 |
| 10:46-2nd |  | 26 | 39 | 0.211 | 0.789 |
| 10:40-2nd |  | 29 | 39 | 0.259 | 0.741 |
| 10:27-2nd |  | 29 | 42 | 0.21 | 0.79 |
| 10:19-2nd |  | 31 | 42 | 0.235 | 0.765 |
| 10:06-2nd |  | 31 | 44 | 0.208 | 0.792 |
| 9:55-2nd |  | 32 | 44 | 0.208 | 0.792 |
| 9:38-2nd |  | 32 | 44 | 0.224 | 0.776 |
| 9:37-2nd |  | 32 | 44 | 0.23 | 0.77 |
| 9:26-2nd |  | 32 | 44 | 0.206 | 0.794 |
| 9:20-2nd |  | 32 | 46 | 0.184 | 0.816 |
| 9:05-2nd |  | 32 | 46 | 0.183 | 0.817 |
| 8:55-2nd |  | 34 | 46 | 0.203 | 0.797 |
| 8:43-2nd |  | 34 | 46 | 0.219 | 0.781 |
| 8:40-2nd |  | 34 | 46 | 0.225 | 0.775 |
| 8:34-2nd |  | 36 | 46 | 0.246 | 0.754 |
| 8:24-2nd |  | 36 | 46 | 0.245 | 0.755 |
| 8:18-2nd |  | 36 | 48 | 0.223 | 0.777 |
| 8:05-2nd |  | 36 | 48 | 0.204 | 0.796 |
| 8:03-2nd |  | 36 | 48 | 0.198 | 0.802 |
| 7:55-2nd |  | 36 | 48 | 0.199 | 0.801 |
| 7:46-2nd |  | 36 | 48 | 0.215 | 0.785 |
| 7:44-2nd |  | 36 | 48 | 0.22 | 0.78 |
| 7:39-2nd |  | 38 | 48 | 0.242 | 0.758 |
| 7:19-2nd |  | 38 | 50 | 0.218 | 0.782 |
| 7:07-2nd |  | 38 | 50 | 0.2 | 0.8 |
| 7:05-2nd |  | 38 | 50 | 0.194 | 0.806 |
| 6:53-2nd |  | 38 | 52 | 0.171 | 0.829 |
| 6:36-2nd |  | 38 | 52 | 0.155 | 0.845 |
| 6:34-2nd |  | 38 | 52 | 0.169 | 0.831 |
| 6:30-2nd |  | 38 | 52 | 0.151 | 0.849 |
| 6:15-2nd |  | 38 | 52 | 0.163 | 0.837 |
| 6:13-2nd |  | 38 | 52 | 0.149 | 0.851 |
| 6:11-2nd |  | 38 | 55 | 0.113 | 0.887 |
| 5:54-2nd |  | 38 | 55 | 0.101 | 0.899 |
| 5:53-2nd |  | 38 | 55 | 0.097 | 0.903 |
| 5:40-2nd |  | 38 | 58 | 0.071 | 0.929 |
| 5:24-2nd |  | 40 | 58 | 0.082 | 0.918 |
| 5:11-2nd |  | 40 | 58 | 0.092 | 0.908 |
| 5:10-2nd |  | 40 | 58 | 0.081 | 0.919 |
| 5:03-2nd |  | 40 | 58 | 0.094 | 0.906 |
| 4:58-2nd |  | 42 | 58 | 0.109 | 0.891 |
| 4:44-2nd |  | 42 | 59 | 0.105 | 0.895 |
| 4:23-2nd |  | 42 | 59 | 0.093 | 0.907 |
| 4:22-2nd |  | 42 | 59 | 0.089 | 0.911 |
| 4:02-2nd |  | 42 | 60 | 0.089 | 0.911 |
| 3:41-2nd |  | 44 | 60 | 0.103 | 0.897 |
| 3:22-2nd |  | 44 | 60 | 0.112 | 0.888 |
| 3:19-2nd |  | 44 | 60 | 0.115 | 0.885 |
| 3:17-2nd |  | 46 | 60 | 0.132 | 0.868 |
| 3:05-2nd |  | 46 | 60 | 0.151 | 0.849 |
| 2:55-2nd |  | 48 | 60 | 0.169 | 0.831 |
| 2:54-2nd |  | 48 | 60 | 0.169 | 0.831 |
| 2:41-2nd |  | 48 | 60 | 0.185 | 0.815 |
| 2:39-2nd |  | 48 | 60 | 0.191 | 0.809 |
| 2:36-2nd |  | 48 | 60 | 0.191 | 0.809 |
| 2:30-2nd |  | 50 | 60 | 0.213 | 0.787 |
| 2:21-2nd |  | 50 | 60 | 0.232 | 0.768 |
| 2:18-2nd |  | 50 | 60 | 0.238 | 0.762 |
| 2:09-2nd |  | 53 | 60 | 0.294 | 0.706 |
| 1:52-2nd |  | 53 | 62 | 0.263 | 0.737 |
| 1:39-2nd |  | 53 | 62 | 0.242 | 0.758 |
| 1:37-2nd |  | 53 | 62 | 0.235 | 0.765 |
| 1:24-2nd |  | 53 | 62 | 0.26 | 0.74 |
| 1:22-2nd |  | 56 | 62 | 0.322 | 0.678 |
| 1:10-2nd |  | 56 | 62 | 0.321 | 0.679 |
| 1:05-2nd |  | 56 | 62 | 0.346 | 0.654 |
| 1:03-2nd |  | 56 | 62 | 0.354 | 0.646 |
| 53.0-2nd |  | 58 | 62 | 0.382 | 0.618 |
| 31.1-2nd |  | 58 | 62 | 0.41 | 0.59 |
| 29.0-2nd |  | 58 | 62 | 0.38 | 0.62 |
| 17.1-2nd |  | 58 | 62 | 0.418 | 0.582 |
| 0.0-2nd |  | 58 | 62 | 0.403 | 0.597 |
| 12:00-3rd |  | 58 | 62 | 0.377 | 0.623 |
| 11:40-3rd |  | 58 | 62 | 0.405 | 0.595 |
| 11:38-3rd |  | 58 | 62 | 0.415 | 0.585 |
| 11:35-3rd |  | 60 | 62 | 0.447 | 0.553 |
| 11:11-3rd |  | 60 | 62 | 0.481 | 0.519 |
| 10:47-3rd |  | 63 | 62 | 0.555 | 0.445 |
| 10:18-3rd |  | 63 | 65 | 0.479 | 0.521 |
| 10:08-3rd |  | 65 | 65 | 0.513 | 0.487 |
| 9:42-3rd |  | 65 | 65 | 0.543 | 0.457 |
| 9:40-3rd |  | 65 | 65 | 0.553 | 0.447 |
| 9:34-3rd |  | 67 | 65 | 0.588 | 0.412 |
| 9:26-3rd |  | 67 | 65 | 0.626 | 0.374 |
| 9:19-3rd |  | 70 | 65 | 0.693 | 0.307 |
| 9:05-3rd |  | 70 | 65 | 0.695 | 0.305 |
| 8:49-3rd |  | 70 | 65 | 0.72 | 0.28 |
| 8:47-3rd |  | 70 | 65 | 0.728 | 0.272 |
| 8:38-3rd |  | 70 | 65 | 0.704 | 0.296 |
| 8:36-3rd |  | 70 | 65 | 0.696 | 0.304 |
| 8:31-3rd |  | 70 | 68 | 0.627 | 0.373 |
| 8:11-3rd |  | 70 | 68 | 0.598 | 0.402 |
| 8:09-3rd |  | 70 | 68 | 0.588 | 0.412 |
| 8:03-3rd |  | 70 | 68 | 0.627 | 0.373 |
| 7:48-3rd |  | 70 | 68 | 0.598 | 0.402 |
| 7:46-3rd |  | 70 | 68 | 0.588 | 0.412 |
| 7:26-3rd |  | 70 | 68 | 0.618 | 0.382 |
| 7:21-3rd |  | 70 | 68 | 0.618 | 0.382 |
| 7:20-3rd |  | 70 | 68 | 0.628 | 0.372 |
| 7:18-3rd |  | 70 | 68 | 0.598 | 0.402 |
| 7:16-3rd |  | 70 | 68 | 0.588 | 0.412 |
| 7:03-3rd |  | 70 | 68 | 0.619 | 0.381 |
| 7:00-3rd |  | 70 | 68 | 0.588 | 0.412 |
| 6:53-3rd |  | 70 | 68 | 0.619 | 0.381 |
| 6:50-3rd |  | 70 | 68 | 0.588 | 0.412 |
| 6:48-3rd |  | 70 | 68 | 0.619 | 0.381 |
| 6:46-3rd |  | 70 | 68 | 0.629 | 0.371 |
| 6:30-3rd |  | 70 | 68 | 0.599 | 0.401 |
| 6:28-3rd |  | 70 | 68 | 0.588 | 0.412 |
| 6:22-3rd |  | 70 | 68 | 0.588 | 0.412 |
| 6:09-3rd |  | 70 | 68 | 0.63 | 0.37 |
| 6:06-3rd |  | 70 | 68 | 0.588 | 0.412 |
| 6:03-3rd |  | 70 | 68 | 0.588 | 0.412 |
| 6:01-3rd |  | 70 | 70 | 0.55 | 0.45 |
| 6:00-3rd |  | 70 | 70 | 0.55 | 0.45 |
| 5:50-3rd |  | 70 | 70 | 0.506 | 0.494 |
| 5:48-3rd |  | 70 | 71 | 0.508 | 0.492 |
| 5:30-3rd |  | 70 | 71 | 0.476 | 0.524 |
| 5:28-3rd |  | 70 | 71 | 0.465 | 0.535 |
| 5:18-3rd |  | 70 | 71 | 0.496 | 0.504 |
| 5:16-3rd |  | 70 | 71 | 0.507 | 0.493 |
| 5:04-3rd |  | 73 | 71 | 0.588 | 0.412 |
| 4:39-3rd |  | 73 | 71 | 0.621 | 0.379 |
| 4:37-3rd |  | 73 | 71 | 0.632 | 0.368 |
| 4:33-3rd |  | 75 | 71 | 0.669 | 0.331 |
| 4:14-3rd |  | 75 | 73 | 0.632 | 0.368 |
| 4:02-3rd |  | 75 | 73 | 0.599 | 0.401 |
| 4:01-3rd |  | 75 | 73 | 0.633 | 0.367 |
| 3:59-3rd |  | 75 | 73 | 0.587 | 0.413 |
| 3:47-3rd |  | 75 | 73 | 0.633 | 0.367 |
| 3:34-3rd |  | 75 | 73 | 0.599 | 0.401 |
| 3:32-3rd |  | 75 | 73 | 0.588 | 0.412 |
| 3:22-3rd |  | 75 | 76 | 0.503 | 0.497 |
| 3:10-3rd |  | 77 | 76 | 0.545 | 0.455 |
| 2:58-3rd |  | 77 | 76 | 0.477 | 0.523 |
| 2:48-3rd |  | 77 | 76 | 0.582 | 0.418 |
| 2:45-3rd |  | 77 | 76 | 0.594 | 0.406 |
| 2:26-3rd |  | 77 | 76 | 0.545 | 0.455 |
| 2:21-3rd |  | 77 | 76 | 0.595 | 0.405 |
| 2:06-3rd |  | 77 | 76 | 0.595 | 0.405 |
| 2:05-3rd |  | 77 | 76 | 0.557 | 0.443 |
| 2:04-3rd |  | 77 | 76 | 0.545 | 0.455 |
| 1:54-3rd |  | 77 | 76 | 0.583 | 0.417 |
| 1:52-3rd |  | 77 | 76 | 0.595 | 0.405 |
| 1:38-3rd |  | 77 | 76 | 0.658 | 0.342 |
| 1:24-3rd |  | 77 | 76 | 0.544 | 0.456 |
| 1:07-3rd |  | 77 | 76 | 0.582 | 0.418 |
| 1:05-3rd |  | 77 | 76 | 0.595 | 0.405 |
| 56.1-3rd |  | 77 | 76 | 0.557 | 0.443 |
| 53.2-3rd |  | 77 | 76 | 0.544 | 0.456 |
| 51.1-3rd |  | 77 | 79 | 0.448 | 0.552 |
| 28.1-3rd |  | 77 | 79 | 0.41 | 0.59 |
| 26.1-3rd |  | 77 | 79 | 0.397 | 0.603 |
| 4.2-3rd |  | 77 | 81 | 0.349 | 0.651 |
| 1.0-3rd |  | 77 | 81 | 0.301 | 0.699 |
| 0.0-3rd |  | 77 | 81 | 0.326 | 0.674 |
| 12:00-4th |  | 77 | 81 | 0.326 | 0.674 |
| 11:37-4th |  | 77 | 81 | 0.294 | 0.706 |
| 11:22-4th |  | 77 | 81 | 0.345 | 0.655 |
| 11:10-4th |  | 77 | 81 | 0.29 | 0.71 |
| 10:57-4th |  | 77 | 81 | 0.328 | 0.672 |
| 10:55-4th |  | 77 | 81 | 0.341 | 0.659 |
| 10:49-4th |  | 79 | 81 | 0.387 | 0.613 |
| 10:27-4th |  | 79 | 81 | 0.455 | 0.545 |
| 10:12-4th |  | 81 | 81 | 0.502 | 0.498 |
| 9:55-4th |  | 81 | 81 | 0.545 | 0.455 |
| 9:54-4th |  | 81 | 81 | 0.501 | 0.499 |
| 9:49-4th |  | 81 | 81 | 0.545 | 0.455 |
| 9:48-4th |  | 81 | 81 | 0.559 | 0.441 |
| 9:41-4th |  | 84 | 81 | 0.66 | 0.34 |
| 9:25-4th |  | 84 | 81 | 0.701 | 0.299 |
| 9:24-4th |  | 84 | 81 | 0.715 | 0.285 |
| 9:17-4th |  | 84 | 81 | 0.674 | 0.326 |
| 9:14-4th |  | 84 | 81 | 0.715 | 0.285 |
| 9:13-4th |  | 86 | 81 | 0.661 | 0.339 |
| 8:48-4th | TARGET | 86 | 81 | 0.793 | 0.207 |
| 8:45-4th |  | 86 | 81 | 0.804 | 0.196 |
| 8:39-4th |  | 88 | 81 | 0.844 | 0.156 |
| 8:24-4th |  | 88 | 83 | 0.807 | 0.193 |
| 8:13-4th |  | 90 | 83 | 0.848 | 0.152 |
| 7:57-4th |  | 90 | 83 | 0.875 | 0.125 |
| 7:55-4th |  | 90 | 83 | 0.884 | 0.116 |
| 7:39-4th |  | 90 | 83 | 0.854 | 0.146 |
| 7:29-4th |  | 90 | 83 | 0.881 | 0.119 |
| 7:17-4th |  | 90 | 83 | 0.892 | 0.108 |
| 7:02-4th |  | 90 | 83 | 0.87 | 0.13 |
| 7:00-4th |  | 90 | 83 | 0.862 | 0.138 |
| 6:39-4th |  | 90 | 83 | 0.9 | 0.1 |
| 6:35-4th |  | 90 | 83 | 0.907 | 0.093 |
| 6:26-4th |  | 90 | 83 | 0.942 | 0.058 |
| 6:19-4th |  | 92 | 83 | 0.932 | 0.068 |
| 6:18-4th |  | 92 | 83 | 0.952 | 0.048 |
| 6:03-4th |  | 94 | 83 | 0.967 | 0.033 |
| 5:41-4th |  | 94 | 83 | 0.976 | 0.024 |
| 5:39-4th |  | 94 | 83 | 0.978 | 0.022 |
| 5:32-4th |  | 94 | 83 | 0.973 | 0.027 |
| 5:31-4th |  | 94 | 83 | 0.971 | 0.029 |
| 5:21-4th |  | 94 | 86 | 0.944 | 0.056 |
| 4:56-4th |  | 94 | 86 | 0.925 | 0.075 |
| 4:52-4th |  | 94 | 88 | 0.902 | 0.098 |
| 4:30-4th |  | 96 | 88 | 0.931 | 0.069 |
| 4:19-4th |  | 96 | 88 | 0.95 | 0.05 |
| 4:17-4th |  | 96 | 88 | 0.956 | 0.044 |
| 3:55-4th |  | 96 | 88 | 0.938 | 0.062 |
| 3:39-4th |  | 96 | 91 | 0.886 | 0.114 |
| 3:17-4th |  | 96 | 91 | 0.859 | 0.141 |
| 3:13-4th |  | 98 | 91 | 0.927 | 0.073 |
| 3:06-4th |  | 100 | 91 | 0.969 | 0.031 |
| 2:48-4th |  | 100 | 91 | 0.984 | 0.016 |
| 2:41-4th |  | 100 | 91 | 0.974 | 0.026 |
| 2:25-4th |  | 100 | 91 | 0.984 | 0.016 |
| 2:23-4th |  | 100 | 91 | 0.987 | 0.013 |
| 2:06-4th |  | 102 | 91 | 0.995 | 0.005 |
| 1:50-4th |  | 102 | 91 | 0.998 | 0.002 |
| 1:35-4th |  | 102 | 91 | 0.997 | 0.003 |
| 1:32-4th |  | 102 | 91 | 0.999 | 0.001 |
| 1:28-4th |  | 102 | 91 | 0.997 | 0.003 |
| 1:23-4th |  | 102 | 94 | 0.989 | 0.011 |
| 1:02-4th |  | 102 | 94 | 0.985 | 0.015 |
| 1:00-4th |  | 102 | 94 | 0.982 | 0.018 |
| 50.1-4th |  | 102 | 94 | 0.992 | 0.008 |
| 48.0-4th |  | 102 | 94 | 0.986 | 0.014 |
| 46.1-4th |  | 102 | 94 | 0.995 | 0.005 |
| 45.2-4th |  | 102 | 94 | 0.986 | 0.014 |
| 40.2-4th |  | 104 | 94 | 0.998 | 0.002 |
| 31.0-4th |  | 104 | 94 | 0.999 | 0.001 |
| 7.0-4th |  | 104 | 94 | 0.999 | 0.001 |
| 0.1-4th |  | 104 | 96 | 0.999 | 0.001 |
| 0.0-4th |  | 104 | 96 | 1.0 | 0.0 |

Question

Which event most likely happened at the marked missing position?

Answer Choices

A. Player 8 (Team A) enters the game for Player 18 (Team A)
B. Player 10 (Team B) makes 22-foot three point jumper (Player 2 (Team A) assists)
C. Player 7 (Team A) blocks Player 3 (Team B)'s two point shot
D. Player 2 (Team A) makes 1-foot dunk (Player 12 (Team A) assists)

Response Format

Return exactly one JSON object:

{
  "answer": "<A|B|C|D>",
  "rationale": "<brief evidence-based justification in 1-3 sentences>",
  "evidence_event_ids": [],
  "evidence_series_times": []
}

Use only event IDs and time labels that are provided above and that support the answer. Use an empty array when the corresponding evidence type is unavailable or unused. Return only the JSON object.
