Task

Reconstruct the missing event in this basketball game. Use the available numerical time-series evidence around the marked row to select the most likely event.

Game

Team A versus Team B, season 22-23.

Time Series

| Game time | Marker | Team A score | Team B score | Team A win probability | Team B win probability |
| --- | --- | --- | --- | --- | --- |
| 12:00-1st |  | 0.0 | 0.0 | 0.453 | 0.547 |
| 11:41-1st |  | 0.0 | 0.0 | 0.439 | 0.561 |
| 11:37-1st |  | 0.0 | 0.0 | 0.454 | 0.546 |
| 11:35-1st |  | 0.0 | 0.0 | 0.439 | 0.561 |
| 11:32-1st |  | 0.0 | 0.0 | 0.434 | 0.566 |
| 11:21-1st |  | 0.0 | 2.0 | 0.406 | 0.594 |
| 11:07-1st |  | 0.0 | 2.0 | 0.389 | 0.611 |
| 11:06-1st |  | 0.0 | 2.0 | 0.383 | 0.617 |
| 10:46-1st |  | 0.0 | 4.0 | 0.362 | 0.638 |
| 10:33-1st |  | 0.0 | 4.0 | 0.341 | 0.659 |
| 10:29-1st |  | 0.0 | 4.0 | 0.334 | 0.666 |
| 10:22-1st |  | 0.0 | 4.0 | 0.361 | 0.639 |
| 10:07-1st |  | 0.0 | 4.0 | 0.355 | 0.645 |
| 10:04-1st |  | 0.0 | 4.0 | 0.361 | 0.639 |
| 10:02-1st |  | 0.0 | 4.0 | 0.341 | 0.659 |
| 9:57-1st |  | 0.0 | 4.0 | 0.334 | 0.666 |
| 9:52-1st |  | 0.0 | 6.0 | 0.312 | 0.688 |
| 9:42-1st |  | 2.0 | 6.0 | 0.336 | 0.664 |
| 9:33-1st |  | 2.0 | 9.0 | 0.291 | 0.709 |
| 9:10-1st |  | 2.0 | 9.0 | 0.271 | 0.729 |
| 9:08-1st |  | 2.0 | 10.0 | 0.269 | 0.731 |
| 8:58-1st |  | 2.0 | 10.0 | 0.254 | 0.746 |
| 8:54-1st |  | 2.0 | 10.0 | 0.249 | 0.751 |
| 8:45-1st |  | 2.0 | 10.0 | 0.264 | 0.736 |
| 8:41-1st |  | 2.0 | 10.0 | 0.269 | 0.731 |
| 8:33-1st |  | 2.0 | 10.0 | 0.249 | 0.751 |
| 8:28-1st |  | 2.0 | 10.0 | 0.264 | 0.736 |
| 8:23-1st |  | 2.0 | 10.0 | 0.269 | 0.731 |
| 8:15-1st |  | 2.0 | 10.0 | 0.254 | 0.746 |
| 8:12-1st |  | 2.0 | 10.0 | 0.249 | 0.751 |
| 8:10-1st |  | 2.0 | 10.0 | 0.263 | 0.737 |
| 8:04-1st |  | 2.0 | 10.0 | 0.268 | 0.732 |
| 7:59-1st |  | 2.0 | 10.0 | 0.268 | 0.732 |
| 7:51-1st |  | 5.0 | 10.0 | 0.314 | 0.686 |
| 7:31-1st |  | 5.0 | 10.0 | 0.33 | 0.67 |
| 7:29-1st |  | 5.0 | 10.0 | 0.335 | 0.665 |
| 7:24-1st |  | 7.0 | 10.0 | 0.361 | 0.639 |
| 7:06-1st |  | 7.0 | 10.0 | 0.386 | 0.614 |
| 6:57-1st |  | 9.0 | 10.0 | 0.411 | 0.589 |
| 6:43-1st |  | 9.0 | 10.0 | 0.431 | 0.569 |
| 6:40-1st |  | 9.0 | 10.0 | 0.437 | 0.563 |
| 6:39-1st |  | 9.0 | 10.0 | 0.411 | 0.589 |
| 6:22-1st |  | 9.0 | 10.0 | 0.411 | 0.589 |
| 6:18-1st |  | 9.0 | 12.0 | 0.386 | 0.614 |
| 6:12-1st |  | 9.0 | 12.0 | 0.361 | 0.639 |
| 6:03-1st |  | 9.0 | 14.0 | 0.336 | 0.664 |
| 5:49-1st |  | 9.0 | 14.0 | 0.312 | 0.688 |
| 5:46-1st |  | 9.0 | 16.0 | 0.289 | 0.711 |
| 5:37-1st |  | 11.0 | 16.0 | 0.311 | 0.689 |
| 5:34-1st |  | 11.0 | 16.0 | 0.335 | 0.665 |
| 5:32-1st |  | 13.0 | 16.0 | 0.361 | 0.639 |
| 5:18-1st |  | 13.0 | 16.0 | 0.38 | 0.62 |
| 5:15-1st |  | 13.0 | 16.0 | 0.386 | 0.614 |
| 5:05-1st |  | 13.0 | 16.0 | 0.361 | 0.639 |
| 4:53-1st |  | 13.0 | 16.0 | 0.38 | 0.62 |
| 4:49-1st |  | 13.0 | 16.0 | 0.361 | 0.639 |
| 4:48-1st |  | 13.0 | 16.0 | 0.361 | 0.639 |
| 4:41-1st |  | 13.0 | 16.0 | 0.38 | 0.62 |
| 4:40-1st |  | 13.0 | 16.0 | 0.386 | 0.614 |
| 4:35-1st |  | 13.0 | 16.0 | 0.367 | 0.633 |
| 4:32-1st |  | 13.0 | 16.0 | 0.386 | 0.614 |
| 4:28-1st |  | 13.0 | 16.0 | 0.387 | 0.613 |
| 4:20-1st |  | 16.0 | 16.0 | 0.44 | 0.56 |
| 4:11-1st |  | 16.0 | 16.0 | 0.44 | 0.56 |
| 3:55-1st |  | 16.0 | 16.0 | 0.459 | 0.541 |
| 3:51-1st |  | 16.0 | 16.0 | 0.466 | 0.534 |
| 3:49-1st |  | 18.0 | 16.0 | 0.494 | 0.506 |
| 3:30-1st |  | 18.0 | 16.0 | 0.521 | 0.479 |
| 3:24-1st |  | 21.0 | 16.0 | 0.575 | 0.425 |
| 3:04-1st |  | 21.0 | 16.0 | 0.597 | 0.403 |
| 3:01-1st |  | 21.0 | 16.0 | 0.604 | 0.396 |
| 2:53-1st |  | 21.0 | 16.0 | 0.577 | 0.423 |
| 2:48-1st |  | 21.0 | 16.0 | 0.605 | 0.395 |
| 2:43-1st |  | 21.0 | 16.0 | 0.584 | 0.416 |
| 2:39-1st |  | 21.0 | 16.0 | 0.606 | 0.394 |
| 2:38-1st |  | 21.0 | 16.0 | 0.606 | 0.394 |
| 2:30-1st |  | 24.0 | 16.0 | 0.659 | 0.341 |
| 2:16-1st |  | 24.0 | 20.0 | 0.581 | 0.419 |
| 2:07-1st |  | 26.0 | 20.0 | 0.608 | 0.392 |
| 1:55-1st |  | 26.0 | 20.0 | 0.636 | 0.364 |
| 1:51-1st |  | 28.0 | 20.0 | 0.66 | 0.34 |
| 1:35-1st |  | 28.0 | 20.0 | 0.684 | 0.316 |
| 1:32-1st |  | 28.0 | 20.0 | 0.692 | 0.308 |
| 1:21-1st |  | 30.0 | 20.0 | 0.715 | 0.285 |
| 1:12-1st |  | 30.0 | 20.0 | 0.742 | 0.258 |
| 54.9-1st |  | 30.0 | 20.0 | 0.717 | 0.283 |
| 49.4-1st |  | 30.0 | 20.0 | 0.744 | 0.256 |
| 36.7-1st |  | 30.0 | 20.0 | 0.725 | 0.275 |
| 32.7-1st |  | 30.0 | 20.0 | 0.718 | 0.282 |
| 27.2-1st |  | 30.0 | 22.0 | 0.696 | 0.304 |
| 7.6-1st |  | 32.0 | 22.0 | 0.721 | 0.279 |
| 0.5-1st |  | 32.0 | 24.0 | 0.702 | 0.298 |
| 0.0-1st |  | 32.0 | 24.0 | 0.685 | 0.315 |
| 12:00-2nd |  | 32.0 | 24.0 | 0.685 | 0.315 |
| 11:46-2nd |  | 32.0 | 24.0 | 0.692 | 0.308 |
| 11:41-2nd |  | 32.0 | 24.0 | 0.7 | 0.3 |
| 11:31-2nd |  | 32.0 | 24.0 | 0.679 | 0.321 |
| 11:25-2nd |  | 32.0 | 24.0 | 0.672 | 0.328 |
| 11:19-2nd |  | 32.0 | 24.0 | 0.672 | 0.328 |
| 11:09-2nd |  | 32.0 | 24.0 | 0.694 | 0.306 |
| 11:04-2nd |  | 32.0 | 24.0 | 0.672 | 0.328 |
| 11:03-2nd |  | 32.0 | 24.0 | 0.701 | 0.299 |
| 10:44-2nd |  | 32.0 | 24.0 | 0.681 | 0.319 |
| 10:41-2nd |  | 32.0 | 24.0 | 0.703 | 0.297 |
| 10:38-2nd |  | 32.0 | 24.0 | 0.681 | 0.319 |
| 10:36-2nd |  | 32.0 | 24.0 | 0.674 | 0.326 |
| 10:35-2nd |  | 32.0 | 26.0 | 0.652 | 0.348 |
| 10:26-2nd |  | 34.0 | 26.0 | 0.675 | 0.325 |
| 10:05-2nd |  | 34.0 | 28.0 | 0.653 | 0.347 |
| 9:52-2nd |  | 34.0 | 28.0 | 0.651 | 0.349 |
| 9:48-2nd |  | 36.0 | 28.0 | 0.679 | 0.321 |
| 9:32-2nd |  | 36.0 | 28.0 | 0.701 | 0.299 |
| 9:29-2nd |  | 36.0 | 28.0 | 0.708 | 0.292 |
| 9:25-2nd |  | 36.0 | 28.0 | 0.681 | 0.319 |
| 9:06-2nd |  | 36.0 | 28.0 | 0.703 | 0.297 |
| 9:04-2nd |  | 36.0 | 28.0 | 0.71 | 0.29 |
| 8:55-2nd |  | 38.0 | 28.0 | 0.735 | 0.265 |
| 8:40-2nd |  | 38.0 | 28.0 | 0.735 | 0.265 |
| 8:35-2nd |  | 38.0 | 28.0 | 0.757 | 0.243 |
| 8:33-2nd |  | 38.0 | 28.0 | 0.764 | 0.236 |
| 8:27-2nd |  | 40.0 | 28.0 | 0.786 | 0.214 |
| 8:18-2nd |  | 40.0 | 28.0 | 0.809 | 0.191 |
| 8:07-2nd |  | 40.0 | 28.0 | 0.793 | 0.207 |
| 8:05-2nd |  | 40.0 | 28.0 | 0.788 | 0.212 |
| 7:51-2nd |  | 40.0 | 31.0 | 0.74 | 0.26 |
| 7:36-2nd |  | 40.0 | 31.0 | 0.717 | 0.283 |
| 7:31-2nd |  | 40.0 | 31.0 | 0.736 | 0.264 |
| 7:28-2nd |  | 40.0 | 31.0 | 0.717 | 0.283 |
| 7:26-2nd |  | 40.0 | 31.0 | 0.736 | 0.264 |
| 7:24-2nd |  | 40.0 | 31.0 | 0.742 | 0.258 |
| 7:21-2nd |  | 41.0 | 31.0 | 0.741 | 0.259 |
| 7:09-2nd |  | 41.0 | 33.0 | 0.72 | 0.28 |
| 6:58-2nd |  | 43.0 | 33.0 | 0.743 | 0.257 |
| 6:45-2nd |  | 43.0 | 35.0 | 0.722 | 0.278 |
| 6:30-2nd |  | 43.0 | 35.0 | 0.693 | 0.307 |
| 6:26-2nd |  | 43.0 | 35.0 | 0.716 | 0.284 |
| 6:20-2nd |  | 43.0 | 37.0 | 0.665 | 0.335 |
| 5:59-2nd |  | 43.0 | 37.0 | 0.643 | 0.357 |
| 5:57-2nd |  | 43.0 | 37.0 | 0.636 | 0.364 |
| 5:48-2nd |  | 43.0 | 37.0 | 0.667 | 0.333 |
| 5:32-2nd |  | 43.0 | 37.0 | 0.645 | 0.355 |
| 5:31-2nd |  | 43.0 | 37.0 | 0.669 | 0.331 |
| 5:28-2nd |  | 43.0 | 37.0 | 0.646 | 0.354 |
| 5:26-2nd |  | 43.0 | 37.0 | 0.638 | 0.362 |
| 5:22-2nd |  | 43.0 | 37.0 | 0.661 | 0.339 |
| 5:17-2nd |  | 43.0 | 37.0 | 0.67 | 0.33 |
| 5:05-2nd |  | 43.0 | 37.0 | 0.647 | 0.353 |
| 5:03-2nd |  | 43.0 | 37.0 | 0.64 | 0.36 |
| 4:50-2nd |  | 43.0 | 39.0 | 0.612 | 0.388 |
| 4:25-2nd |  | 46.0 | 39.0 | 0.674 | 0.326 |
| 4:01-2nd |  | 46.0 | 39.0 | 0.699 | 0.301 |
| 3:57-2nd |  | 46.0 | 39.0 | 0.676 | 0.324 |
| 3:48-2nd |  | 46.0 | 41.0 | 0.647 | 0.353 |
| 3:30-2nd |  | 46.0 | 41.0 | 0.624 | 0.376 |
| 3:28-2nd |  | 46.0 | 41.0 | 0.616 | 0.384 |
| 3:21-2nd |  | 46.0 | 43.0 | 0.587 | 0.413 |
| 3:00-2nd |  | 46.0 | 43.0 | 0.561 | 0.439 |
| 2:57-2nd |  | 46.0 | 43.0 | 0.553 | 0.447 |
| 2:41-2nd |  | 46.0 | 43.0 | 0.58 | 0.42 |
| 2:38-2nd |  | 46.0 | 43.0 | 0.589 | 0.411 |
| 2:36-2nd |  | 48.0 | 43.0 | 0.617 | 0.383 |
| 2:21-2nd |  | 48.0 | 43.0 | 0.644 | 0.356 |
| 2:19-2nd |  | 48.0 | 43.0 | 0.619 | 0.381 |
| 2:16-2nd |  | 48.0 | 45.0 | 0.59 | 0.41 |
| 1:53-2nd |  | 51.0 | 45.0 | 0.651 | 0.349 |
| 1:34-2nd |  | 51.0 | 45.0 | 0.677 | 0.323 |
| 1:31-2nd |  | 51.0 | 45.0 | 0.686 | 0.314 |
| 1:19-2nd |  | 51.0 | 45.0 | 0.662 | 0.338 |
| 1:15-2nd |  | 51.0 | 45.0 | 0.654 | 0.346 |
| 1:08-2nd |  | 51.0 | 45.0 | 0.654 | 0.346 |
| 55.5-2nd |  | 51.0 | 45.0 | 0.68 | 0.32 |
| 53.8-2nd |  | 51.0 | 45.0 | 0.689 | 0.311 |
| 51.5-2nd |  | 53.0 | 45.0 | 0.724 | 0.276 |
| 45.4-2nd |  | 53.0 | 47.0 | 0.689 | 0.311 |
| 28.9-2nd |  | 55.0 | 47.0 | 0.726 | 0.274 |
| 9.6-2nd |  | 55.0 | 48.0 | 0.726 | 0.274 |
| 0.0-2nd |  | 55.0 | 48.0 | 0.708 | 0.292 |
| 12:00-3rd |  | 55.0 | 48.0 | 0.708 | 0.292 |
| 11:46-3rd |  | 55.0 | 50.0 | 0.665 | 0.335 |
| 11:25-3rd |  | 55.0 | 50.0 | 0.643 | 0.357 |
| 11:22-3rd |  | 55.0 | 50.0 | 0.635 | 0.365 |
| 11:13-3rd |  | 55.0 | 50.0 | 0.66 | 0.34 |
| 11:11-3rd |  | 55.0 | 50.0 | 0.668 | 0.332 |
| 11:07-3rd |  | 57.0 | 50.0 | 0.701 | 0.299 |
| 10:46-3rd |  | 57.0 | 52.0 | 0.67 | 0.33 |
| 10:26-3rd |  | 59.0 | 52.0 | 0.705 | 0.295 |
| 10:19-3rd |  | 59.0 | 52.0 | 0.731 | 0.269 |
| 10:16-3rd |  | 59.0 | 52.0 | 0.74 | 0.26 |
| 10:13-3rd |  | 59.0 | 52.0 | 0.715 | 0.285 |
| 10:10-3rd |  | 59.0 | 52.0 | 0.706 | 0.294 |
| 9:58-3rd |  | 59.0 | 52.0 | 0.733 | 0.267 |
| 9:55-3rd |  | 59.0 | 52.0 | 0.742 | 0.258 |
| 9:50-3rd |  | 59.0 | 52.0 | 0.739 | 0.261 |
| 9:46-3rd |  | 59.0 | 52.0 | 0.716 | 0.284 |
| 9:38-3rd |  | 59.0 | 52.0 | 0.709 | 0.291 |
| 9:37-3rd |  | 59.0 | 52.0 | 0.734 | 0.266 |
| 9:34-3rd |  | 59.0 | 52.0 | 0.709 | 0.291 |
| 9:33-3rd |  | 59.0 | 54.0 | 0.677 | 0.323 |
| 9:23-3rd |  | 59.0 | 54.0 | 0.642 | 0.358 |
| 9:16-3rd |  | 59.0 | 54.0 | 0.669 | 0.331 |
| 9:13-3rd |  | 59.0 | 54.0 | 0.678 | 0.322 |
| 9:09-3rd |  | 59.0 | 54.0 | 0.643 | 0.357 |
| 9:03-3rd |  | 59.0 | 56.0 | 0.609 | 0.391 |
| 8:43-3rd |  | 59.0 | 56.0 | 0.58 | 0.42 |
| 8:39-3rd |  | 59.0 | 56.0 | 0.57 | 0.43 |
| 8:37-3rd |  | 59.0 | 59.0 | 0.496 | 0.504 |
| 8:36-3rd |  | 59.0 | 59.0 | 0.496 | 0.504 |
| 8:18-3rd |  | 59.0 | 59.0 | 0.455 | 0.545 |
| 7:53-3rd |  | 59.0 | 61.0 | 0.42 | 0.58 |
| 7:41-3rd |  | 59.0 | 61.0 | 0.38 | 0.62 |
| 7:23-3rd |  | 59.0 | 61.0 | 0.419 | 0.581 |
| 7:19-3rd |  | 62.0 | 61.0 | 0.496 | 0.504 |
| 7:01-3rd |  | 62.0 | 61.0 | 0.527 | 0.473 |
| 6:58-3rd |  | 62.0 | 61.0 | 0.537 | 0.463 |
| 6:48-3rd |  | 62.0 | 61.0 | 0.497 | 0.503 |
| 6:42-3rd |  | 62.0 | 61.0 | 0.528 | 0.472 |
| 6:39-3rd |  | 62.0 | 61.0 | 0.497 | 0.503 |
| 6:33-3rd |  | 62.0 | 61.0 | 0.539 | 0.461 |
| 6:30-3rd |  | 64.0 | 61.0 | 0.579 | 0.421 |
| 6:13-3rd |  | 64.0 | 63.0 | 0.54 | 0.46 |
| 6:04-3rd |  | 66.0 | 63.0 | 0.58 | 0.42 |
| 5:46-3rd |  | 66.0 | 66.0 | 0.501 | 0.499 |
| 5:40-3rd |  | 66.0 | 66.0 | 0.501 | 0.499 |
| 5:31-3rd |  | 69.0 | 66.0 | 0.582 | 0.418 |
| 5:20-3rd |  | 69.0 | 66.0 | 0.615 | 0.385 |
| 5:18-3rd |  | 69.0 | 66.0 | 0.626 | 0.374 |
| 5:13-3rd |  | 72.0 | 66.0 | 0.699 | 0.301 |
| 5:00-3rd |  | 72.0 | 66.0 | 0.699 | 0.301 |
| 4:58-3rd |  | 72.0 | 68.0 | 0.666 | 0.334 |
| 4:32-3rd |  | 72.0 | 68.0 | 0.627 | 0.373 |
| 4:25-3rd |  | 72.0 | 70.0 | 0.587 | 0.413 |
| 3:58-3rd |  | 74.0 | 70.0 | 0.63 | 0.37 |
| 3:44-3rd |  | 74.0 | 70.0 | 0.664 | 0.336 |
| 3:39-3rd |  | 74.0 | 72.0 | 0.591 | 0.409 |
| 3:33-3rd |  | 74.0 | 72.0 | 0.655 | 0.345 |
| 3:25-3rd |  | 74.0 | 72.0 | 0.56 | 0.44 |
| 3:24-3rd |  | 74.0 | 72.0 | 0.549 | 0.451 |
| 3:14-3rd |  | 74.0 | 74.0 | 0.506 | 0.494 |
| 2:49-3rd |  | 74.0 | 74.0 | 0.47 | 0.53 |
| 2:45-3rd |  | 74.0 | 74.0 | 0.458 | 0.542 |
| 2:40-3rd |  | 74.0 | 74.0 | 0.495 | 0.505 |
| 2:36-3rd |  | 74.0 | 74.0 | 0.507 | 0.493 |
| 2:16-3rd |  | 74.0 | 74.0 | 0.471 | 0.529 |
| 2:14-3rd |  | 74.0 | 74.0 | 0.458 | 0.542 |
| 2:11-3rd |  | 74.0 | 77.0 | 0.372 | 0.628 |
| 1:51-3rd |  | 74.0 | 77.0 | 0.324 | 0.676 |
| 1:37-3rd |  | 74.0 | 77.0 | 0.358 | 0.642 |
| 1:35-3rd |  | 74.0 | 77.0 | 0.37 | 0.63 |
| 1:20-3rd |  | 74.0 | 77.0 | 0.334 | 0.666 |
| 1:19-3rd |  | 74.0 | 77.0 | 0.322 | 0.678 |
| 1:17-3rd |  | 74.0 | 77.0 | 0.322 | 0.678 |
| 59.4-3rd |  | 74.0 | 80.0 | 0.243 | 0.757 |
| 38.4-3rd |  | 76.0 | 80.0 | 0.276 | 0.724 |
| 30.4-3rd |  | 76.0 | 83.0 | 0.203 | 0.797 |
| 9.2-3rd |  | 78.0 | 83.0 | 0.236 | 0.764 |
| 0.6-3rd |  | 78.0 | 83.0 | 0.3 | 0.7 |
| 0.0-3rd |  | 78.0 | 83.0 | 0.276 | 0.724 |
| 12:00-4th |  | 78.0 | 83.0 | 0.276 | 0.724 |
| 11:48-4th |  | 78.0 | 83.0 | 0.229 | 0.771 |
| 11:32-4th |  | 78.0 | 83.0 | 0.262 | 0.738 |
| 11:29-4th |  | 78.0 | 83.0 | 0.273 | 0.727 |
| 11:26-4th |  | 78.0 | 83.0 | 0.286 | 0.714 |
| 11:13-4th |  | 80.0 | 83.0 | 0.316 | 0.684 |
| 11:07-4th |  | 80.0 | 83.0 | 0.371 | 0.629 |
| 10:50-4th |  | 80.0 | 83.0 | 0.328 | 0.672 |
| 10:48-4th |  | 80.0 | 83.0 | 0.314 | 0.686 |
| 10:42-4th |  | 80.0 | 83.0 | 0.369 | 0.631 |
| 10:26-4th |  | 82.0 | 83.0 | 0.414 | 0.586 |
| 10:06-4th |  | 82.0 | 83.0 | 0.47 | 0.53 |
| 10:02-4th |  | 84.0 | 83.0 | 0.413 | 0.587 |
| 9:52-4th |  | 84.0 | 85.0 | 0.47 | 0.53 |
| 9:31-4th |  | 84.0 | 85.0 | 0.426 | 0.574 |
| 9:29-4th |  | 84.0 | 87.0 | 0.357 | 0.643 |
| 9:04-4th |  | 84.0 | 87.0 | 0.313 | 0.687 |
| 9:03-4th |  | 84.0 | 87.0 | 0.289 | 0.711 |
| 9:01-4th |  | 84.0 | 87.0 | 0.276 | 0.724 |
| 8:52-4th |  | 84.0 | 87.0 | 0.34 | 0.66 |
| 8:50-4th |  | 84.0 | 87.0 | 0.354 | 0.646 |
| 8:44-4th |  | 84.0 | 87.0 | 0.312 | 0.688 |
| 8:40-4th |  | 86.0 | 87.0 | 0.403 | 0.597 |
| 8:11-4th |  | 86.0 | 89.0 | 0.352 | 0.648 |
| 7:53-4th |  | 86.0 | 89.0 | 0.306 | 0.694 |
| 7:46-4th |  | 86.0 | 89.0 | 0.348 | 0.652 |
| 7:42-4th |  | 86.0 | 89.0 | 0.274 | 0.726 |
| 7:33-4th |  | 86.0 | 91.0 | 0.234 | 0.766 |
| 7:04-4th |  | 86.0 | 91.0 | 0.194 | 0.806 |
| 6:59-4th |  | 86.0 | 91.0 | 0.226 | 0.774 |
| 6:58-4th |  | 86.0 | 91.0 | 0.181 | 0.819 |
| 6:51-4th |  | 86.0 | 91.0 | 0.165 | 0.835 |
| 6:46-4th |  | 86.0 | 91.0 | 0.217 | 0.783 |
| 6:31-4th |  | 86.0 | 91.0 | 0.179 | 0.821 |
| 6:28-4th |  | 86.0 | 91.0 | 0.167 | 0.833 |
| 6:15-4th |  | 86.0 | 93.0 | 0.128 | 0.872 |
| 5:54-4th |  | 88.0 | 93.0 | 0.159 | 0.841 |
| 5:29-4th |  | 88.0 | 95.0 | 0.117 | 0.883 |
| 5:06-4th |  | 90.0 | 95.0 | 0.147 | 0.853 |
| 4:42-4th |  | 90.0 | 98.0 | 0.073 | 0.927 |
| 4:26-4th |  | 90.0 | 98.0 | 0.047 | 0.953 |
| 4:17-4th |  | 92.0 | 98.0 | 0.094 | 0.906 |
| 3:55-4th |  | 92.0 | 98.0 | 0.118 | 0.882 |
| 3:53-4th |  | 92.0 | 98.0 | 0.128 | 0.872 |
| 3:43-4th |  | 92.0 | 98.0 | 0.14 | 0.86 |
| 3:38-4th |  | 92.0 | 98.0 | 0.14 | 0.86 |
| 3:34-4th |  | 92.0 | 98.0 | 0.096 | 0.904 |
| 3:30-4th |  | 92.0 | 98.0 | 0.084 | 0.916 |
| 3:17-4th |  | 92.0 | 98.0 | 0.11 | 0.89 |
| 3:14-4th |  | 92.0 | 98.0 | 0.119 | 0.881 |
| 2:58-4th |  | 95.0 | 98.0 | 0.21 | 0.79 |
| 2:38-4th |  | 95.0 | 100.0 | 0.144 | 0.856 |
| 2:29-4th |  | 95.0 | 100.0 | 0.253 | 0.747 |
| 2:16-4th |  | 95.0 | 100.0 | 0.112 | 0.888 |
| 2:14-4th |  | 95.0 | 100.0 | 0.098 | 0.902 |
| 1:56-4th |  | 95.0 | 102.0 | 0.063 | 0.937 |
| 1:52-4th |  | 97.0 | 102.0 | 0.088 | 0.912 |
| 1:28-4th |  | 97.0 | 102.0 | 0.12 | 0.88 |
| 1:25-4th |  | 97.0 | 102.0 | 0.132 | 0.868 |
| 1:15-4th |  | 97.0 | 102.0 | 0.09 | 0.91 |
| 1:14-4th |  | 99.0 | 102.0 | 0.177 | 0.823 |
| 52.5-4th |  | 99.0 | 102.0 | 0.23 | 0.77 |
| 50.4-4th |  | 99.0 | 102.0 | 0.251 | 0.749 |
| 36.1-4th |  | 101.0 | 102.0 | 0.327 | 0.673 |
| 27.3-4th |  | 101.0 | 102.0 | 0.424 | 0.576 |
| 25.3-4th |  | 101.0 | 102.0 | 0.459 | 0.541 |
| 21.8-4th |  | 101.0 | 102.0 | 0.311 | 0.689 |
| 12.4-4th | TARGET | 104.0 | 102.0 | 0.699 | 0.301 |
| 7.7-4th |  | 104.0 | 104.0 | 0.538 | 0.462 |
| 3.0-4th |  | 106.0 | 104.0 | 0.912 | 0.088 |
| 0.4-4th |  | 106.0 | 104.0 | 0.989 | 0.011 |
| 0.0-4th |  | 106.0 | 104.0 | 1.0 | 0.0 |

Question

Which event most likely happened at the marked missing position?

Answer Choices

A. Player 18 (Team B) makes 28-foot three point jumper
B. Player 16 (Team A) makes alley oop dunk shot (Player 11 (Team A) assists)
C. Player 11 (Team A) makes 25-foot running pullup jump shot (Player 18 (Team B) assists)
D. Player 3 (Team A) makes 27-foot step back jumpshot | Team B Full timeout | Player 8 (Team B) enters the game for Player 7 (Team B) | Player 2 (Team A) enters the game for Player 4 (Team A)

Response Format

Return exactly one JSON object:

{
  "answer": "<A|B|C|D>",
  "rationale": "<brief evidence-based justification in 1-3 sentences>",
  "evidence_event_ids": [],
  "evidence_series_times": []
}

Use only event IDs and time labels that are provided above and that support the answer. Use an empty array when the corresponding evidence type is unavailable or unused. Return only the JSON object.
