Task

Reconstruct the missing event in this basketball game. Use the available numerical time-series evidence around the marked row to select the most likely event.

Game

Team A versus Team B, season 22-23.

Time Series

| Game time | Marker | Team A score | Team B score | Team A win probability | Team B win probability |
| --- | --- | --- | --- | --- | --- |
| 12:00-1st |  | 0 | 0 | 0.564 | 0.436 |
| 11:48-1st |  | 0 | 0 | 0.564 | 0.436 |
| 11:39-1st |  | 2 | 0 | 0.591 | 0.409 |
| 11:13-1st |  | 2 | 0 | 0.608 | 0.392 |
| 11:11-1st |  | 2 | 0 | 0.614 | 0.386 |
| 11:04-1st |  | 4 | 0 | 0.637 | 0.363 |
| 10:45-1st |  | 4 | 2 | 0.614 | 0.386 |
| 10:31-1st | TARGET | 7 | 2 | 0.659 | 0.341 |
| 10:13-1st |  | 7 | 2 | 0.685 | 0.315 |
| 10:02-1st |  | 7 | 2 | 0.66 | 0.34 |
| 9:58-1st |  | 7 | 2 | 0.685 | 0.315 |
| 9:52-1st |  | 10 | 2 | 0.729 | 0.271 |
| 9:37-1st |  | 10 | 4 | 0.707 | 0.293 |
| 9:27-1st |  | 13 | 4 | 0.749 | 0.251 |
| 9:13-1st |  | 13 | 4 | 0.751 | 0.249 |
| 8:59-1st |  | 13 | 4 | 0.766 | 0.234 |
| 8:55-1st |  | 13 | 4 | 0.771 | 0.229 |
| 8:49-1st |  | 16 | 4 | 0.805 | 0.195 |
| 8:41-1st |  | 16 | 4 | 0.819 | 0.181 |
| 8:38-1st |  | 16 | 4 | 0.824 | 0.176 |
| 8:32-1st |  | 16 | 4 | 0.81 | 0.19 |
| 8:28-1st |  | 16 | 4 | 0.806 | 0.194 |
| 8:20-1st |  | 16 | 4 | 0.82 | 0.18 |
| 8:16-1st |  | 16 | 6 | 0.791 | 0.209 |
| 8:01-1st |  | 18 | 6 | 0.806 | 0.194 |
| 7:52-1st |  | 18 | 6 | 0.826 | 0.174 |
| 7:42-1st |  | 18 | 6 | 0.825 | 0.175 |
| 7:32-1st |  | 18 | 6 | 0.812 | 0.188 |
| 7:31-1st |  | 18 | 6 | 0.826 | 0.174 |
| 7:30-1st |  | 20 | 6 | 0.842 | 0.158 |
| 7:15-1st |  | 20 | 7 | 0.842 | 0.158 |
| 6:53-1st |  | 22 | 7 | 0.859 | 0.141 |
| 6:39-1st |  | 22 | 7 | 0.869 | 0.131 |
| 6:36-1st |  | 22 | 7 | 0.873 | 0.127 |
| 6:27-1st |  | 24 | 7 | 0.886 | 0.114 |
| 6:22-1st |  | 24 | 7 | 0.886 | 0.114 |
| 6:16-1st |  | 24 | 9 | 0.874 | 0.126 |
| 6:00-1st |  | 27 | 9 | 0.9 | 0.1 |
| 5:42-1st |  | 27 | 10 | 0.901 | 0.099 |
| 5:40-1st |  | 27 | 10 | 0.901 | 0.099 |
| 5:25-1st |  | 27 | 10 | 0.891 | 0.109 |
| 5:21-1st |  | 27 | 10 | 0.901 | 0.099 |
| 5:16-1st |  | 27 | 10 | 0.888 | 0.112 |
| 4:58-1st |  | 27 | 10 | 0.899 | 0.101 |
| 4:55-1st |  | 27 | 10 | 0.902 | 0.098 |
| 4:47-1st |  | 27 | 10 | 0.892 | 0.108 |
| 4:44-1st |  | 27 | 10 | 0.903 | 0.097 |
| 4:36-1st |  | 27 | 10 | 0.893 | 0.107 |
| 4:31-1st |  | 27 | 10 | 0.89 | 0.11 |
| 4:26-1st |  | 27 | 10 | 0.9 | 0.1 |
| 4:23-1st |  | 27 | 10 | 0.903 | 0.097 |
| 4:07-1st |  | 27 | 10 | 0.894 | 0.106 |
| 4:04-1st |  | 27 | 10 | 0.89 | 0.11 |
| 3:59-1st |  | 27 | 12 | 0.879 | 0.121 |
| 3:46-1st |  | 30 | 12 | 0.903 | 0.097 |
| 3:39-1st |  | 30 | 14 | 0.893 | 0.107 |
| 3:36-1st |  | 30 | 14 | 0.893 | 0.107 |
| 3:28-1st |  | 32 | 14 | 0.904 | 0.096 |
| 3:17-1st |  | 32 | 14 | 0.913 | 0.087 |
| 3:14-1st |  | 32 | 14 | 0.917 | 0.083 |
| 3:07-1st |  | 32 | 14 | 0.907 | 0.093 |
| 3:04-1st |  | 32 | 14 | 0.917 | 0.083 |
| 3:00-1st |  | 32 | 14 | 0.908 | 0.092 |
| 2:56-1st |  | 32 | 14 | 0.905 | 0.095 |
| 2:52-1st |  | 32 | 14 | 0.915 | 0.085 |
| 2:50-1st |  | 32 | 14 | 0.918 | 0.082 |
| 2:45-1st |  | 34 | 14 | 0.927 | 0.073 |
| 2:32-1st |  | 34 | 14 | 0.937 | 0.063 |
| 2:12-1st |  | 34 | 14 | 0.93 | 0.07 |
| 2:08-1st |  | 34 | 14 | 0.928 | 0.072 |
| 2:01-1st |  | 34 | 17 | 0.908 | 0.092 |
| 1:45-1st |  | 34 | 17 | 0.895 | 0.105 |
| 1:42-1st |  | 34 | 17 | 0.895 | 0.105 |
| 1:31-1st |  | 34 | 17 | 0.906 | 0.094 |
| 1:29-1st |  | 34 | 17 | 0.91 | 0.09 |
| 1:24-1st |  | 34 | 17 | 0.896 | 0.104 |
| 1:12-1st |  | 34 | 19 | 0.886 | 0.114 |
| 57.1-1st |  | 36 | 19 | 0.897 | 0.103 |
| 45.2-1st |  | 36 | 19 | 0.908 | 0.092 |
| 43.1-1st |  | 36 | 19 | 0.912 | 0.088 |
| 38.0-1st |  | 38 | 19 | 0.922 | 0.078 |
| 30.1-1st |  | 38 | 20 | 0.925 | 0.075 |
| 29.1-1st |  | 38 | 20 | 0.925 | 0.075 |
| 19.1-1st |  | 38 | 20 | 0.911 | 0.089 |
| 2.1-1st |  | 38 | 20 | 0.922 | 0.078 |
| 0.1-1st |  | 38 | 20 | 0.922 | 0.078 |
| 0.0-1st |  | 38 | 20 | 0.915 | 0.085 |
| 12:00-2nd |  | 38 | 20 | 0.915 | 0.085 |
| 11:43-2nd |  | 38 | 20 | 0.921 | 0.079 |
| 11:40-2nd |  | 38 | 20 | 0.924 | 0.076 |
| 11:30-2nd |  | 38 | 20 | 0.915 | 0.085 |
| 11:28-2nd |  | 38 | 20 | 0.913 | 0.087 |
| 11:24-2nd |  | 38 | 20 | 0.922 | 0.078 |
| 11:20-2nd |  | 38 | 20 | 0.925 | 0.075 |
| 11:16-2nd |  | 40 | 20 | 0.935 | 0.065 |
| 10:56-2nd |  | 40 | 20 | 0.945 | 0.055 |
| 10:37-2nd |  | 40 | 20 | 0.939 | 0.061 |
| 10:34-2nd |  | 40 | 20 | 0.946 | 0.054 |
| 10:30-2nd |  | 42 | 20 | 0.952 | 0.048 |
| 10:16-2nd |  | 42 | 20 | 0.958 | 0.042 |
| 10:14-2nd |  | 42 | 20 | 0.96 | 0.04 |
| 10:12-2nd |  | 43 | 20 | 0.96 | 0.04 |
| 10:10-2nd |  | 43 | 20 | 0.96 | 0.04 |
| 9:56-2nd |  | 43 | 20 | 0.966 | 0.034 |
| 9:46-2nd |  | 43 | 20 | 0.962 | 0.038 |
| 9:44-2nd |  | 43 | 20 | 0.961 | 0.039 |
| 9:40-2nd |  | 43 | 22 | 0.955 | 0.045 |
| 9:25-2nd |  | 43 | 22 | 0.95 | 0.05 |
| 9:23-2nd |  | 43 | 22 | 0.956 | 0.044 |
| 9:22-2nd |  | 43 | 22 | 0.956 | 0.044 |
| 9:15-2nd |  | 46 | 22 | 0.967 | 0.033 |
| 9:00-2nd |  | 46 | 22 | 0.972 | 0.028 |
| 8:57-2nd |  | 46 | 22 | 0.973 | 0.027 |
| 8:46-2nd |  | 48 | 22 | 0.978 | 0.022 |
| 8:32-2nd |  | 48 | 22 | 0.981 | 0.019 |
| 8:28-2nd |  | 48 | 22 | 0.978 | 0.022 |
| 8:27-2nd |  | 48 | 24 | 0.974 | 0.026 |
| 8:07-2nd |  | 48 | 24 | 0.969 | 0.031 |
| 7:46-2nd |  | 48 | 24 | 0.973 | 0.027 |
| 7:45-2nd |  | 48 | 24 | 0.969 | 0.031 |
| 7:44-2nd |  | 48 | 27 | 0.959 | 0.041 |
| 7:26-2nd |  | 48 | 27 | 0.959 | 0.041 |
| 7:23-2nd |  | 48 | 27 | 0.96 | 0.04 |
| 7:15-2nd |  | 50 | 27 | 0.966 | 0.034 |
| 6:57-2nd |  | 50 | 27 | 0.97 | 0.03 |
| 6:56-2nd |  | 50 | 27 | 0.972 | 0.028 |
| 6:48-2nd |  | 50 | 27 | 0.972 | 0.028 |
| 6:42-2nd |  | 50 | 27 | 0.968 | 0.032 |
| 6:39-2nd |  | 50 | 27 | 0.972 | 0.028 |
| 6:31-2nd |  | 52 | 27 | 0.977 | 0.023 |
| 6:18-2nd |  | 52 | 27 | 0.981 | 0.019 |
| 6:16-2nd |  | 52 | 27 | 0.982 | 0.018 |
| 6:08-2nd |  | 52 | 27 | 0.982 | 0.018 |
| 5:59-2nd |  | 54 | 27 | 0.985 | 0.015 |
| 5:43-2nd |  | 54 | 27 | 0.988 | 0.012 |
| 5:29-2nd |  | 56 | 27 | 0.991 | 0.009 |
| 5:19-2nd |  | 56 | 27 | 0.991 | 0.009 |
| 5:03-2nd |  | 56 | 27 | 0.993 | 0.007 |
| 4:59-2nd |  | 56 | 27 | 0.993 | 0.007 |
| 4:53-2nd |  | 56 | 27 | 0.992 | 0.008 |
| 4:50-2nd |  | 56 | 27 | 0.991 | 0.009 |
| 4:44-2nd |  | 56 | 27 | 0.993 | 0.007 |
| 4:43-2nd |  | 56 | 27 | 0.991 | 0.009 |
| 4:42-2nd |  | 56 | 27 | 0.993 | 0.007 |
| 4:37-2nd |  | 58 | 27 | 0.995 | 0.005 |
| 4:30-2nd |  | 58 | 30 | 0.992 | 0.008 |
| 4:13-2nd |  | 58 | 30 | 0.992 | 0.008 |
| 4:03-2nd |  | 60 | 30 | 0.994 | 0.006 |
| 3:48-2nd |  | 60 | 30 | 0.994 | 0.006 |
| 3:41-2nd |  | 60 | 32 | 0.992 | 0.008 |
| 3:17-2nd |  | 60 | 32 | 0.991 | 0.009 |
| 3:13-2nd |  | 60 | 32 | 0.991 | 0.009 |
| 3:09-2nd |  | 60 | 32 | 0.992 | 0.008 |
| 3:05-2nd |  | 60 | 32 | 0.993 | 0.007 |
| 2:48-2nd |  | 60 | 32 | 0.992 | 0.008 |
| 2:47-2nd |  | 60 | 32 | 0.991 | 0.009 |
| 2:33-2nd |  | 60 | 32 | 0.993 | 0.007 |
| 2:29-2nd |  | 60 | 32 | 0.993 | 0.007 |
| 2:26-2nd |  | 62 | 32 | 0.995 | 0.005 |
| 2:21-2nd |  | 62 | 34 | 0.993 | 0.007 |
| 2:02-2nd |  | 64 | 34 | 0.995 | 0.005 |
| 1:52-2nd |  | 64 | 34 | 0.996 | 0.004 |
| 1:48-2nd |  | 64 | 34 | 0.996 | 0.004 |
| 1:44-2nd |  | 67 | 34 | 0.997 | 0.003 |
| 1:36-2nd |  | 67 | 37 | 0.997 | 0.003 |
| 1:23-2nd |  | 67 | 37 | 0.996 | 0.004 |
| 1:18-2nd |  | 67 | 37 | 0.997 | 0.003 |
| 1:15-2nd |  | 67 | 37 | 0.996 | 0.004 |
| 1:14-2nd |  | 67 | 40 | 0.992 | 0.008 |
| 49.1-2nd |  | 67 | 40 | 0.991 | 0.009 |
| 47.0-2nd |  | 67 | 41 | 0.991 | 0.009 |
| 29.0-2nd |  | 69 | 41 | 0.993 | 0.007 |
| 16.1-2nd |  | 69 | 43 | 0.992 | 0.008 |
| 1.1-2nd |  | 69 | 43 | 0.99 | 0.01 |
| 0.0-2nd |  | 69 | 43 | 0.99 | 0.01 |
| 12:00-3rd |  | 69 | 43 | 0.99 | 0.01 |
| 11:53-3rd |  | 69 | 43 | 0.99 | 0.01 |
| 11:38-3rd |  | 69 | 43 | 0.993 | 0.007 |
| 11:27-3rd |  | 69 | 43 | 0.991 | 0.009 |
| 11:23-3rd |  | 69 | 43 | 0.991 | 0.009 |
| 11:15-3rd |  | 69 | 43 | 0.993 | 0.007 |
| 11:14-3rd |  | 69 | 43 | 0.991 | 0.009 |
| 11:12-3rd |  | 69 | 46 | 0.986 | 0.014 |
| 10:50-3rd |  | 72 | 46 | 0.991 | 0.009 |
| 10:37-3rd |  | 72 | 46 | 0.991 | 0.009 |
| 10:28-3rd |  | 72 | 46 | 0.992 | 0.008 |
| 10:25-3rd |  | 72 | 46 | 0.992 | 0.008 |
| 10:08-3rd |  | 72 | 48 | 0.99 | 0.01 |
| 9:47-3rd |  | 72 | 48 | 0.989 | 0.011 |
| 9:44-3rd |  | 72 | 48 | 0.988 | 0.012 |
| 9:36-3rd |  | 72 | 48 | 0.99 | 0.01 |
| 9:32-3rd |  | 72 | 48 | 0.988 | 0.012 |
| 9:30-3rd |  | 72 | 48 | 0.99 | 0.01 |
| 9:27-3rd |  | 72 | 48 | 0.991 | 0.009 |
| 9:24-3rd |  | 72 | 48 | 0.989 | 0.011 |
| 9:17-3rd |  | 72 | 50 | 0.985 | 0.015 |
| 9:15-3rd |  | 72 | 50 | 0.985 | 0.015 |
| 9:00-3rd |  | 72 | 50 | 0.982 | 0.018 |
| 8:55-3rd |  | 72 | 52 | 0.978 | 0.022 |
| 8:44-3rd |  | 72 | 52 | 0.975 | 0.025 |
| 8:40-3rd |  | 72 | 52 | 0.973 | 0.027 |
| 8:32-3rd |  | 72 | 52 | 0.978 | 0.022 |
| 8:30-3rd |  | 72 | 52 | 0.979 | 0.021 |
| 8:09-3rd |  | 74 | 52 | 0.984 | 0.016 |
| 7:59-3rd |  | 74 | 52 | 0.987 | 0.013 |
| 7:56-3rd |  | 74 | 52 | 0.988 | 0.012 |
| 7:51-3rd |  | 77 | 52 | 0.993 | 0.007 |
| 7:33-3rd |  | 77 | 54 | 0.991 | 0.009 |
| 7:21-3rd |  | 79 | 54 | 0.994 | 0.006 |
| 7:12-3rd |  | 79 | 57 | 0.989 | 0.011 |
| 6:54-3rd |  | 81 | 57 | 0.992 | 0.008 |
| 6:43-3rd |  | 81 | 57 | 0.994 | 0.006 |
| 6:40-3rd |  | 81 | 57 | 0.994 | 0.006 |
| 6:35-3rd |  | 81 | 57 | 0.993 | 0.007 |
| 6:33-3rd |  | 81 | 57 | 0.992 | 0.008 |
| 6:25-3rd |  | 81 | 57 | 0.994 | 0.006 |
| 6:20-3rd |  | 81 | 57 | 0.995 | 0.005 |
| 6:11-3rd |  | 81 | 57 | 0.993 | 0.007 |
| 6:09-3rd |  | 81 | 57 | 0.993 | 0.007 |
| 6:04-3rd |  | 81 | 57 | 0.994 | 0.006 |
| 6:01-3rd |  | 81 | 59 | 0.991 | 0.009 |
| 5:51-3rd |  | 81 | 59 | 0.991 | 0.009 |
| 5:46-3rd |  | 83 | 59 | 0.993 | 0.007 |
| 5:37-3rd |  | 83 | 59 | 0.995 | 0.005 |
| 5:34-3rd |  | 83 | 61 | 0.991 | 0.009 |
| 5:27-3rd |  | 83 | 61 | 0.99 | 0.01 |
| 5:23-3rd |  | 83 | 61 | 0.989 | 0.011 |
| 5:20-3rd |  | 83 | 64 | 0.981 | 0.019 |
| 4:58-3rd |  | 83 | 64 | 0.977 | 0.023 |
| 4:56-3rd |  | 83 | 64 | 0.982 | 0.018 |
| 4:43-3rd |  | 85 | 64 | 0.987 | 0.013 |
| 4:26-3rd |  | 85 | 64 | 0.99 | 0.01 |
| 4:24-3rd |  | 85 | 64 | 0.991 | 0.009 |
| 4:10-3rd |  | 85 | 64 | 0.991 | 0.009 |
| 4:04-3rd |  | 85 | 64 | 0.989 | 0.011 |
| 4:01-3rd |  | 85 | 64 | 0.989 | 0.011 |
| 3:55-3rd |  | 85 | 64 | 0.991 | 0.009 |
| 3:52-3rd |  | 85 | 64 | 0.992 | 0.008 |
| 3:42-3rd |  | 87 | 64 | 0.994 | 0.006 |
| 3:34-3rd |  | 87 | 66 | 0.992 | 0.008 |
| 3:14-3rd |  | 87 | 66 | 0.991 | 0.009 |
| 3:09-3rd |  | 87 | 66 | 0.99 | 0.01 |
| 3:02-3rd |  | 87 | 66 | 0.993 | 0.007 |
| 2:38-3rd |  | 87 | 66 | 0.992 | 0.008 |
| 2:34-3rd |  | 87 | 66 | 0.991 | 0.009 |
| 2:29-3rd |  | 87 | 69 | 0.984 | 0.016 |
| 2:12-3rd |  | 87 | 69 | 0.981 | 0.019 |
| 2:08-3rd |  | 87 | 69 | 0.98 | 0.02 |
| 1:57-3rd |  | 87 | 69 | 0.985 | 0.015 |
| 1:55-3rd |  | 87 | 69 | 0.985 | 0.015 |
| 1:51-3rd |  | 87 | 69 | 0.985 | 0.015 |
| 1:49-3rd |  | 87 | 69 | 0.986 | 0.014 |
| 1:34-3rd |  | 87 | 69 | 0.981 | 0.019 |
| 1:30-3rd |  | 87 | 69 | 0.986 | 0.014 |
| 1:28-3rd |  | 87 | 69 | 0.986 | 0.014 |
| 1:27-3rd |  | 87 | 69 | 0.982 | 0.018 |
| 1:25-3rd |  | 87 | 69 | 0.987 | 0.013 |
| 1:20-3rd |  | 87 | 69 | 0.982 | 0.018 |
| 1:15-3rd |  | 87 | 69 | 0.987 | 0.013 |
| 1:12-3rd |  | 87 | 69 | 0.983 | 0.017 |
| 1:11-3rd |  | 87 | 69 | 0.988 | 0.012 |
| 1:02-3rd |  | 87 | 69 | 0.985 | 0.015 |
| 59.0-3rd |  | 87 | 69 | 0.983 | 0.017 |
| 47.1-3rd |  | 87 | 69 | 0.989 | 0.011 |
| 45.0-3rd |  | 87 | 69 | 0.989 | 0.011 |
| 35.1-3rd |  | 89 | 69 | 0.992 | 0.008 |
| 27.1-3rd |  | 89 | 72 | 0.986 | 0.014 |
| 3.0-3rd |  | 89 | 72 | 0.983 | 0.017 |
| 2.0-3rd |  | 89 | 72 | 0.982 | 0.018 |
| 0.0-3rd |  | 89 | 72 | 0.984 | 0.016 |
| 12:00-4th |  | 89 | 72 | 0.984 | 0.016 |
| 11:39-4th |  | 91 | 72 | 0.991 | 0.009 |
| 11:13-4th |  | 91 | 74 | 0.99 | 0.01 |
| 10:53-4th |  | 91 | 74 | 0.987 | 0.013 |
| 10:52-4th |  | 91 | 74 | 0.991 | 0.009 |
| 10:42-4th |  | 91 | 74 | 0.988 | 0.012 |
| 10:40-4th |  | 91 | 74 | 0.987 | 0.013 |
| 10:31-4th |  | 91 | 74 | 0.99 | 0.01 |
| 10:28-4th |  | 91 | 74 | 0.991 | 0.009 |
| 10:21-4th |  | 94 | 74 | 0.996 | 0.004 |
| 10:06-4th |  | 94 | 74 | 0.997 | 0.003 |
| 10:03-4th |  | 94 | 74 | 0.997 | 0.003 |
| 9:56-4th |  | 96 | 74 | 0.998 | 0.002 |
| 9:47-4th |  | 96 | 74 | 0.999 | 0.001 |
| 9:26-4th |  | 96 | 74 | 0.999 | 0.001 |
| 9:13-4th |  | 96 | 76 | 0.998 | 0.002 |
| 8:49-4th |  | 96 | 76 | 0.998 | 0.002 |
| 8:48-4th |  | 96 | 76 | 0.999 | 0.001 |
| 8:39-4th |  | 96 | 76 | 0.998 | 0.002 |
| 8:35-4th |  | 96 | 76 | 0.998 | 0.002 |
| 8:27-4th |  | 96 | 78 | 0.997 | 0.003 |
| 8:08-4th |  | 99 | 78 | 0.999 | 0.001 |
| 7:55-4th |  | 99 | 81 | 0.998 | 0.002 |
| 7:31-4th |  | 99 | 81 | 0.997 | 0.003 |
| 7:29-4th |  | 99 | 81 | 0.998 | 0.002 |
| 7:28-4th |  | 99 | 81 | 0.997 | 0.003 |
| 7:25-4th |  | 99 | 81 | 0.998 | 0.002 |
| 7:24-4th |  | 99 | 81 | 0.997 | 0.003 |
| 7:22-4th |  | 99 | 82 | 0.997 | 0.003 |
| 7:04-4th |  | 99 | 82 | 0.997 | 0.003 |
| 7:02-4th |  | 99 | 82 | 0.999 | 0.001 |
| 6:53-4th |  | 99 | 82 | 0.996 | 0.004 |
| 6:50-4th |  | 99 | 82 | 0.996 | 0.004 |
| 6:41-4th |  | 99 | 82 | 0.998 | 0.002 |
| 6:35-4th |  | 101 | 82 | 0.999 | 0.001 |
| 6:27-4th |  | 101 | 82 | 0.999 | 0.001 |
| 6:18-4th |  | 101 | 82 | 0.999 | 0.001 |
| 6:17-4th |  | 101 | 82 | 0.998 | 0.002 |
| 6:15-4th |  | 101 | 82 | 0.999 | 0.001 |
| 6:11-4th |  | 101 | 82 | 0.999 | 0.001 |
| 5:55-4th |  | 101 | 82 | 0.999 | 0.001 |
| 5:52-4th |  | 101 | 82 | 0.999 | 0.001 |
| 5:49-4th |  | 101 | 82 | 0.999 | 0.001 |
| 5:36-4th |  | 101 | 82 | 0.999 | 0.001 |
| 5:30-4th |  | 101 | 82 | 0.999 | 0.001 |
| 5:29-4th |  | 103 | 82 | 0.999 | 0.001 |
| 5:19-4th |  | 103 | 82 | 0.999 | 0.001 |
| 5:17-4th |  | 103 | 82 | 0.999 | 0.001 |
| 5:07-4th |  | 106 | 82 | 0.999 | 0.001 |
| 4:52-4th |  | 106 | 85 | 0.999 | 0.001 |
| 4:32-4th |  | 106 | 85 | 0.999 | 0.001 |
| 4:30-4th |  | 106 | 85 | 0.999 | 0.001 |
| 4:19-4th |  | 106 | 85 | 0.999 | 0.001 |
| 4:15-4th |  | 106 | 85 | 0.999 | 0.001 |
| 4:06-4th |  | 109 | 85 | 0.999 | 0.001 |
| 3:56-4th |  | 109 | 85 | 0.999 | 0.001 |
| 3:49-4th |  | 109 | 85 | 0.999 | 0.001 |
| 3:45-4th |  | 109 | 85 | 0.999 | 0.001 |
| 3:36-4th |  | 109 | 85 | 0.999 | 0.001 |
| 3:33-4th |  | 109 | 85 | 0.999 | 0.001 |
| 3:32-4th |  | 109 | 86 | 0.999 | 0.001 |
| 3:21-4th |  | 109 | 86 | 0.999 | 0.001 |
| 3:19-4th |  | 109 | 86 | 0.999 | 0.001 |
| 3:17-4th |  | 111 | 86 | 0.999 | 0.001 |
| 3:05-4th |  | 111 | 88 | 0.999 | 0.001 |
| 2:45-4th |  | 111 | 88 | 0.999 | 0.001 |
| 2:43-4th |  | 111 | 88 | 0.999 | 0.001 |
| 2:33-4th |  | 111 | 88 | 0.999 | 0.001 |
| 2:29-4th |  | 111 | 88 | 0.999 | 0.001 |
| 2:10-4th |  | 111 | 88 | 0.999 | 0.001 |
| 2:08-4th |  | 111 | 88 | 0.999 | 0.001 |
| 2:01-4th |  | 111 | 88 | 0.999 | 0.001 |
| 1:57-4th |  | 111 | 88 | 0.999 | 0.001 |
| 1:54-4th |  | 113 | 88 | 0.999 | 0.001 |
| 1:30-4th |  | 113 | 91 | 0.999 | 0.001 |
| 1:16-4th |  | 115 | 91 | 0.999 | 0.001 |
| 1:08-4th |  | 115 | 93 | 0.999 | 0.001 |
| 55.0-4th |  | 115 | 93 | 0.999 | 0.001 |
| 52.1-4th |  | 115 | 93 | 0.999 | 0.001 |
| 46.1-4th |  | 115 | 96 | 0.999 | 0.001 |
| 27.1-4th |  | 115 | 96 | 0.999 | 0.001 |
| 15.0-4th |  | 115 | 96 | 0.999 | 0.001 |
| 11.0-4th |  | 115 | 96 | 0.999 | 0.001 |
| 0.0-4th |  | 115 | 96 | 1.0 | 0.0 |

Question

Which event most likely happened at the marked missing position?

Answer Choices

A. Player 12 (Team A) makes 27-foot three point jumper
B. Player 10 (Team B) misses 7-foot jump bank shot
C. Player 2 (Team A) enters the game for Player 13 (Team A)
D. Player 10 (Team A) makes 25-foot three point jumper (Player 5 (Team A) assists)

Response Format

Return exactly one JSON object:

{
  "answer": "<A|B|C|D>",
  "rationale": "<brief evidence-based justification in 1-3 sentences>",
  "evidence_event_ids": [],
  "evidence_series_times": []
}

Use only event IDs and time labels that are provided above and that support the answer. Use an empty array when the corresponding evidence type is unavailable or unused. Return only the JSON object.
