Task

Reconstruct the missing event in this basketball game. Use the available numerical time-series evidence around the marked row to select the most likely event.

Game

Team A versus Team B, season 22-23.

Time Series

| Game time | Marker | Team A score | Team B score | Team A win probability | Team B win probability |
| --- | --- | --- | --- | --- | --- |
| 12:00-1st |  | 0.0 | 0.0 | 0.487 | 0.513 |
| 11:40-1st |  | 0.0 | 0.0 | 0.502 | 0.498 |
| 11:38-1st |  | 0.0 | 0.0 | 0.487 | 0.513 |
| 11:37-1st |  | 0.0 | 0.0 | 0.487 | 0.513 |
| 11:34-1st |  | 0.0 | 2.0 | 0.459 | 0.541 |
| 11:17-1st |  | 2.0 | 2.0 | 0.486 | 0.514 |
| 10:51-1st |  | 2.0 | 2.0 | 0.504 | 0.496 |
| 10:49-1st |  | 2.0 | 2.0 | 0.509 | 0.491 |
| 10:36-1st |  | 2.0 | 2.0 | 0.492 | 0.508 |
| 10:35-1st |  | 2.0 | 2.0 | 0.486 | 0.514 |
| 10:16-1st |  | 2.0 | 4.0 | 0.459 | 0.541 |
| 10:02-1st |  | 3.0 | 4.0 | 0.486 | 0.514 |
| 9:56-1st |  | 3.0 | 4.0 | 0.464 | 0.536 |
| 9:52-1st |  | 3.0 | 4.0 | 0.457 | 0.543 |
| 9:47-1st |  | 3.0 | 4.0 | 0.486 | 0.514 |
| 9:33-1st |  | 3.0 | 4.0 | 0.464 | 0.536 |
| 9:30-1st |  | 3.0 | 4.0 | 0.457 | 0.543 |
| 9:18-1st |  | 3.0 | 4.0 | 0.479 | 0.521 |
| 9:16-1st |  | 3.0 | 4.0 | 0.486 | 0.514 |
| 9:14-1st |  | 3.0 | 4.0 | 0.456 | 0.544 |
| 8:54-1st |  | 3.0 | 5.0 | 0.434 | 0.566 |
| 8:45-1st |  | 3.0 | 5.0 | 0.453 | 0.547 |
| 8:42-1st |  | 3.0 | 5.0 | 0.459 | 0.541 |
| 8:33-1st |  | 3.0 | 5.0 | 0.44 | 0.56 |
| 8:31-1st |  | 3.0 | 5.0 | 0.434 | 0.566 |
| 8:22-1st |  | 3.0 | 7.0 | 0.408 | 0.592 |
| 8:06-1st |  | 5.0 | 7.0 | 0.433 | 0.567 |
| 7:51-1st |  | 5.0 | 10.0 | 0.382 | 0.618 |
| 7:37-1st |  | 5.0 | 10.0 | 0.382 | 0.618 |
| 7:33-1st |  | 5.0 | 10.0 | 0.362 | 0.638 |
| 7:31-1st |  | 5.0 | 10.0 | 0.355 | 0.645 |
| 7:18-1st |  | 5.0 | 13.0 | 0.308 | 0.692 |
| 7:03-1st |  | 8.0 | 13.0 | 0.354 | 0.646 |
| 6:45-1st |  | 8.0 | 13.0 | 0.381 | 0.619 |
| 6:36-1st |  | 8.0 | 15.0 | 0.329 | 0.671 |
| 6:22-1st |  | 8.0 | 15.0 | 0.313 | 0.687 |
| 6:20-1st |  | 8.0 | 15.0 | 0.307 | 0.693 |
| 6:16-1st |  | 8.0 | 15.0 | 0.329 | 0.671 |
| 6:00-1st |  | 10.0 | 15.0 | 0.352 | 0.648 |
| 5:51-1st |  | 10.0 | 17.0 | 0.329 | 0.671 |
| 5:34-1st |  | 12.0 | 17.0 | 0.351 | 0.649 |
| 5:16-1st |  | 12.0 | 20.0 | 0.304 | 0.696 |
| 5:03-1st |  | 14.0 | 20.0 | 0.327 | 0.673 |
| 4:51-1st |  | 14.0 | 20.0 | 0.346 | 0.654 |
| 4:48-1st |  | 14.0 | 22.0 | 0.303 | 0.697 |
| 4:37-1st |  | 16.0 | 22.0 | 0.326 | 0.674 |
| 4:18-1st |  | 16.0 | 22.0 | 0.345 | 0.655 |
| 4:15-1st |  | 16.0 | 22.0 | 0.351 | 0.649 |
| 4:12-1st |  | 16.0 | 22.0 | 0.332 | 0.668 |
| 4:06-1st |  | 18.0 | 22.0 | 0.376 | 0.624 |
| 3:53-1st |  | 18.0 | 22.0 | 0.397 | 0.603 |
| 3:51-1st |  | 18.0 | 22.0 | 0.404 | 0.596 |
| 3:38-1st |  | 20.0 | 22.0 | 0.429 | 0.571 |
| 3:20-1st |  | 20.0 | 22.0 | 0.45 | 0.55 |
| 3:18-1st |  | 20.0 | 22.0 | 0.458 | 0.542 |
| 3:12-1st |  | 20.0 | 22.0 | 0.436 | 0.564 |
| 3:08-1st |  | 20.0 | 22.0 | 0.429 | 0.571 |
| 2:57-1st |  | 20.0 | 25.0 | 0.376 | 0.624 |
| 2:36-1st |  | 21.0 | 25.0 | 0.373 | 0.627 |
| 2:34-1st |  | 21.0 | 25.0 | 0.373 | 0.627 |
| 2:12-1st |  | 21.0 | 25.0 | 0.393 | 0.607 |
| 2:10-1st |  | 21.0 | 25.0 | 0.373 | 0.627 |
| 2:00-1st |  | 21.0 | 25.0 | 0.393 | 0.607 |
| 1:57-1st |  | 21.0 | 25.0 | 0.372 | 0.628 |
| 1:56-1st |  | 21.0 | 25.0 | 0.392 | 0.608 |
| 1:54-1st |  | 21.0 | 25.0 | 0.399 | 0.601 |
| 1:50-1st |  | 22.0 | 25.0 | 0.402 | 0.598 |
| 1:47-1st |  | 22.0 | 25.0 | 0.402 | 0.598 |
| 1:29-1st |  | 22.0 | 25.0 | 0.422 | 0.578 |
| 1:25-1st |  | 22.0 | 25.0 | 0.429 | 0.571 |
| 1:18-1st |  | 22.0 | 25.0 | 0.408 | 0.592 |
| 1:15-1st |  | 22.0 | 25.0 | 0.402 | 0.598 |
| 1:08-1st |  | 22.0 | 26.0 | 0.398 | 0.602 |
| 55.3-1st |  | 22.0 | 26.0 | 0.378 | 0.622 |
| 53.2-1st |  | 22.0 | 26.0 | 0.372 | 0.628 |
| 40.2-1st |  | 22.0 | 26.0 | 0.391 | 0.609 |
| 37.5-1st |  | 22.0 | 26.0 | 0.397 | 0.603 |
| 30.4-1st |  | 22.0 | 26.0 | 0.378 | 0.622 |
| 28.1-1st |  | 22.0 | 26.0 | 0.397 | 0.603 |
| 20.4-1st |  | 22.0 | 26.0 | 0.377 | 0.623 |
| 17.5-1st |  | 22.0 | 26.0 | 0.371 | 0.629 |
| 13.0-1st |  | 22.0 | 26.0 | 0.389 | 0.611 |
| 9.9-1st |  | 22.0 | 26.0 | 0.394 | 0.606 |
| 4.7-1st |  | 22.0 | 26.0 | 0.377 | 0.623 |
| 3.3-1st |  | 22.0 | 26.0 | 0.372 | 0.628 |
| 0.0-1st |  | 22.0 | 26.0 | 0.385 | 0.615 |
| 12:00-2nd |  | 22.0 | 26.0 | 0.385 | 0.615 |
| 11:42-2nd |  | 23.0 | 26.0 | 0.396 | 0.604 |
| 11:29-2nd |  | 23.0 | 28.0 | 0.37 | 0.63 |
| 11:18-2nd |  | 25.0 | 28.0 | 0.396 | 0.604 |
| 11:07-2nd |  | 25.0 | 28.0 | 0.419 | 0.581 |
| 11:04-2nd |  | 25.0 | 28.0 | 0.427 | 0.573 |
| 10:56-2nd |  | 25.0 | 28.0 | 0.396 | 0.604 |
| 10:45-2nd |  | 25.0 | 30.0 | 0.368 | 0.632 |
| 10:32-2nd |  | 27.0 | 30.0 | 0.395 | 0.605 |
| 10:23-2nd |  | 27.0 | 33.0 | 0.339 | 0.661 |
| 10:02-2nd |  | 27.0 | 33.0 | 0.317 | 0.683 |
| 9:59-2nd |  | 27.0 | 33.0 | 0.309 | 0.691 |
| 9:50-2nd |  | 27.0 | 33.0 | 0.331 | 0.669 |
| 9:47-2nd |  | 27.0 | 33.0 | 0.338 | 0.662 |
| 9:42-2nd |  | 27.0 | 33.0 | 0.316 | 0.684 |
| 9:39-2nd |  | 27.0 | 33.0 | 0.309 | 0.691 |
| 9:29-2nd |  | 27.0 | 35.0 | 0.287 | 0.713 |
| 9:20-2nd |  | 27.0 | 35.0 | 0.265 | 0.735 |
| 9:15-2nd |  | 27.0 | 35.0 | 0.286 | 0.714 |
| 9:11-2nd |  | 27.0 | 35.0 | 0.265 | 0.735 |
| 9:08-2nd |  | 27.0 | 35.0 | 0.257 | 0.743 |
| 8:48-2nd |  | 27.0 | 35.0 | 0.278 | 0.722 |
| 8:44-2nd |  | 27.0 | 35.0 | 0.278 | 0.722 |
| 8:43-2nd |  | 27.0 | 35.0 | 0.285 | 0.715 |
| 8:37-2nd |  | 27.0 | 35.0 | 0.256 | 0.744 |
| 8:22-2nd |  | 27.0 | 35.0 | 0.277 | 0.723 |
| 8:20-2nd |  | 27.0 | 35.0 | 0.284 | 0.716 |
| 8:14-2nd |  | 29.0 | 35.0 | 0.305 | 0.695 |
| 7:51-2nd |  | 29.0 | 38.0 | 0.254 | 0.746 |
| 7:38-2nd |  | 29.0 | 38.0 | 0.253 | 0.747 |
| 7:26-2nd |  | 29.0 | 38.0 | 0.233 | 0.767 |
| 7:24-2nd |  | 29.0 | 38.0 | 0.227 | 0.773 |
| 6:59-2nd |  | 29.0 | 38.0 | 0.245 | 0.755 |
| 6:56-2nd |  | 29.0 | 38.0 | 0.251 | 0.749 |
| 6:53-2nd |  | 29.0 | 38.0 | 0.224 | 0.776 |
| 6:50-2nd |  | 29.0 | 38.0 | 0.224 | 0.776 |
| 6:37-2nd |  | 29.0 | 38.0 | 0.243 | 0.757 |
| 6:36-2nd |  | 29.0 | 38.0 | 0.223 | 0.777 |
| 6:31-2nd |  | 29.0 | 38.0 | 0.243 | 0.757 |
| 6:28-2nd |  | 29.0 | 38.0 | 0.249 | 0.751 |
| 6:11-2nd |  | 29.0 | 38.0 | 0.228 | 0.772 |
| 6:08-2nd |  | 29.0 | 38.0 | 0.248 | 0.752 |
| 6:07-2nd |  | 31.0 | 38.0 | 0.275 | 0.725 |
| 6:05-2nd |  | 31.0 | 38.0 | 0.3 | 0.7 |
| 5:51-2nd |  | 31.0 | 38.0 | 0.293 | 0.707 |
| 5:48-2nd |  | 31.0 | 38.0 | 0.3 | 0.7 |
| 5:42-2nd |  | 31.0 | 38.0 | 0.28 | 0.72 |
| 5:39-2nd |  | 31.0 | 38.0 | 0.273 | 0.727 |
| 5:29-2nd |  | 31.0 | 38.0 | 0.272 | 0.728 |
| 5:17-2nd |  | 31.0 | 40.0 | 0.245 | 0.755 |
| 5:02-2nd |  | 31.0 | 40.0 | 0.219 | 0.781 |
| 4:47-2nd |  | 31.0 | 42.0 | 0.195 | 0.805 |
| 4:26-2nd |  | 31.0 | 42.0 | 0.171 | 0.829 |
| 4:19-2nd |  | 31.0 | 44.0 | 0.153 | 0.847 |
| 4:18-2nd |  | 31.0 | 44.0 | 0.153 | 0.847 |
| 4:09-2nd |  | 31.0 | 44.0 | 0.182 | 0.818 |
| 3:56-2nd |  | 31.0 | 44.0 | 0.137 | 0.863 |
| 3:51-2nd |  | 31.0 | 44.0 | 0.15 | 0.85 |
| 3:48-2nd |  | 33.0 | 44.0 | 0.168 | 0.832 |
| 3:28-2nd |  | 33.0 | 46.0 | 0.148 | 0.852 |
| 3:19-2nd |  | 35.0 | 46.0 | 0.166 | 0.834 |
| 2:56-2nd |  | 35.0 | 49.0 | 0.13 | 0.87 |
| 2:43-2nd |  | 37.0 | 49.0 | 0.144 | 0.856 |
| 2:28-2nd |  | 37.0 | 49.0 | 0.159 | 0.841 |
| 2:23-2nd |  | 37.0 | 51.0 | 0.128 | 0.872 |
| 2:14-2nd |  | 39.0 | 51.0 | 0.141 | 0.859 |
| 1:54-2nd |  | 39.0 | 51.0 | 0.156 | 0.844 |
| 1:51-2nd |  | 39.0 | 51.0 | 0.14 | 0.86 |
| 1:49-2nd |  | 39.0 | 53.0 | 0.124 | 0.876 |
| 1:47-2nd |  | 39.0 | 53.0 | 0.124 | 0.876 |
| 1:44-2nd |  | 41.0 | 53.0 | 0.14 | 0.86 |
| 1:33-2nd |  | 41.0 | 53.0 | 0.159 | 0.841 |
| 1:29-2nd |  | 43.0 | 53.0 | 0.181 | 0.819 |
| 1:19-2nd |  | 43.0 | 55.0 | 0.158 | 0.842 |
| 1:08-2nd |  | 46.0 | 55.0 | 0.205 | 0.795 |
| 55.7-2nd |  | 46.0 | 55.0 | 0.221 | 0.779 |
| 55.4-2nd |  | 46.0 | 55.0 | 0.204 | 0.796 |
| 53.4-2nd |  | 46.0 | 55.0 | 0.227 | 0.773 |
| 37.0-2nd |  | 46.0 | 55.0 | 0.209 | 0.791 |
| 33.9-2nd |  | 46.0 | 55.0 | 0.203 | 0.797 |
| 29.5-2nd |  | 46.0 | 55.0 | 0.225 | 0.775 |
| 20.9-2nd |  | 46.0 | 55.0 | 0.2 | 0.8 |
| 2.5-2nd |  | 46.0 | 55.0 | 0.216 | 0.784 |
| 0.7-2nd |  | 46.0 | 55.0 | 0.226 | 0.774 |
| 0.0-2nd |  | 46.0 | 55.0 | 0.214 | 0.786 |
| 12:00-3rd |  | 46.0 | 55.0 | 0.214 | 0.786 |
| 11:42-3rd |  | 46.0 | 55.0 | 0.201 | 0.799 |
| 11:39-3rd |  | 46.0 | 55.0 | 0.195 | 0.805 |
| 11:21-3rd |  | 46.0 | 55.0 | 0.196 | 0.804 |
| 11:08-3rd |  | 46.0 | 55.0 | 0.213 | 0.787 |
| 11:04-3rd |  | 46.0 | 55.0 | 0.193 | 0.807 |
| 10:57-3rd |  | 46.0 | 56.0 | 0.194 | 0.806 |
| 10:45-3rd |  | 46.0 | 56.0 | 0.175 | 0.825 |
| 10:43-3rd |  | 46.0 | 56.0 | 0.168 | 0.832 |
| 10:33-3rd |  | 46.0 | 56.0 | 0.171 | 0.829 |
| 10:25-3rd |  | 46.0 | 58.0 | 0.146 | 0.854 |
| 10:12-3rd |  | 48.0 | 58.0 | 0.167 | 0.833 |
| 9:55-3rd |  | 48.0 | 60.0 | 0.143 | 0.857 |
| 9:49-3rd |  | 48.0 | 60.0 | 0.142 | 0.858 |
| 9:34-3rd |  | 48.0 | 60.0 | 0.126 | 0.874 |
| 9:27-3rd |  | 48.0 | 60.0 | 0.14 | 0.86 |
| 9:26-3rd |  | 48.0 | 60.0 | 0.125 | 0.875 |
| 9:23-3rd |  | 48.0 | 60.0 | 0.12 | 0.88 |
| 9:12-3rd |  | 48.0 | 60.0 | 0.134 | 0.866 |
| 9:10-3rd |  | 48.0 | 60.0 | 0.138 | 0.862 |
| 9:05-3rd |  | 50.0 | 60.0 | 0.16 | 0.84 |
| 8:41-3rd |  | 50.0 | 62.0 | 0.135 | 0.865 |
| 8:32-3rd |  | 50.0 | 62.0 | 0.134 | 0.866 |
| 8:24-3rd |  | 52.0 | 62.0 | 0.156 | 0.844 |
| 7:59-3rd |  | 52.0 | 62.0 | 0.156 | 0.844 |
| 7:57-3rd |  | 52.0 | 64.0 | 0.131 | 0.869 |
| 7:41-3rd |  | 54.0 | 64.0 | 0.151 | 0.849 |
| 7:34-3rd |  | 54.0 | 66.0 | 0.128 | 0.872 |
| 7:24-3rd |  | 54.0 | 66.0 | 0.113 | 0.887 |
| 7:23-3rd |  | 54.0 | 66.0 | 0.127 | 0.873 |
| 7:18-3rd |  | 56.0 | 66.0 | 0.149 | 0.851 |
| 6:59-3rd |  | 56.0 | 68.0 | 0.125 | 0.875 |
| 6:42-3rd |  | 59.0 | 68.0 | 0.168 | 0.832 |
| 6:21-3rd |  | 59.0 | 68.0 | 0.187 | 0.813 |
| 6:18-3rd |  | 59.0 | 68.0 | 0.194 | 0.806 |
| 6:12-3rd |  | 59.0 | 68.0 | 0.172 | 0.828 |
| 6:08-3rd |  | 59.0 | 68.0 | 0.164 | 0.836 |
| 6:05-3rd |  | 59.0 | 68.0 | 0.185 | 0.815 |
| 6:03-3rd |  | 59.0 | 68.0 | 0.192 | 0.808 |
| 5:58-3rd |  | 59.0 | 68.0 | 0.17 | 0.83 |
| 5:56-3rd |  | 59.0 | 68.0 | 0.163 | 0.837 |
| 5:54-3rd |  | 59.0 | 70.0 | 0.139 | 0.861 |
| 5:52-3rd |  | 59.0 | 70.0 | 0.139 | 0.861 |
| 5:29-3rd |  | 59.0 | 70.0 | 0.12 | 0.88 |
| 5:28-3rd |  | 59.0 | 70.0 | 0.115 | 0.885 |
| 5:14-3rd |  | 59.0 | 72.0 | 0.095 | 0.905 |
| 4:59-3rd |  | 61.0 | 72.0 | 0.112 | 0.888 |
| 4:48-3rd |  | 61.0 | 74.0 | 0.092 | 0.908 |
| 4:30-3rd |  | 61.0 | 74.0 | 0.073 | 0.927 |
| 4:21-3rd |  | 61.0 | 74.0 | 0.085 | 0.915 |
| 4:18-3rd |  | 61.0 | 74.0 | 0.089 | 0.911 |
| 4:06-3rd |  | 61.0 | 74.0 | 0.075 | 0.925 |
| 4:03-3rd |  | 61.0 | 74.0 | 0.071 | 0.929 |
| 3:56-3rd |  | 61.0 | 77.0 | 0.046 | 0.954 |
| 3:31-3rd |  | 61.0 | 77.0 | 0.037 | 0.963 |
| 3:28-3rd |  | 61.0 | 77.0 | 0.035 | 0.965 |
| 3:22-3rd |  | 61.0 | 77.0 | 0.043 | 0.957 |
| 3:19-3rd |  | 63.0 | 77.0 | 0.054 | 0.946 |
| 3:04-3rd |  | 63.0 | 77.0 | 0.037 | 0.963 |
| 2:56-3rd |  | 63.0 | 77.0 | 0.062 | 0.938 |
| 2:52-3rd |  | 63.0 | 77.0 | 0.065 | 0.935 |
| 2:45-3rd |  | 65.0 | 77.0 | 0.076 | 0.924 |
| 2:25-3rd |  | 65.0 | 77.0 | 0.09 | 0.91 |
| 2:23-3rd |  | 65.0 | 77.0 | 0.095 | 0.905 |
| 2:15-3rd |  | 69.0 | 77.0 | 0.163 | 0.837 |
| 1:52-3rd |  | 69.0 | 77.0 | 0.181 | 0.819 |
| 1:48-3rd |  | 69.0 | 77.0 | 0.188 | 0.812 |
| 1:42-3rd |  | 72.0 | 77.0 | 0.258 | 0.742 |
| 1:20-3rd |  | 72.0 | 79.0 | 0.221 | 0.779 |
| 59.7-3rd |  | 72.0 | 79.0 | 0.191 | 0.809 |
| 57.8-3rd |  | 72.0 | 79.0 | 0.181 | 0.819 |
| 45.9-3rd |  | 72.0 | 79.0 | 0.208 | 0.792 |
| 44.5-3rd |  | 72.0 | 79.0 | 0.217 | 0.783 |
| 39.0-3rd |  | 74.0 | 79.0 | 0.251 | 0.749 |
| 19.5-3rd |  | 74.0 | 79.0 | 0.283 | 0.717 |
| 13.8-3rd |  | 74.0 | 79.0 | 0.249 | 0.751 |
| 13.2-3rd |  | 74.0 | 79.0 | 0.281 | 0.719 |
| 11.6-3rd |  | 74.0 | 79.0 | 0.291 | 0.709 |
| 9.8-3rd |  | 74.0 | 80.0 | 0.207 | 0.793 |
| 3.9-3rd | TARGET | 77.0 | 80.0 | 0.332 | 0.668 |
| 0.0-3rd |  | 77.0 | 80.0 | 0.353 | 0.647 |
| 12:00-4th |  | 77.0 | 80.0 | 0.325 | 0.675 |
| 11:43-4th |  | 77.0 | 82.0 | 0.286 | 0.714 |
| 11:23-4th |  | 77.0 | 82.0 | 0.235 | 0.765 |
| 11:06-4th |  | 77.0 | 82.0 | 0.268 | 0.732 |
| 11:05-4th |  | 77.0 | 82.0 | 0.28 | 0.72 |
| 10:55-4th |  | 77.0 | 82.0 | 0.243 | 0.757 |
| 10:50-4th |  | 77.0 | 82.0 | 0.23 | 0.77 |
| 10:36-4th |  | 77.0 | 84.0 | 0.192 | 0.808 |
| 10:16-4th |  | 80.0 | 84.0 | 0.268 | 0.732 |
| 10:04-4th |  | 80.0 | 84.0 | 0.256 | 0.744 |
| 9:51-4th |  | 80.0 | 87.0 | 0.18 | 0.82 |
| 9:34-4th |  | 81.0 | 87.0 | 0.182 | 0.818 |
| 9:13-4th |  | 83.0 | 89.0 | 0.216 | 0.784 |
| 9:02-4th |  | 83.0 | 89.0 | 0.227 | 0.773 |
| 9:00-4th |  | 85.0 | 89.0 | 0.268 | 0.732 |
| 8:53-4th |  | 85.0 | 91.0 | 0.219 | 0.781 |
| 8:40-4th |  | 85.0 | 91.0 | 0.173 | 0.827 |
| 8:30-4th |  | 85.0 | 91.0 | 0.215 | 0.785 |
| 8:28-4th |  | 87.0 | 91.0 | 0.267 | 0.733 |
| 8:06-4th |  | 87.0 | 93.0 | 0.22 | 0.78 |
| 7:46-4th |  | 87.0 | 93.0 | 0.183 | 0.817 |
| 7:42-4th |  | 87.0 | 93.0 | 0.214 | 0.786 |
| 7:35-4th |  | 87.0 | 93.0 | 0.181 | 0.819 |
| 7:33-4th |  | 87.0 | 93.0 | 0.169 | 0.831 |
| 7:19-4th |  | 87.0 | 96.0 | 0.101 | 0.899 |
| 6:59-4th |  | 87.0 | 96.0 | 0.078 | 0.922 |
| 6:56-4th |  | 87.0 | 96.0 | 0.071 | 0.929 |
| 6:43-4th |  | 87.0 | 96.0 | 0.087 | 0.913 |
| 6:41-4th |  | 87.0 | 98.0 | 0.051 | 0.949 |
| 6:28-4th |  | 87.0 | 98.0 | 0.038 | 0.962 |
| 6:24-4th |  | 87.0 | 98.0 | 0.034 | 0.966 |
| 6:14-4th |  | 87.0 | 100.0 | 0.024 | 0.976 |
| 5:57-4th |  | 87.0 | 100.0 | 0.015 | 0.985 |
| 5:46-4th |  | 87.0 | 102.0 | 0.01 | 0.99 |
| 5:31-4th |  | 87.0 | 102.0 | 0.006 | 0.994 |
| 5:21-4th |  | 87.0 | 102.0 | 0.008 | 0.992 |
| 5:18-4th |  | 87.0 | 104.0 | 0.004 | 0.996 |
| 5:13-4th |  | 89.0 | 104.0 | 0.005 | 0.995 |
| 4:59-4th |  | 89.0 | 106.0 | 0.003 | 0.997 |
| 4:54-4th |  | 91.0 | 106.0 | 0.004 | 0.996 |
| 4:37-4th |  | 91.0 | 106.0 | 0.006 | 0.994 |
| 4:30-4th |  | 91.0 | 106.0 | 0.004 | 0.996 |
| 4:28-4th |  | 91.0 | 106.0 | 0.003 | 0.997 |
| 4:11-4th |  | 91.0 | 109.0 | 0.001 | 0.999 |
| 3:57-4th |  | 93.0 | 109.0 | 0.001 | 0.999 |
| 3:39-4th |  | 93.0 | 111.0 | 0.001 | 0.999 |
| 3:20-4th |  | 93.0 | 111.0 | 0.001 | 0.999 |
| 2:57-4th |  | 93.0 | 111.0 | 0.001 | 0.999 |
| 2:54-4th |  | 93.0 | 111.0 | 0.001 | 0.999 |
| 2:41-4th |  | 95.0 | 111.0 | 0.001 | 0.999 |
| 2:20-4th |  | 95.0 | 111.0 | 0.001 | 0.999 |
| 2:18-4th |  | 95.0 | 111.0 | 0.001 | 0.999 |
| 2:07-4th |  | 95.0 | 111.0 | 0.001 | 0.999 |
| 2:00-4th |  | 97.0 | 111.0 | 0.001 | 0.999 |
| 1:48-4th |  | 97.0 | 111.0 | 0.001 | 0.999 |
| 1:46-4th |  | 99.0 | 111.0 | 0.002 | 0.998 |
| 1:35-4th |  | 99.0 | 114.0 | 0.001 | 0.999 |
| 1:28-4th |  | 99.0 | 114.0 | 0.001 | 0.999 |
| 1:26-4th |  | 99.0 | 116.0 | 0.001 | 0.999 |
| 1:07-4th |  | 99.0 | 116.0 | 0.001 | 0.999 |
| 1:03-4th |  | 99.0 | 116.0 | 0.001 | 0.999 |
| 1:02-4th |  | 99.0 | 116.0 | 0.001 | 0.999 |
| 43.7-4th |  | 99.0 | 116.0 | 0.001 | 0.999 |
| 41.9-4th |  | 99.0 | 116.0 | 0.001 | 0.999 |
| 38.3-4th |  | 101.0 | 116.0 | 0.001 | 0.999 |
| 36.5-4th |  | 101.0 | 116.0 | 0.001 | 0.999 |
| 28.6-4th |  | 101.0 | 116.0 | 0.001 | 0.999 |
| 25.7-4th |  | 101.0 | 116.0 | 0.001 | 0.999 |
| 20.5-4th |  | 103.0 | 116.0 | 0.001 | 0.999 |
| 0.0-4th |  | 103.0 | 116.0 | 0.0 | 1.0 |

Question

Which event most likely happened at the marked missing position?

Answer Choices

A. Player 1 (Team A) makes 7-foot pullup jump shot
B. Player 14 (Team B) makes 2-foot layup (Player 7 (Team A) assists)
C. Player 8 (Team A) makes 26-foot three point jumper (Player 17 (Team A) assists)
D. Player 14 (Team A) makes 26-foot three pointer (Player 18 (Team A) assists)

Response Format

Return exactly one JSON object:

{
  "answer": "<A|B|C|D>",
  "rationale": "<brief evidence-based justification in 1-3 sentences>",
  "evidence_event_ids": [],
  "evidence_series_times": []
}

Use only event IDs and time labels that are provided above and that support the answer. Use an empty array when the corresponding evidence type is unavailable or unused. Return only the JSON object.
