Task

Reconstruct the missing event in this basketball game. Use the available numerical time-series evidence around the marked row to select the most likely event.

Game

Team A versus Team B, season 22-23.

Time Series

| Game time | Marker | Team A score | Team B score | Team A win probability | Team B win probability |
| --- | --- | --- | --- | --- | --- |
| 12:00-1st |  | 0 | 0 | 0.665 | 0.335 |
| 11:45-1st |  | 0 | 0 | 0.677 | 0.323 |
| 11:43-1st |  | 0 | 0 | 0.681 | 0.319 |
| 11:38-1st |  | 2 | 0 | 0.706 | 0.294 |
| 11:20-1st |  | 2 | 0 | 0.72 | 0.28 |
| 11:18-1st |  | 2 | 0 | 0.724 | 0.276 |
| 11:11-1st |  | 2 | 0 | 0.709 | 0.291 |
| 11:09-1st |  | 2 | 0 | 0.704 | 0.296 |
| 10:54-1st |  | 2 | 2 | 0.679 | 0.321 |
| 10:37-1st |  | 4 | 2 | 0.703 | 0.297 |
| 10:19-1st |  | 4 | 5 | 0.658 | 0.342 |
| 10:03-1st |  | 6 | 5 | 0.679 | 0.321 |
| 9:45-1st |  | 6 | 5 | 0.694 | 0.306 |
| 9:43-1st |  | 6 | 5 | 0.7 | 0.3 |
| 9:37-1st |  | 8 | 5 | 0.719 | 0.281 |
| 9:14-1st |  | 8 | 7 | 0.698 | 0.302 |
| 9:04-1st |  | 11 | 7 | 0.739 | 0.261 |
| 8:54-1st |  | 11 | 9 | 0.72 | 0.28 |
| 8:46-1st |  | 14 | 9 | 0.758 | 0.242 |
| 8:25-1st |  | 14 | 12 | 0.72 | 0.28 |
| 8:13-1st |  | 14 | 12 | 0.701 | 0.299 |
| 8:09-1st |  | 14 | 12 | 0.695 | 0.305 |
| 7:59-1st |  | 14 | 14 | 0.672 | 0.328 |
| 7:42-1st |  | 14 | 14 | 0.654 | 0.346 |
| 7:40-1st |  | 14 | 14 | 0.649 | 0.351 |
| 7:33-1st |  | 14 | 16 | 0.624 | 0.376 |
| 7:17-1st |  | 14 | 16 | 0.603 | 0.397 |
| 7:15-1st |  | 14 | 16 | 0.597 | 0.403 |
| 7:04-1st |  | 14 | 16 | 0.615 | 0.385 |
| 7:01-1st |  | 14 | 16 | 0.596 | 0.404 |
| 6:56-1st |  | 14 | 16 | 0.615 | 0.385 |
| 6:54-1st |  | 14 | 16 | 0.621 | 0.379 |
| 6:50-1st |  | 17 | 16 | 0.669 | 0.331 |
| 6:34-1st |  | 17 | 16 | 0.684 | 0.316 |
| 6:32-1st |  | 17 | 16 | 0.69 | 0.31 |
| 6:27-1st |  | 21 | 16 | 0.756 | 0.244 |
| 6:10-1st |  | 21 | 16 | 0.776 | 0.224 |
| 6:06-1st |  | 21 | 16 | 0.761 | 0.239 |
| 6:04-1st |  | 21 | 16 | 0.756 | 0.244 |
| 6:01-1st |  | 21 | 18 | 0.733 | 0.267 |
| 5:45-1st |  | 21 | 18 | 0.712 | 0.288 |
| 5:33-1st |  | 21 | 20 | 0.688 | 0.312 |
| 5:16-1st |  | 23 | 20 | 0.711 | 0.289 |
| 5:03-1st |  | 23 | 22 | 0.688 | 0.312 |
| 4:51-1st |  | 24 | 22 | 0.685 | 0.315 |
| 4:49-1st |  | 24 | 22 | 0.685 | 0.315 |
| 4:32-1st |  | 24 | 22 | 0.701 | 0.299 |
| 4:29-1st |  | 24 | 22 | 0.706 | 0.294 |
| 4:24-1st |  | 24 | 22 | 0.69 | 0.31 |
| 4:20-1st |  | 24 | 22 | 0.706 | 0.294 |
| 4:08-1st |  | 24 | 22 | 0.689 | 0.311 |
| 4:05-1st |  | 24 | 22 | 0.683 | 0.317 |
| 4:02-1st |  | 24 | 24 | 0.659 | 0.341 |
| 3:39-1st |  | 24 | 24 | 0.64 | 0.36 |
| 3:37-1st |  | 24 | 24 | 0.634 | 0.366 |
| 3:34-1st |  | 24 | 27 | 0.579 | 0.421 |
| 3:19-1st |  | 27 | 27 | 0.633 | 0.367 |
| 3:03-1st |  | 27 | 28 | 0.631 | 0.369 |
| 2:50-1st |  | 27 | 28 | 0.608 | 0.392 |
| 2:44-1st |  | 27 | 28 | 0.6 | 0.4 |
| 2:42-1st |  | 27 | 28 | 0.63 | 0.37 |
| 2:31-1st |  | 28 | 28 | 0.629 | 0.371 |
| 2:28-1st |  | 28 | 28 | 0.629 | 0.371 |
| 2:15-1st |  | 28 | 28 | 0.646 | 0.354 |
| 2:11-1st |  | 28 | 28 | 0.652 | 0.348 |
| 2:05-1st |  | 28 | 28 | 0.634 | 0.366 |
| 2:03-1st |  | 28 | 28 | 0.628 | 0.372 |
| 1:42-1st |  | 28 | 28 | 0.645 | 0.355 |
| 1:40-1st |  | 28 | 28 | 0.651 | 0.349 |
| 1:32-1st |  | 30 | 28 | 0.677 | 0.323 |
| 1:14-1st |  | 30 | 28 | 0.694 | 0.306 |
| 1:11-1st |  | 30 | 28 | 0.7 | 0.3 |
| 1:00-1st |  | 30 | 28 | 0.676 | 0.324 |
| 55.8-1st |  | 30 | 28 | 0.7 | 0.3 |
| 40.1-1st |  | 30 | 28 | 0.681 | 0.319 |
| 37.9-1st |  | 30 | 28 | 0.675 | 0.325 |
| 31.3-1st |  | 30 | 28 | 0.693 | 0.307 |
| 29.6-1st |  | 30 | 28 | 0.699 | 0.301 |
| 10.1-1st |  | 30 | 28 | 0.672 | 0.328 |
| 0.1-1st |  | 30 | 28 | 0.695 | 0.305 |
| 0.0-1st |  | 30 | 28 | 0.683 | 0.317 |
| 12:00-2nd |  | 30 | 28 | 0.683 | 0.317 |
| 11:48-2nd |  | 30 | 28 | 0.679 | 0.321 |
| 11:45-2nd |  | 30 | 28 | 0.698 | 0.302 |
| 11:41-2nd |  | 30 | 28 | 0.698 | 0.302 |
| 11:28-2nd |  | 30 | 28 | 0.672 | 0.328 |
| 11:06-2nd |  | 30 | 30 | 0.643 | 0.357 |
| 10:41-2nd |  | 30 | 30 | 0.621 | 0.379 |
| 10:39-2nd |  | 30 | 30 | 0.613 | 0.387 |
| 10:28-2nd |  | 30 | 32 | 0.583 | 0.417 |
| 10:12-2nd |  | 32 | 32 | 0.612 | 0.388 |
| 9:58-2nd |  | 32 | 32 | 0.64 | 0.36 |
| 9:54-2nd |  | 35 | 32 | 0.69 | 0.31 |
| 9:53-2nd |  | 35 | 32 | 0.69 | 0.31 |
| 9:39-2nd |  | 35 | 35 | 0.639 | 0.361 |
| 9:30-2nd |  | 35 | 35 | 0.639 | 0.361 |
| 9:21-2nd |  | 35 | 35 | 0.608 | 0.392 |
| 9:16-2nd |  | 35 | 37 | 0.578 | 0.422 |
| 9:03-2nd |  | 37 | 37 | 0.607 | 0.393 |
| 8:42-2nd |  | 37 | 37 | 0.636 | 0.364 |
| 8:31-2nd |  | 37 | 37 | 0.613 | 0.387 |
| 8:30-2nd |  | 37 | 37 | 0.605 | 0.395 |
| 8:15-2nd |  | 37 | 37 | 0.635 | 0.365 |
| 7:58-2nd |  | 39 | 37 | 0.662 | 0.338 |
| 7:45-2nd |  | 39 | 37 | 0.688 | 0.312 |
| 7:24-2nd |  | 39 | 37 | 0.667 | 0.333 |
| 7:22-2nd |  | 39 | 37 | 0.66 | 0.34 |
| 7:19-2nd |  | 39 | 37 | 0.687 | 0.313 |
| 7:11-2nd |  | 41 | 37 | 0.711 | 0.289 |
| 7:03-2nd |  | 41 | 37 | 0.711 | 0.289 |
| 6:54-2nd |  | 41 | 37 | 0.731 | 0.269 |
| 6:52-2nd |  | 41 | 37 | 0.738 | 0.262 |
| 6:43-2nd |  | 41 | 37 | 0.718 | 0.282 |
| 6:42-2nd |  | 41 | 37 | 0.711 | 0.289 |
| 6:39-2nd |  | 41 | 39 | 0.685 | 0.315 |
| 6:34-2nd |  | 41 | 41 | 0.63 | 0.37 |
| 6:12-2nd |  | 41 | 41 | 0.595 | 0.405 |
| 6:08-2nd |  | 41 | 43 | 0.565 | 0.435 |
| 5:50-2nd |  | 41 | 43 | 0.541 | 0.459 |
| 5:47-2nd |  | 41 | 43 | 0.532 | 0.468 |
| 5:36-2nd |  | 41 | 43 | 0.555 | 0.445 |
| 5:31-2nd |  | 41 | 43 | 0.563 | 0.437 |
| 5:29-2nd |  | 43 | 43 | 0.592 | 0.408 |
| 5:13-2nd |  | 43 | 43 | 0.617 | 0.383 |
| 5:11-2nd |  | 43 | 43 | 0.626 | 0.374 |
| 4:58-2nd |  | 45 | 43 | 0.653 | 0.347 |
| 4:31-2nd |  | 45 | 43 | 0.681 | 0.319 |
| 4:18-2nd |  | 47 | 43 | 0.707 | 0.293 |
| 4:06-2nd |  | 47 | 43 | 0.708 | 0.292 |
| 3:52-2nd |  | 47 | 43 | 0.729 | 0.271 |
| 3:49-2nd |  | 47 | 43 | 0.736 | 0.264 |
| 3:35-2nd |  | 47 | 43 | 0.714 | 0.286 |
| 3:32-2nd |  | 47 | 43 | 0.707 | 0.293 |
| 3:19-2nd |  | 47 | 45 | 0.679 | 0.321 |
| 2:55-2nd |  | 47 | 45 | 0.655 | 0.345 |
| 2:52-2nd |  | 47 | 45 | 0.647 | 0.353 |
| 2:46-2nd |  | 47 | 45 | 0.649 | 0.351 |
| 2:33-2nd |  | 47 | 47 | 0.617 | 0.383 |
| 2:23-2nd |  | 47 | 47 | 0.59 | 0.41 |
| 2:20-2nd |  | 47 | 47 | 0.581 | 0.419 |
| 2:17-2nd |  | 47 | 50 | 0.516 | 0.484 |
| 2:01-2nd |  | 47 | 50 | 0.488 | 0.512 |
| 1:58-2nd |  | 47 | 50 | 0.479 | 0.521 |
| 1:57-2nd |  | 47 | 52 | 0.443 | 0.557 |
| 1:35-2nd |  | 50 | 52 | 0.512 | 0.488 |
| 1:21-2nd |  | 50 | 52 | 0.543 | 0.457 |
| 1:15-2nd |  | 50 | 52 | 0.518 | 0.482 |
| 1:14-2nd |  | 50 | 52 | 0.543 | 0.457 |
| 57.1-2nd |  | 50 | 52 | 0.517 | 0.483 |
| 55.1-2nd |  | 50 | 52 | 0.509 | 0.491 |
| 38.7-2nd |  | 50 | 52 | 0.532 | 0.468 |
| 35.5-2nd |  | 50 | 52 | 0.508 | 0.492 |
| 32.4-2nd |  | 50 | 52 | 0.532 | 0.468 |
| 28.8-2nd |  | 50 | 52 | 0.54 | 0.46 |
| 6.4-2nd |  | 52 | 52 | 0.572 | 0.428 |
| 0.0-2nd |  | 52 | 52 | 0.59 | 0.41 |
| 12:00-3rd |  | 52 | 52 | 0.59 | 0.41 |
| 11:35-3rd |  | 52 | 52 | 0.568 | 0.432 |
| 11:14-3rd |  | 52 | 52 | 0.597 | 0.403 |
| 11:12-3rd |  | 52 | 52 | 0.607 | 0.393 |
| 11:06-3rd |  | 54 | 52 | 0.64 | 0.36 |
| 10:45-3rd |  | 54 | 52 | 0.663 | 0.337 |
| 10:42-3rd |  | 54 | 52 | 0.671 | 0.329 |
| 10:38-3rd |  | 57 | 52 | 0.732 | 0.268 |
| 10:21-3rd |  | 57 | 52 | 0.754 | 0.246 |
| 10:18-3rd |  | 57 | 52 | 0.762 | 0.238 |
| 10:17-3rd |  | 57 | 52 | 0.76 | 0.24 |
| 10:02-3rd |  | 59 | 52 | 0.789 | 0.211 |
| 9:44-3rd |  | 59 | 54 | 0.762 | 0.238 |
| 9:36-3rd |  | 59 | 54 | 0.731 | 0.269 |
| 9:30-3rd |  | 59 | 54 | 0.754 | 0.246 |
| 9:28-3rd |  | 59 | 54 | 0.762 | 0.238 |
| 9:18-3rd |  | 61 | 54 | 0.79 | 0.21 |
| 8:53-3rd |  | 61 | 57 | 0.732 | 0.268 |
| 8:42-3rd |  | 61 | 57 | 0.731 | 0.269 |
| 8:24-3rd |  | 63 | 57 | 0.758 | 0.242 |
| 8:08-3rd |  | 63 | 59 | 0.732 | 0.268 |
| 7:56-3rd |  | 63 | 59 | 0.701 | 0.299 |
| 7:51-3rd |  | 63 | 59 | 0.724 | 0.276 |
| 7:48-3rd |  | 63 | 59 | 0.732 | 0.268 |
| 7:44-3rd |  | 65 | 59 | 0.759 | 0.241 |
| 7:23-3rd |  | 65 | 61 | 0.733 | 0.267 |
| 7:06-3rd |  | 65 | 61 | 0.699 | 0.301 |
| 7:03-3rd |  | 65 | 61 | 0.699 | 0.301 |
| 6:50-3rd |  | 65 | 64 | 0.628 | 0.372 |
| 6:25-3rd |  | 65 | 64 | 0.596 | 0.404 |
| 6:22-3rd |  | 65 | 64 | 0.586 | 0.414 |
| 6:20-3rd |  | 65 | 64 | 0.627 | 0.373 |
| 6:13-3rd | TARGET | 68 | 64 | 0.699 | 0.301 |
| 5:51-3rd |  | 68 | 67 | 0.627 | 0.373 |
| 5:39-3rd |  | 68 | 67 | 0.584 | 0.416 |
| 5:36-3rd |  | 68 | 69 | 0.546 | 0.454 |
| 5:24-3rd |  | 68 | 69 | 0.512 | 0.488 |
| 5:21-3rd |  | 68 | 69 | 0.5 | 0.5 |
| 5:08-3rd |  | 68 | 71 | 0.461 | 0.539 |
| 4:42-3rd |  | 70 | 71 | 0.496 | 0.504 |
| 4:25-3rd |  | 70 | 71 | 0.53 | 0.47 |
| 4:23-3rd |  | 70 | 71 | 0.541 | 0.459 |
| 4:04-3rd |  | 72 | 71 | 0.58 | 0.42 |
| 3:45-3rd |  | 72 | 71 | 0.624 | 0.376 |
| 3:41-3rd |  | 73 | 71 | 0.623 | 0.377 |
| 3:27-3rd |  | 73 | 71 | 0.663 | 0.337 |
| 3:05-3rd |  | 73 | 71 | 0.633 | 0.367 |
| 3:03-3rd |  | 73 | 71 | 0.622 | 0.378 |
| 2:43-3rd |  | 73 | 71 | 0.663 | 0.337 |
| 2:35-3rd |  | 74 | 71 | 0.663 | 0.337 |
| 2:33-3rd |  | 74 | 71 | 0.663 | 0.337 |
| 2:16-3rd |  | 74 | 71 | 0.695 | 0.305 |
| 2:12-3rd |  | 74 | 71 | 0.705 | 0.295 |
| 2:08-3rd |  | 77 | 71 | 0.776 | 0.224 |
| 1:56-3rd |  | 77 | 71 | 0.803 | 0.197 |
| 1:50-3rd |  | 77 | 71 | 0.812 | 0.188 |
| 1:45-3rd |  | 77 | 71 | 0.778 | 0.222 |
| 1:42-3rd |  | 77 | 73 | 0.746 | 0.254 |
| 1:20-3rd |  | 79 | 73 | 0.779 | 0.221 |
| 1:07-3rd |  | 79 | 73 | 0.807 | 0.193 |
| 1:05-3rd |  | 79 | 73 | 0.816 | 0.184 |
| 1:01-3rd |  | 82 | 73 | 0.871 | 0.129 |
| 42.7-3rd |  | 82 | 73 | 0.892 | 0.108 |
| 40.0-3rd |  | 82 | 73 | 0.899 | 0.101 |
| 35.4-3rd |  | 84 | 73 | 0.916 | 0.084 |
| 17.0-3rd |  | 84 | 73 | 0.932 | 0.068 |
| 14.2-3rd |  | 84 | 73 | 0.937 | 0.063 |
| 1.9-3rd |  | 86 | 73 | 0.951 | 0.049 |
| 0.0-3rd |  | 86 | 73 | 0.961 | 0.039 |
| 12:00-4th |  | 86 | 73 | 0.961 | 0.039 |
| 11:42-4th |  | 86 | 75 | 0.942 | 0.058 |
| 11:19-4th |  | 89 | 75 | 0.966 | 0.034 |
| 11:01-4th |  | 89 | 75 | 0.974 | 0.026 |
| 10:59-4th |  | 89 | 75 | 0.976 | 0.024 |
| 10:56-4th |  | 92 | 75 | 0.987 | 0.013 |
| 10:43-4th |  | 92 | 75 | 0.986 | 0.014 |
| 10:30-4th |  | 92 | 77 | 0.983 | 0.017 |
| 10:18-4th |  | 95 | 77 | 0.991 | 0.009 |
| 9:57-4th |  | 95 | 79 | 0.988 | 0.012 |
| 9:44-4th |  | 95 | 79 | 0.984 | 0.016 |
| 9:36-4th |  | 95 | 79 | 0.988 | 0.012 |
| 9:33-4th |  | 95 | 79 | 0.989 | 0.011 |
| 9:26-4th |  | 95 | 79 | 0.986 | 0.014 |
| 9:23-4th |  | 95 | 79 | 0.99 | 0.01 |
| 9:19-4th |  | 95 | 79 | 0.991 | 0.009 |
| 9:13-4th |  | 95 | 79 | 0.986 | 0.014 |
| 8:53-4th |  | 95 | 82 | 0.975 | 0.025 |
| 8:33-4th |  | 98 | 82 | 0.988 | 0.012 |
| 8:23-4th |  | 98 | 85 | 0.977 | 0.023 |
| 8:06-4th |  | 100 | 85 | 0.985 | 0.015 |
| 7:55-4th |  | 100 | 87 | 0.979 | 0.021 |
| 7:43-4th |  | 103 | 87 | 0.99 | 0.01 |
| 7:42-4th |  | 103 | 87 | 0.99 | 0.01 |
| 7:31-4th |  | 103 | 87 | 0.993 | 0.007 |
| 7:29-4th |  | 103 | 89 | 0.986 | 0.014 |
| 7:18-4th |  | 103 | 89 | 0.982 | 0.018 |
| 7:16-4th |  | 103 | 89 | 0.98 | 0.02 |
| 7:11-4th |  | 103 | 89 | 0.985 | 0.015 |
| 7:08-4th |  | 103 | 89 | 0.981 | 0.019 |
| 7:06-4th |  | 103 | 89 | 0.986 | 0.014 |
| 7:04-4th |  | 103 | 89 | 0.987 | 0.013 |
| 6:53-4th |  | 103 | 89 | 0.984 | 0.016 |
| 6:50-4th |  | 103 | 89 | 0.982 | 0.018 |
| 6:46-4th |  | 103 | 89 | 0.988 | 0.012 |
| 6:38-4th |  | 103 | 89 | 0.985 | 0.015 |
| 6:34-4th |  | 103 | 93 | 0.954 | 0.046 |
| 6:19-4th |  | 105 | 93 | 0.968 | 0.032 |
| 5:55-4th |  | 105 | 95 | 0.96 | 0.04 |
| 5:29-4th |  | 105 | 95 | 0.951 | 0.049 |
| 5:26-4th |  | 105 | 95 | 0.947 | 0.053 |
| 5:17-4th |  | 105 | 97 | 0.928 | 0.072 |
| 5:00-4th |  | 105 | 97 | 0.932 | 0.068 |
| 4:55-4th |  | 105 | 97 | 0.914 | 0.086 |
| 4:53-4th |  | 105 | 97 | 0.908 | 0.092 |
| 4:30-4th |  | 105 | 97 | 0.932 | 0.068 |
| 4:27-4th |  | 105 | 97 | 0.939 | 0.061 |
| 4:12-4th |  | 105 | 97 | 0.923 | 0.077 |
| 4:08-4th |  | 105 | 97 | 0.918 | 0.082 |
| 3:59-4th |  | 105 | 97 | 0.945 | 0.055 |
| 3:54-4th |  | 107 | 97 | 0.963 | 0.037 |
| 3:43-4th |  | 107 | 97 | 0.979 | 0.021 |
| 3:40-4th |  | 109 | 97 | 0.987 | 0.013 |
| 3:23-4th |  | 109 | 100 | 0.97 | 0.03 |
| 2:58-4th |  | 109 | 100 | 0.964 | 0.036 |
| 2:56-4th |  | 109 | 100 | 0.961 | 0.039 |
| 2:48-4th |  | 109 | 102 | 0.943 | 0.057 |
| 2:30-4th |  | 109 | 102 | 0.918 | 0.082 |
| 2:14-4th |  | 111 | 102 | 0.972 | 0.028 |
| 2:01-4th |  | 111 | 102 | 0.983 | 0.017 |
| 1:57-4th |  | 111 | 104 | 0.96 | 0.04 |
| 1:34-4th |  | 113 | 104 | 0.981 | 0.019 |
| 1:24-4th |  | 113 | 106 | 0.971 | 0.029 |
| 1:10-4th |  | 116 | 106 | 0.993 | 0.007 |
| 1:07-4th |  | 116 | 106 | 0.996 | 0.004 |
| 1:04-4th |  | 116 | 108 | 0.989 | 0.011 |
| 43.4-4th |  | 116 | 108 | 0.985 | 0.015 |
| 41.2-4th |  | 116 | 108 | 0.983 | 0.017 |
| 33.8-4th |  | 116 | 111 | 0.94 | 0.06 |
| 26.6-4th |  | 116 | 111 | 0.987 | 0.013 |
| 24.2-4th |  | 118 | 111 | 0.982 | 0.018 |
| 18.0-4th |  | 118 | 111 | 0.994 | 0.006 |
| 14.9-4th |  | 118 | 111 | 0.998 | 0.002 |
| 0.0-4th |  | 118 | 111 | 1.0 | 0.0 |

Question

Which event most likely happened at the marked missing position?

Answer Choices

A. Sandro Mamukelashvili makes 26-foot three point jumper (Player 12 (Team B) assists)
B. Player 17 (Team A) lost ball turnover (Gabe York steals)
C. Player 7 (Team A) makes 26-foot three point jumper (Player 3 (Team A) assists)
D. Player 16 (Team B) shooting foul

Response Format

Return exactly one JSON object:

{
  "answer": "<A|B|C|D>",
  "rationale": "<brief evidence-based justification in 1-3 sentences>",
  "evidence_event_ids": [],
  "evidence_series_times": []
}

Use only event IDs and time labels that are provided above and that support the answer. Use an empty array when the corresponding evidence type is unavailable or unused. Return only the JSON object.
