Task

Reconstruct the missing event in this basketball game. Use the available numerical time-series evidence around the marked row to select the most likely event.

Game

Team A versus Team B, season 22-23.

Time Series

| Game time | Marker | Team A score | Team B score | Team A win probability | Team B win probability |
| --- | --- | --- | --- | --- | --- |
| 12:00-1st |  | 0 | 0 | 0.479 | 0.521 |
| 11:43-1st |  | 2 | 0 | 0.508 | 0.492 |
| 11:25-1st |  | 2 | 0 | 0.532 | 0.468 |
| 11:20-1st |  | 2 | 0 | 0.514 | 0.486 |
| 11:17-1st |  | 4 | 0 | 0.555 | 0.445 |
| 11:00-1st |  | 4 | 0 | 0.578 | 0.422 |
| 10:58-1st |  | 4 | 0 | 0.586 | 0.414 |
| 10:52-1st |  | 4 | 0 | 0.563 | 0.437 |
| 10:49-1st |  | 4 | 0 | 0.586 | 0.414 |
| 10:43-1st |  | 4 | 0 | 0.556 | 0.444 |
| 10:34-1st |  | 4 | 3 | 0.512 | 0.488 |
| 10:15-1st |  | 4 | 3 | 0.482 | 0.518 |
| 10:03-1st |  | 4 | 3 | 0.49 | 0.51 |
| 9:57-1st |  | 4 | 3 | 0.49 | 0.51 |
| 9:56-1st |  | 4 | 3 | 0.482 | 0.518 |
| 9:50-1st |  | 4 | 3 | 0.505 | 0.495 |
| 9:47-1st |  | 4 | 3 | 0.513 | 0.487 |
| 9:39-1st |  | 6 | 3 | 0.534 | 0.466 |
| 9:25-1st |  | 6 | 3 | 0.534 | 0.466 |
| 9:20-1st |  | 6 | 3 | 0.555 | 0.445 |
| 9:17-1st |  | 6 | 3 | 0.562 | 0.438 |
| 9:10-1st |  | 6 | 3 | 0.541 | 0.459 |
| 9:07-1st |  | 6 | 3 | 0.534 | 0.466 |
| 8:55-1st |  | 6 | 5 | 0.51 | 0.49 |
| 8:45-1st |  | 9 | 5 | 0.56 | 0.44 |
| 8:31-1st |  | 9 | 5 | 0.581 | 0.419 |
| 8:30-1st |  | 9 | 5 | 0.561 | 0.439 |
| 8:28-1st |  | 9 | 5 | 0.581 | 0.419 |
| 8:24-1st |  | 9 | 5 | 0.588 | 0.412 |
| 8:20-1st |  | 9 | 5 | 0.588 | 0.412 |
| 8:06-1st |  | 9 | 7 | 0.538 | 0.462 |
| 7:54-1st |  | 9 | 7 | 0.518 | 0.482 |
| 7:51-1st |  | 9 | 7 | 0.511 | 0.489 |
| 7:38-1st |  | 9 | 7 | 0.532 | 0.468 |
| 7:35-1st |  | 9 | 7 | 0.539 | 0.461 |
| 7:30-1st |  | 12 | 7 | 0.588 | 0.412 |
| 7:08-1st |  | 12 | 9 | 0.565 | 0.435 |
| 7:01-1st |  | 12 | 9 | 0.564 | 0.436 |
| 6:51-1st |  | 12 | 9 | 0.546 | 0.454 |
| 6:48-1st |  | 12 | 9 | 0.539 | 0.461 |
| 6:42-1st |  | 12 | 9 | 0.566 | 0.434 |
| 6:37-1st |  | 14 | 9 | 0.591 | 0.409 |
| 6:36-1st |  | 14 | 9 | 0.591 | 0.409 |
| 6:22-1st |  | 14 | 11 | 0.566 | 0.434 |
| 6:01-1st |  | 16 | 11 | 0.592 | 0.408 |
| 5:49-1st |  | 16 | 13 | 0.567 | 0.433 |
| 5:37-1st |  | 16 | 13 | 0.548 | 0.452 |
| 5:34-1st |  | 16 | 13 | 0.541 | 0.459 |
| 5:28-1st |  | 16 | 13 | 0.561 | 0.439 |
| 5:26-1st |  | 16 | 13 | 0.568 | 0.432 |
| 5:18-1st |  | 16 | 13 | 0.548 | 0.452 |
| 5:17-1st |  | 16 | 13 | 0.542 | 0.458 |
| 5:08-1st |  | 16 | 13 | 0.562 | 0.438 |
| 5:05-1st |  | 16 | 13 | 0.569 | 0.431 |
| 4:58-1st |  | 16 | 13 | 0.549 | 0.451 |
| 4:57-1st |  | 16 | 13 | 0.549 | 0.451 |
| 4:47-1st |  | 18 | 13 | 0.594 | 0.406 |
| 4:34-1st |  | 18 | 13 | 0.617 | 0.383 |
| 4:31-1st |  | 18 | 13 | 0.625 | 0.375 |
| 4:28-1st |  | 20 | 13 | 0.648 | 0.352 |
| 4:13-1st |  | 20 | 13 | 0.669 | 0.331 |
| 4:10-1st |  | 20 | 13 | 0.676 | 0.324 |
| 4:04-1st |  | 20 | 13 | 0.676 | 0.324 |
| 3:59-1st |  | 22 | 13 | 0.697 | 0.303 |
| 3:47-1st |  | 22 | 13 | 0.718 | 0.282 |
| 3:46-1st |  | 22 | 13 | 0.702 | 0.298 |
| 3:35-1st |  | 22 | 13 | 0.726 | 0.274 |
| 3:23-1st |  | 22 | 13 | 0.706 | 0.294 |
| 3:18-1st |  | 22 | 13 | 0.727 | 0.273 |
| 3:13-1st |  | 22 | 13 | 0.706 | 0.294 |
| 3:11-1st |  | 22 | 13 | 0.727 | 0.273 |
| 3:09-1st |  | 24 | 13 | 0.749 | 0.251 |
| 3:00-1st |  | 24 | 13 | 0.75 | 0.25 |
| 2:48-1st |  | 24 | 13 | 0.773 | 0.227 |
| 2:30-1st |  | 24 | 13 | 0.758 | 0.242 |
| 2:25-1st |  | 24 | 13 | 0.775 | 0.225 |
| 2:19-1st |  | 24 | 13 | 0.759 | 0.241 |
| 2:16-1st |  | 24 | 13 | 0.776 | 0.224 |
| 2:10-1st |  | 26 | 13 | 0.797 | 0.203 |
| 1:54-1st |  | 26 | 13 | 0.817 | 0.183 |
| 1:52-1st |  | 26 | 13 | 0.799 | 0.201 |
| 1:44-1st |  | 26 | 16 | 0.758 | 0.242 |
| 1:19-1st |  | 26 | 16 | 0.74 | 0.26 |
| 1:17-1st |  | 26 | 16 | 0.733 | 0.267 |
| 1:04-1st |  | 26 | 16 | 0.754 | 0.246 |
| 1:01-1st |  | 26 | 16 | 0.76 | 0.24 |
| 46.1-1st |  | 26 | 16 | 0.741 | 0.259 |
| 44.2-1st |  | 26 | 16 | 0.79 | 0.21 |
| 38.1-1st |  | 28 | 16 | 0.779 | 0.221 |
| 28.2-1st |  | 28 | 18 | 0.761 | 0.239 |
| 9.1-1st |  | 30 | 18 | 0.781 | 0.219 |
| 0.0-1st |  | 30 | 18 | 0.792 | 0.208 |
| 12:00-2nd |  | 30 | 18 | 0.792 | 0.208 |
| 11:51-2nd |  | 30 | 18 | 0.786 | 0.214 |
| 11:46-2nd |  | 30 | 18 | 0.808 | 0.192 |
| 11:34-2nd |  | 30 | 18 | 0.792 | 0.208 |
| 11:29-2nd |  | 30 | 18 | 0.787 | 0.213 |
| 11:25-2nd |  | 30 | 20 | 0.766 | 0.234 |
| 11:12-2nd |  | 32 | 20 | 0.788 | 0.212 |
| 10:55-2nd |  | 32 | 23 | 0.745 | 0.255 |
| 10:43-2nd |  | 34 | 23 | 0.766 | 0.234 |
| 10:33-2nd |  | 34 | 25 | 0.746 | 0.254 |
| 10:14-2nd |  | 34 | 25 | 0.726 | 0.274 |
| 10:11-2nd |  | 34 | 25 | 0.719 | 0.281 |
| 10:04-2nd |  | 34 | 27 | 0.694 | 0.306 |
| 9:40-2nd |  | 34 | 27 | 0.676 | 0.324 |
| 9:37-2nd |  | 34 | 27 | 0.669 | 0.331 |
| 9:34-2nd |  | 34 | 27 | 0.689 | 0.311 |
| 9:31-2nd |  | 34 | 27 | 0.696 | 0.304 |
| 9:17-2nd |  | 34 | 27 | 0.677 | 0.323 |
| 9:15-2nd |  | 34 | 27 | 0.67 | 0.33 |
| 9:11-2nd |  | 34 | 27 | 0.691 | 0.309 |
| 9:08-2nd |  | 34 | 27 | 0.671 | 0.329 |
| 8:58-2nd |  | 34 | 30 | 0.616 | 0.384 |
| 8:38-2nd |  | 37 | 30 | 0.672 | 0.328 |
| 8:26-2nd |  | 37 | 30 | 0.694 | 0.306 |
| 8:22-2nd |  | 37 | 30 | 0.702 | 0.298 |
| 8:10-2nd |  | 37 | 30 | 0.674 | 0.326 |
| 7:58-2nd |  | 37 | 32 | 0.646 | 0.354 |
| 7:41-2nd |  | 37 | 32 | 0.617 | 0.383 |
| 7:22-2nd |  | 37 | 32 | 0.64 | 0.36 |
| 7:20-2nd |  | 37 | 32 | 0.648 | 0.352 |
| 7:14-2nd |  | 37 | 32 | 0.626 | 0.374 |
| 7:13-2nd |  | 37 | 32 | 0.648 | 0.352 |
| 7:10-2nd |  | 37 | 32 | 0.626 | 0.374 |
| 7:05-2nd |  | 37 | 32 | 0.619 | 0.381 |
| 7:02-2nd |  | 37 | 32 | 0.649 | 0.351 |
| 6:52-2nd |  | 39 | 32 | 0.679 | 0.321 |
| 6:45-2nd |  | 39 | 32 | 0.679 | 0.321 |
| 6:29-2nd |  | 39 | 32 | 0.708 | 0.292 |
| 6:27-2nd |  | 39 | 33 | 0.679 | 0.321 |
| 6:24-2nd |  | 39 | 33 | 0.679 | 0.321 |
| 6:12-2nd |  | 41 | 33 | 0.71 | 0.29 |
| 5:55-2nd |  | 41 | 33 | 0.74 | 0.26 |
| 5:47-2nd |  | 41 | 33 | 0.719 | 0.281 |
| 5:44-2nd |  | 41 | 33 | 0.712 | 0.288 |
| 5:27-2nd |  | 41 | 33 | 0.735 | 0.265 |
| 5:25-2nd |  | 41 | 33 | 0.743 | 0.257 |
| 5:20-2nd |  | 41 | 33 | 0.714 | 0.286 |
| 5:11-2nd |  | 41 | 36 | 0.656 | 0.344 |
| 4:56-2nd |  | 43 | 36 | 0.686 | 0.314 |
| 4:50-2nd |  | 43 | 36 | 0.716 | 0.284 |
| 4:48-2nd |  | 46 | 36 | 0.766 | 0.234 |
| 4:30-2nd |  | 46 | 36 | 0.786 | 0.214 |
| 4:27-2nd |  | 46 | 36 | 0.793 | 0.207 |
| 4:23-2nd |  | 48 | 36 | 0.816 | 0.184 |
| 4:02-2nd |  | 48 | 36 | 0.834 | 0.166 |
| 3:59-2nd |  | 48 | 36 | 0.839 | 0.161 |
| 3:45-2nd |  | 48 | 36 | 0.824 | 0.176 |
| 3:44-2nd |  | 48 | 36 | 0.819 | 0.181 |
| 3:39-2nd |  | 48 | 39 | 0.771 | 0.229 |
| 3:20-2nd |  | 48 | 39 | 0.749 | 0.251 |
| 3:14-2nd |  | 48 | 41 | 0.723 | 0.277 |
| 3:02-2nd |  | 51 | 41 | 0.774 | 0.226 |
| 2:49-2nd |  | 51 | 41 | 0.795 | 0.205 |
| 2:46-2nd |  | 51 | 41 | 0.801 | 0.199 |
| 2:36-2nd |  | 51 | 41 | 0.777 | 0.223 |
| 2:30-2nd |  | 51 | 41 | 0.797 | 0.203 |
| 2:27-2nd |  | 51 | 41 | 0.803 | 0.197 |
| 2:19-2nd |  | 51 | 41 | 0.785 | 0.215 |
| 2:16-2nd |  | 51 | 41 | 0.778 | 0.222 |
| 2:12-2nd |  | 51 | 41 | 0.798 | 0.202 |
| 2:07-2nd |  | 51 | 41 | 0.779 | 0.221 |
| 2:06-2nd |  | 51 | 43 | 0.755 | 0.245 |
| 1:39-2nd |  | 51 | 43 | 0.736 | 0.264 |
| 1:36-2nd |  | 51 | 43 | 0.73 | 0.27 |
| 1:33-2nd |  | 51 | 43 | 0.751 | 0.249 |
| 1:30-2nd |  | 51 | 43 | 0.758 | 0.242 |
| 1:24-2nd |  | 53 | 43 | 0.783 | 0.217 |
| 1:05-2nd |  | 53 | 45 | 0.759 | 0.241 |
| 51.1-2nd |  | 55 | 45 | 0.785 | 0.215 |
| 31.1-2nd |  | 55 | 45 | 0.807 | 0.193 |
| 29.1-2nd |  | 55 | 45 | 0.814 | 0.186 |
| 7.1-2nd |  | 55 | 45 | 0.79 | 0.21 |
| 3.0-2nd |  | 55 | 47 | 0.763 | 0.237 |
| 0.0-2nd |  | 55 | 47 | 0.748 | 0.252 |
| 12:00-3rd |  | 55 | 47 | 0.748 | 0.252 |
| 11:43-3rd |  | 55 | 47 | 0.76 | 0.24 |
| 11:41-3rd |  | 55 | 47 | 0.767 | 0.233 |
| 11:27-3rd |  | 55 | 47 | 0.747 | 0.253 |
| 11:26-3rd |  | 55 | 47 | 0.769 | 0.231 |
| 11:16-3rd |  | 57 | 47 | 0.793 | 0.207 |
| 11:10-3rd |  | 57 | 47 | 0.822 | 0.178 |
| 11:05-3rd |  | 59 | 47 | 0.845 | 0.155 |
| 10:52-3rd |  | 59 | 47 | 0.867 | 0.133 |
| 10:50-3rd |  | 61 | 47 | 0.886 | 0.114 |
| 10:37-3rd |  | 61 | 49 | 0.867 | 0.133 |
| 10:19-3rd |  | 61 | 49 | 0.854 | 0.146 |
| 10:16-3rd |  | 61 | 49 | 0.849 | 0.151 |
| 10:05-3rd |  | 61 | 52 | 0.803 | 0.197 |
| 9:49-3rd |  | 61 | 52 | 0.782 | 0.218 |
| 9:47-3rd |  | 61 | 52 | 0.774 | 0.226 |
| 9:37-3rd |  | 61 | 54 | 0.749 | 0.251 |
| 9:24-3rd |  | 64 | 54 | 0.806 | 0.194 |
| 9:15-3rd |  | 64 | 54 | 0.807 | 0.193 |
| 9:10-3rd |  | 64 | 54 | 0.833 | 0.167 |
| 8:48-3rd |  | 65 | 56 | 0.78 | 0.22 |
| 8:46-3rd |  | 65 | 56 | 0.811 | 0.189 |
| 8:43-3rd |  | 65 | 56 | 0.78 | 0.22 |
| 8:38-3rd |  | 65 | 58 | 0.754 | 0.246 |
| 8:24-3rd |  | 67 | 58 | 0.782 | 0.218 |
| 8:07-3rd |  | 67 | 58 | 0.807 | 0.193 |
| 8:05-3rd |  | 67 | 58 | 0.815 | 0.185 |
| 8:00-3rd |  | 67 | 58 | 0.85 | 0.15 |
| 7:53-3rd |  | 69 | 58 | 0.839 | 0.161 |
| 7:42-3rd |  | 69 | 59 | 0.84 | 0.16 |
| 7:38-3rd |  | 69 | 59 | 0.814 | 0.186 |
| 7:36-3rd |  | 69 | 61 | 0.789 | 0.211 |
| 7:18-3rd |  | 69 | 61 | 0.769 | 0.231 |
| 7:15-3rd |  | 69 | 61 | 0.762 | 0.238 |
| 7:10-3rd |  | 69 | 63 | 0.733 | 0.267 |
| 6:54-3rd |  | 71 | 63 | 0.765 | 0.235 |
| 6:40-3rd |  | 71 | 66 | 0.699 | 0.301 |
| 6:18-3rd |  | 71 | 66 | 0.673 | 0.327 |
| 6:16-3rd |  | 71 | 66 | 0.664 | 0.336 |
| 6:13-3rd |  | 71 | 69 | 0.589 | 0.411 |
| 5:51-3rd |  | 74 | 69 | 0.666 | 0.334 |
| 5:37-3rd |  | 74 | 72 | 0.591 | 0.409 |
| 5:11-3rd |  | 74 | 72 | 0.561 | 0.439 |
| 5:09-3rd |  | 74 | 72 | 0.551 | 0.449 |
| 5:00-3rd |  | 74 | 74 | 0.51 | 0.49 |
| 4:36-3rd |  | 76 | 74 | 0.552 | 0.448 |
| 4:30-3rd |  | 76 | 74 | 0.552 | 0.448 |
| 4:17-3rd |  | 76 | 74 | 0.596 | 0.404 |
| 4:07-3rd |  | 76 | 74 | 0.564 | 0.436 |
| 4:05-3rd |  | 76 | 74 | 0.553 | 0.447 |
| 3:59-3rd |  | 76 | 74 | 0.586 | 0.414 |
| 3:56-3rd |  | 76 | 74 | 0.597 | 0.403 |
| 3:50-3rd |  | 78 | 74 | 0.638 | 0.362 |
| 3:28-3rd |  | 78 | 76 | 0.599 | 0.401 |
| 3:01-3rd |  | 78 | 76 | 0.568 | 0.432 |
| 2:58-3rd |  | 78 | 76 | 0.557 | 0.443 |
| 2:50-3rd |  | 78 | 76 | 0.602 | 0.398 |
| 2:46-3rd |  | 78 | 76 | 0.558 | 0.442 |
| 2:34-3rd |  | 78 | 76 | 0.592 | 0.408 |
| 2:31-3rd |  | 78 | 76 | 0.603 | 0.397 |
| 2:20-3rd |  | 80 | 76 | 0.647 | 0.353 |
| 2:09-3rd |  | 80 | 76 | 0.692 | 0.308 |
| 1:53-3rd |  | 80 | 76 | 0.661 | 0.339 |
| 1:51-3rd |  | 80 | 76 | 0.661 | 0.339 |
| 1:50-3rd |  | 80 | 76 | 0.695 | 0.305 |
| 1:48-3rd |  | 80 | 76 | 0.661 | 0.339 |
| 1:47-3rd |  | 80 | 76 | 0.65 | 0.35 |
| 1:41-3rd |  | 80 | 78 | 0.606 | 0.394 |
| 1:22-3rd |  | 82 | 78 | 0.653 | 0.347 |
| 1:03-3rd |  | 82 | 78 | 0.69 | 0.31 |
| 1:01-3rd |  | 82 | 78 | 0.702 | 0.298 |
| 50.1-3rd |  | 83 | 78 | 0.695 | 0.305 |
| 31.1-3rd |  | 83 | 81 | 0.611 | 0.389 |
| 11.1-3rd |  | 85 | 81 | 0.662 | 0.338 |
| 4.0-3rd |  | 85 | 81 | 0.709 | 0.291 |
| 2.0-3rd |  | 85 | 83 | 0.619 | 0.381 |
| 0.0-3rd |  | 85 | 83 | 0.594 | 0.406 |
| 12:00-4th |  | 85 | 83 | 0.594 | 0.406 |
| 11:48-4th |  | 85 | 83 | 0.571 | 0.429 |
| 11:37-4th |  | 85 | 83 | 0.606 | 0.394 |
| 11:35-4th |  | 85 | 83 | 0.571 | 0.429 |
| 11:32-4th |  | 85 | 83 | 0.606 | 0.394 |
| 11:29-4th |  | 85 | 83 | 0.572 | 0.428 |
| 11:26-4th |  | 85 | 86 | 0.472 | 0.528 |
| 11:05-4th |  | 87 | 86 | 0.523 | 0.477 |
| 10:50-4th |  | 87 | 86 | 0.577 | 0.423 |
| 10:40-4th |  | 87 | 86 | 0.537 | 0.463 |
| 10:38-4th |  | 87 | 86 | 0.524 | 0.476 |
| 10:31-4th |  | 87 | 89 | 0.423 | 0.577 |
| 10:12-4th |  | 87 | 89 | 0.381 | 0.619 |
| 10:11-4th |  | 87 | 89 | 0.367 | 0.633 |
| 10:05-4th |  | 87 | 92 | 0.272 | 0.728 |
| 10:03-4th |  | 87 | 92 | 0.272 | 0.728 |
| 9:48-4th |  | 89 | 92 | 0.313 | 0.687 |
| 9:26-4th |  | 89 | 92 | 0.353 | 0.647 |
| 9:23-4th |  | 89 | 92 | 0.367 | 0.633 |
| 9:15-4th |  | 89 | 92 | 0.367 | 0.633 |
| 9:12-4th |  | 89 | 92 | 0.323 | 0.677 |
| 9:07-4th |  | 89 | 92 | 0.308 | 0.692 |
| 8:56-4th |  | 89 | 94 | 0.257 | 0.743 |
| 8:54-4th |  | 89 | 94 | 0.257 | 0.743 |
| 8:41-4th |  | 91 | 94 | 0.301 | 0.699 |
| 8:28-4th |  | 91 | 94 | 0.284 | 0.716 |
| 8:23-4th |  | 91 | 95 | 0.288 | 0.712 |
| 8:20-4th |  | 91 | 95 | 0.288 | 0.712 |
| 8:09-4th |  | 91 | 95 | 0.247 | 0.753 |
| 8:06-4th |  | 91 | 95 | 0.234 | 0.766 |
| 8:00-4th |  | 91 | 95 | 0.272 | 0.728 |
| 7:57-4th |  | 91 | 95 | 0.285 | 0.715 |
| 7:50-4th |  | 93 | 95 | 0.332 | 0.668 |
| 7:29-4th |  | 93 | 95 | 0.373 | 0.627 |
| 7:27-4th |  | 93 | 95 | 0.388 | 0.612 |
| 7:24-4th |  | 93 | 95 | 0.407 | 0.593 |
| 7:19-4th |  | 95 | 95 | 0.451 | 0.549 |
| 7:03-4th |  | 95 | 95 | 0.503 | 0.497 |
| 6:59-4th |  | 95 | 95 | 0.52 | 0.48 |
| 6:37-4th |  | 95 | 95 | 0.468 | 0.532 |
| 6:32-4th |  | 95 | 95 | 0.45 | 0.55 |
| 6:10-4th |  | 95 | 95 | 0.504 | 0.496 |
| 6:07-4th |  | 95 | 95 | 0.522 | 0.478 |
| 6:03-4th |  | 95 | 95 | 0.468 | 0.532 |
| 5:59-4th |  | 95 | 95 | 0.45 | 0.55 |
| 5:46-4th |  | 95 | 97 | 0.387 | 0.613 |
| 5:25-4th |  | 97 | 97 | 0.449 | 0.551 |
| 5:12-4th |  | 97 | 99 | 0.371 | 0.629 |
| 4:56-4th | TARGET | 100 | 99 | 0.516 | 0.484 |
| 4:38-4th |  | 100 | 101 | 0.448 | 0.552 |
| 4:21-4th |  | 102 | 101 | 0.533 | 0.467 |
| 3:57-4th |  | 102 | 101 | 0.592 | 0.408 |
| 3:54-4th |  | 102 | 101 | 0.612 | 0.388 |
| 3:49-4th |  | 102 | 101 | 0.554 | 0.446 |
| 3:45-4th |  | 102 | 101 | 0.535 | 0.465 |
| 3:40-4th |  | 102 | 101 | 0.595 | 0.405 |
| 3:38-4th |  | 102 | 103 | 0.461 | 0.539 |
| 3:24-4th |  | 102 | 103 | 0.378 | 0.622 |
| 3:17-4th |  | 102 | 105 | 0.305 | 0.695 |
| 3:05-4th |  | 102 | 105 | 0.231 | 0.769 |
| 2:46-4th |  | 102 | 105 | 0.277 | 0.723 |
| 2:42-4th |  | 102 | 105 | 0.293 | 0.707 |
| 2:38-4th |  | 104 | 105 | 0.368 | 0.632 |
| 2:15-4th |  | 104 | 105 | 0.432 | 0.568 |
| 2:12-4th |  | 104 | 105 | 0.456 | 0.544 |
| 2:00-4th |  | 104 | 105 | 0.382 | 0.618 |
| 1:59-4th |  | 104 | 105 | 0.358 | 0.642 |
| 1:45-4th |  | 104 | 105 | 0.455 | 0.545 |
| 1:43-4th |  | 104 | 105 | 0.38 | 0.62 |
| 1:41-4th |  | 104 | 105 | 0.379 | 0.621 |
| 1:39-4th |  | 104 | 105 | 0.353 | 0.647 |
| 1:30-4th |  | 104 | 106 | 0.368 | 0.632 |
| 1:08-4th |  | 104 | 106 | 0.283 | 0.717 |
| 1:04-4th |  | 104 | 106 | 0.254 | 0.746 |
| 59.1-4th |  | 104 | 106 | 0.365 | 0.635 |
| 58.1-4th |  | 104 | 106 | 0.25 | 0.75 |
| 57.1-4th |  | 104 | 109 | 0.121 | 0.879 |
| 47.1-4th |  | 104 | 109 | 0.062 | 0.938 |
| 45.1-4th |  | 104 | 109 | 0.06 | 0.94 |
| 28.2-4th |  | 104 | 109 | 0.078 | 0.922 |
| 26.0-4th |  | 104 | 109 | 0.083 | 0.917 |
| 22.0-4th |  | 106 | 109 | 0.112 | 0.888 |
| 19.1-4th |  | 106 | 111 | 0.068 | 0.932 |
| 17.0-4th |  | 108 | 111 | 0.099 | 0.901 |
| 15.0-4th |  | 108 | 111 | 0.183 | 0.817 |
| 11.1-4th |  | 108 | 111 | 0.105 | 0.895 |
| 10.1-4th |  | 108 | 111 | 0.167 | 0.833 |
| 6.2-4th |  | 108 | 111 | 0.069 | 0.931 |
| 4.1-4th |  | 108 | 111 | 0.037 | 0.963 |
| 2.0-4th |  | 108 | 113 | 0.009 | 0.991 |
| 0.0-4th |  | 108 | 113 | 0.0 | 1.0 |

Question

Which event most likely happened at the marked missing position?

Answer Choices

A. Player 4 (Team B) disc dribble turnover
B. Player 2 (Team A) makes driving layup | Player 2 (Team B) shooting foul | Player 2 (Team A) makes free throw 1 of 1
C. Player 7 (Team B) misses 13-foot pullup jump shot
D. Player 3 (Team B) vs. Player 8 (Team A) (Player 16 (Team A) gains possession)

Response Format

Return exactly one JSON object:

{
  "answer": "<A|B|C|D>",
  "rationale": "<brief evidence-based justification in 1-3 sentences>",
  "evidence_event_ids": [],
  "evidence_series_times": []
}

Use only event IDs and time labels that are provided above and that support the answer. Use an empty array when the corresponding evidence type is unavailable or unused. Return only the JSON object.
