Task

Reconstruct the missing event in this basketball game. Use the available numerical time-series evidence around the marked row to select the most likely event.

Game

Team A versus Team B, season 22-23.

Time Series

| Game time | Marker | Team A score | Team B score | Team A win probability | Team B win probability |
| --- | --- | --- | --- | --- | --- |
| 12:00-1st |  | 0 | 0 | 0.146 | 0.854 |
| 11:38-1st |  | 0 | 0 | 0.14 | 0.86 |
| 11:35-1st |  | 0 | 0 | 0.138 | 0.862 |
| 11:22-1st |  | 0 | 1 | 0.139 | 0.861 |
| 11:06-1st |  | 2 | 1 | 0.152 | 0.848 |
| 10:39-1st |  | 2 | 3 | 0.142 | 0.858 |
| 10:20-1st |  | 2 | 3 | 0.133 | 0.867 |
| 10:18-1st |  | 2 | 3 | 0.13 | 0.87 |
| 10:15-1st |  | 2 | 6 | 0.11 | 0.89 |
| 9:56-1st |  | 2 | 6 | 0.1 | 0.9 |
| 9:36-1st |  | 2 | 6 | 0.112 | 0.888 |
| 9:24-1st |  | 2 | 6 | 0.105 | 0.895 |
| 9:21-1st |  | 2 | 6 | 0.102 | 0.898 |
| 9:11-1st |  | 2 | 8 | 0.093 | 0.907 |
| 8:58-1st |  | 2 | 8 | 0.094 | 0.906 |
| 8:48-1st |  | 5 | 8 | 0.114 | 0.886 |
| 8:35-1st |  | 5 | 8 | 0.116 | 0.884 |
| 8:26-1st |  | 5 | 10 | 0.105 | 0.895 |
| 8:05-1st |  | 5 | 10 | 0.099 | 0.901 |
| 8:01-1st |  | 5 | 10 | 0.097 | 0.903 |
| 7:54-1st |  | 5 | 10 | 0.104 | 0.896 |
| 7:49-1st |  | 5 | 10 | 0.107 | 0.893 |
| 7:47-1st |  | 8 | 10 | 0.129 | 0.871 |
| 7:36-1st |  | 8 | 12 | 0.119 | 0.881 |
| 7:28-1st |  | 11 | 12 | 0.143 | 0.857 |
| 7:24-1st |  | 11 | 14 | 0.133 | 0.867 |
| 7:11-1st |  | 11 | 14 | 0.124 | 0.876 |
| 7:07-1st |  | 13 | 14 | 0.145 | 0.855 |
| 6:56-1st |  | 13 | 14 | 0.156 | 0.844 |
| 6:51-1st |  | 13 | 14 | 0.159 | 0.841 |
| 6:45-1st |  | 13 | 14 | 0.16 | 0.84 |
| 6:30-1st |  | 13 | 14 | 0.151 | 0.849 |
| 6:26-1st |  | 13 | 14 | 0.148 | 0.852 |
| 6:23-1st |  | 13 | 14 | 0.158 | 0.842 |
| 6:20-1st |  | 13 | 14 | 0.148 | 0.852 |
| 6:19-1st |  | 13 | 16 | 0.136 | 0.864 |
| 6:06-1st |  | 13 | 16 | 0.127 | 0.873 |
| 6:03-1st |  | 13 | 16 | 0.124 | 0.876 |
| 5:48-1st |  | 13 | 16 | 0.135 | 0.865 |
| 5:45-1st |  | 13 | 16 | 0.138 | 0.862 |
| 5:42-1st |  | 13 | 16 | 0.137 | 0.863 |
| 5:40-1st |  | 13 | 16 | 0.125 | 0.875 |
| 5:29-1st |  | 13 | 18 | 0.115 | 0.885 |
| 5:05-1st |  | 13 | 18 | 0.108 | 0.892 |
| 5:02-1st |  | 13 | 18 | 0.106 | 0.894 |
| 5:00-1st |  | 13 | 19 | 0.106 | 0.894 |
| 4:57-1st |  | 13 | 19 | 0.106 | 0.894 |
| 4:43-1st |  | 15 | 19 | 0.117 | 0.883 |
| 4:35-1st |  | 15 | 22 | 0.097 | 0.903 |
| 4:22-1st |  | 17 | 22 | 0.108 | 0.892 |
| 4:02-1st |  | 17 | 22 | 0.117 | 0.883 |
| 3:59-1st |  | 17 | 22 | 0.109 | 0.891 |
| 3:58-1st |  | 17 | 24 | 0.098 | 0.902 |
| 3:43-1st |  | 19 | 24 | 0.11 | 0.89 |
| 3:21-1st |  | 19 | 26 | 0.1 | 0.9 |
| 3:03-1st |  | 21 | 26 | 0.111 | 0.889 |
| 2:50-1st |  | 21 | 29 | 0.092 | 0.908 |
| 2:39-1st |  | 24 | 29 | 0.113 | 0.887 |
| 2:26-1st |  | 24 | 32 | 0.092 | 0.908 |
| 2:07-1st |  | 24 | 32 | 0.085 | 0.915 |
| 2:03-1st |  | 24 | 32 | 0.082 | 0.918 |
| 1:58-1st |  | 24 | 32 | 0.091 | 0.909 |
| 1:55-1st |  | 24 | 32 | 0.094 | 0.906 |
| 1:47-1st |  | 26 | 32 | 0.103 | 0.897 |
| 1:31-1st |  | 26 | 34 | 0.094 | 0.906 |
| 1:16-1st |  | 29 | 34 | 0.117 | 0.883 |
| 1:08-1st |  | 29 | 34 | 0.127 | 0.873 |
| 1:03-1st |  | 29 | 34 | 0.13 | 0.87 |
| 57.2-1st |  | 31 | 34 | 0.144 | 0.856 |
| 43.7-1st |  | 31 | 36 | 0.132 | 0.868 |
| 34.3-1st |  | 33 | 36 | 0.146 | 0.854 |
| 15.0-1st |  | 33 | 38 | 0.132 | 0.868 |
| 1.4-1st |  | 33 | 38 | 0.12 | 0.88 |
| 0.0-1st |  | 33 | 38 | 0.128 | 0.872 |
| 12:00-2nd |  | 33 | 38 | 0.128 | 0.872 |
| 11:43-2nd |  | 33 | 38 | 0.13 | 0.87 |
| 11:37-2nd |  | 33 | 38 | 0.134 | 0.866 |
| 11:33-2nd |  | 35 | 38 | 0.147 | 0.853 |
| 11:20-2nd |  | 35 | 38 | 0.166 | 0.834 |
| 11:11-2nd |  | 35 | 38 | 0.153 | 0.847 |
| 11:10-2nd |  | 37 | 38 | 0.181 | 0.819 |
| 10:54-2nd |  | 37 | 40 | 0.168 | 0.832 |
| 10:35-2nd |  | 37 | 40 | 0.151 | 0.849 |
| 10:22-2nd |  | 37 | 40 | 0.166 | 0.834 |
| 10:18-2nd |  | 37 | 40 | 0.171 | 0.829 |
| 10:09-2nd |  | 37 | 40 | 0.158 | 0.842 |
| 10:05-2nd |  | 37 | 40 | 0.154 | 0.846 |
| 10:02-2nd |  | 37 | 43 | 0.126 | 0.874 |
| 9:44-2nd |  | 37 | 43 | 0.117 | 0.883 |
| 9:41-2nd |  | 37 | 43 | 0.114 | 0.886 |
| 9:35-2nd |  | 37 | 43 | 0.124 | 0.876 |
| 9:31-2nd |  | 37 | 43 | 0.128 | 0.872 |
| 9:24-2nd |  | 39 | 43 | 0.14 | 0.86 |
| 9:14-2nd |  | 39 | 45 | 0.129 | 0.871 |
| 8:53-2nd |  | 42 | 46 | 0.142 | 0.858 |
| 8:45-2nd |  | 42 | 46 | 0.155 | 0.845 |
| 8:40-2nd |  | 42 | 46 | 0.16 | 0.84 |
| 8:32-2nd |  | 45 | 46 | 0.196 | 0.804 |
| 8:17-2nd |  | 45 | 48 | 0.18 | 0.82 |
| 8:02-2nd |  | 48 | 48 | 0.219 | 0.781 |
| 8:00-2nd |  | 48 | 47 | 0.219 | 0.781 |
| 7:48-2nd |  | 48 | 47 | 0.261 | 0.739 |
| 7:45-2nd |  | 48 | 47 | 0.268 | 0.732 |
| 7:31-2nd |  | 48 | 47 | 0.244 | 0.756 |
| 7:20-2nd |  | 48 | 47 | 0.245 | 0.755 |
| 7:17-2nd |  | 48 | 47 | 0.271 | 0.729 |
| 6:55-2nd |  | 50 | 47 | 0.297 | 0.703 |
| 6:47-2nd |  | 50 | 49 | 0.275 | 0.725 |
| 6:32-2nd |  | 52 | 49 | 0.301 | 0.699 |
| 6:23-2nd |  | 52 | 49 | 0.331 | 0.669 |
| 6:11-2nd |  | 52 | 49 | 0.312 | 0.688 |
| 6:10-2nd |  | 54 | 49 | 0.362 | 0.638 |
| 5:52-2nd |  | 54 | 49 | 0.389 | 0.611 |
| 5:50-2nd |  | 54 | 49 | 0.397 | 0.603 |
| 5:45-2nd |  | 55 | 49 | 0.397 | 0.603 |
| 5:39-2nd |  | 55 | 49 | 0.399 | 0.601 |
| 5:27-2nd |  | 55 | 50 | 0.402 | 0.598 |
| 5:11-2nd |  | 57 | 50 | 0.438 | 0.562 |
| 4:58-2nd |  | 57 | 50 | 0.466 | 0.534 |
| 4:56-2nd |  | 57 | 50 | 0.441 | 0.559 |
| 4:45-2nd |  | 57 | 50 | 0.477 | 0.523 |
| 4:37-2nd |  | 57 | 50 | 0.445 | 0.555 |
| 4:18-2nd |  | 57 | 53 | 0.384 | 0.616 |
| 4:02-2nd |  | 59 | 53 | 0.418 | 0.582 |
| 3:41-2nd |  | 59 | 55 | 0.391 | 0.609 |
| 3:25-2nd |  | 59 | 55 | 0.37 | 0.63 |
| 3:21-2nd |  | 59 | 55 | 0.363 | 0.637 |
| 3:16-2nd |  | 59 | 55 | 0.397 | 0.603 |
| 3:07-2nd |  | 62 | 55 | 0.464 | 0.536 |
| 2:49-2nd |  | 62 | 57 | 0.434 | 0.566 |
| 2:37-2nd |  | 62 | 57 | 0.411 | 0.589 |
| 2:33-2nd |  | 62 | 57 | 0.403 | 0.597 |
| 2:20-2nd |  | 62 | 59 | 0.373 | 0.627 |
| 2:04-2nd |  | 62 | 59 | 0.353 | 0.647 |
| 1:59-2nd |  | 62 | 59 | 0.37 | 0.63 |
| 1:57-2nd |  | 62 | 61 | 0.315 | 0.685 |
| 1:35-2nd |  | 65 | 61 | 0.381 | 0.619 |
| 1:25-2nd |  | 65 | 61 | 0.409 | 0.591 |
| 1:22-2nd |  | 65 | 61 | 0.419 | 0.581 |
| 1:10-2nd |  | 67 | 61 | 0.454 | 0.546 |
| 1:06-2nd |  | 67 | 62 | 0.457 | 0.543 |
| 54.4-2nd |  | 67 | 62 | 0.432 | 0.568 |
| 52.1-2nd |  | 67 | 62 | 0.423 | 0.577 |
| 49.2-2nd |  | 67 | 64 | 0.394 | 0.606 |
| 34.5-2nd |  | 67 | 64 | 0.373 | 0.627 |
| 29.0-2nd |  | 67 | 64 | 0.365 | 0.635 |
| 28.0-2nd |  | 67 | 66 | 0.328 | 0.672 |
| 7.8-2nd |  | 70 | 66 | 0.397 | 0.603 |
| 1.0-2nd |  | 70 | 68 | 0.366 | 0.634 |
| 0.0-2nd |  | 70 | 68 | 0.351 | 0.649 |
| 12:00-3rd |  | 70 | 68 | 0.351 | 0.649 |
| 11:49-3rd |  | 70 | 68 | 0.361 | 0.639 |
| 11:47-3rd |  | 70 | 68 | 0.369 | 0.631 |
| 11:44-3rd |  | 72 | 68 | 0.401 | 0.599 |
| 11:34-3rd |  | 72 | 70 | 0.371 | 0.629 |
| 11:09-3rd |  | 75 | 70 | 0.449 | 0.551 |
| 10:59-3rd |  | 75 | 70 | 0.487 | 0.513 |
| 10:44-3rd |  | 77 | 70 | 0.528 | 0.472 |
| 10:28-3rd |  | 77 | 73 | 0.455 | 0.545 |
| 10:13-3rd |  | 77 | 73 | 0.423 | 0.577 |
| 10:07-3rd |  | 77 | 73 | 0.451 | 0.549 |
| 10:05-3rd |  | 77 | 73 | 0.46 | 0.54 |
| 9:59-3rd |  | 77 | 73 | 0.462 | 0.538 |
| 9:48-3rd |  | 77 | 73 | 0.436 | 0.564 |
| 9:42-3rd |  | 79 | 73 | 0.503 | 0.497 |
| 9:34-3rd |  | 79 | 76 | 0.432 | 0.568 |
| 9:11-3rd |  | 81 | 76 | 0.473 | 0.527 |
| 8:50-3rd |  | 81 | 76 | 0.507 | 0.493 |
| 8:46-3rd |  | 81 | 76 | 0.478 | 0.522 |
| 8:39-3rd |  | 81 | 78 | 0.443 | 0.557 |
| 8:26-3rd |  | 81 | 78 | 0.414 | 0.586 |
| 8:24-3rd |  | 81 | 78 | 0.404 | 0.596 |
| 8:18-3rd |  | 81 | 80 | 0.371 | 0.629 |
| 7:59-3rd |  | 81 | 80 | 0.346 | 0.654 |
| 7:57-3rd |  | 81 | 80 | 0.337 | 0.663 |
| 7:51-3rd |  | 81 | 82 | 0.306 | 0.694 |
| 7:35-3rd |  | 84 | 82 | 0.377 | 0.623 |
| 7:15-3rd |  | 84 | 84 | 0.346 | 0.654 |
| 6:58-3rd |  | 84 | 84 | 0.32 | 0.68 |
| 6:55-3rd |  | 84 | 84 | 0.311 | 0.689 |
| 6:48-3rd |  | 84 | 84 | 0.341 | 0.659 |
| 6:44-3rd |  | 84 | 84 | 0.351 | 0.649 |
| 6:32-3rd |  | 84 | 84 | 0.324 | 0.676 |
| 6:29-3rd |  | 84 | 84 | 0.314 | 0.686 |
| 6:20-3rd |  | 84 | 84 | 0.315 | 0.685 |
| 6:11-3rd |  | 84 | 86 | 0.284 | 0.716 |
| 5:56-3rd |  | 86 | 86 | 0.319 | 0.681 |
| 5:42-3rd |  | 86 | 86 | 0.35 | 0.65 |
| 5:38-3rd |  | 86 | 86 | 0.361 | 0.639 |
| 5:32-3rd |  | 90 | 86 | 0.482 | 0.518 |
| 5:17-3rd |  | 90 | 88 | 0.445 | 0.555 |
| 4:57-3rd |  | 93 | 88 | 0.533 | 0.467 |
| 4:43-3rd |  | 93 | 90 | 0.495 | 0.505 |
| 4:28-3rd |  | 93 | 90 | 0.463 | 0.537 |
| 4:26-3rd |  | 93 | 90 | 0.452 | 0.548 |
| 4:20-3rd |  | 93 | 90 | 0.488 | 0.512 |
| 4:19-3rd |  | 93 | 90 | 0.498 | 0.502 |
| 4:09-3rd |  | 95 | 90 | 0.543 | 0.457 |
| 3:50-3rd |  | 95 | 92 | 0.506 | 0.494 |
| 3:32-3rd |  | 95 | 92 | 0.475 | 0.525 |
| 3:29-3rd |  | 95 | 92 | 0.511 | 0.489 |
| 3:28-3rd |  | 97 | 92 | 0.553 | 0.447 |
| 3:15-3rd |  | 97 | 94 | 0.515 | 0.485 |
| 3:03-3rd |  | 97 | 94 | 0.482 | 0.518 |
| 3:00-3rd |  | 97 | 94 | 0.47 | 0.53 |
| 2:57-3rd |  | 97 | 94 | 0.507 | 0.493 |
| 2:54-3rd |  | 97 | 94 | 0.52 | 0.48 |
| 2:38-3rd |  | 97 | 94 | 0.487 | 0.513 |
| 2:33-3rd |  | 97 | 94 | 0.476 | 0.524 |
| 2:18-3rd |  | 97 | 97 | 0.39 | 0.61 |
| 2:06-3rd |  | 100 | 97 | 0.482 | 0.518 |
| 1:55-3rd |  | 100 | 99 | 0.442 | 0.558 |
| 1:30-3rd |  | 100 | 99 | 0.41 | 0.59 |
| 1:25-3rd |  | 100 | 99 | 0.449 | 0.551 |
| 1:23-3rd |  | 100 | 99 | 0.411 | 0.589 |
| 1:19-3rd |  | 100 | 99 | 0.399 | 0.601 |
| 1:05-3rd |  | 100 | 99 | 0.44 | 0.56 |
| 1:03-3rd |  | 100 | 99 | 0.453 | 0.547 |
| 51.2-3rd |  | 100 | 99 | 0.417 | 0.583 |
| 46.5-3rd |  | 100 | 99 | 0.405 | 0.595 |
| 40.1-3rd |  | 100 | 99 | 0.445 | 0.555 |
| 38.2-3rd |  | 100 | 99 | 0.458 | 0.542 |
| 25.6-3rd |  | 100 | 99 | 0.421 | 0.579 |
| 22.9-3rd |  | 100 | 99 | 0.46 | 0.54 |
| 14.3-3rd |  | 100 | 99 | 0.422 | 0.578 |
| 11.9-3rd |  | 100 | 99 | 0.459 | 0.541 |
| 7.3-3rd |  | 102 | 99 | 0.507 | 0.493 |
| 0.2-3rd |  | 102 | 102 | 0.413 | 0.587 |
| 0.0-3rd |  | 102 | 102 | 0.389 | 0.611 |
| 11:38-4th |  | 105 | 102 | 0.513 | 0.487 |
| 11:17-4th |  | 105 | 102 | 0.565 | 0.435 |
| 11:14-4th |  | 105 | 102 | 0.582 | 0.418 |
| 11:09-4th |  | 105 | 102 | 0.536 | 0.464 |
| 11:06-4th |  | 105 | 102 | 0.584 | 0.416 |
| 11:05-4th |  | 105 | 102 | 0.522 | 0.478 |
| 10:58-4th |  | 105 | 102 | 0.569 | 0.431 |
| 10:56-4th |  | 105 | 102 | 0.584 | 0.416 |
| 10:53-4th |  | 107 | 102 | 0.633 | 0.367 |
| 10:38-4th |  | 107 | 105 | 0.533 | 0.467 |
| 10:19-4th |  | 110 | 105 | 0.643 | 0.357 |
| 10:06-4th |  | 110 | 107 | 0.593 | 0.407 |
| 9:57-4th |  | 110 | 107 | 0.549 | 0.451 |
| 9:53-4th |  | 112 | 107 | 0.646 | 0.354 |
| 9:32-4th |  | 112 | 107 | 0.708 | 0.292 |
| 9:15-4th |  | 114 | 107 | 0.759 | 0.241 |
| 8:57-4th |  | 114 | 110 | 0.668 | 0.332 |
| 8:43-4th |  | 114 | 110 | 0.628 | 0.372 |
| 8:40-4th |  | 114 | 110 | 0.614 | 0.386 |
| 8:30-4th |  | 114 | 110 | 0.676 | 0.324 |
| 8:21-4th |  | 114 | 110 | 0.691 | 0.309 |
| 8:15-4th |  | 117 | 110 | 0.783 | 0.217 |
| 8:03-4th |  | 117 | 110 | 0.822 | 0.178 |
| 8:00-4th |  | 117 | 110 | 0.835 | 0.165 |
| 7:50-4th |  | 117 | 110 | 0.792 | 0.208 |
| 7:45-4th |  | 117 | 110 | 0.829 | 0.171 |
| 7:40-4th |  | 117 | 110 | 0.796 | 0.204 |
| 7:39-4th |  | 117 | 112 | 0.748 | 0.252 |
| 7:28-4th |  | 117 | 112 | 0.7 | 0.3 |
| 7:26-4th |  | 118 | 115 | 0.639 | 0.361 |
| 7:10-4th |  | 118 | 115 | 0.596 | 0.404 |
| 7:06-4th |  | 118 | 115 | 0.582 | 0.418 |
| 6:56-4th |  | 118 | 117 | 0.524 | 0.476 |
| 6:46-4th |  | 118 | 117 | 0.526 | 0.474 |
| 6:30-4th |  | 120 | 117 | 0.595 | 0.405 |
| 6:19-4th |  | 120 | 117 | 0.649 | 0.351 |
| 6:16-4th |  | 120 | 117 | 0.6 | 0.4 |
| 6:10-4th |  | 120 | 119 | 0.537 | 0.463 |
| 5:59-4th |  | 120 | 119 | 0.488 | 0.512 |
| 5:58-4th |  | 122 | 119 | 0.614 | 0.386 |
| 5:44-4th |  | 122 | 119 | 0.669 | 0.331 |
| 5:40-4th |  | 122 | 119 | 0.688 | 0.312 |
| 5:27-4th |  | 124 | 119 | 0.757 | 0.243 |
| 5:12-4th |  | 124 | 119 | 0.804 | 0.196 |
| 5:10-4th |  | 124 | 119 | 0.764 | 0.236 |
| 5:09-4th |  | 124 | 119 | 0.805 | 0.195 |
| 5:05-4th |  | 124 | 119 | 0.82 | 0.18 |
| 4:45-4th |  | 124 | 119 | 0.787 | 0.213 |
| 4:40-4th |  | 124 | 119 | 0.776 | 0.224 |
| 4:35-4th |  | 124 | 119 | 0.778 | 0.222 |
| 4:33-4th |  | 124 | 119 | 0.819 | 0.181 |
| 4:28-4th |  | 124 | 119 | 0.835 | 0.165 |
| 4:16-4th |  | 124 | 119 | 0.785 | 0.215 |
| 4:12-4th |  | 124 | 121 | 0.73 | 0.27 |
| 3:54-4th |  | 124 | 121 | 0.737 | 0.263 |
| 3:50-4th |  | 124 | 121 | 0.685 | 0.315 |
| 3:46-4th |  | 124 | 121 | 0.668 | 0.332 |
| 3:30-4th |  | 124 | 121 | 0.73 | 0.27 |
| 3:26-4th |  | 124 | 121 | 0.677 | 0.323 |
| 3:23-4th |  | 124 | 124 | 0.519 | 0.481 |
| 3:12-4th |  | 125 | 124 | 0.533 | 0.467 |
| 3:09-4th |  | 125 | 124 | 0.534 | 0.466 |
| 2:47-4th |  | 125 | 124 | 0.605 | 0.395 |
| 2:44-4th |  | 125 | 124 | 0.536 | 0.464 |
| 2:42-4th |  | 125 | 126 | 0.461 | 0.539 |
| 2:20-4th |  | 127 | 126 | 0.538 | 0.462 |
| 1:59-4th |  | 127 | 128 | 0.463 | 0.537 |
| 1:40-4th |  | 127 | 128 | 0.369 | 0.631 |
| 1:29-4th | TARGET | 127 | 131 | 0.208 | 0.792 |
| 1:19-4th |  | 127 | 131 | 0.156 | 0.844 |
| 1:16-4th |  | 127 | 131 | 0.138 | 0.862 |
| 56.5-4th |  | 127 | 133 | 0.078 | 0.922 |
| 41.8-4th |  | 127 | 133 | 0.034 | 0.966 |
| 31.0-4th |  | 129 | 133 | 0.101 | 0.899 |
| 26.0-4th |  | 129 | 133 | 0.03 | 0.97 |
| 22.6-4th |  | 129 | 135 | 0.036 | 0.964 |
| 19.3-4th |  | 129 | 135 | 0.018 | 0.982 |
| 15.4-4th |  | 129 | 135 | 0.01 | 0.99 |
| 14.6-4th |  | 129 | 137 | 0.005 | 0.995 |
| 7.8-4th |  | 129 | 137 | 0.001 | 0.999 |
| 0.0-4th |  | 129 | 137 | 0.0 | 1.0 |

Question

Which event most likely happened at the marked missing position?

Answer Choices

A. Player 3 (Team B) makes 22-foot three point jumper (Player 2 (Team B) assists) | Team A Full timeout | Player 7 (Team B) enters the game for Player 6 (Team B) | Player 7 (Team A) enters the game for Player 9 (Team A)
B. Player 9 (Team A) makes 3-foot two point shot (Player 18 (Team B) assists)
C. Player 13 (Team B) misses 15-foot step back jumpshot
D. Player 9 (Team B) makes 23-foot step back jumpshot

Response Format

Return exactly one JSON object:

{
  "answer": "<A|B|C|D>",
  "rationale": "<brief evidence-based justification in 1-3 sentences>",
  "evidence_event_ids": [],
  "evidence_series_times": []
}

Use only event IDs and time labels that are provided above and that support the answer. Use an empty array when the corresponding evidence type is unavailable or unused. Return only the JSON object.
