Task

Reconstruct the missing event in this basketball game. Use the available numerical time-series evidence around the marked row to select the most likely event.

Game

Team A versus Team B, season 22-23.

Time Series

| Game time | Marker | Team A score | Team B score | Team A win probability | Team B win probability |
| --- | --- | --- | --- | --- | --- |
| 12:00-1st |  | 0.0 | 0.0 | 0.438 | 0.562 |
| 11:56-1st |  | 0.0 | 2.0 | 0.409 | 0.591 |
| 11:33-1st |  | 0.0 | 2.0 | 0.393 | 0.607 |
| 11:32-1st |  | 0.0 | 2.0 | 0.387 | 0.613 |
| 11:17-1st |  | 0.0 | 2.0 | 0.404 | 0.596 |
| 11:16-1st |  | 0.0 | 2.0 | 0.41 | 0.59 |
| 11:01-1st |  | 0.0 | 2.0 | 0.392 | 0.608 |
| 10:59-1st |  | 0.0 | 2.0 | 0.41 | 0.59 |
| 10:55-1st |  | 0.0 | 2.0 | 0.386 | 0.614 |
| 10:38-1st |  | 0.0 | 5.0 | 0.34 | 0.66 |
| 10:24-1st |  | 2.0 | 5.0 | 0.362 | 0.638 |
| 10:13-1st |  | 2.0 | 5.0 | 0.365 | 0.635 |
| 10:09-1st |  | 2.0 | 5.0 | 0.381 | 0.619 |
| 10:03-1st |  | 2.0 | 5.0 | 0.387 | 0.613 |
| 9:59-1st |  | 2.0 | 5.0 | 0.369 | 0.631 |
| 9:56-1st |  | 2.0 | 5.0 | 0.363 | 0.637 |
| 9:53-1st |  | 2.0 | 5.0 | 0.387 | 0.613 |
| 9:47-1st |  | 4.0 | 5.0 | 0.413 | 0.587 |
| 9:35-1st |  | 4.0 | 8.0 | 0.364 | 0.636 |
| 9:12-1st |  | 4.0 | 8.0 | 0.346 | 0.654 |
| 9:10-1st |  | 4.0 | 8.0 | 0.339 | 0.661 |
| 9:04-1st |  | 4.0 | 11.0 | 0.294 | 0.706 |
| 9:02-1st |  | 4.0 | 11.0 | 0.294 | 0.706 |
| 8:44-1st |  | 6.0 | 11.0 | 0.316 | 0.684 |
| 8:25-1st |  | 6.0 | 13.0 | 0.294 | 0.706 |
| 8:15-1st |  | 6.0 | 13.0 | 0.271 | 0.729 |
| 8:01-1st |  | 6.0 | 15.0 | 0.25 | 0.75 |
| 7:49-1st |  | 6.0 | 15.0 | 0.229 | 0.771 |
| 7:47-1st |  | 6.0 | 18.0 | 0.195 | 0.805 |
| 7:29-1st |  | 6.0 | 18.0 | 0.18 | 0.82 |
| 7:27-1st |  | 6.0 | 18.0 | 0.175 | 0.825 |
| 7:17-1st |  | 6.0 | 18.0 | 0.189 | 0.811 |
| 7:15-1st |  | 6.0 | 18.0 | 0.194 | 0.806 |
| 7:08-1st |  | 6.0 | 18.0 | 0.194 | 0.806 |
| 7:02-1st |  | 6.0 | 18.0 | 0.179 | 0.821 |
| 7:00-1st |  | 6.0 | 18.0 | 0.174 | 0.826 |
| 6:43-1st |  | 6.0 | 20.0 | 0.157 | 0.843 |
| 6:28-1st |  | 6.0 | 20.0 | 0.145 | 0.855 |
| 6:25-1st |  | 6.0 | 20.0 | 0.156 | 0.844 |
| 6:22-1st |  | 8.0 | 20.0 | 0.173 | 0.827 |
| 6:12-1st |  | 8.0 | 20.0 | 0.187 | 0.813 |
| 6:10-1st |  | 8.0 | 20.0 | 0.192 | 0.808 |
| 6:02-1st |  | 11.0 | 20.0 | 0.228 | 0.772 |
| 5:50-1st |  | 11.0 | 20.0 | 0.243 | 0.757 |
| 5:48-1st |  | 11.0 | 20.0 | 0.248 | 0.752 |
| 5:32-1st |  | 11.0 | 20.0 | 0.232 | 0.768 |
| 5:31-1st |  | 11.0 | 20.0 | 0.227 | 0.773 |
| 5:24-1st |  | 11.0 | 20.0 | 0.248 | 0.752 |
| 5:18-1st |  | 11.0 | 20.0 | 0.247 | 0.753 |
| 5:05-1st |  | 11.0 | 20.0 | 0.232 | 0.768 |
| 5:03-1st |  | 11.0 | 20.0 | 0.227 | 0.773 |
| 4:57-1st |  | 11.0 | 22.0 | 0.206 | 0.794 |
| 4:42-1st |  | 11.0 | 22.0 | 0.192 | 0.808 |
| 4:38-1st |  | 11.0 | 22.0 | 0.187 | 0.813 |
| 4:27-1st |  | 11.0 | 23.0 | 0.188 | 0.812 |
| 4:13-1st |  | 11.0 | 23.0 | 0.175 | 0.825 |
| 4:11-1st |  | 11.0 | 23.0 | 0.188 | 0.812 |
| 4:08-1st |  | 13.0 | 23.0 | 0.205 | 0.795 |
| 3:59-1st |  | 13.0 | 25.0 | 0.187 | 0.813 |
| 3:48-1st |  | 15.0 | 25.0 | 0.204 | 0.796 |
| 3:39-1st |  | 15.0 | 27.0 | 0.187 | 0.813 |
| 3:23-1st |  | 15.0 | 27.0 | 0.173 | 0.827 |
| 3:22-1st |  | 15.0 | 27.0 | 0.169 | 0.831 |
| 3:12-1st |  | 15.0 | 29.0 | 0.15 | 0.85 |
| 2:58-1st |  | 15.0 | 29.0 | 0.139 | 0.861 |
| 2:56-1st |  | 18.0 | 29.0 | 0.185 | 0.815 |
| 2:43-1st |  | 18.0 | 29.0 | 0.199 | 0.801 |
| 2:42-1st |  | 18.0 | 29.0 | 0.203 | 0.797 |
| 2:39-1st |  | 18.0 | 29.0 | 0.189 | 0.811 |
| 2:38-1st |  | 18.0 | 29.0 | 0.184 | 0.816 |
| 2:36-1st |  | 18.0 | 29.0 | 0.203 | 0.797 |
| 2:19-1st |  | 18.0 | 29.0 | 0.188 | 0.812 |
| 2:15-1st |  | 18.0 | 29.0 | 0.183 | 0.817 |
| 2:07-1st |  | 18.0 | 29.0 | 0.202 | 0.798 |
| 1:56-1st |  | 20.0 | 29.0 | 0.219 | 0.781 |
| 1:32-1st |  | 20.0 | 29.0 | 0.236 | 0.764 |
| 1:31-1st |  | 20.0 | 29.0 | 0.242 | 0.758 |
| 1:24-1st |  | 22.0 | 29.0 | 0.261 | 0.739 |
| 1:03-1st |  | 22.0 | 29.0 | 0.281 | 0.719 |
| 58.1-1st |  | 22.0 | 29.0 | 0.287 | 0.713 |
| 50.0-1st |  | 25.0 | 29.0 | 0.337 | 0.663 |
| 31.2-1st |  | 25.0 | 31.0 | 0.312 | 0.688 |
| 18.1-1st |  | 25.0 | 31.0 | 0.293 | 0.707 |
| 16.0-1st |  | 25.0 | 31.0 | 0.286 | 0.714 |
| 0.1-1st |  | 25.0 | 31.0 | 0.286 | 0.714 |
| 0.0-1st |  | 25.0 | 31.0 | 0.299 | 0.701 |
| 12:00-2nd |  | 25.0 | 31.0 | 0.299 | 0.701 |
| 11:39-2nd |  | 27.0 | 31.0 | 0.333 | 0.667 |
| 11:19-2nd |  | 27.0 | 31.0 | 0.335 | 0.665 |
| 11:13-2nd |  | 27.0 | 34.0 | 0.285 | 0.715 |
| 10:52-2nd |  | 27.0 | 34.0 | 0.266 | 0.734 |
| 10:51-2nd |  | 27.0 | 34.0 | 0.259 | 0.741 |
| 10:40-2nd |  | 27.0 | 36.0 | 0.236 | 0.764 |
| 10:28-2nd |  | 29.0 | 36.0 | 0.26 | 0.74 |
| 10:10-2nd |  | 29.0 | 39.0 | 0.214 | 0.786 |
| 10:07-2nd |  | 29.0 | 39.0 | 0.214 | 0.786 |
| 9:50-2nd |  | 29.0 | 39.0 | 0.192 | 0.808 |
| 9:43-2nd |  | 29.0 | 39.0 | 0.208 | 0.792 |
| 9:40-2nd |  | 29.0 | 39.0 | 0.213 | 0.787 |
| 9:21-2nd |  | 31.0 | 39.0 | 0.233 | 0.767 |
| 9:06-2nd |  | 31.0 | 39.0 | 0.25 | 0.75 |
| 9:02-2nd |  | 31.0 | 39.0 | 0.256 | 0.744 |
| 9:01-2nd |  | 31.0 | 39.0 | 0.256 | 0.744 |
| 8:55-2nd |  | 33.0 | 39.0 | 0.282 | 0.718 |
| 8:42-2nd |  | 33.0 | 42.0 | 0.232 | 0.768 |
| 8:24-2nd |  | 35.0 | 42.0 | 0.253 | 0.747 |
| 8:09-2nd |  | 35.0 | 42.0 | 0.281 | 0.719 |
| 8:08-2nd |  | 35.0 | 42.0 | 0.253 | 0.747 |
| 8:07-2nd |  | 35.0 | 42.0 | 0.274 | 0.726 |
| 8:06-2nd |  | 35.0 | 42.0 | 0.254 | 0.746 |
| 7:45-2nd |  | 35.0 | 44.0 | 0.213 | 0.787 |
| 7:42-2nd |  | 35.0 | 44.0 | 0.207 | 0.793 |
| 7:39-2nd |  | 35.0 | 46.0 | 0.186 | 0.814 |
| 7:27-2nd |  | 35.0 | 46.0 | 0.171 | 0.829 |
| 7:25-2nd |  | 35.0 | 46.0 | 0.166 | 0.834 |
| 7:08-2nd |  | 35.0 | 46.0 | 0.18 | 0.82 |
| 7:06-2nd |  | 35.0 | 46.0 | 0.185 | 0.815 |
| 6:42-2nd |  | 38.0 | 46.0 | 0.227 | 0.773 |
| 6:15-2nd |  | 38.0 | 46.0 | 0.226 | 0.774 |
| 6:11-2nd |  | 38.0 | 46.0 | 0.244 | 0.756 |
| 6:10-2nd |  | 38.0 | 46.0 | 0.25 | 0.75 |
| 6:01-2nd |  | 41.0 | 46.0 | 0.303 | 0.697 |
| 5:48-2nd |  | 41.0 | 47.0 | 0.304 | 0.696 |
| 5:34-2nd |  | 41.0 | 47.0 | 0.283 | 0.717 |
| 5:29-2nd |  | 41.0 | 47.0 | 0.276 | 0.724 |
| 5:14-2nd |  | 41.0 | 49.0 | 0.249 | 0.751 |
| 4:53-2nd |  | 44.0 | 49.0 | 0.302 | 0.698 |
| 4:36-2nd |  | 44.0 | 52.0 | 0.248 | 0.752 |
| 4:18-2nd |  | 46.0 | 52.0 | 0.274 | 0.726 |
| 3:55-2nd |  | 46.0 | 52.0 | 0.293 | 0.707 |
| 3:53-2nd |  | 46.0 | 52.0 | 0.3 | 0.7 |
| 3:46-2nd |  | 49.0 | 52.0 | 0.36 | 0.64 |
| 3:42-2nd |  | 49.0 | 52.0 | 0.36 | 0.64 |
| 3:23-2nd |  | 49.0 | 52.0 | 0.383 | 0.617 |
| 3:21-2nd |  | 49.0 | 52.0 | 0.391 | 0.609 |
| 3:05-2nd |  | 49.0 | 52.0 | 0.359 | 0.641 |
| 2:54-2nd |  | 49.0 | 55.0 | 0.298 | 0.702 |
| 2:41-2nd |  | 50.0 | 55.0 | 0.297 | 0.703 |
| 2:40-2nd |  | 50.0 | 55.0 | 0.325 | 0.675 |
| 2:38-2nd |  | 52.0 | 55.0 | 0.354 | 0.646 |
| 2:16-2nd |  | 52.0 | 55.0 | 0.379 | 0.621 |
| 2:12-2nd |  | 52.0 | 57.0 | 0.325 | 0.675 |
| 2:09-2nd |  | 52.0 | 57.0 | 0.295 | 0.705 |
| 2:03-2nd |  | 52.0 | 57.0 | 0.325 | 0.675 |
| 1:54-2nd |  | 52.0 | 57.0 | 0.302 | 0.698 |
| 1:52-2nd |  | 52.0 | 57.0 | 0.294 | 0.706 |
| 1:40-2nd |  | 52.0 | 59.0 | 0.266 | 0.734 |
| 1:14-2nd |  | 52.0 | 59.0 | 0.242 | 0.758 |
| 1:10-2nd |  | 52.0 | 59.0 | 0.234 | 0.766 |
| 1:06-2nd |  | 52.0 | 59.0 | 0.257 | 0.743 |
| 1:03-2nd |  | 52.0 | 59.0 | 0.234 | 0.766 |
| 1:01-2nd |  | 52.0 | 61.0 | 0.21 | 0.79 |
| 58.1-2nd |  | 52.0 | 61.0 | 0.188 | 0.812 |
| 55.1-2nd |  | 52.0 | 61.0 | 0.204 | 0.796 |
| 52.1-2nd |  | 52.0 | 61.0 | 0.209 | 0.791 |
| 47.1-2nd |  | 52.0 | 61.0 | 0.209 | 0.791 |
| 45.0-2nd |  | 52.0 | 61.0 | 0.193 | 0.807 |
| 43.1-2nd |  | 52.0 | 61.0 | 0.187 | 0.813 |
| 33.1-2nd |  | 52.0 | 64.0 | 0.142 | 0.858 |
| 17.2-2nd |  | 54.0 | 64.0 | 0.161 | 0.839 |
| 5.0-2nd |  | 54.0 | 64.0 | 0.178 | 0.822 |
| 1.1-2nd |  | 54.0 | 64.0 | 0.184 | 0.816 |
| 0.1-2nd |  | 54.0 | 64.0 | 0.161 | 0.839 |
| 0.0-2nd |  | 54.0 | 64.0 | 0.174 | 0.826 |
| 12:00-3rd |  | 54.0 | 64.0 | 0.174 | 0.826 |
| 11:47-3rd |  | 57.0 | 64.0 | 0.227 | 0.773 |
| 11:32-3rd |  | 57.0 | 67.0 | 0.183 | 0.817 |
| 11:21-3rd |  | 57.0 | 67.0 | 0.157 | 0.843 |
| 11:18-3rd |  | 57.0 | 67.0 | 0.157 | 0.843 |
| 11:08-3rd |  | 57.0 | 67.0 | 0.175 | 0.825 |
| 11:04-3rd |  | 57.0 | 67.0 | 0.181 | 0.819 |
| 10:58-3rd |  | 57.0 | 67.0 | 0.162 | 0.838 |
| 10:53-3rd |  | 59.0 | 67.0 | 0.202 | 0.798 |
| 10:42-3rd |  | 59.0 | 67.0 | 0.221 | 0.779 |
| 10:39-3rd |  | 59.0 | 67.0 | 0.228 | 0.772 |
| 10:34-3rd |  | 61.0 | 67.0 | 0.254 | 0.746 |
| 10:24-3rd |  | 61.0 | 70.0 | 0.2 | 0.8 |
| 10:10-3rd |  | 61.0 | 70.0 | 0.18 | 0.82 |
| 10:09-3rd |  | 61.0 | 70.0 | 0.174 | 0.826 |
| 9:46-3rd |  | 61.0 | 70.0 | 0.191 | 0.809 |
| 9:43-3rd |  | 61.0 | 70.0 | 0.197 | 0.803 |
| 9:38-3rd |  | 62.0 | 70.0 | 0.197 | 0.803 |
| 9:21-3rd |  | 62.0 | 70.0 | 0.216 | 0.784 |
| 9:20-3rd |  | 62.0 | 70.0 | 0.223 | 0.777 |
| 9:15-3rd |  | 62.0 | 70.0 | 0.195 | 0.805 |
| 9:05-3rd |  | 62.0 | 72.0 | 0.17 | 0.83 |
| 8:44-3rd |  | 62.0 | 72.0 | 0.15 | 0.85 |
| 8:42-3rd |  | 62.0 | 72.0 | 0.144 | 0.856 |
| 8:39-3rd |  | 62.0 | 75.0 | 0.106 | 0.894 |
| 8:27-3rd |  | 62.0 | 75.0 | 0.088 | 0.912 |
| 8:24-3rd |  | 62.0 | 77.0 | 0.074 | 0.926 |
| 8:09-3rd |  | 63.0 | 77.0 | 0.087 | 0.913 |
| 8:01-3rd |  | 65.0 | 77.0 | 0.103 | 0.897 |
| 7:36-3rd |  | 65.0 | 77.0 | 0.115 | 0.885 |
| 7:35-3rd |  | 65.0 | 77.0 | 0.119 | 0.881 |
| 7:31-3rd |  | 68.0 | 77.0 | 0.162 | 0.838 |
| 7:07-3rd |  | 68.0 | 77.0 | 0.16 | 0.84 |
| 7:06-3rd |  | 68.0 | 77.0 | 0.185 | 0.815 |
| 6:53-3rd |  | 68.0 | 77.0 | 0.159 | 0.841 |
| 6:44-3rd |  | 68.0 | 77.0 | 0.177 | 0.823 |
| 6:40-3rd |  | 68.0 | 77.0 | 0.182 | 0.818 |
| 6:35-3rd |  | 70.0 | 77.0 | 0.208 | 0.792 |
| 6:24-3rd |  | 70.0 | 77.0 | 0.238 | 0.762 |
| 6:16-3rd |  | 70.0 | 77.0 | 0.237 | 0.763 |
| 6:11-3rd |  | 70.0 | 77.0 | 0.206 | 0.794 |
| 6:02-3rd |  | 70.0 | 77.0 | 0.228 | 0.772 |
| 5:59-3rd |  | 70.0 | 77.0 | 0.236 | 0.764 |
| 5:54-3rd |  | 70.0 | 77.0 | 0.235 | 0.765 |
| 5:52-3rd |  | 70.0 | 77.0 | 0.204 | 0.796 |
| 5:36-3rd |  | 70.0 | 77.0 | 0.234 | 0.766 |
| 5:29-3rd |  | 70.0 | 77.0 | 0.21 | 0.79 |
| 5:27-3rd |  | 70.0 | 77.0 | 0.202 | 0.798 |
| 5:11-3rd |  | 70.0 | 77.0 | 0.224 | 0.776 |
| 5:08-3rd |  | 70.0 | 77.0 | 0.232 | 0.768 |
| 5:05-3rd |  | 70.0 | 77.0 | 0.208 | 0.792 |
| 5:00-3rd |  | 70.0 | 77.0 | 0.231 | 0.769 |
| 4:57-3rd |  | 72.0 | 77.0 | 0.264 | 0.736 |
| 4:33-3rd |  | 72.0 | 77.0 | 0.29 | 0.71 |
| 4:30-3rd |  | 72.0 | 77.0 | 0.299 | 0.701 |
| 4:24-3rd |  | 72.0 | 77.0 | 0.261 | 0.739 |
| 4:08-3rd |  | 72.0 | 77.0 | 0.261 | 0.739 |
| 4:00-3rd |  | 72.0 | 79.0 | 0.225 | 0.775 |
| 3:40-3rd |  | 75.0 | 79.0 | 0.295 | 0.705 |
| 3:27-3rd |  | 75.0 | 79.0 | 0.333 | 0.667 |
| 3:20-3rd |  | 77.0 | 79.0 | 0.373 | 0.627 |
| 3:02-3rd |  | 77.0 | 79.0 | 0.415 | 0.585 |
| 2:59-3rd |  | 79.0 | 79.0 | 0.461 | 0.539 |
| 2:58-3rd |  | 79.0 | 79.0 | 0.461 | 0.539 |
| 2:40-3rd |  | 79.0 | 82.0 | 0.375 | 0.625 |
| 2:18-3rd |  | 80.0 | 82.0 | 0.371 | 0.629 |
| 2:01-3rd |  | 80.0 | 84.0 | 0.329 | 0.671 |
| 1:44-3rd |  | 83.0 | 84.0 | 0.413 | 0.587 |
| 1:24-3rd |  | 83.0 | 84.0 | 0.412 | 0.588 |
| 1:13-3rd |  | 83.0 | 87.0 | 0.326 | 0.674 |
| 47.0-3rd |  | 85.0 | 87.0 | 0.367 | 0.633 |
| 34.1-3rd |  | 85.0 | 87.0 | 0.401 | 0.599 |
| 32.1-3rd |  | 85.0 | 87.0 | 0.412 | 0.588 |
| 11.0-3rd |  | 85.0 | 87.0 | 0.377 | 0.623 |
| 10.0-3rd |  | 85.0 | 87.0 | 0.365 | 0.635 |
| 4.1-3rd |  | 85.0 | 87.0 | 0.297 | 0.703 |
| 0.0-3rd |  | 85.0 | 87.0 | 0.386 | 0.614 |
| 12:00-4th |  | 85.0 | 87.0 | 0.386 | 0.614 |
| 11:49-4th |  | 85.0 | 90.0 | 0.276 | 0.724 |
| 11:32-4th |  | 85.0 | 90.0 | 0.239 | 0.761 |
| 11:31-4th |  | 85.0 | 90.0 | 0.227 | 0.773 |
| 11:28-4th |  | 85.0 | 90.0 | 0.274 | 0.726 |
| 11:25-4th |  | 85.0 | 90.0 | 0.287 | 0.713 |
| 11:13-4th |  | 85.0 | 90.0 | 0.243 | 0.757 |
| 11:12-4th |  | 85.0 | 90.0 | 0.232 | 0.768 |
| 11:01-4th |  | 85.0 | 90.0 | 0.265 | 0.735 |
| 10:59-4th |  | 85.0 | 90.0 | 0.276 | 0.724 |
| 10:47-4th |  | 87.0 | 90.0 | 0.315 | 0.685 |
| 10:25-4th |  | 87.0 | 90.0 | 0.354 | 0.646 |
| 10:21-4th |  | 87.0 | 90.0 | 0.312 | 0.688 |
| 10:19-4th |  | 87.0 | 90.0 | 0.354 | 0.646 |
| 10:17-4th |  | 87.0 | 90.0 | 0.368 | 0.632 |
| 10:02-4th |  | 87.0 | 90.0 | 0.324 | 0.676 |
| 9:59-4th |  | 87.0 | 90.0 | 0.31 | 0.69 |
| 9:49-4th |  | 87.0 | 90.0 | 0.365 | 0.635 |
| 9:45-4th |  | 89.0 | 90.0 | 0.42 | 0.58 |
| 9:25-4th |  | 89.0 | 92.0 | 0.37 | 0.63 |
| 9:03-4th |  | 91.0 | 92.0 | 0.418 | 0.582 |
| 8:48-4th |  | 91.0 | 92.0 | 0.462 | 0.538 |
| 8:47-4th |  | 91.0 | 92.0 | 0.477 | 0.523 |
| 8:29-4th |  | 91.0 | 92.0 | 0.497 | 0.503 |
| 8:19-4th |  | 91.0 | 92.0 | 0.441 | 0.559 |
| 8:18-4th |  | 91.0 | 92.0 | 0.426 | 0.574 |
| 8:11-4th |  | 91.0 | 95.0 | 0.317 | 0.683 |
| 7:53-4th |  | 91.0 | 95.0 | 0.276 | 0.724 |
| 7:50-4th |  | 91.0 | 95.0 | 0.313 | 0.687 |
| 7:41-4th |  | 91.0 | 95.0 | 0.273 | 0.727 |
| 7:35-4th |  | 93.0 | 95.0 | 0.365 | 0.635 |
| 7:22-4th |  | 93.0 | 95.0 | 0.41 | 0.59 |
| 7:21-4th |  | 93.0 | 95.0 | 0.425 | 0.575 |
| 7:11-4th |  | 96.0 | 95.0 | 0.544 | 0.456 |
| 6:52-4th |  | 96.0 | 95.0 | 0.595 | 0.405 |
| 6:50-4th |  | 96.0 | 95.0 | 0.612 | 0.388 |
| 6:31-4th |  | 96.0 | 95.0 | 0.562 | 0.438 |
| 6:29-4th |  | 96.0 | 95.0 | 0.545 | 0.455 |
| 6:18-4th |  | 96.0 | 95.0 | 0.615 | 0.385 |
| 6:12-4th |  | 97.0 | 95.0 | 0.624 | 0.376 |
| 5:59-4th |  | 99.0 | 98.0 | 0.63 | 0.37 |
| 5:33-4th |  | 99.0 | 98.0 | 0.56 | 0.44 |
| 5:19-4th |  | 99.0 | 98.0 | 0.615 | 0.385 |
| 5:15-4th |  | 99.0 | 98.0 | 0.634 | 0.366 |
| 5:11-4th | TARGET | 102.0 | 98.0 | 0.754 | 0.246 |
| 4:43-4th |  | 102.0 | 98.0 | 0.818 | 0.182 |
| 4:28-4th |  | 102.0 | 98.0 | 0.778 | 0.222 |
| 4:27-4th |  | 102.0 | 98.0 | 0.764 | 0.236 |
| 4:25-4th |  | 102.0 | 98.0 | 0.758 | 0.242 |
| 4:13-4th |  | 102.0 | 98.0 | 0.811 | 0.189 |
| 4:08-4th |  | 102.0 | 100.0 | 0.71 | 0.29 |
| 3:57-4th |  | 102.0 | 100.0 | 0.656 | 0.344 |
| 3:56-4th |  | 102.0 | 100.0 | 0.638 | 0.362 |
| 3:43-4th |  | 102.0 | 100.0 | 0.717 | 0.283 |
| 3:41-4th |  | 103.0 | 100.0 | 0.714 | 0.286 |
| 3:35-4th |  | 103.0 | 100.0 | 0.783 | 0.217 |
| 3:20-4th |  | 105.0 | 100.0 | 0.84 | 0.16 |
| 3:15-4th |  | 105.0 | 100.0 | 0.842 | 0.158 |
| 3:10-4th |  | 105.0 | 102.0 | 0.79 | 0.21 |
| 2:51-4th |  | 105.0 | 102.0 | 0.747 | 0.253 |
| 2:47-4th |  | 107.0 | 102.0 | 0.854 | 0.146 |
| 2:41-4th |  | 107.0 | 102.0 | 0.903 | 0.097 |
| 2:28-4th |  | 110.0 | 102.0 | 0.961 | 0.039 |
| 2:13-4th |  | 110.0 | 102.0 | 0.976 | 0.024 |
| 2:11-4th |  | 110.0 | 102.0 | 0.963 | 0.037 |
| 2:06-4th |  | 110.0 | 106.0 | 0.875 | 0.125 |
| 1:59-4th |  | 112.0 | 106.0 | 0.913 | 0.087 |
| 1:57-4th |  | 112.0 | 106.0 | 0.914 | 0.086 |
| 1:48-4th |  | 112.0 | 106.0 | 0.941 | 0.059 |
| 1:30-4th |  | 112.0 | 106.0 | 0.912 | 0.088 |
| 1:23-4th |  | 112.0 | 106.0 | 0.95 | 0.05 |
| 1:13-4th |  | 112.0 | 106.0 | 0.919 | 0.081 |
| 1:07-4th |  | 112.0 | 108.0 | 0.879 | 0.121 |
| 48.0-4th |  | 114.0 | 108.0 | 0.936 | 0.064 |
| 38.1-4th |  | 114.0 | 108.0 | 0.966 | 0.034 |
| 35.1-4th |  | 114.0 | 108.0 | 0.974 | 0.026 |
| 30.1-4th |  | 114.0 | 108.0 | 0.953 | 0.047 |
| 29.1-4th |  | 114.0 | 108.0 | 0.954 | 0.046 |
| 21.2-4th |  | 114.0 | 108.0 | 0.985 | 0.015 |
| 13.1-4th |  | 116.0 | 108.0 | 0.996 | 0.004 |
| 6.1-4th |  | 116.0 | 108.0 | 0.999 | 0.001 |
| 3.1-4th |  | 116.0 | 108.0 | 0.999 | 0.001 |
| 0.0-4th |  | 116.0 | 110.0 | 1.0 | 0.0 |

Question

Which event most likely happened at the marked missing position?

Answer Choices

A. Player 18 (Team A) makes 29-foot running pullup jump shot
B. Player 2 (Team B) makes driving layup (Player 12 (Team A) assists)
C. Player 19 (Team A) misses pullup jump shot
D. Player 4 (Team A) offensive goaltending turnover

Response Format

Return exactly one JSON object:

{
  "answer": "<A|B|C|D>",
  "rationale": "<brief evidence-based justification in 1-3 sentences>",
  "evidence_event_ids": [],
  "evidence_series_times": []
}

Use only event IDs and time labels that are provided above and that support the answer. Use an empty array when the corresponding evidence type is unavailable or unused. Return only the JSON object.
