Task

Reconstruct the missing event in this basketball game. Use the available numerical time-series evidence around the marked row to select the most likely event.

Game

Team A versus Team B, season 22-23.

Time Series

| Game time | Marker | Team A score | Team B score | Team A win probability | Team B win probability |
| --- | --- | --- | --- | --- | --- |
| 12:00-1st |  | 0 | 0 | 0.368 | 0.632 |
| 11:39-1st |  | 0 | 2 | 0.342 | 0.658 |
| 11:16-1st |  | 0 | 2 | 0.327 | 0.673 |
| 11:15-1st |  | 0 | 2 | 0.322 | 0.678 |
| 11:01-1st |  | 0 | 4 | 0.303 | 0.697 |
| 10:49-1st |  | 2 | 4 | 0.323 | 0.677 |
| 10:34-1st |  | 2 | 6 | 0.303 | 0.697 |
| 10:21-1st |  | 2 | 6 | 0.285 | 0.715 |
| 10:18-1st |  | 2 | 6 | 0.279 | 0.721 |
| 10:10-1st |  | 2 | 6 | 0.304 | 0.696 |
| 10:01-1st |  | 2 | 6 | 0.285 | 0.715 |
| 9:59-1st |  | 2 | 6 | 0.279 | 0.721 |
| 9:51-1st |  | 2 | 6 | 0.298 | 0.702 |
| 9:49-1st |  | 2 | 6 | 0.304 | 0.696 |
| 9:35-1st |  | 2 | 6 | 0.286 | 0.714 |
| 9:31-1st |  | 2 | 6 | 0.304 | 0.696 |
| 9:24-1st |  | 2 | 6 | 0.303 | 0.697 |
| 9:20-1st |  | 4 | 6 | 0.323 | 0.677 |
| 9:04-1st |  | 4 | 6 | 0.323 | 0.677 |
| 8:57-1st |  | 4 | 6 | 0.342 | 0.658 |
| 8:53-1st |  | 4 | 6 | 0.323 | 0.677 |
| 8:51-1st |  | 4 | 8 | 0.304 | 0.696 |
| 8:34-1st |  | 4 | 8 | 0.304 | 0.696 |
| 8:27-1st |  | 4 | 8 | 0.288 | 0.712 |
| 8:24-1st |  | 4 | 8 | 0.304 | 0.696 |
| 8:17-1st |  | 4 | 8 | 0.288 | 0.712 |
| 8:13-1st |  | 4 | 8 | 0.283 | 0.717 |
| 8:09-1st |  | 4 | 10 | 0.26 | 0.74 |
| 7:54-1st |  | 6 | 10 | 0.284 | 0.716 |
| 7:39-1st |  | 6 | 10 | 0.3 | 0.7 |
| 7:36-1st |  | 6 | 10 | 0.305 | 0.695 |
| 7:23-1st |  | 6 | 10 | 0.283 | 0.717 |
| 7:20-1st |  | 6 | 10 | 0.284 | 0.716 |
| 7:13-1st |  | 6 | 12 | 0.262 | 0.738 |
| 6:58-1st |  | 6 | 12 | 0.247 | 0.753 |
| 6:55-1st |  | 6 | 12 | 0.242 | 0.758 |
| 6:50-1st |  | 6 | 15 | 0.204 | 0.796 |
| 6:35-1st |  | 8 | 15 | 0.221 | 0.779 |
| 6:14-1st |  | 8 | 17 | 0.204 | 0.796 |
| 5:50-1st |  | 10 | 17 | 0.222 | 0.778 |
| 5:27-1st |  | 10 | 17 | 0.238 | 0.762 |
| 5:26-1st |  | 10 | 17 | 0.222 | 0.778 |
| 5:25-1st |  | 10 | 17 | 0.238 | 0.762 |
| 5:24-1st |  | 10 | 17 | 0.222 | 0.778 |
| 5:23-1st |  | 10 | 17 | 0.238 | 0.762 |
| 5:22-1st |  | 10 | 17 | 0.222 | 0.778 |
| 5:20-1st |  | 10 | 19 | 0.204 | 0.796 |
| 5:00-1st |  | 10 | 19 | 0.186 | 0.814 |
| 4:53-1st |  | 10 | 21 | 0.169 | 0.831 |
| 4:51-1st |  | 10 | 21 | 0.169 | 0.831 |
| 4:35-1st |  | 13 | 21 | 0.204 | 0.796 |
| 4:09-1st |  | 13 | 21 | 0.218 | 0.782 |
| 4:06-1st |  | 13 | 21 | 0.223 | 0.777 |
| 3:54-1st |  | 13 | 21 | 0.209 | 0.791 |
| 3:49-1st |  | 13 | 21 | 0.204 | 0.796 |
| 3:37-1st |  | 13 | 24 | 0.168 | 0.832 |
| 3:08-1st |  | 16 | 24 | 0.204 | 0.796 |
| 2:50-1st |  | 16 | 27 | 0.168 | 0.832 |
| 2:31-1st |  | 16 | 27 | 0.154 | 0.846 |
| 2:29-1st |  | 16 | 27 | 0.149 | 0.851 |
| 2:12-1st |  | 16 | 27 | 0.163 | 0.837 |
| 2:09-1st |  | 16 | 27 | 0.167 | 0.833 |
| 2:02-1st |  | 18 | 27 | 0.184 | 0.816 |
| 1:36-1st |  | 18 | 29 | 0.167 | 0.833 |
| 1:23-1st |  | 18 | 29 | 0.167 | 0.833 |
| 1:18-1st |  | 21 | 29 | 0.203 | 0.797 |
| 1:03-1st |  | 21 | 29 | 0.223 | 0.777 |
| 56.0-1st |  | 23 | 29 | 0.243 | 0.757 |
| 44.0-1st |  | 23 | 29 | 0.259 | 0.741 |
| 41.1-1st |  | 23 | 29 | 0.265 | 0.735 |
| 33.1-1st |  | 25 | 29 | 0.288 | 0.712 |
| 11.1-1st |  | 25 | 29 | 0.307 | 0.693 |
| 10.2-1st |  | 25 | 29 | 0.29 | 0.71 |
| 2.1-1st |  | 25 | 31 | 0.265 | 0.735 |
| 0.1-1st |  | 25 | 31 | 0.25 | 0.75 |
| 0.0-1st |  | 25 | 31 | 0.256 | 0.744 |
| 12:00-2nd |  | 25 | 31 | 0.256 | 0.744 |
| 11:44-2nd |  | 27 | 31 | 0.287 | 0.713 |
| 11:33-2nd |  | 27 | 31 | 0.287 | 0.713 |
| 11:25-2nd |  | 27 | 33 | 0.265 | 0.735 |
| 11:15-2nd |  | 29 | 33 | 0.287 | 0.713 |
| 10:52-2nd |  | 29 | 33 | 0.308 | 0.692 |
| 10:50-2nd |  | 29 | 33 | 0.314 | 0.686 |
| 10:44-2nd |  | 29 | 33 | 0.294 | 0.706 |
| 10:39-2nd |  | 31 | 33 | 0.342 | 0.658 |
| 10:37-2nd |  | 31 | 35 | 0.314 | 0.686 |
| 10:25-2nd |  | 33 | 35 | 0.343 | 0.657 |
| 10:14-2nd |  | 33 | 35 | 0.362 | 0.638 |
| 10:11-2nd |  | 33 | 35 | 0.369 | 0.631 |
| 10:06-2nd |  | 33 | 35 | 0.343 | 0.657 |
| 9:50-2nd |  | 33 | 35 | 0.363 | 0.637 |
| 9:48-2nd |  | 33 | 35 | 0.343 | 0.657 |
| 9:46-2nd |  | 33 | 35 | 0.363 | 0.637 |
| 9:44-2nd |  | 33 | 35 | 0.369 | 0.631 |
| 9:40-2nd |  | 33 | 35 | 0.35 | 0.65 |
| 9:38-2nd |  | 33 | 35 | 0.344 | 0.656 |
| 9:30-2nd |  | 33 | 35 | 0.37 | 0.63 |
| 9:29-2nd |  | 33 | 37 | 0.317 | 0.683 |
| 9:27-2nd |  | 33 | 37 | 0.317 | 0.683 |
| 9:13-2nd |  | 33 | 37 | 0.297 | 0.703 |
| 9:10-2nd |  | 33 | 37 | 0.29 | 0.71 |
| 9:04-2nd |  | 33 | 37 | 0.311 | 0.689 |
| 9:03-2nd |  | 33 | 37 | 0.317 | 0.683 |
| 8:49-2nd |  | 33 | 37 | 0.29 | 0.71 |
| 8:33-2nd |  | 33 | 37 | 0.31 | 0.69 |
| 8:31-2nd |  | 33 | 37 | 0.29 | 0.71 |
| 8:29-2nd |  | 33 | 40 | 0.242 | 0.758 |
| 8:11-2nd |  | 33 | 40 | 0.279 | 0.721 |
| 7:59-2nd | TARGET | 33 | 40 | 0.218 | 0.782 |
| 7:48-2nd |  | 33 | 40 | 0.236 | 0.764 |
| 7:44-2nd |  | 33 | 42 | 0.218 | 0.782 |
| 7:33-2nd |  | 33 | 42 | 0.178 | 0.822 |
| 7:20-2nd |  | 33 | 42 | 0.197 | 0.803 |
| 7:14-2nd |  | 36 | 42 | 0.242 | 0.758 |
| 6:57-2nd |  | 36 | 44 | 0.218 | 0.782 |
| 6:45-2nd |  | 37 | 44 | 0.217 | 0.783 |
| 6:42-2nd |  | 37 | 44 | 0.217 | 0.783 |
| 6:29-2nd |  | 37 | 46 | 0.197 | 0.803 |
| 6:08-2nd |  | 37 | 46 | 0.176 | 0.824 |
| 6:06-2nd |  | 37 | 46 | 0.176 | 0.824 |
| 6:03-2nd |  | 37 | 47 | 0.177 | 0.823 |
| 5:45-2nd |  | 37 | 47 | 0.162 | 0.838 |
| 5:43-2nd |  | 37 | 47 | 0.158 | 0.842 |
| 5:38-2nd |  | 37 | 50 | 0.123 | 0.877 |
| 5:23-2nd |  | 40 | 50 | 0.157 | 0.843 |
| 5:00-2nd |  | 40 | 50 | 0.17 | 0.83 |
| 4:58-2nd |  | 40 | 50 | 0.174 | 0.826 |
| 4:57-2nd |  | 40 | 50 | 0.174 | 0.826 |
| 4:50-2nd |  | 42 | 50 | 0.196 | 0.804 |
| 4:34-2nd |  | 42 | 52 | 0.173 | 0.827 |
| 4:21-2nd |  | 42 | 52 | 0.159 | 0.841 |
| 4:18-2nd |  | 42 | 52 | 0.155 | 0.845 |
| 4:03-2nd |  | 42 | 54 | 0.134 | 0.866 |
| 3:42-2nd |  | 42 | 54 | 0.122 | 0.878 |
| 3:39-2nd |  | 42 | 54 | 0.118 | 0.882 |
| 3:30-2nd |  | 42 | 56 | 0.103 | 0.897 |
| 3:07-2nd |  | 42 | 56 | 0.087 | 0.913 |
| 3:01-2nd |  | 42 | 59 | 0.065 | 0.935 |
| 2:38-2nd |  | 42 | 59 | 0.054 | 0.946 |
| 2:18-2nd |  | 42 | 62 | 0.038 | 0.962 |
| 1:59-2nd |  | 45 | 59 | 0.084 | 0.916 |
| 1:36-2nd |  | 45 | 65 | 0.036 | 0.964 |
| 1:18-2nd |  | 45 | 65 | 0.032 | 0.968 |
| 1:14-2nd |  | 45 | 65 | 0.031 | 0.969 |
| 56.0-2nd |  | 45 | 67 | 0.025 | 0.975 |
| 48.2-2nd |  | 47 | 67 | 0.03 | 0.97 |
| 33.0-2nd |  | 47 | 67 | 0.033 | 0.967 |
| 30.0-2nd |  | 47 | 67 | 0.033 | 0.967 |
| 16.1-2nd |  | 47 | 67 | 0.03 | 0.97 |
| 13.1-2nd |  | 47 | 67 | 0.029 | 0.971 |
| 1.2-2nd |  | 47 | 69 | 0.024 | 0.976 |
| 0.1-2nd |  | 47 | 69 | 0.02 | 0.98 |
| 0.0-2nd |  | 47 | 69 | 0.021 | 0.979 |
| 12:00-3rd |  | 47 | 69 | 0.021 | 0.979 |
| 11:44-3rd |  | 47 | 69 | 0.021 | 0.979 |
| 11:41-3rd |  | 49 | 69 | 0.026 | 0.974 |
| 11:21-3rd |  | 49 | 72 | 0.017 | 0.983 |
| 11:05-3rd |  | 51 | 72 | 0.021 | 0.979 |
| 10:43-3rd |  | 51 | 72 | 0.024 | 0.976 |
| 10:40-3rd |  | 51 | 72 | 0.025 | 0.975 |
| 10:23-3rd |  | 51 | 72 | 0.021 | 0.979 |
| 10:19-3rd |  | 51 | 72 | 0.019 | 0.981 |
| 10:11-3rd |  | 51 | 72 | 0.024 | 0.976 |
| 10:06-3rd |  | 53 | 72 | 0.028 | 0.972 |
| 9:53-3rd |  | 53 | 72 | 0.033 | 0.967 |
| 9:50-3rd |  | 53 | 72 | 0.034 | 0.966 |
| 9:45-3rd |  | 53 | 72 | 0.029 | 0.971 |
| 9:42-3rd |  | 53 | 72 | 0.027 | 0.973 |
| 9:31-3rd |  | 53 | 74 | 0.022 | 0.978 |
| 9:18-3rd |  | 53 | 74 | 0.018 | 0.982 |
| 9:10-3rd |  | 55 | 74 | 0.026 | 0.974 |
| 8:48-3rd |  | 55 | 74 | 0.03 | 0.97 |
| 8:47-3rd |  | 55 | 74 | 0.025 | 0.975 |
| 8:46-3rd |  | 55 | 74 | 0.031 | 0.969 |
| 8:35-3rd |  | 55 | 74 | 0.025 | 0.975 |
| 8:27-3rd |  | 55 | 74 | 0.031 | 0.969 |
| 8:22-3rd |  | 55 | 74 | 0.024 | 0.976 |
| 8:06-3rd |  | 55 | 77 | 0.015 | 0.985 |
| 7:42-3rd |  | 55 | 77 | 0.011 | 0.989 |
| 7:35-3rd |  | 55 | 77 | 0.014 | 0.986 |
| 7:17-3rd |  | 57 | 77 | 0.017 | 0.983 |
| 7:06-3rd |  | 57 | 79 | 0.013 | 0.987 |
| 6:47-3rd |  | 60 | 79 | 0.021 | 0.979 |
| 6:27-3rd |  | 60 | 79 | 0.024 | 0.976 |
| 6:23-3rd |  | 60 | 79 | 0.026 | 0.974 |
| 6:18-3rd |  | 60 | 79 | 0.021 | 0.979 |
| 6:15-3rd |  | 60 | 79 | 0.02 | 0.98 |
| 5:58-3rd |  | 60 | 79 | 0.019 | 0.981 |
| 5:48-3rd |  | 60 | 79 | 0.023 | 0.977 |
| 5:43-3rd |  | 60 | 79 | 0.024 | 0.976 |
| 5:34-3rd |  | 62 | 79 | 0.029 | 0.971 |
| 5:22-3rd |  | 62 | 79 | 0.034 | 0.966 |
| 5:19-3rd |  | 62 | 79 | 0.05 | 0.95 |
| 4:56-3rd |  | 62 | 79 | 0.029 | 0.971 |
| 4:54-3rd |  | 62 | 79 | 0.027 | 0.973 |
| 4:49-3rd |  | 62 | 81 | 0.022 | 0.978 |
| 4:35-3rd |  | 64 | 81 | 0.026 | 0.974 |
| 4:09-3rd |  | 64 | 83 | 0.02 | 0.98 |
| 3:57-3rd |  | 65 | 83 | 0.019 | 0.981 |
| 3:54-3rd |  | 65 | 83 | 0.019 | 0.981 |
| 3:47-3rd |  | 65 | 83 | 0.024 | 0.976 |
| 3:36-3rd |  | 68 | 83 | 0.038 | 0.962 |
| 3:28-3rd |  | 68 | 83 | 0.047 | 0.953 |
| 3:17-3rd |  | 70 | 83 | 0.058 | 0.942 |
| 3:02-3rd |  | 70 | 85 | 0.045 | 0.955 |
| 2:45-3rd |  | 70 | 85 | 0.035 | 0.965 |
| 2:29-3rd |  | 70 | 85 | 0.041 | 0.959 |
| 2:26-3rd |  | 70 | 85 | 0.043 | 0.957 |
| 2:13-3rd |  | 70 | 85 | 0.035 | 0.965 |
| 2:08-3rd |  | 70 | 85 | 0.032 | 0.968 |
| 1:57-3rd |  | 70 | 85 | 0.038 | 0.962 |
| 1:54-3rd |  | 70 | 85 | 0.04 | 0.96 |
| 1:39-3rd |  | 73 | 85 | 0.06 | 0.94 |
| 1:16-3rd |  | 73 | 85 | 0.071 | 0.929 |
| 1:14-3rd |  | 73 | 85 | 0.075 | 0.925 |
| 1:01-3rd |  | 75 | 85 | 0.09 | 0.91 |
| 47.0-3rd |  | 75 | 85 | 0.104 | 0.896 |
| 45.0-3rd |  | 75 | 85 | 0.109 | 0.891 |
| 35.1-3rd |  | 75 | 85 | 0.092 | 0.908 |
| 33.0-3rd |  | 75 | 85 | 0.087 | 0.913 |
| 27.1-3rd |  | 75 | 88 | 0.055 | 0.945 |
| 4.1-3rd |  | 78 | 88 | 0.084 | 0.916 |
| 0.1-3rd |  | 78 | 88 | 0.103 | 0.897 |
| 0.0-3rd |  | 78 | 88 | 0.098 | 0.902 |
| 12:00-4th |  | 78 | 88 | 0.098 | 0.902 |
| 11:49-4th |  | 78 | 88 | 0.095 | 0.905 |
| 11:46-4th |  | 78 | 88 | 0.08 | 0.92 |
| 11:42-4th |  | 78 | 88 | 0.1 | 0.9 |
| 11:28-4th |  | 78 | 88 | 0.083 | 0.917 |
| 11:25-4th |  | 78 | 88 | 0.078 | 0.922 |
| 11:10-4th |  | 78 | 91 | 0.048 | 0.952 |
| 10:47-4th |  | 78 | 91 | 0.037 | 0.963 |
| 10:45-4th |  | 78 | 91 | 0.034 | 0.966 |
| 10:39-4th |  | 78 | 91 | 0.042 | 0.958 |
| 10:37-4th |  | 78 | 91 | 0.045 | 0.955 |
| 10:27-4th |  | 78 | 91 | 0.036 | 0.964 |
| 10:24-4th |  | 78 | 91 | 0.032 | 0.968 |
| 10:21-4th |  | 78 | 91 | 0.041 | 0.959 |
| 10:18-4th |  | 78 | 91 | 0.043 | 0.957 |
| 10:15-4th |  | 78 | 91 | 0.043 | 0.957 |
| 10:03-4th |  | 78 | 91 | 0.034 | 0.966 |
| 9:59-4th |  | 78 | 91 | 0.03 | 0.97 |
| 9:38-4th |  | 78 | 94 | 0.015 | 0.985 |
| 9:23-4th |  | 80 | 94 | 0.02 | 0.98 |
| 9:12-4th |  | 80 | 94 | 0.027 | 0.973 |
| 9:03-4th |  | 80 | 94 | 0.021 | 0.979 |
| 9:00-4th |  | 80 | 94 | 0.019 | 0.981 |
| 8:44-4th |  | 80 | 94 | 0.017 | 0.983 |
| 8:38-4th |  | 80 | 94 | 0.022 | 0.978 |
| 8:35-4th |  | 80 | 94 | 0.024 | 0.976 |
| 8:30-4th |  | 80 | 94 | 0.018 | 0.982 |
| 8:28-4th |  | 80 | 94 | 0.016 | 0.984 |
| 8:20-4th |  | 80 | 96 | 0.011 | 0.989 |
| 8:18-4th |  | 80 | 96 | 0.011 | 0.989 |
| 8:04-4th |  | 80 | 96 | 0.008 | 0.992 |
| 8:01-4th |  | 80 | 96 | 0.007 | 0.993 |
| 7:49-4th |  | 80 | 96 | 0.009 | 0.991 |
| 7:44-4th |  | 80 | 98 | 0.005 | 0.995 |
| 7:28-4th |  | 82 | 98 | 0.006 | 0.994 |
| 7:16-4th |  | 82 | 100 | 0.004 | 0.996 |
| 7:02-4th |  | 82 | 100 | 0.004 | 0.996 |
| 6:59-4th |  | 82 | 100 | 0.003 | 0.997 |
| 6:47-4th |  | 82 | 100 | 0.003 | 0.997 |
| 6:44-4th |  | 82 | 100 | 0.004 | 0.996 |
| 6:26-4th |  | 85 | 100 | 0.007 | 0.993 |
| 6:08-4th |  | 85 | 100 | 0.008 | 0.992 |
| 6:05-4th |  | 85 | 100 | 0.009 | 0.991 |
| 5:50-4th |  | 85 | 100 | 0.006 | 0.994 |
| 5:47-4th |  | 85 | 100 | 0.005 | 0.995 |
| 5:34-4th |  | 85 | 100 | 0.007 | 0.993 |
| 5:29-4th |  | 85 | 100 | 0.007 | 0.993 |
| 5:22-4th |  | 87 | 100 | 0.011 | 0.989 |
| 5:05-4th |  | 87 | 100 | 0.013 | 0.987 |
| 5:01-4th |  | 87 | 100 | 0.014 | 0.986 |
| 4:49-4th |  | 89 | 100 | 0.019 | 0.981 |
| 4:32-4th |  | 89 | 102 | 0.011 | 0.989 |
| 4:15-4th |  | 91 | 102 | 0.015 | 0.985 |
| 3:47-4th |  | 91 | 102 | 0.017 | 0.983 |
| 3:43-4th |  | 91 | 102 | 0.019 | 0.981 |
| 3:35-4th |  | 93 | 102 | 0.029 | 0.971 |
| 3:11-4th |  | 93 | 104 | 0.016 | 0.984 |
| 2:50-4th |  | 96 | 104 | 0.034 | 0.966 |
| 2:25-4th |  | 96 | 104 | 0.041 | 0.959 |
| 2:22-4th |  | 96 | 104 | 0.027 | 0.973 |
| 2:17-4th |  | 96 | 107 | 0.009 | 0.991 |
| 2:05-4th |  | 99 | 107 | 0.023 | 0.977 |
| 1:40-4th |  | 99 | 110 | 0.005 | 0.995 |
| 1:28-4th |  | 99 | 110 | 0.002 | 0.998 |
| 1:26-4th |  | 99 | 110 | 0.002 | 0.998 |
| 1:25-4th |  | 99 | 112 | 0.001 | 0.999 |
| 1:14-4th |  | 101 | 112 | 0.002 | 0.998 |
| 56.1-4th |  | 101 | 113 | 0.001 | 0.999 |
| 54.1-4th |  | 101 | 113 | 0.001 | 0.999 |
| 41.0-4th |  | 101 | 113 | 0.001 | 0.999 |
| 37.2-4th |  | 101 | 113 | 0.001 | 0.999 |
| 16.2-4th |  | 101 | 113 | 0.001 | 0.999 |
| 0.0-4th |  | 101 | 113 | 0.0 | 1.0 |

Question

Which event most likely happened at the marked missing position?

Answer Choices

A. Player 10 (Team B) misses 26-foot three point pullup jump shot
B. Player 8 (Team B) blocks Player 13 (Team A) 's 5-foot two point shot
C. Player 10 (Team B) misses 45-foot three point shot
D. Player 11 (Team A) lost ball turnover (Player 3 (Team B) steals)

Response Format

Return exactly one JSON object:

{
  "answer": "<A|B|C|D>",
  "rationale": "<brief evidence-based justification in 1-3 sentences>",
  "evidence_event_ids": [],
  "evidence_series_times": []
}

Use only event IDs and time labels that are provided above and that support the answer. Use an empty array when the corresponding evidence type is unavailable or unused. Return only the JSON object.
