Task

Reconstruct the missing event in this basketball game. Use the available numerical time-series evidence around the marked row to select the most likely event.

Game

Team A versus Team B, season 22-23.

Time Series

| Game time | Marker | Team A score | Team B score | Team A win probability | Team B win probability |
| --- | --- | --- | --- | --- | --- |
| 12:00-1st |  | 0 | 0 | 0.125 | 0.875 |
| 11:45-1st |  | 0 | 0 | 0.135 | 0.865 |
| 11:40-1st |  | 2 | 0 | 0.15 | 0.85 |
| 11:18-1st |  | 2 | 0 | 0.152 | 0.848 |
| 11:13-1st |  | 2 | 0 | 0.162 | 0.838 |
| 11:10-1st |  | 2 | 0 | 0.166 | 0.834 |
| 10:58-1st |  | 4 | 0 | 0.18 | 0.82 |
| 10:49-1st |  | 4 | 0 | 0.194 | 0.806 |
| 10:47-1st |  | 4 | 0 | 0.199 | 0.801 |
| 10:29-1st |  | 4 | 0 | 0.187 | 0.813 |
| 10:26-1st |  | 4 | 0 | 0.183 | 0.817 |
| 10:20-1st |  | 4 | 0 | 0.197 | 0.803 |
| 10:17-1st |  | 4 | 0 | 0.202 | 0.798 |
| 10:12-1st |  | 4 | 0 | 0.189 | 0.811 |
| 10:08-1st |  | 4 | 0 | 0.185 | 0.815 |
| 9:58-1st |  | 4 | 0 | 0.2 | 0.8 |
| 9:55-1st |  | 4 | 0 | 0.205 | 0.795 |
| 9:52-1st |  | 4 | 0 | 0.187 | 0.813 |
| 9:42-1st |  | 4 | 0 | 0.19 | 0.81 |
| 9:32-1st |  | 4 | 2 | 0.177 | 0.823 |
| 9:20-1st |  | 6 | 2 | 0.192 | 0.808 |
| 9:00-1st |  | 6 | 4 | 0.18 | 0.82 |
| 8:46-1st |  | 6 | 4 | 0.169 | 0.831 |
| 8:43-1st |  | 6 | 4 | 0.165 | 0.835 |
| 8:37-1st |  | 6 | 4 | 0.178 | 0.822 |
| 8:33-1st |  | 6 | 4 | 0.183 | 0.817 |
| 8:24-1st |  | 6 | 4 | 0.171 | 0.829 |
| 8:19-1st |  | 6 | 4 | 0.167 | 0.833 |
| 8:14-1st |  | 6 | 6 | 0.154 | 0.846 |
| 7:51-1st |  | 6 | 6 | 0.147 | 0.853 |
| 7:48-1st |  | 6 | 6 | 0.144 | 0.856 |
| 7:41-1st |  | 6 | 6 | 0.154 | 0.846 |
| 7:39-1st |  | 6 | 6 | 0.157 | 0.843 |
| 7:34-1st |  | 6 | 6 | 0.148 | 0.852 |
| 7:28-1st |  | 6 | 6 | 0.145 | 0.855 |
| 7:13-1st |  | 6 | 6 | 0.156 | 0.844 |
| 7:09-1st |  | 6 | 6 | 0.16 | 0.84 |
| 7:05-1st |  | 6 | 6 | 0.15 | 0.85 |
| 7:02-1st |  | 6 | 6 | 0.147 | 0.853 |
| 6:57-1st |  | 6 | 9 | 0.123 | 0.877 |
| 6:42-1st |  | 6 | 9 | 0.113 | 0.887 |
| 6:28-1st |  | 6 | 9 | 0.122 | 0.878 |
| 6:24-1st |  | 6 | 9 | 0.125 | 0.875 |
| 6:14-1st |  | 6 | 9 | 0.114 | 0.886 |
| 5:53-1st |  | 6 | 11 | 0.104 | 0.896 |
| 5:47-1st |  | 9 | 11 | 0.127 | 0.873 |
| 5:33-1st |  | 9 | 11 | 0.111 | 0.889 |
| 5:28-1st |  | 9 | 14 | 0.106 | 0.894 |
| 5:16-1st |  | 9 | 14 | 0.1 | 0.9 |
| 5:13-1st |  | 9 | 14 | 0.098 | 0.902 |
| 5:05-1st |  | 9 | 14 | 0.105 | 0.895 |
| 5:02-1st |  | 9 | 14 | 0.107 | 0.893 |
| 4:47-1st |  | 11 | 14 | 0.12 | 0.88 |
| 4:23-1st |  | 11 | 16 | 0.109 | 0.891 |
| 4:04-1st |  | 13 | 16 | 0.122 | 0.878 |
| 3:51-1st |  | 13 | 16 | 0.134 | 0.866 |
| 3:48-1st |  | 13 | 16 | 0.137 | 0.863 |
| 3:43-1st |  | 15 | 16 | 0.149 | 0.851 |
| 3:37-1st |  | 15 | 17 | 0.149 | 0.851 |
| 3:21-1st |  | 15 | 17 | 0.138 | 0.862 |
| 3:11-1st |  | 15 | 19 | 0.125 | 0.875 |
| 2:58-1st |  | 16 | 19 | 0.126 | 0.874 |
| 2:41-1st |  | 16 | 19 | 0.138 | 0.862 |
| 2:37-1st |  | 16 | 19 | 0.141 | 0.859 |
| 2:25-1st | TARGET | 19 | 19 | 0.171 | 0.829 |
| 2:13-1st |  | 19 | 22 | 0.143 | 0.857 |
| 1:55-1st |  | 21 | 22 | 0.158 | 0.842 |
| 1:47-1st |  | 21 | 22 | 0.171 | 0.829 |
| 1:43-1st |  | 21 | 22 | 0.159 | 0.841 |
| 1:35-1st |  | 21 | 23 | 0.159 | 0.841 |
| 1:21-1st |  | 21 | 23 | 0.146 | 0.854 |
| 1:12-1st |  | 21 | 25 | 0.132 | 0.868 |
| 57.1-1st |  | 23 | 25 | 0.148 | 0.852 |
| 37.1-1st |  | 23 | 27 | 0.134 | 0.866 |
| 26.1-1st |  | 23 | 27 | 0.125 | 0.875 |
| 23.0-1st |  | 23 | 27 | 0.123 | 0.877 |
| 0.1-1st |  | 23 | 27 | 0.139 | 0.861 |
| 0.0-1st |  | 23 | 27 | 0.132 | 0.868 |
| 12:00-2nd |  | 23 | 27 | 0.132 | 0.868 |
| 11:48-2nd |  | 23 | 27 | 0.127 | 0.873 |
| 11:43-2nd |  | 23 | 27 | 0.124 | 0.876 |
| 11:31-2nd |  | 23 | 30 | 0.102 | 0.898 |
| 11:18-2nd |  | 23 | 30 | 0.094 | 0.906 |
| 11:15-2nd |  | 23 | 30 | 0.103 | 0.897 |
| 11:14-2nd |  | 23 | 30 | 0.092 | 0.908 |
| 11:07-2nd |  | 23 | 32 | 0.082 | 0.918 |
| 10:55-2nd |  | 23 | 32 | 0.076 | 0.924 |
| 10:51-2nd |  | 23 | 32 | 0.083 | 0.917 |
| 10:41-2nd |  | 23 | 32 | 0.074 | 0.926 |
| 10:37-2nd |  | 23 | 36 | 0.052 | 0.948 |
| 10:24-2nd |  | 23 | 36 | 0.047 | 0.953 |
| 10:22-2nd |  | 23 | 36 | 0.046 | 0.954 |
| 10:11-2nd |  | 23 | 38 | 0.04 | 0.96 |
| 9:52-2nd |  | 25 | 38 | 0.046 | 0.954 |
| 9:35-2nd |  | 25 | 40 | 0.041 | 0.959 |
| 9:22-2nd |  | 25 | 40 | 0.036 | 0.964 |
| 9:10-2nd |  | 25 | 40 | 0.04 | 0.96 |
| 9:07-2nd |  | 25 | 40 | 0.036 | 0.964 |
| 8:58-2nd |  | 25 | 40 | 0.041 | 0.959 |
| 8:52-2nd |  | 25 | 40 | 0.036 | 0.964 |
| 8:47-2nd |  | 25 | 40 | 0.04 | 0.96 |
| 8:44-2nd |  | 25 | 40 | 0.041 | 0.959 |
| 8:42-2nd |  | 25 | 40 | 0.037 | 0.963 |
| 8:40-2nd |  | 25 | 40 | 0.036 | 0.964 |
| 8:30-2nd |  | 25 | 42 | 0.031 | 0.969 |
| 8:09-2nd |  | 25 | 42 | 0.028 | 0.972 |
| 8:04-2nd |  | 25 | 42 | 0.027 | 0.973 |
| 7:56-2nd |  | 25 | 42 | 0.031 | 0.969 |
| 7:42-2nd |  | 25 | 42 | 0.031 | 0.969 |
| 7:29-2nd |  | 25 | 42 | 0.027 | 0.973 |
| 7:26-2nd |  | 25 | 42 | 0.031 | 0.969 |
| 7:22-2nd |  | 28 | 42 | 0.042 | 0.958 |
| 7:14-2nd |  | 28 | 42 | 0.046 | 0.954 |
| 7:11-2nd |  | 28 | 42 | 0.048 | 0.952 |
| 7:09-2nd |  | 28 | 42 | 0.044 | 0.956 |
| 7:04-2nd |  | 28 | 42 | 0.042 | 0.958 |
| 6:48-2nd |  | 28 | 42 | 0.046 | 0.954 |
| 6:44-2nd |  | 28 | 42 | 0.048 | 0.952 |
| 6:31-2nd |  | 28 | 42 | 0.044 | 0.956 |
| 6:28-2nd |  | 28 | 42 | 0.042 | 0.958 |
| 6:26-2nd |  | 28 | 46 | 0.027 | 0.973 |
| 6:09-2nd |  | 30 | 46 | 0.031 | 0.969 |
| 5:53-2nd |  | 30 | 46 | 0.035 | 0.965 |
| 5:50-2nd |  | 30 | 46 | 0.037 | 0.963 |
| 5:47-2nd |  | 30 | 46 | 0.031 | 0.969 |
| 5:28-2nd |  | 30 | 48 | 0.027 | 0.973 |
| 5:06-2nd |  | 30 | 48 | 0.024 | 0.976 |
| 5:05-2nd |  | 30 | 48 | 0.027 | 0.973 |
| 5:03-2nd |  | 30 | 48 | 0.023 | 0.977 |
| 4:44-2nd |  | 30 | 48 | 0.026 | 0.974 |
| 4:41-2nd |  | 30 | 48 | 0.027 | 0.973 |
| 4:35-2nd |  | 32 | 48 | 0.031 | 0.969 |
| 4:11-2nd |  | 32 | 48 | 0.035 | 0.965 |
| 4:08-2nd |  | 32 | 48 | 0.037 | 0.963 |
| 4:00-2nd |  | 34 | 48 | 0.042 | 0.958 |
| 3:48-2nd |  | 34 | 48 | 0.047 | 0.953 |
| 3:45-2nd |  | 34 | 48 | 0.049 | 0.951 |
| 3:37-2nd |  | 34 | 48 | 0.044 | 0.956 |
| 3:34-2nd |  | 34 | 48 | 0.042 | 0.958 |
| 3:25-2nd |  | 34 | 51 | 0.031 | 0.969 |
| 3:03-2nd |  | 34 | 51 | 0.026 | 0.974 |
| 2:57-2nd |  | 34 | 51 | 0.029 | 0.971 |
| 2:54-2nd |  | 34 | 51 | 0.03 | 0.97 |
| 2:50-2nd |  | 34 | 51 | 0.026 | 0.974 |
| 2:30-2nd |  | 34 | 51 | 0.029 | 0.971 |
| 2:25-2nd |  | 34 | 51 | 0.03 | 0.97 |
| 2:20-2nd |  | 34 | 51 | 0.027 | 0.973 |
| 2:16-2nd |  | 34 | 51 | 0.025 | 0.975 |
| 2:09-2nd |  | 34 | 51 | 0.029 | 0.971 |
| 2:05-2nd |  | 34 | 51 | 0.03 | 0.97 |
| 1:43-2nd |  | 34 | 51 | 0.03 | 0.97 |
| 1:38-2nd |  | 34 | 51 | 0.026 | 0.974 |
| 1:36-2nd |  | 34 | 51 | 0.025 | 0.975 |
| 1:26-2nd |  | 34 | 54 | 0.017 | 0.983 |
| 1:16-2nd |  | 34 | 54 | 0.015 | 0.985 |
| 1:14-2nd |  | 34 | 54 | 0.015 | 0.985 |
| 1:07-2nd |  | 34 | 56 | 0.012 | 0.988 |
| 52.0-2nd |  | 34 | 56 | 0.01 | 0.99 |
| 49.1-2nd |  | 34 | 58 | 0.008 | 0.992 |
| 42.1-2nd |  | 37 | 58 | 0.012 | 0.988 |
| 31.1-2nd |  | 37 | 58 | 0.014 | 0.986 |
| 29.0-2nd |  | 37 | 58 | 0.014 | 0.986 |
| 12.0-2nd |  | 39 | 58 | 0.017 | 0.983 |
| 3.1-2nd |  | 39 | 58 | 0.02 | 0.98 |
| 0.0-2nd |  | 39 | 58 | 0.019 | 0.981 |
| 12:00-3rd |  | 39 | 58 | 0.019 | 0.981 |
| 11:41-3rd |  | 39 | 58 | 0.017 | 0.983 |
| 11:37-3rd |  | 39 | 58 | 0.016 | 0.984 |
| 11:28-3rd |  | 39 | 60 | 0.014 | 0.986 |
| 11:18-3rd |  | 39 | 60 | 0.012 | 0.988 |
| 11:13-3rd |  | 41 | 60 | 0.016 | 0.984 |
| 10:58-3rd |  | 41 | 60 | 0.019 | 0.981 |
| 10:55-3rd |  | 41 | 60 | 0.019 | 0.981 |
| 10:54-3rd |  | 41 | 60 | 0.016 | 0.984 |
| 10:50-3rd |  | 41 | 62 | 0.013 | 0.987 |
| 10:44-3rd |  | 43 | 62 | 0.016 | 0.984 |
| 10:31-3rd |  | 43 | 62 | 0.018 | 0.982 |
| 10:26-3rd |  | 43 | 62 | 0.016 | 0.984 |
| 10:20-3rd |  | 43 | 62 | 0.018 | 0.982 |
| 10:17-3rd |  | 43 | 62 | 0.015 | 0.985 |
| 10:13-3rd |  | 43 | 65 | 0.01 | 0.99 |
| 9:57-3rd |  | 43 | 65 | 0.008 | 0.992 |
| 9:53-3rd |  | 43 | 65 | 0.008 | 0.992 |
| 9:42-3rd |  | 43 | 67 | 0.006 | 0.994 |
| 9:31-3rd |  | 45 | 67 | 0.008 | 0.992 |
| 9:14-3rd |  | 45 | 67 | 0.009 | 0.991 |
| 9:12-3rd |  | 45 | 67 | 0.009 | 0.991 |
| 9:05-3rd |  | 45 | 67 | 0.008 | 0.992 |
| 9:02-3rd |  | 45 | 67 | 0.007 | 0.993 |
| 8:52-3rd |  | 45 | 67 | 0.009 | 0.991 |
| 8:50-3rd |  | 45 | 67 | 0.007 | 0.993 |
| 8:43-3rd |  | 45 | 67 | 0.009 | 0.991 |
| 8:39-3rd |  | 45 | 67 | 0.009 | 0.991 |
| 8:29-3rd |  | 45 | 67 | 0.008 | 0.992 |
| 8:26-3rd |  | 45 | 67 | 0.007 | 0.993 |
| 8:25-3rd |  | 45 | 69 | 0.006 | 0.994 |
| 8:12-3rd |  | 45 | 69 | 0.005 | 0.995 |
| 8:06-3rd |  | 45 | 69 | 0.005 | 0.995 |
| 8:04-3rd |  | 45 | 69 | 0.005 | 0.995 |
| 7:52-3rd |  | 45 | 69 | 0.005 | 0.995 |
| 7:47-3rd |  | 45 | 69 | 0.005 | 0.995 |
| 7:44-3rd |  | 47 | 69 | 0.007 | 0.993 |
| 7:27-3rd |  | 47 | 69 | 0.008 | 0.992 |
| 7:24-3rd |  | 47 | 69 | 0.008 | 0.992 |
| 7:13-3rd |  | 47 | 69 | 0.007 | 0.993 |
| 7:12-3rd |  | 47 | 69 | 0.008 | 0.992 |
| 7:10-3rd |  | 49 | 69 | 0.01 | 0.99 |
| 6:52-3rd |  | 49 | 69 | 0.012 | 0.988 |
| 6:48-3rd |  | 49 | 69 | 0.012 | 0.988 |
| 6:45-3rd |  | 49 | 69 | 0.01 | 0.99 |
| 6:42-3rd |  | 49 | 69 | 0.01 | 0.99 |
| 6:38-3rd |  | 49 | 69 | 0.01 | 0.99 |
| 6:28-3rd |  | 49 | 69 | 0.011 | 0.989 |
| 6:25-3rd |  | 49 | 69 | 0.012 | 0.988 |
| 6:06-3rd |  | 49 | 69 | 0.01 | 0.99 |
| 6:03-3rd |  | 49 | 69 | 0.009 | 0.991 |
| 5:52-3rd |  | 49 | 71 | 0.007 | 0.993 |
| 5:32-3rd |  | 49 | 71 | 0.005 | 0.995 |
| 5:12-3rd |  | 49 | 71 | 0.006 | 0.994 |
| 5:05-3rd |  | 49 | 73 | 0.004 | 0.996 |
| 4:56-3rd |  | 49 | 73 | 0.003 | 0.997 |
| 4:54-3rd |  | 49 | 73 | 0.004 | 0.996 |
| 4:49-3rd |  | 52 | 73 | 0.006 | 0.994 |
| 4:26-3rd |  | 52 | 73 | 0.007 | 0.993 |
| 4:24-3rd |  | 52 | 73 | 0.008 | 0.992 |
| 4:19-3rd |  | 54 | 73 | 0.01 | 0.99 |
| 3:53-3rd |  | 54 | 73 | 0.011 | 0.989 |
| 3:49-3rd |  | 54 | 75 | 0.007 | 0.993 |
| 3:47-3rd |  | 56 | 75 | 0.009 | 0.991 |
| 3:26-3rd |  | 56 | 75 | 0.011 | 0.989 |
| 3:21-3rd |  | 56 | 75 | 0.009 | 0.991 |
| 3:17-3rd |  | 56 | 75 | 0.009 | 0.991 |
| 3:10-3rd |  | 56 | 75 | 0.011 | 0.989 |
| 3:05-3rd |  | 58 | 75 | 0.014 | 0.986 |
| 2:46-3rd |  | 58 | 75 | 0.018 | 0.982 |
| 2:24-3rd |  | 58 | 75 | 0.013 | 0.987 |
| 2:14-3rd |  | 58 | 75 | 0.016 | 0.984 |
| 2:10-3rd |  | 58 | 75 | 0.017 | 0.983 |
| 1:48-3rd |  | 58 | 75 | 0.013 | 0.987 |
| 1:44-3rd |  | 58 | 75 | 0.016 | 0.984 |
| 1:40-3rd |  | 58 | 75 | 0.013 | 0.987 |
| 1:39-3rd |  | 58 | 75 | 0.023 | 0.977 |
| 1:33-3rd |  | 58 | 75 | 0.012 | 0.988 |
| 1:30-3rd |  | 58 | 75 | 0.015 | 0.985 |
| 1:18-3rd |  | 58 | 75 | 0.012 | 0.988 |
| 1:17-3rd |  | 58 | 75 | 0.015 | 0.985 |
| 1:13-3rd |  | 60 | 75 | 0.02 | 0.98 |
| 58.0-3rd |  | 60 | 75 | 0.023 | 0.977 |
| 55.0-3rd |  | 60 | 75 | 0.024 | 0.976 |
| 47.1-3rd |  | 62 | 75 | 0.031 | 0.969 |
| 29.0-3rd |  | 62 | 75 | 0.036 | 0.964 |
| 24.1-3rd |  | 62 | 75 | 0.038 | 0.962 |
| 3.2-3rd |  | 62 | 75 | 0.031 | 0.969 |
| 1.1-3rd |  | 62 | 75 | 0.029 | 0.971 |
| 0.1-3rd |  | 62 | 78 | 0.019 | 0.981 |
| 0.0-3rd |  | 62 | 78 | 0.017 | 0.983 |
| 12:00-4th |  | 62 | 78 | 0.017 | 0.983 |
| 11:48-4th |  | 62 | 78 | 0.015 | 0.985 |
| 11:45-4th |  | 62 | 78 | 0.015 | 0.985 |
| 11:40-4th |  | 62 | 78 | 0.012 | 0.988 |
| 11:28-4th |  | 62 | 80 | 0.008 | 0.992 |
| 11:05-4th |  | 64 | 80 | 0.011 | 0.989 |
| 10:53-4th |  | 64 | 80 | 0.013 | 0.987 |
| 10:51-4th |  | 64 | 80 | 0.011 | 0.989 |
| 10:48-4th |  | 64 | 83 | 0.006 | 0.994 |
| 10:19-4th |  | 67 | 83 | 0.01 | 0.99 |
| 9:58-4th |  | 67 | 83 | 0.011 | 0.989 |
| 9:54-4th |  | 67 | 83 | 0.012 | 0.988 |
| 9:47-4th |  | 70 | 83 | 0.022 | 0.978 |
| 9:20-4th |  | 70 | 83 | 0.027 | 0.973 |
| 9:17-4th |  | 70 | 83 | 0.029 | 0.971 |
| 9:10-4th |  | 70 | 83 | 0.022 | 0.978 |
| 9:06-4th |  | 70 | 83 | 0.02 | 0.98 |
| 8:58-4th |  | 70 | 85 | 0.014 | 0.986 |
| 8:37-4th |  | 70 | 85 | 0.01 | 0.99 |
| 8:30-4th |  | 72 | 85 | 0.018 | 0.982 |
| 8:21-4th |  | 72 | 85 | 0.022 | 0.978 |
| 8:17-4th |  | 72 | 85 | 0.017 | 0.983 |
| 8:12-4th |  | 72 | 85 | 0.021 | 0.979 |
| 8:08-4th |  | 72 | 85 | 0.023 | 0.977 |
| 7:58-4th |  | 72 | 85 | 0.017 | 0.983 |
| 7:53-4th |  | 72 | 85 | 0.017 | 0.983 |
| 7:50-4th |  | 72 | 85 | 0.015 | 0.985 |
| 7:48-4th |  | 72 | 85 | 0.022 | 0.978 |
| 7:46-4th |  | 72 | 85 | 0.017 | 0.983 |
| 7:44-4th |  | 72 | 85 | 0.021 | 0.979 |
| 7:42-4th |  | 75 | 85 | 0.04 | 0.96 |
| 7:41-4th |  | 75 | 85 | 0.04 | 0.96 |
| 7:22-4th |  | 75 | 85 | 0.049 | 0.951 |
| 7:18-4th |  | 75 | 85 | 0.052 | 0.948 |
| 7:06-4th |  | 75 | 85 | 0.04 | 0.96 |
| 7:02-4th |  | 75 | 85 | 0.037 | 0.963 |
| 6:39-4th |  | 75 | 85 | 0.044 | 0.956 |
| 6:37-4th |  | 75 | 85 | 0.047 | 0.953 |
| 6:31-4th |  | 75 | 85 | 0.037 | 0.963 |
| 6:29-4th |  | 75 | 85 | 0.034 | 0.966 |
| 6:24-4th |  | 75 | 85 | 0.043 | 0.957 |
| 6:19-4th |  | 75 | 85 | 0.045 | 0.955 |
| 6:12-4th |  | 75 | 85 | 0.035 | 0.965 |
| 6:10-4th |  | 75 | 85 | 0.032 | 0.968 |
| 6:01-4th |  | 75 | 86 | 0.029 | 0.971 |
| 5:42-4th |  | 75 | 86 | 0.02 | 0.98 |
| 5:29-4th |  | 75 | 86 | 0.026 | 0.974 |
| 5:13-4th |  | 75 | 86 | 0.019 | 0.981 |
| 5:11-4th |  | 75 | 86 | 0.025 | 0.975 |
| 5:00-4th |  | 75 | 86 | 0.017 | 0.983 |
| 4:41-4th |  | 75 | 88 | 0.009 | 0.991 |
| 4:17-4th |  | 75 | 88 | 0.006 | 0.994 |
| 4:14-4th |  | 75 | 88 | 0.005 | 0.995 |
| 3:54-4th |  | 75 | 91 | 0.001 | 0.999 |
| 3:38-4th |  | 75 | 91 | 0.001 | 0.999 |
| 3:37-4th |  | 75 | 91 | 0.001 | 0.999 |
| 3:27-4th |  | 77 | 91 | 0.002 | 0.998 |
| 3:11-4th |  | 77 | 93 | 0.001 | 0.999 |
| 3:03-4th |  | 77 | 93 | 0.001 | 0.999 |
| 2:56-4th |  | 77 | 93 | 0.001 | 0.999 |
| 2:52-4th |  | 77 | 93 | 0.001 | 0.999 |
| 2:36-4th |  | 77 | 93 | 0.001 | 0.999 |
| 2:12-4th |  | 77 | 95 | 0.001 | 0.999 |
| 2:00-4th |  | 78 | 95 | 0.001 | 0.999 |
| 1:56-4th |  | 78 | 95 | 0.001 | 0.999 |
| 1:43-4th |  | 78 | 97 | 0.001 | 0.999 |
| 1:34-4th |  | 78 | 97 | 0.001 | 0.999 |
| 1:29-4th |  | 78 | 97 | 0.001 | 0.999 |
| 1:24-4th |  | 78 | 97 | 0.001 | 0.999 |
| 1:19-4th |  | 78 | 99 | 0.001 | 0.999 |
| 1:13-4th |  | 80 | 99 | 0.001 | 0.999 |
| 1:00-4th |  | 80 | 99 | 0.001 | 0.999 |
| 57.1-4th |  | 80 | 99 | 0.001 | 0.999 |
| 49.0-4th |  | 82 | 99 | 0.001 | 0.999 |
| 35.0-4th |  | 82 | 101 | 0.001 | 0.999 |
| 23.0-4th |  | 84 | 101 | 0.001 | 0.999 |
| 0.0-4th |  | 84 | 101 | 0.0 | 1.0 |

Question

Which event most likely happened at the marked missing position?

Answer Choices

A. Player 18 (Team A) makes 24-foot three point jumper (Player 16 (Team A) assists)
B. Player 19 (Team A) out of bounds bad pass turnover
C. Player 2 (Team A) makes 24-foot three point jumper (Player 18 (Team B) assists)
D. Player 15 (Team A) makes 27-foot three point shot (Player 18 (Team A) assists)

Response Format

Return exactly one JSON object:

{
  "answer": "<A|B|C|D>",
  "rationale": "<brief evidence-based justification in 1-3 sentences>",
  "evidence_event_ids": [],
  "evidence_series_times": []
}

Use only event IDs and time labels that are provided above and that support the answer. Use an empty array when the corresponding evidence type is unavailable or unused. Return only the JSON object.
