Task

Reconstruct the missing event in this basketball game. Use the available numerical time-series evidence around the marked row to select the most likely event.

Game

Team A versus Team B, season 22-23.

Time Series

| Game time | Marker | Team A score | Team B score | Team A win probability | Team B win probability |
| --- | --- | --- | --- | --- | --- |
| 12:00-1st |  | 0 | 0 | 0.382 | 0.618 |
| 11:44-1st |  | 0 | 2 | 0.357 | 0.643 |
| 11:30-1st |  | 2 | 2 | 0.382 | 0.618 |
| 11:13-1st |  | 2 | 4 | 0.358 | 0.642 |
| 10:51-1st |  | 4 | 4 | 0.384 | 0.616 |
| 10:32-1st |  | 4 | 4 | 0.407 | 0.593 |
| 10:28-1st |  | 4 | 4 | 0.401 | 0.599 |
| 10:25-1st |  | 4 | 4 | 0.407 | 0.593 |
| 10:20-1st |  | 4 | 4 | 0.39 | 0.61 |
| 10:18-1st |  | 4 | 4 | 0.385 | 0.615 |
| 10:05-1st |  | 4 | 6 | 0.36 | 0.64 |
| 9:51-1st |  | 4 | 6 | 0.36 | 0.64 |
| 9:45-1st |  | 4 | 6 | 0.342 | 0.658 |
| 9:43-1st |  | 4 | 6 | 0.36 | 0.64 |
| 9:41-1st |  | 4 | 6 | 0.342 | 0.658 |
| 9:39-1st |  | 4 | 6 | 0.336 | 0.664 |
| 9:29-1st |  | 4 | 8 | 0.315 | 0.685 |
| 9:11-1st |  | 6 | 8 | 0.337 | 0.663 |
| 9:05-1st |  | 6 | 11 | 0.294 | 0.706 |
| 8:53-1st |  | 6 | 11 | 0.277 | 0.723 |
| 8:52-1st |  | 6 | 11 | 0.271 | 0.729 |
| 8:47-1st |  | 6 | 11 | 0.294 | 0.706 |
| 8:40-1st |  | 8 | 11 | 0.315 | 0.685 |
| 8:26-1st |  | 8 | 11 | 0.317 | 0.683 |
| 8:19-1st |  | 8 | 14 | 0.274 | 0.726 |
| 7:56-1st |  | 11 | 14 | 0.317 | 0.683 |
| 7:33-1st |  | 11 | 14 | 0.334 | 0.666 |
| 7:31-1st |  | 11 | 14 | 0.339 | 0.661 |
| 7:22-1st |  | 11 | 14 | 0.323 | 0.677 |
| 7:21-1st |  | 11 | 14 | 0.317 | 0.683 |
| 7:10-1st |  | 11 | 14 | 0.334 | 0.666 |
| 7:09-1st |  | 11 | 14 | 0.317 | 0.683 |
| 7:02-1st |  | 11 | 14 | 0.342 | 0.658 |
| 6:59-1st |  | 11 | 14 | 0.342 | 0.658 |
| 6:49-1st |  | 11 | 14 | 0.324 | 0.676 |
| 6:45-1st |  | 11 | 14 | 0.319 | 0.681 |
| 6:37-1st |  | 11 | 14 | 0.342 | 0.658 |
| 6:16-1st |  | 11 | 14 | 0.325 | 0.675 |
| 6:15-1st |  | 11 | 14 | 0.286 | 0.714 |
| 6:03-1st |  | 11 | 17 | 0.274 | 0.726 |
| 5:51-1st |  | 11 | 17 | 0.258 | 0.742 |
| 5:50-1st |  | 11 | 17 | 0.252 | 0.748 |
| 5:29-1st |  | 11 | 17 | 0.269 | 0.731 |
| 5:28-1st |  | 11 | 17 | 0.274 | 0.726 |
| 5:18-1st |  | 13 | 17 | 0.296 | 0.704 |
| 5:02-1st |  | 13 | 19 | 0.274 | 0.726 |
| 4:51-1st |  | 15 | 19 | 0.296 | 0.704 |
| 4:38-1st |  | 15 | 19 | 0.321 | 0.679 |
| 4:33-1st |  | 15 | 19 | 0.321 | 0.679 |
| 4:22-1st |  | 18 | 19 | 0.369 | 0.631 |
| 4:11-1st |  | 18 | 22 | 0.322 | 0.678 |
| 4:01-1st |  | 18 | 22 | 0.303 | 0.697 |
| 3:59-1st |  | 18 | 22 | 0.297 | 0.703 |
| 3:55-1st |  | 18 | 25 | 0.252 | 0.748 |
| 3:45-1st |  | 20 | 25 | 0.275 | 0.725 |
| 3:19-1st |  | 20 | 25 | 0.293 | 0.707 |
| 3:18-1st |  | 20 | 26 | 0.275 | 0.725 |
| 3:15-1st | TARGET | 20 | 29 | 0.21 | 0.79 |
| 2:50-1st |  | 20 | 29 | 0.196 | 0.804 |
| 2:47-1st |  | 20 | 29 | 0.192 | 0.808 |
| 2:39-1st |  | 20 | 29 | 0.209 | 0.791 |
| 2:35-1st |  | 20 | 29 | 0.191 | 0.809 |
| 2:33-1st |  | 20 | 29 | 0.191 | 0.809 |
| 2:21-1st |  | 20 | 30 | 0.192 | 0.808 |
| 2:20-1st |  | 20 | 30 | 0.223 | 0.777 |
| 1:59-1st |  | 20 | 30 | 0.178 | 0.822 |
| 1:55-1st |  | 22 | 30 | 0.21 | 0.79 |
| 1:35-1st |  | 22 | 30 | 0.227 | 0.773 |
| 1:33-1st |  | 22 | 30 | 0.209 | 0.791 |
| 1:30-1st |  | 22 | 30 | 0.227 | 0.773 |
| 1:25-1st |  | 22 | 32 | 0.192 | 0.808 |
| 1:12-1st |  | 22 | 32 | 0.177 | 0.823 |
| 1:10-1st |  | 22 | 32 | 0.172 | 0.828 |
| 1:08-1st |  | 22 | 33 | 0.174 | 0.826 |
| 1:05-1st |  | 22 | 33 | 0.173 | 0.827 |
| 48.1-1st |  | 25 | 33 | 0.208 | 0.792 |
| 34.1-1st |  | 25 | 33 | 0.227 | 0.773 |
| 32.1-1st |  | 25 | 33 | 0.233 | 0.767 |
| 25.1-1st |  | 27 | 33 | 0.253 | 0.747 |
| 2.1-1st |  | 27 | 33 | 0.275 | 0.725 |
| 0.0-1st |  | 27 | 33 | 0.264 | 0.736 |
| 12:00-2nd |  | 27 | 33 | 0.264 | 0.736 |
| 11:46-2nd |  | 27 | 33 | 0.257 | 0.743 |
| 11:44-2nd |  | 27 | 33 | 0.251 | 0.749 |
| 11:37-2nd |  | 27 | 33 | 0.269 | 0.731 |
| 11:34-2nd |  | 27 | 33 | 0.275 | 0.725 |
| 11:29-2nd |  | 27 | 33 | 0.274 | 0.726 |
| 11:20-2nd |  | 27 | 33 | 0.249 | 0.751 |
| 11:08-2nd |  | 27 | 33 | 0.274 | 0.726 |
| 10:54-2nd |  | 29 | 33 | 0.297 | 0.703 |
| 10:39-2nd |  | 29 | 33 | 0.317 | 0.683 |
| 10:35-2nd |  | 29 | 33 | 0.324 | 0.676 |
| 10:29-2nd |  | 29 | 33 | 0.303 | 0.697 |
| 10:26-2nd |  | 29 | 33 | 0.297 | 0.703 |
| 10:11-2nd |  | 29 | 35 | 0.274 | 0.726 |
| 9:50-2nd |  | 29 | 35 | 0.255 | 0.745 |
| 9:48-2nd |  | 29 | 35 | 0.248 | 0.752 |
| 9:36-2nd |  | 29 | 38 | 0.207 | 0.793 |
| 9:19-2nd |  | 29 | 38 | 0.19 | 0.81 |
| 9:18-2nd |  | 29 | 38 | 0.185 | 0.815 |
| 9:13-2nd |  | 29 | 38 | 0.201 | 0.799 |
| 9:10-2nd |  | 29 | 38 | 0.206 | 0.794 |
| 9:03-2nd |  | 29 | 38 | 0.19 | 0.81 |
| 9:01-2nd |  | 29 | 38 | 0.184 | 0.816 |
| 8:48-2nd |  | 29 | 38 | 0.2 | 0.8 |
| 8:46-2nd |  | 29 | 38 | 0.205 | 0.795 |
| 8:44-2nd |  | 31 | 38 | 0.225 | 0.775 |
| 8:31-2nd |  | 31 | 38 | 0.249 | 0.751 |
| 8:22-2nd |  | 33 | 38 | 0.274 | 0.726 |
| 8:20-2nd |  | 33 | 38 | 0.274 | 0.726 |
| 8:06-2nd |  | 33 | 38 | 0.293 | 0.707 |
| 8:04-2nd |  | 33 | 38 | 0.3 | 0.7 |
| 7:53-2nd |  | 33 | 38 | 0.274 | 0.726 |
| 7:49-2nd |  | 33 | 41 | 0.228 | 0.772 |
| 7:31-2nd |  | 35 | 41 | 0.247 | 0.753 |
| 7:19-2nd |  | 35 | 41 | 0.267 | 0.733 |
| 7:18-2nd |  | 35 | 41 | 0.247 | 0.753 |
| 7:16-2nd |  | 35 | 43 | 0.228 | 0.772 |
| 7:00-2nd |  | 37 | 43 | 0.247 | 0.753 |
| 6:36-2nd |  | 37 | 45 | 0.227 | 0.773 |
| 6:21-2nd |  | 39 | 45 | 0.246 | 0.754 |
| 6:05-2nd |  | 39 | 47 | 0.226 | 0.774 |
| 5:52-2nd |  | 41 | 47 | 0.246 | 0.754 |
| 5:37-2nd |  | 41 | 50 | 0.2 | 0.8 |
| 5:26-2nd |  | 41 | 50 | 0.178 | 0.822 |
| 5:20-2nd |  | 41 | 50 | 0.18 | 0.82 |
| 5:08-2nd |  | 41 | 53 | 0.142 | 0.858 |
| 5:00-2nd |  | 44 | 53 | 0.178 | 0.822 |
| 4:46-2nd |  | 44 | 56 | 0.141 | 0.859 |
| 4:24-2nd |  | 46 | 56 | 0.157 | 0.843 |
| 4:14-2nd |  | 46 | 56 | 0.177 | 0.823 |
| 4:11-2nd |  | 46 | 56 | 0.158 | 0.842 |
| 4:09-2nd |  | 46 | 56 | 0.158 | 0.842 |
| 3:59-2nd |  | 46 | 56 | 0.172 | 0.828 |
| 3:55-2nd |  | 46 | 56 | 0.177 | 0.823 |
| 3:49-2nd |  | 46 | 56 | 0.162 | 0.838 |
| 3:46-2nd |  | 46 | 56 | 0.157 | 0.843 |
| 3:36-2nd |  | 46 | 59 | 0.121 | 0.879 |
| 3:24-2nd |  | 46 | 59 | 0.106 | 0.894 |
| 3:08-2nd |  | 46 | 59 | 0.116 | 0.884 |
| 3:06-2nd |  | 46 | 59 | 0.119 | 0.881 |
| 2:58-2nd |  | 46 | 59 | 0.105 | 0.895 |
| 2:52-2nd |  | 49 | 59 | 0.154 | 0.846 |
| 2:29-2nd |  | 49 | 61 | 0.134 | 0.866 |
| 2:17-2nd |  | 49 | 61 | 0.121 | 0.879 |
| 2:14-2nd |  | 49 | 61 | 0.116 | 0.884 |
| 2:06-2nd |  | 49 | 63 | 0.102 | 0.898 |
| 1:44-2nd |  | 49 | 63 | 0.101 | 0.899 |
| 1:41-2nd |  | 51 | 63 | 0.115 | 0.885 |
| 1:25-2nd |  | 51 | 65 | 0.1 | 0.9 |
| 1:14-2nd |  | 53 | 65 | 0.113 | 0.887 |
| 1:00-2nd |  | 53 | 67 | 0.099 | 0.901 |
| 51.1-2nd |  | 55 | 67 | 0.112 | 0.888 |
| 33.0-2nd |  | 55 | 70 | 0.082 | 0.918 |
| 25.1-2nd |  | 57 | 70 | 0.097 | 0.903 |
| 5.1-2nd |  | 57 | 70 | 0.107 | 0.893 |
| 3.1-2nd |  | 57 | 70 | 0.111 | 0.889 |
| 0.1-2nd |  | 59 | 70 | 0.129 | 0.871 |
| 0.0-2nd |  | 59 | 70 | 0.138 | 0.862 |
| 12:00-3rd |  | 59 | 70 | 0.138 | 0.862 |
| 11:47-3rd |  | 59 | 70 | 0.131 | 0.869 |
| 11:43-3rd |  | 59 | 70 | 0.147 | 0.853 |
| 11:42-3rd |  | 59 | 70 | 0.125 | 0.875 |
| 11:25-3rd |  | 59 | 70 | 0.146 | 0.854 |
| 11:12-3rd |  | 59 | 70 | 0.129 | 0.871 |
| 11:11-3rd |  | 59 | 70 | 0.123 | 0.877 |
| 11:01-3rd |  | 59 | 73 | 0.093 | 0.907 |
| 10:44-3rd |  | 61 | 73 | 0.106 | 0.894 |
| 10:19-3rd |  | 61 | 73 | 0.115 | 0.885 |
| 10:16-3rd |  | 61 | 73 | 0.119 | 0.881 |
| 10:11-3rd |  | 61 | 73 | 0.103 | 0.897 |
| 10:06-3rd |  | 61 | 73 | 0.115 | 0.885 |
| 10:03-3rd |  | 61 | 73 | 0.118 | 0.882 |
| 9:54-3rd |  | 61 | 73 | 0.106 | 0.894 |
| 9:52-3rd |  | 61 | 73 | 0.102 | 0.898 |
| 9:43-3rd |  | 61 | 75 | 0.087 | 0.913 |
| 9:27-3rd |  | 61 | 75 | 0.071 | 0.929 |
| 9:24-3rd |  | 61 | 75 | 0.082 | 0.918 |
| 9:22-3rd |  | 61 | 75 | 0.071 | 0.929 |
| 9:14-3rd |  | 61 | 76 | 0.071 | 0.929 |
| 9:12-3rd |  | 61 | 76 | 0.071 | 0.929 |
| 8:54-3rd |  | 61 | 76 | 0.062 | 0.938 |
| 8:50-3rd |  | 61 | 76 | 0.059 | 0.941 |
| 8:45-3rd |  | 61 | 76 | 0.067 | 0.933 |
| 8:43-3rd |  | 61 | 76 | 0.059 | 0.941 |
| 8:41-3rd |  | 61 | 76 | 0.069 | 0.931 |
| 8:33-3rd |  | 63 | 76 | 0.081 | 0.919 |
| 8:31-3rd |  | 63 | 76 | 0.081 | 0.919 |
| 8:25-3rd |  | 63 | 76 | 0.097 | 0.903 |
| 8:15-3rd |  | 63 | 76 | 0.084 | 0.916 |
| 8:14-3rd |  | 63 | 76 | 0.08 | 0.92 |
| 8:08-3rd |  | 63 | 78 | 0.067 | 0.933 |
| 7:52-3rd |  | 63 | 78 | 0.058 | 0.942 |
| 7:50-3rd |  | 63 | 78 | 0.055 | 0.945 |
| 7:44-3rd |  | 63 | 78 | 0.065 | 0.935 |
| 7:41-3rd |  | 65 | 78 | 0.077 | 0.923 |
| 7:30-3rd |  | 65 | 78 | 0.078 | 0.922 |
| 7:25-3rd |  | 65 | 80 | 0.066 | 0.934 |
| 7:03-3rd |  | 67 | 80 | 0.076 | 0.924 |
| 6:49-3rd |  | 67 | 80 | 0.091 | 0.909 |
| 6:43-3rd |  | 67 | 80 | 0.075 | 0.925 |
| 6:41-3rd |  | 67 | 80 | 0.075 | 0.925 |
| 6:29-3rd |  | 67 | 83 | 0.051 | 0.949 |
| 6:08-3rd |  | 70 | 83 | 0.072 | 0.928 |
| 6:01-3rd |  | 70 | 85 | 0.06 | 0.94 |
| 5:55-3rd |  | 70 | 85 | 0.051 | 0.949 |
| 5:51-3rd |  | 70 | 85 | 0.048 | 0.952 |
| 5:45-3rd |  | 70 | 88 | 0.032 | 0.968 |
| 5:28-3rd |  | 73 | 88 | 0.046 | 0.954 |
| 5:14-3rd |  | 73 | 88 | 0.053 | 0.947 |
| 5:10-3rd |  | 73 | 88 | 0.056 | 0.944 |
| 4:56-3rd |  | 76 | 88 | 0.081 | 0.919 |
| 4:44-3rd |  | 76 | 88 | 0.08 | 0.92 |
| 4:41-3rd |  | 76 | 88 | 0.097 | 0.903 |
| 4:37-3rd |  | 78 | 88 | 0.116 | 0.884 |
| 4:18-3rd |  | 78 | 91 | 0.079 | 0.921 |
| 4:01-3rd |  | 80 | 91 | 0.093 | 0.907 |
| 3:39-3rd |  | 80 | 94 | 0.062 | 0.938 |
| 3:21-3rd |  | 80 | 94 | 0.051 | 0.949 |
| 3:20-3rd |  | 80 | 94 | 0.047 | 0.953 |
| 3:16-3rd |  | 80 | 97 | 0.03 | 0.97 |
| 2:57-3rd |  | 80 | 97 | 0.024 | 0.976 |
| 2:53-3rd |  | 80 | 97 | 0.022 | 0.978 |
| 2:48-3rd |  | 80 | 97 | 0.027 | 0.973 |
| 2:46-3rd |  | 80 | 97 | 0.028 | 0.972 |
| 2:43-3rd |  | 80 | 97 | 0.021 | 0.979 |
| 2:27-3rd |  | 80 | 97 | 0.026 | 0.974 |
| 2:26-3rd |  | 80 | 97 | 0.021 | 0.979 |
| 2:12-3rd |  | 80 | 97 | 0.025 | 0.975 |
| 2:09-3rd |  | 80 | 97 | 0.02 | 0.98 |
| 2:08-3rd |  | 80 | 97 | 0.02 | 0.98 |
| 2:05-3rd |  | 80 | 99 | 0.015 | 0.985 |
| 1:48-3rd |  | 80 | 99 | 0.012 | 0.988 |
| 1:46-3rd |  | 80 | 99 | 0.011 | 0.989 |
| 1:40-3rd |  | 80 | 101 | 0.008 | 0.992 |
| 1:23-3rd |  | 80 | 101 | 0.006 | 0.994 |
| 1:22-3rd |  | 80 | 101 | 0.006 | 0.994 |
| 1:17-3rd |  | 80 | 104 | 0.003 | 0.997 |
| 54.1-3rd |  | 82 | 104 | 0.004 | 0.996 |
| 34.0-3rd |  | 82 | 104 | 0.004 | 0.996 |
| 32.0-3rd |  | 82 | 104 | 0.007 | 0.993 |
| 20.1-3rd |  | 84 | 104 | 0.005 | 0.995 |
| 2.1-3rd |  | 84 | 104 | 0.006 | 0.994 |
| 0.1-3rd |  | 84 | 106 | 0.003 | 0.997 |
| 0.0-3rd |  | 84 | 106 | 0.003 | 0.997 |
| 12:00-4th |  | 84 | 106 | 0.003 | 0.997 |
| 11:44-4th |  | 84 | 108 | 0.002 | 0.998 |
| 11:26-4th |  | 84 | 108 | 0.002 | 0.998 |
| 11:24-4th |  | 84 | 108 | 0.001 | 0.999 |
| 11:18-4th |  | 84 | 110 | 0.001 | 0.999 |
| 11:10-4th |  | 84 | 110 | 0.001 | 0.999 |
| 11:07-4th |  | 84 | 110 | 0.001 | 0.999 |
| 10:56-4th |  | 84 | 110 | 0.001 | 0.999 |
| 10:47-4th |  | 86 | 110 | 0.001 | 0.999 |
| 10:32-4th |  | 86 | 112 | 0.001 | 0.999 |
| 10:20-4th |  | 88 | 112 | 0.001 | 0.999 |
| 10:04-4th |  | 88 | 112 | 0.001 | 0.999 |
| 10:02-4th |  | 88 | 112 | 0.001 | 0.999 |
| 9:58-4th |  | 88 | 112 | 0.001 | 0.999 |
| 9:49-4th |  | 88 | 112 | 0.001 | 0.999 |
| 9:45-4th |  | 88 | 112 | 0.001 | 0.999 |
| 9:36-4th |  | 88 | 115 | 0.001 | 0.999 |
| 9:22-4th |  | 91 | 115 | 0.001 | 0.999 |
| 9:07-4th |  | 91 | 115 | 0.001 | 0.999 |
| 9:06-4th |  | 91 | 115 | 0.001 | 0.999 |
| 9:01-4th |  | 91 | 115 | 0.001 | 0.999 |
| 8:57-4th |  | 91 | 115 | 0.001 | 0.999 |
| 8:38-4th |  | 91 | 115 | 0.001 | 0.999 |
| 8:35-4th |  | 91 | 115 | 0.001 | 0.999 |
| 8:29-4th |  | 93 | 115 | 0.001 | 0.999 |
| 8:09-4th |  | 93 | 115 | 0.001 | 0.999 |
| 8:01-4th |  | 93 | 115 | 0.001 | 0.999 |
| 7:55-4th |  | 93 | 115 | 0.001 | 0.999 |
| 7:51-4th |  | 93 | 115 | 0.001 | 0.999 |
| 7:44-4th |  | 93 | 117 | 0.001 | 0.999 |
| 7:31-4th |  | 93 | 117 | 0.001 | 0.999 |
| 7:29-4th |  | 93 | 117 | 0.001 | 0.999 |
| 7:15-4th |  | 93 | 117 | 0.001 | 0.999 |
| 7:04-4th |  | 93 | 117 | 0.001 | 0.999 |
| 7:02-4th |  | 93 | 117 | 0.001 | 0.999 |
| 6:43-4th |  | 93 | 117 | 0.001 | 0.999 |
| 6:40-4th |  | 93 | 117 | 0.001 | 0.999 |
| 6:35-4th |  | 93 | 117 | 0.001 | 0.999 |
| 6:33-4th |  | 93 | 117 | 0.001 | 0.999 |
| 6:10-4th |  | 93 | 117 | 0.001 | 0.999 |
| 6:08-4th |  | 93 | 117 | 0.001 | 0.999 |
| 6:05-4th |  | 93 | 117 | 0.001 | 0.999 |
| 6:03-4th |  | 93 | 119 | 0.001 | 0.999 |
| 5:58-4th |  | 94 | 119 | 0.001 | 0.999 |
| 5:36-4th |  | 94 | 119 | 0.001 | 0.999 |
| 5:32-4th |  | 94 | 119 | 0.001 | 0.999 |
| 5:28-4th |  | 94 | 119 | 0.001 | 0.999 |
| 5:25-4th |  | 94 | 119 | 0.001 | 0.999 |
| 5:24-4th |  | 94 | 119 | 0.001 | 0.999 |
| 5:20-4th |  | 94 | 119 | 0.001 | 0.999 |
| 5:10-4th |  | 94 | 121 | 0.001 | 0.999 |
| 4:58-4th |  | 97 | 121 | 0.001 | 0.999 |
| 4:35-4th |  | 97 | 123 | 0.001 | 0.999 |
| 4:18-4th |  | 99 | 123 | 0.001 | 0.999 |
| 4:03-4th |  | 99 | 123 | 0.001 | 0.999 |
| 3:52-4th |  | 99 | 123 | 0.001 | 0.999 |
| 3:48-4th |  | 99 | 123 | 0.001 | 0.999 |
| 3:33-4th |  | 101 | 123 | 0.001 | 0.999 |
| 3:18-4th |  | 101 | 123 | 0.001 | 0.999 |
| 3:16-4th |  | 101 | 123 | 0.001 | 0.999 |
| 3:12-4th |  | 104 | 123 | 0.001 | 0.999 |
| 2:52-4th |  | 104 | 126 | 0.001 | 0.999 |
| 2:37-4th |  | 104 | 126 | 0.001 | 0.999 |
| 2:35-4th |  | 104 | 126 | 0.001 | 0.999 |
| 2:20-4th |  | 104 | 126 | 0.001 | 0.999 |
| 2:17-4th |  | 104 | 126 | 0.001 | 0.999 |
| 2:12-4th |  | 104 | 126 | 0.001 | 0.999 |
| 2:09-4th |  | 104 | 126 | 0.001 | 0.999 |
| 1:58-4th |  | 104 | 126 | 0.001 | 0.999 |
| 1:53-4th |  | 104 | 126 | 0.001 | 0.999 |
| 1:50-4th |  | 104 | 126 | 0.001 | 0.999 |
| 1:47-4th |  | 104 | 128 | 0.001 | 0.999 |
| 1:37-4th |  | 104 | 128 | 0.001 | 0.999 |
| 1:32-4th |  | 104 | 128 | 0.001 | 0.999 |
| 1:27-4th |  | 106 | 128 | 0.001 | 0.999 |
| 1:09-4th |  | 106 | 130 | 0.001 | 0.999 |
| 58.0-4th |  | 108 | 130 | 0.001 | 0.999 |
| 46.1-4th |  | 108 | 133 | 0.001 | 0.999 |
| 39.1-4th |  | 110 | 133 | 0.001 | 0.999 |
| 28.1-4th |  | 110 | 133 | 0.001 | 0.999 |
| 24.1-4th |  | 112 | 133 | 0.001 | 0.999 |
| 0.1-4th |  | 112 | 133 | 0.001 | 0.999 |
| 0.0-4th |  | 112 | 133 | 0.0 | 1.0 |

Question

Which event most likely happened at the marked missing position?

Answer Choices

A. Player 10 (Team A) makes 27-foot three point jumper (Player 8 (Team B) assists)
B. Player 3 (Team B) makes 25-foot three point jumper (Player 2 (Team B) assists)
C. Player 10 (Team A) blocks Player 2 (Team A)'s driving layup
D. Player 1 (Team A) makes three pointer (Player 5 (Team B) assists)

Response Format

Return exactly one JSON object:

{
  "answer": "<A|B|C|D>",
  "rationale": "<brief evidence-based justification in 1-3 sentences>",
  "evidence_event_ids": [],
  "evidence_series_times": []
}

Use only event IDs and time labels that are provided above and that support the answer. Use an empty array when the corresponding evidence type is unavailable or unused. Return only the JSON object.
