Task

Reconstruct the missing event in this basketball game. Use the available numerical time-series evidence around the marked row to select the most likely event.

Game

Team A versus Team B, season 22-23.

Time Series

| Game time | Marker | Team A score | Team B score | Team A win probability | Team B win probability |
| --- | --- | --- | --- | --- | --- |
| 12:00-1st |  | 0 | 0 | 0.13 | 0.87 |
| 11:41-1st |  | 0 | 2 | 0.119 | 0.881 |
| 11:17-1st |  | 2 | 2 | 0.133 | 0.867 |
| 11:03-1st |  | 2 | 4 | 0.121 | 0.879 |
| 10:53-1st |  | 4 | 4 | 0.134 | 0.866 |
| 10:51-1st |  | 4 | 4 | 0.134 | 0.866 |
| 10:38-1st |  | 4 | 6 | 0.123 | 0.877 |
| 10:20-1st |  | 6 | 6 | 0.136 | 0.864 |
| 10:07-1st |  | 6 | 8 | 0.125 | 0.875 |
| 9:55-1st |  | 8 | 8 | 0.138 | 0.862 |
| 9:34-1st |  | 8 | 10 | 0.128 | 0.872 |
| 9:23-1st |  | 8 | 10 | 0.12 | 0.88 |
| 9:21-1st |  | 8 | 10 | 0.117 | 0.883 |
| 9:08-1st |  | 8 | 10 | 0.127 | 0.873 |
| 9:03-1st |  | 8 | 10 | 0.13 | 0.87 |
| 8:56-1st |  | 11 | 10 | 0.156 | 0.844 |
| 8:38-1st |  | 11 | 10 | 0.168 | 0.832 |
| 8:31-1st |  | 11 | 12 | 0.145 | 0.855 |
| 8:22-1st |  | 11 | 12 | 0.133 | 0.867 |
| 8:05-1st |  | 13 | 12 | 0.174 | 0.826 |
| 8:02-1st |  | 13 | 12 | 0.164 | 0.836 |
| 8:00-1st |  | 13 | 12 | 0.175 | 0.825 |
| 7:56-1st |  | 15 | 12 | 0.192 | 0.808 |
| 7:37-1st |  | 15 | 12 | 0.207 | 0.793 |
| 7:33-1st |  | 15 | 12 | 0.194 | 0.806 |
| 7:27-1st |  | 15 | 12 | 0.208 | 0.792 |
| 7:26-1st |  | 15 | 12 | 0.212 | 0.788 |
| 7:13-1st |  | 17 | 12 | 0.231 | 0.769 |
| 7:02-1st |  | 17 | 15 | 0.198 | 0.802 |
| 6:48-1st |  | 17 | 15 | 0.187 | 0.813 |
| 6:45-1st |  | 17 | 15 | 0.183 | 0.817 |
| 6:39-1st |  | 17 | 17 | 0.168 | 0.832 |
| 6:28-1st |  | 19 | 17 | 0.184 | 0.816 |
| 6:01-1st |  | 19 | 17 | 0.2 | 0.8 |
| 5:58-1st |  | 19 | 19 | 0.172 | 0.828 |
| 5:45-1st |  | 19 | 19 | 0.158 | 0.842 |
| 5:28-1st |  | 19 | 22 | 0.132 | 0.868 |
| 5:07-1st |  | 19 | 22 | 0.125 | 0.875 |
| 5:05-1st |  | 19 | 22 | 0.122 | 0.878 |
| 4:58-1st |  | 19 | 24 | 0.111 | 0.889 |
| 4:43-1st |  | 19 | 24 | 0.104 | 0.896 |
| 4:41-1st |  | 19 | 24 | 0.101 | 0.899 |
| 4:30-1st |  | 19 | 26 | 0.093 | 0.907 |
| 4:10-1st |  | 19 | 26 | 0.086 | 0.914 |
| 4:08-1st |  | 19 | 26 | 0.083 | 0.917 |
| 3:55-1st |  | 19 | 28 | 0.076 | 0.924 |
| 3:44-1st |  | 21 | 28 | 0.084 | 0.916 |
| 3:32-1st |  | 21 | 28 | 0.093 | 0.907 |
| 3:27-1st |  | 21 | 30 | 0.077 | 0.923 |
| 3:18-1st |  | 21 | 30 | 0.071 | 0.929 |
| 3:17-1st |  | 21 | 30 | 0.069 | 0.931 |
| 3:05-1st |  | 21 | 32 | 0.062 | 0.938 |
| 2:51-1st |  | 24 | 32 | 0.078 | 0.922 |
| 2:36-1st |  | 24 | 32 | 0.088 | 0.912 |
| 2:23-1st |  | 24 | 32 | 0.081 | 0.919 |
| 2:21-1st |  | 24 | 32 | 0.079 | 0.921 |
| 2:20-1st |  | 24 | 34 | 0.071 | 0.929 |
| 2:03-1st |  | 24 | 34 | 0.065 | 0.935 |
| 2:01-1st |  | 24 | 34 | 0.063 | 0.937 |
| 1:57-1st |  | 24 | 36 | 0.057 | 0.943 |
| 1:53-1st |  | 24 | 34 | 0.063 | 0.937 |
| 1:50-1st |  | 24 | 34 | 0.07 | 0.93 |
| 1:48-1st |  | 24 | 36 | 0.057 | 0.943 |
| 1:42-1st |  | 26 | 36 | 0.064 | 0.936 |
| 1:18-1st |  | 26 | 36 | 0.073 | 0.927 |
| 1:01-1st |  | 26 | 36 | 0.067 | 0.933 |
| 59.1-1st |  | 26 | 36 | 0.065 | 0.935 |
| 52.0-1st |  | 26 | 36 | 0.071 | 0.929 |
| 49.0-1st |  | 26 | 36 | 0.074 | 0.926 |
| 42.1-1st |  | 28 | 36 | 0.082 | 0.918 |
| 32.1-1st |  | 28 | 39 | 0.066 | 0.934 |
| 20.1-1st |  | 28 | 39 | 0.06 | 0.94 |
| 17.1-1st |  | 28 | 39 | 0.058 | 0.942 |
| 2.1-1st |  | 28 | 39 | 0.065 | 0.935 |
| 1.1-1st |  | 28 | 39 | 0.067 | 0.933 |
| 0.0-1st |  | 28 | 39 | 0.063 | 0.937 |
| 12:00-2nd |  | 28 | 39 | 0.063 | 0.937 |
| 11:48-2nd |  | 30 | 39 | 0.075 | 0.925 |
| 11:31-2nd |  | 30 | 39 | 0.082 | 0.918 |
| 11:28-2nd |  | 30 | 39 | 0.084 | 0.916 |
| 11:19-2nd |  | 30 | 39 | 0.078 | 0.922 |
| 11:15-2nd |  | 30 | 39 | 0.076 | 0.924 |
| 11:04-2nd |  | 30 | 39 | 0.083 | 0.917 |
| 11:02-2nd |  | 30 | 39 | 0.076 | 0.924 |
| 10:56-2nd |  | 30 | 39 | 0.083 | 0.917 |
| 10:52-2nd |  | 30 | 39 | 0.085 | 0.915 |
| 10:46-2nd |  | 32 | 39 | 0.095 | 0.905 |
| 10:31-2nd |  | 32 | 41 | 0.086 | 0.914 |
| 10:19-2nd |  | 35 | 41 | 0.108 | 0.892 |
| 10:02-2nd |  | 35 | 41 | 0.122 | 0.878 |
| 9:53-2nd |  | 35 | 41 | 0.113 | 0.887 |
| 9:50-2nd |  | 35 | 41 | 0.123 | 0.877 |
| 9:43-2nd |  | 35 | 41 | 0.11 | 0.89 |
| 9:34-2nd |  | 35 | 41 | 0.12 | 0.88 |
| 9:31-2nd |  | 35 | 41 | 0.124 | 0.876 |
| 9:22-2nd |  | 37 | 41 | 0.136 | 0.864 |
| 9:12-2nd |  | 37 | 43 | 0.125 | 0.875 |
| 9:02-2nd |  | 37 | 43 | 0.115 | 0.885 |
| 9:00-2nd |  | 37 | 43 | 0.112 | 0.888 |
| 8:51-2nd |  | 37 | 43 | 0.122 | 0.878 |
| 8:46-2nd |  | 37 | 43 | 0.126 | 0.874 |
| 8:39-2nd |  | 37 | 43 | 0.116 | 0.884 |
| 8:36-2nd |  | 37 | 43 | 0.113 | 0.887 |
| 8:31-2nd |  | 37 | 46 | 0.089 | 0.911 |
| 8:18-2nd |  | 37 | 46 | 0.081 | 0.919 |
| 7:56-2nd |  | 37 | 48 | 0.071 | 0.929 |
| 7:38-2nd |  | 37 | 48 | 0.066 | 0.934 |
| 7:36-2nd |  | 37 | 48 | 0.064 | 0.936 |
| 7:27-2nd |  | 37 | 48 | 0.07 | 0.93 |
| 7:25-2nd |  | 37 | 48 | 0.072 | 0.928 |
| 7:19-2nd |  | 39 | 48 | 0.082 | 0.918 |
| 6:56-2nd |  | 39 | 48 | 0.089 | 0.911 |
| 6:54-2nd |  | 39 | 48 | 0.092 | 0.908 |
| 6:47-2nd |  | 42 | 48 | 0.118 | 0.882 |
| 6:46-2nd |  | 42 | 48 | 0.118 | 0.882 |
| 6:28-2nd |  | 42 | 48 | 0.133 | 0.867 |
| 6:26-2nd |  | 45 | 48 | 0.165 | 0.835 |
| 6:13-2nd |  | 45 | 48 | 0.185 | 0.815 |
| 6:07-2nd |  | 45 | 48 | 0.171 | 0.829 |
| 6:04-2nd |  | 45 | 48 | 0.166 | 0.834 |
| 6:01-2nd |  | 45 | 48 | 0.181 | 0.819 |
| 6:00-2nd |  | 45 | 48 | 0.186 | 0.814 |
| 5:52-2nd |  | 47 | 48 | 0.206 | 0.794 |
| 5:40-2nd |  | 47 | 50 | 0.188 | 0.812 |
| 5:23-2nd |  | 47 | 50 | 0.174 | 0.826 |
| 5:20-2nd |  | 47 | 50 | 0.169 | 0.831 |
| 5:11-2nd |  | 47 | 52 | 0.153 | 0.847 |
| 4:51-2nd |  | 49 | 52 | 0.172 | 0.828 |
| 4:24-2nd |  | 49 | 54 | 0.156 | 0.844 |
| 4:15-2nd |  | 51 | 54 | 0.174 | 0.826 |
| 3:56-2nd |  | 51 | 54 | 0.192 | 0.808 |
| 3:53-2nd |  | 51 | 54 | 0.197 | 0.803 |
| 3:42-2nd |  | 51 | 54 | 0.182 | 0.818 |
| 3:40-2nd |  | 51 | 54 | 0.177 | 0.823 |
| 3:35-2nd |  | 51 | 56 | 0.159 | 0.841 |
| 3:30-2nd |  | 51 | 56 | 0.159 | 0.841 |
| 3:19-2nd |  | 51 | 56 | 0.146 | 0.854 |
| 3:15-2nd |  | 51 | 56 | 0.142 | 0.858 |
| 3:00-2nd |  | 51 | 56 | 0.157 | 0.843 |
| 2:57-2nd |  | 51 | 56 | 0.162 | 0.838 |
| 2:42-2nd |  | 53 | 56 | 0.181 | 0.819 |
| 2:29-2nd |  | 53 | 58 | 0.163 | 0.837 |
| 2:07-2nd |  | 55 | 58 | 0.184 | 0.816 |
| 1:52-2nd |  | 55 | 58 | 0.202 | 0.798 |
| 1:49-2nd |  | 55 | 58 | 0.208 | 0.792 |
| 1:41-2nd |  | 55 | 58 | 0.191 | 0.809 |
| 1:39-2nd |  | 55 | 58 | 0.209 | 0.791 |
| 1:38-2nd |  | 55 | 58 | 0.192 | 0.808 |
| 1:36-2nd |  | 55 | 58 | 0.186 | 0.814 |
| 1:33-2nd |  | 55 | 60 | 0.167 | 0.833 |
| 1:22-2nd |  | 57 | 60 | 0.188 | 0.812 |
| 1:06-2nd |  | 57 | 60 | 0.207 | 0.793 |
| 1:04-2nd |  | 57 | 60 | 0.213 | 0.787 |
| 57.0-2nd |  | 57 | 60 | 0.196 | 0.804 |
| 55.1-2nd |  | 57 | 60 | 0.19 | 0.81 |
| 50.1-2nd |  | 57 | 60 | 0.208 | 0.792 |
| 48.1-2nd |  | 57 | 60 | 0.214 | 0.786 |
| 42.1-2nd |  | 59 | 60 | 0.24 | 0.76 |
| 33.1-2nd |  | 59 | 62 | 0.216 | 0.784 |
| 14.1-2nd |  | 59 | 62 | 0.192 | 0.808 |
| 1.1-2nd |  | 59 | 62 | 0.216 | 0.784 |
| 0.0-2nd |  | 59 | 62 | 0.207 | 0.793 |
| 12:00-3rd |  | 59 | 62 | 0.207 | 0.793 |
| 11:43-3rd |  | 59 | 62 | 0.2 | 0.8 |
| 11:38-3rd |  | 61 | 62 | 0.243 | 0.757 |
| 11:17-3rd |  | 61 | 64 | 0.22 | 0.78 |
| 10:58-3rd |  | 61 | 64 | 0.203 | 0.797 |
| 10:56-3rd |  | 61 | 64 | 0.197 | 0.803 |
| 10:51-3rd |  | 61 | 67 | 0.154 | 0.846 |
| 10:50-3rd |  | 61 | 67 | 0.155 | 0.845 |
| 10:34-3rd |  | 63 | 67 | 0.176 | 0.824 |
| 10:10-3rd |  | 63 | 67 | 0.196 | 0.804 |
| 10:08-3rd |  | 63 | 67 | 0.203 | 0.797 |
| 10:00-3rd |  | 63 | 67 | 0.184 | 0.816 |
| 9:56-3rd |  | 63 | 67 | 0.178 | 0.822 |
| 9:47-3rd |  | 63 | 69 | 0.159 | 0.841 |
| 9:38-3rd |  | 65 | 69 | 0.18 | 0.82 |
| 9:19-3rd |  | 65 | 72 | 0.138 | 0.862 |
| 9:03-3rd |  | 67 | 72 | 0.16 | 0.84 |
| 8:54-3rd |  | 67 | 74 | 0.139 | 0.861 |
| 8:45-3rd |  | 70 | 74 | 0.183 | 0.817 |
| 8:31-3rd |  | 70 | 74 | 0.209 | 0.791 |
| 8:17-3rd |  | 70 | 74 | 0.191 | 0.809 |
| 8:14-3rd |  | 70 | 74 | 0.185 | 0.815 |
| 8:07-3rd |  | 70 | 74 | 0.204 | 0.796 |
| 8:05-3rd |  | 70 | 74 | 0.21 | 0.79 |
| 8:00-3rd |  | 72 | 74 | 0.238 | 0.762 |
| 7:46-3rd |  | 72 | 74 | 0.262 | 0.738 |
| 7:44-3rd |  | 72 | 74 | 0.27 | 0.73 |
| 7:43-3rd |  | 72 | 74 | 0.239 | 0.761 |
| 7:41-3rd |  | 72 | 74 | 0.27 | 0.73 |
| 7:30-3rd |  | 72 | 74 | 0.248 | 0.752 |
| 7:27-3rd |  | 72 | 74 | 0.24 | 0.76 |
| 7:13-3rd |  | 72 | 74 | 0.265 | 0.735 |
| 7:11-3rd |  | 72 | 74 | 0.273 | 0.727 |
| 6:57-3rd |  | 72 | 74 | 0.251 | 0.749 |
| 6:56-3rd |  | 72 | 74 | 0.275 | 0.725 |
| 6:50-3rd |  | 72 | 74 | 0.251 | 0.749 |
| 6:48-3rd |  | 72 | 74 | 0.243 | 0.757 |
| 6:38-3rd |  | 72 | 74 | 0.269 | 0.731 |
| 6:35-3rd |  | 72 | 74 | 0.277 | 0.723 |
| 6:24-3rd |  | 72 | 74 | 0.254 | 0.746 |
| 6:22-3rd |  | 72 | 74 | 0.246 | 0.754 |
| 6:10-3rd |  | 72 | 74 | 0.271 | 0.729 |
| 6:07-3rd |  | 72 | 74 | 0.28 | 0.72 |
| 6:05-3rd |  | 74 | 74 | 0.313 | 0.687 |
| 5:54-3rd |  | 74 | 74 | 0.343 | 0.657 |
| 5:50-3rd |  | 74 | 74 | 0.354 | 0.646 |
| 5:44-3rd |  | 74 | 74 | 0.325 | 0.675 |
| 5:41-3rd |  | 74 | 74 | 0.316 | 0.684 |
| 5:35-3rd |  | 74 | 76 | 0.284 | 0.716 |
| 5:20-3rd |  | 76 | 76 | 0.318 | 0.682 |
| 5:04-3rd |  | 76 | 76 | 0.361 | 0.639 |
| 4:59-3rd |  | 76 | 76 | 0.362 | 0.638 |
| 4:46-3rd |  | 76 | 76 | 0.333 | 0.667 |
| 4:43-3rd |  | 76 | 76 | 0.323 | 0.677 |
| 4:42-3rd |  | 76 | 76 | 0.354 | 0.646 |
| 4:38-3rd |  | 76 | 76 | 0.365 | 0.635 |
| 4:31-3rd |  | 78 | 76 | 0.406 | 0.594 |
| 4:19-3rd |  | 78 | 78 | 0.368 | 0.632 |
| 4:05-3rd |  | 81 | 78 | 0.452 | 0.548 |
| 3:52-3rd |  | 81 | 79 | 0.455 | 0.545 |
| 3:31-3rd |  | 81 | 79 | 0.428 | 0.572 |
| 3:29-3rd |  | 81 | 79 | 0.418 | 0.582 |
| 3:19-3rd |  | 81 | 79 | 0.462 | 0.538 |
| 3:09-3rd |  | 83 | 79 | 0.509 | 0.491 |
| 2:48-3rd |  | 83 | 79 | 0.551 | 0.449 |
| 2:46-3rd |  | 83 | 79 | 0.564 | 0.436 |
| 2:45-3rd |  | 83 | 79 | 0.515 | 0.485 |
| 2:40-3rd |  | 83 | 81 | 0.471 | 0.529 |
| 2:25-3rd |  | 83 | 81 | 0.431 | 0.569 |
| 2:14-3rd |  | 83 | 81 | 0.434 | 0.566 |
| 2:05-3rd |  | 83 | 83 | 0.388 | 0.612 |
| 1:52-3rd |  | 83 | 83 | 0.359 | 0.641 |
| 1:50-3rd |  | 83 | 83 | 0.348 | 0.652 |
| 1:36-3rd |  | 83 | 83 | 0.288 | 0.712 |
| 1:33-3rd |  | 83 | 85 | 0.309 | 0.691 |
| 1:19-3rd |  | 83 | 85 | 0.281 | 0.719 |
| 1:15-3rd |  | 83 | 85 | 0.272 | 0.728 |
| 1:09-3rd |  | 83 | 85 | 0.311 | 0.689 |
| 53.1-3rd |  | 85 | 85 | 0.358 | 0.642 |
| 44.0-3rd | TARGET | 85 | 88 | 0.273 | 0.727 |
| 29.1-3rd |  | 85 | 88 | 0.246 | 0.754 |
| 25.0-3rd |  | 85 | 88 | 0.237 | 0.763 |
| 8.1-3rd |  | 85 | 90 | 0.204 | 0.796 |
| 3.0-3rd |  | 85 | 90 | 0.179 | 0.821 |
| 1.0-3rd |  | 85 | 90 | 0.171 | 0.829 |
| 0.0-3rd |  | 85 | 90 | 0.18 | 0.82 |
| 12:00-4th |  | 85 | 90 | 0.18 | 0.82 |
| 11:46-4th |  | 85 | 90 | 0.194 | 0.806 |
| 11:43-4th |  | 85 | 90 | 0.203 | 0.797 |
| 11:32-4th |  | 85 | 90 | 0.165 | 0.835 |
| 11:28-4th |  | 85 | 92 | 0.135 | 0.865 |
| 11:15-4th |  | 85 | 92 | 0.108 | 0.892 |
| 11:11-4th |  | 85 | 94 | 0.089 | 0.911 |
| 11:02-4th |  | 85 | 94 | 0.069 | 0.931 |
| 10:51-4th |  | 85 | 94 | 0.083 | 0.917 |
| 10:47-4th |  | 85 | 94 | 0.087 | 0.913 |
| 10:34-4th |  | 88 | 94 | 0.132 | 0.868 |
| 10:20-4th |  | 88 | 96 | 0.103 | 0.897 |
| 10:02-4th |  | 88 | 96 | 0.081 | 0.919 |
| 9:53-4th |  | 88 | 98 | 0.063 | 0.937 |
| 9:38-4th |  | 88 | 98 | 0.051 | 0.949 |
| 9:36-4th |  | 88 | 98 | 0.048 | 0.952 |
| 9:26-4th |  | 88 | 100 | 0.035 | 0.965 |
| 9:06-4th |  | 88 | 100 | 0.027 | 0.973 |
| 9:03-4th |  | 88 | 100 | 0.024 | 0.976 |
| 8:56-4th |  | 88 | 100 | 0.014 | 0.986 |
| 8:43-4th |  | 88 | 100 | 0.029 | 0.971 |
| 8:42-4th |  | 88 | 102 | 0.016 | 0.984 |
| 8:41-4th |  | 88 | 100 | 0.031 | 0.969 |
| 8:23-4th |  | 88 | 102 | 0.011 | 0.989 |
| 8:11-4th |  | 88 | 104 | 0.007 | 0.993 |
| 7:58-4th |  | 88 | 104 | 0.005 | 0.995 |
| 7:56-4th |  | 88 | 104 | 0.005 | 0.995 |
| 7:36-4th |  | 88 | 106 | 0.003 | 0.997 |
| 7:24-4th |  | 88 | 106 | 0.003 | 0.997 |
| 7:18-4th |  | 88 | 106 | 0.002 | 0.998 |
| 7:04-4th |  | 88 | 106 | 0.003 | 0.997 |
| 6:52-4th |  | 88 | 106 | 0.002 | 0.998 |
| 6:34-4th |  | 88 | 108 | 0.001 | 0.999 |
| 6:23-4th |  | 88 | 108 | 0.001 | 0.999 |
| 6:13-4th |  | 88 | 108 | 0.001 | 0.999 |
| 6:11-4th |  | 88 | 108 | 0.001 | 0.999 |
| 6:04-4th |  | 91 | 108 | 0.002 | 0.998 |
| 5:47-4th |  | 91 | 111 | 0.001 | 0.999 |
| 5:33-4th |  | 93 | 111 | 0.001 | 0.999 |
| 5:20-4th |  | 93 | 113 | 0.001 | 0.999 |
| 5:10-4th |  | 93 | 113 | 0.001 | 0.999 |
| 5:02-4th |  | 93 | 113 | 0.001 | 0.999 |
| 5:00-4th |  | 93 | 113 | 0.001 | 0.999 |
| 4:52-4th |  | 93 | 116 | 0.001 | 0.999 |
| 4:40-4th |  | 93 | 116 | 0.001 | 0.999 |
| 4:36-4th |  | 93 | 116 | 0.001 | 0.999 |
| 4:33-4th |  | 93 | 118 | 0.001 | 0.999 |
| 4:18-4th |  | 93 | 118 | 0.001 | 0.999 |
| 3:59-4th |  | 93 | 118 | 0.001 | 0.999 |
| 3:56-4th |  | 93 | 118 | 0.001 | 0.999 |
| 3:54-4th |  | 93 | 120 | 0.001 | 0.999 |
| 3:46-4th |  | 93 | 120 | 0.001 | 0.999 |
| 3:38-4th |  | 93 | 120 | 0.001 | 0.999 |
| 3:34-4th |  | 93 | 120 | 0.001 | 0.999 |
| 3:31-4th |  | 93 | 120 | 0.001 | 0.999 |
| 3:12-4th |  | 93 | 122 | 0.001 | 0.999 |
| 3:01-4th |  | 93 | 122 | 0.001 | 0.999 |
| 2:57-4th |  | 93 | 124 | 0.001 | 0.999 |
| 2:43-4th |  | 93 | 124 | 0.001 | 0.999 |
| 2:40-4th |  | 93 | 124 | 0.001 | 0.999 |
| 2:36-4th |  | 93 | 126 | 0.001 | 0.999 |
| 2:27-4th |  | 93 | 126 | 0.001 | 0.999 |
| 2:25-4th |  | 95 | 126 | 0.001 | 0.999 |
| 2:10-4th |  | 95 | 126 | 0.001 | 0.999 |
| 2:08-4th |  | 95 | 126 | 0.001 | 0.999 |
| 1:59-4th |  | 97 | 126 | 0.001 | 0.999 |
| 1:42-4th |  | 97 | 126 | 0.001 | 0.999 |
| 1:38-4th |  | 99 | 126 | 0.001 | 0.999 |
| 1:32-4th |  | 99 | 126 | 0.001 | 0.999 |
| 1:29-4th |  | 99 | 126 | 0.001 | 0.999 |
| 1:25-4th |  | 102 | 126 | 0.001 | 0.999 |
| 1:13-4th |  | 102 | 126 | 0.001 | 0.999 |
| 1:11-4th |  | 102 | 126 | 0.001 | 0.999 |
| 1:03-4th |  | 104 | 126 | 0.001 | 0.999 |
| 46.0-4th |  | 104 | 128 | 0.001 | 0.999 |
| 30.1-4th |  | 104 | 128 | 0.001 | 0.999 |
| 26.1-4th |  | 104 | 128 | 0.001 | 0.999 |
| 5.0-4th |  | 104 | 128 | 0.001 | 0.999 |
| 0.0-4th |  | 104 | 128 | 0.0 | 1.0 |

Question

Which event most likely happened at the marked missing position?

Answer Choices

A. Player 19 (Team B) makes 26-foot three point jumper (Player 8 (Team A) assists)
B. Player 18 (Team B) misses 25-foot three point pullup jump shot
C. Player 3 (Team B) makes 6-foot driving floating jump shot | Player 12 (Team A) shooting foul | Player 3 (Team B) makes free throw 1 of 1
D. Player 17 (Team B) makes 19-foot pullup jump shot

Response Format

Return exactly one JSON object:

{
  "answer": "<A|B|C|D>",
  "rationale": "<brief evidence-based justification in 1-3 sentences>",
  "evidence_event_ids": [],
  "evidence_series_times": []
}

Use only event IDs and time labels that are provided above and that support the answer. Use an empty array when the corresponding evidence type is unavailable or unused. Return only the JSON object.
