Task

Reconstruct the missing event in this basketball game. Use the available numerical time-series evidence around the marked row to select the most likely event.

Game

Team A versus Team B, season 22-23.

Time Series

| Game time | Marker | Team A score | Team B score | Team A win probability | Team B win probability |
| --- | --- | --- | --- | --- | --- |
| 12:00-1st |  | 0.0 | 0.0 | 0.685 | 0.315 |
| 11:38-1st |  | 0.0 | 0.0 | 0.701 | 0.299 |
| 11:33-1st |  | 2.0 | 0.0 | 0.725 | 0.275 |
| 11:14-1st |  | 2.0 | 0.0 | 0.738 | 0.262 |
| 11:12-1st |  | 2.0 | 0.0 | 0.742 | 0.258 |
| 11:02-1st |  | 4.0 | 0.0 | 0.759 | 0.241 |
| 10:47-1st |  | 4.0 | 2.0 | 0.742 | 0.258 |
| 10:31-1st |  | 4.0 | 2.0 | 0.721 | 0.279 |
| 10:21-1st |  | 4.0 | 5.0 | 0.678 | 0.322 |
| 10:06-1st |  | 4.0 | 5.0 | 0.657 | 0.343 |
| 10:03-1st |  | 4.0 | 5.0 | 0.677 | 0.323 |
| 10:00-1st |  | 7.0 | 5.0 | 0.72 | 0.28 |
| 9:48-1st |  | 7.0 | 5.0 | 0.734 | 0.266 |
| 9:46-1st |  | 7.0 | 5.0 | 0.739 | 0.261 |
| 9:34-1st |  | 10.0 | 5.0 | 0.776 | 0.224 |
| 9:19-1st |  | 10.0 | 5.0 | 0.788 | 0.212 |
| 9:17-1st |  | 10.0 | 5.0 | 0.793 | 0.207 |
| 9:11-1st |  | 12.0 | 5.0 | 0.81 | 0.19 |
| 9:00-1st |  | 12.0 | 5.0 | 0.826 | 0.174 |
| 8:40-1st |  | 15.0 | 5.0 | 0.855 | 0.145 |
| 8:38-1st |  | 15.0 | 5.0 | 0.855 | 0.145 |
| 8:25-1st |  | 15.0 | 7.0 | 0.84 | 0.16 |
| 8:08-1st |  | 15.0 | 7.0 | 0.828 | 0.172 |
| 8:07-1st |  | 15.0 | 7.0 | 0.84 | 0.16 |
| 7:57-1st |  | 15.0 | 7.0 | 0.828 | 0.172 |
| 7:56-1st |  | 15.0 | 7.0 | 0.824 | 0.176 |
| 7:50-1st |  | 15.0 | 7.0 | 0.836 | 0.164 |
| 7:46-1st |  | 15.0 | 7.0 | 0.84 | 0.16 |
| 7:40-1st |  | 15.0 | 7.0 | 0.839 | 0.161 |
| 7:36-1st |  | 15.0 | 7.0 | 0.839 | 0.161 |
| 7:27-1st |  | 15.0 | 7.0 | 0.827 | 0.173 |
| 7:24-1st |  | 15.0 | 7.0 | 0.823 | 0.177 |
| 7:14-1st |  | 15.0 | 7.0 | 0.835 | 0.165 |
| 7:13-1st |  | 15.0 | 7.0 | 0.822 | 0.178 |
| 7:12-1st |  | 15.0 | 9.0 | 0.807 | 0.193 |
| 6:55-1st |  | 15.0 | 9.0 | 0.793 | 0.207 |
| 6:51-1st |  | 15.0 | 9.0 | 0.788 | 0.212 |
| 6:45-1st |  | 15.0 | 9.0 | 0.789 | 0.211 |
| 6:31-1st |  | 15.0 | 11.0 | 0.771 | 0.229 |
| 6:18-1st |  | 15.0 | 11.0 | 0.755 | 0.245 |
| 6:16-1st |  | 15.0 | 11.0 | 0.75 | 0.25 |
| 6:11-1st |  | 15.0 | 11.0 | 0.765 | 0.235 |
| 6:08-1st |  | 15.0 | 11.0 | 0.771 | 0.229 |
| 6:01-1st |  | 18.0 | 11.0 | 0.805 | 0.195 |
| 5:50-1st |  | 18.0 | 11.0 | 0.819 | 0.181 |
| 5:46-1st |  | 18.0 | 11.0 | 0.823 | 0.177 |
| 5:39-1st |  | 18.0 | 11.0 | 0.804 | 0.196 |
| 5:37-1st |  | 18.0 | 11.0 | 0.823 | 0.177 |
| 5:17-1st |  | 21.0 | 11.0 | 0.853 | 0.147 |
| 5:02-1st |  | 21.0 | 13.0 | 0.837 | 0.163 |
| 4:57-1st |  | 21.0 | 13.0 | 0.837 | 0.163 |
| 4:51-1st |  | 21.0 | 13.0 | 0.825 | 0.175 |
| 4:49-1st |  | 21.0 | 13.0 | 0.821 | 0.179 |
| 4:40-1st |  | 21.0 | 13.0 | 0.833 | 0.167 |
| 4:36-1st |  | 21.0 | 13.0 | 0.837 | 0.163 |
| 4:24-1st |  | 21.0 | 13.0 | 0.825 | 0.175 |
| 4:20-1st |  | 21.0 | 13.0 | 0.821 | 0.179 |
| 4:11-1st |  | 21.0 | 15.0 | 0.803 | 0.197 |
| 3:48-1st |  | 21.0 | 15.0 | 0.789 | 0.211 |
| 3:45-1st |  | 21.0 | 15.0 | 0.784 | 0.216 |
| 3:38-1st |  | 21.0 | 15.0 | 0.798 | 0.202 |
| 3:37-1st |  | 21.0 | 15.0 | 0.802 | 0.198 |
| 3:26-1st |  | 23.0 | 15.0 | 0.82 | 0.18 |
| 3:14-1st |  | 23.0 | 15.0 | 0.836 | 0.164 |
| 2:59-1st |  | 25.0 | 15.0 | 0.852 | 0.148 |
| 2:42-1st |  | 25.0 | 15.0 | 0.851 | 0.149 |
| 2:34-1st |  | 25.0 | 15.0 | 0.862 | 0.138 |
| 2:31-1st |  | 25.0 | 15.0 | 0.866 | 0.134 |
| 2:12-1st |  | 28.0 | 15.0 | 0.892 | 0.108 |
| 1:54-1st |  | 28.0 | 16.0 | 0.894 | 0.106 |
| 1:51-1st |  | 28.0 | 16.0 | 0.894 | 0.106 |
| 1:33-1st |  | 28.0 | 16.0 | 0.884 | 0.116 |
| 1:32-1st |  | 28.0 | 16.0 | 0.894 | 0.106 |
| 1:26-1st |  | 30.0 | 16.0 | 0.904 | 0.096 |
| 1:17-1st |  | 30.0 | 17.0 | 0.905 | 0.095 |
| 1:04-1st |  | 33.0 | 17.0 | 0.924 | 0.076 |
| 52.0-1st |  | 33.0 | 19.0 | 0.915 | 0.085 |
| 41.1-1st |  | 33.0 | 19.0 | 0.907 | 0.093 |
| 37.1-1st |  | 33.0 | 19.0 | 0.907 | 0.093 |
| 37.0-1st |  | 33.0 | 19.0 | 0.916 | 0.084 |
| 35.1-1st |  | 35.0 | 19.0 | 0.924 | 0.076 |
| 30.1-1st |  | 35.0 | 21.0 | 0.916 | 0.084 |
| 17.0-1st |  | 37.0 | 21.0 | 0.925 | 0.075 |
| 2.0-1st |  | 37.0 | 24.0 | 0.905 | 0.095 |
| 0.0-1st |  | 37.0 | 24.0 | 0.898 | 0.102 |
| 12:00-2nd |  | 37.0 | 24.0 | 0.898 | 0.102 |
| 11:47-2nd |  | 37.0 | 24.0 | 0.894 | 0.106 |
| 11:42-2nd |  | 37.0 | 26.0 | 0.879 | 0.121 |
| 11:23-2nd |  | 39.0 | 26.0 | 0.894 | 0.106 |
| 11:10-2nd |  | 39.0 | 26.0 | 0.903 | 0.097 |
| 11:09-2nd |  | 39.0 | 26.0 | 0.906 | 0.094 |
| 11:03-2nd |  | 39.0 | 26.0 | 0.894 | 0.106 |
| 11:02-2nd |  | 39.0 | 26.0 | 0.893 | 0.107 |
| 10:54-2nd |  | 39.0 | 28.0 | 0.881 | 0.119 |
| 10:38-2nd |  | 42.0 | 28.0 | 0.907 | 0.093 |
| 10:27-2nd |  | 42.0 | 28.0 | 0.907 | 0.093 |
| 10:21-2nd |  | 42.0 | 30.0 | 0.895 | 0.105 |
| 10:13-2nd |  | 45.0 | 30.0 | 0.918 | 0.082 |
| 9:50-2nd |  | 45.0 | 32.0 | 0.907 | 0.093 |
| 9:34-2nd |  | 45.0 | 32.0 | 0.897 | 0.103 |
| 9:30-2nd |  | 45.0 | 32.0 | 0.907 | 0.093 |
| 9:27-2nd |  | 45.0 | 32.0 | 0.898 | 0.102 |
| 9:21-2nd |  | 47.0 | 32.0 | 0.918 | 0.082 |
| 9:15-2nd |  | 47.0 | 34.0 | 0.908 | 0.092 |
| 9:02-2nd |  | 47.0 | 34.0 | 0.898 | 0.102 |
| 8:59-2nd |  | 47.0 | 34.0 | 0.898 | 0.102 |
| 8:58-2nd |  | 47.0 | 34.0 | 0.894 | 0.106 |
| 8:55-2nd |  | 47.0 | 36.0 | 0.882 | 0.118 |
| 8:32-2nd |  | 50.0 | 36.0 | 0.909 | 0.091 |
| 8:17-2nd |  | 50.0 | 38.0 | 0.896 | 0.104 |
| 7:54-2nd |  | 50.0 | 38.0 | 0.886 | 0.114 |
| 7:49-2nd |  | 50.0 | 38.0 | 0.883 | 0.117 |
| 7:35-2nd |  | 50.0 | 38.0 | 0.896 | 0.104 |
| 7:16-2nd |  | 52.0 | 38.0 | 0.91 | 0.09 |
| 7:07-2nd |  | 52.0 | 40.0 | 0.897 | 0.103 |
| 6:58-2nd |  | 52.0 | 40.0 | 0.884 | 0.116 |
| 6:54-2nd |  | 52.0 | 42.0 | 0.87 | 0.13 |
| 6:29-2nd |  | 52.0 | 42.0 | 0.857 | 0.143 |
| 6:28-2nd |  | 52.0 | 42.0 | 0.853 | 0.147 |
| 6:18-2nd |  | 52.0 | 45.0 | 0.815 | 0.185 |
| 6:16-2nd |  | 52.0 | 45.0 | 0.815 | 0.185 |
| 5:54-2nd |  | 52.0 | 45.0 | 0.8 | 0.2 |
| 5:50-2nd |  | 52.0 | 45.0 | 0.794 | 0.206 |
| 5:37-2nd |  | 52.0 | 45.0 | 0.81 | 0.19 |
| 5:34-2nd |  | 52.0 | 45.0 | 0.815 | 0.185 |
| 5:25-2nd |  | 52.0 | 45.0 | 0.799 | 0.201 |
| 5:19-2nd |  | 52.0 | 45.0 | 0.815 | 0.185 |
| 5:17-2nd |  | 54.0 | 45.0 | 0.835 | 0.165 |
| 5:02-2nd |  | 54.0 | 45.0 | 0.85 | 0.15 |
| 5:01-2nd |  | 54.0 | 45.0 | 0.855 | 0.145 |
| 4:45-2nd |  | 54.0 | 45.0 | 0.84 | 0.16 |
| 4:41-2nd |  | 54.0 | 45.0 | 0.835 | 0.165 |
| 4:36-2nd |  | 54.0 | 45.0 | 0.85 | 0.15 |
| 4:32-2nd |  | 54.0 | 45.0 | 0.835 | 0.165 |
| 4:31-2nd |  | 54.0 | 45.0 | 0.85 | 0.15 |
| 4:28-2nd |  | 54.0 | 45.0 | 0.835 | 0.165 |
| 4:17-2nd |  | 54.0 | 45.0 | 0.85 | 0.15 |
| 4:16-2nd |  | 54.0 | 45.0 | 0.855 | 0.145 |
| 4:10-2nd |  | 56.0 | 45.0 | 0.872 | 0.128 |
| 3:57-2nd |  | 56.0 | 45.0 | 0.884 | 0.116 |
| 3:54-2nd |  | 56.0 | 45.0 | 0.888 | 0.112 |
| 3:49-2nd |  | 58.0 | 45.0 | 0.901 | 0.099 |
| 3:37-2nd |  | 58.0 | 45.0 | 0.912 | 0.088 |
| 3:33-2nd |  | 58.0 | 45.0 | 0.916 | 0.084 |
| 3:27-2nd |  | 60.0 | 45.0 | 0.926 | 0.074 |
| 3:21-2nd |  | 60.0 | 45.0 | 0.927 | 0.073 |
| 3:05-2nd |  | 60.0 | 47.0 | 0.916 | 0.084 |
| 2:52-2nd |  | 62.0 | 47.0 | 0.927 | 0.073 |
| 2:39-2nd |  | 62.0 | 47.0 | 0.935 | 0.065 |
| 2:37-2nd |  | 62.0 | 47.0 | 0.938 | 0.062 |
| 2:32-2nd |  | 62.0 | 47.0 | 0.93 | 0.07 |
| 2:29-2nd |  | 62.0 | 47.0 | 0.938 | 0.062 |
| 2:25-2nd |  | 62.0 | 47.0 | 0.931 | 0.069 |
| 2:21-2nd |  | 62.0 | 47.0 | 0.928 | 0.072 |
| 2:16-2nd |  | 62.0 | 47.0 | 0.936 | 0.064 |
| 2:14-2nd |  | 62.0 | 47.0 | 0.939 | 0.061 |
| 2:13-2nd |  | 65.0 | 47.0 | 0.956 | 0.044 |
| 2:01-2nd |  | 65.0 | 47.0 | 0.962 | 0.038 |
| 1:58-2nd |  | 65.0 | 47.0 | 0.964 | 0.036 |
| 1:48-2nd |  | 65.0 | 47.0 | 0.958 | 0.042 |
| 1:47-2nd |  | 65.0 | 47.0 | 0.964 | 0.036 |
| 1:44-2nd |  | 65.0 | 47.0 | 0.958 | 0.042 |
| 1:41-2nd |  | 65.0 | 47.0 | 0.957 | 0.043 |
| 1:37-2nd |  | 65.0 | 49.0 | 0.95 | 0.05 |
| 1:14-2nd |  | 65.0 | 49.0 | 0.943 | 0.057 |
| 1:10-2nd |  | 65.0 | 49.0 | 0.941 | 0.059 |
| 1:03-2nd |  | 65.0 | 49.0 | 0.941 | 0.059 |
| 49.0-2nd |  | 65.0 | 49.0 | 0.949 | 0.051 |
| 48.1-2nd |  | 65.0 | 49.0 | 0.951 | 0.049 |
| 40.1-2nd |  | 65.0 | 49.0 | 0.961 | 0.039 |
| 30.1-2nd |  | 65.0 | 49.0 | 0.942 | 0.058 |
| 26.0-2nd |  | 65.0 | 50.0 | 0.942 | 0.058 |
| 4.1-2nd |  | 65.0 | 50.0 | 0.935 | 0.065 |
| 2.1-2nd |  | 65.0 | 50.0 | 0.932 | 0.068 |
| 1.1-2nd |  | 65.0 | 50.0 | 0.94 | 0.06 |
| 0.0-2nd |  | 65.0 | 50.0 | 0.935 | 0.065 |
| 12:00-3rd |  | 65.0 | 50.0 | 0.935 | 0.065 |
| 11:47-3rd |  | 65.0 | 50.0 | 0.937 | 0.063 |
| 11:43-3rd |  | 65.0 | 50.0 | 0.934 | 0.066 |
| 11:34-3rd |  | 65.0 | 50.0 | 0.946 | 0.054 |
| 11:23-3rd |  | 68.0 | 50.0 | 0.961 | 0.039 |
| 11:03-3rd |  | 68.0 | 52.0 | 0.954 | 0.046 |
| 10:44-3rd |  | 68.0 | 52.0 | 0.949 | 0.051 |
| 10:41-3rd |  | 68.0 | 52.0 | 0.947 | 0.053 |
| 10:32-3rd |  | 68.0 | 55.0 | 0.925 | 0.075 |
| 10:15-3rd |  | 70.0 | 55.0 | 0.937 | 0.063 |
| 9:55-3rd |  | 70.0 | 57.0 | 0.927 | 0.073 |
| 9:37-3rd |  | 70.0 | 57.0 | 0.917 | 0.083 |
| 9:35-3rd |  | 70.0 | 57.0 | 0.914 | 0.086 |
| 9:30-3rd |  | 70.0 | 57.0 | 0.925 | 0.075 |
| 9:28-3rd |  | 70.0 | 57.0 | 0.928 | 0.072 |
| 9:21-3rd |  | 72.0 | 57.0 | 0.94 | 0.06 |
| 8:57-3rd |  | 72.0 | 59.0 | 0.93 | 0.07 |
| 8:43-3rd |  | 75.0 | 59.0 | 0.952 | 0.048 |
| 8:32-3rd |  | 75.0 | 59.0 | 0.959 | 0.041 |
| 8:30-3rd |  | 75.0 | 59.0 | 0.961 | 0.039 |
| 8:15-3rd |  | 76.0 | 59.0 | 0.962 | 0.038 |
| 8:03-3rd |  | 76.0 | 59.0 | 0.962 | 0.038 |
| 7:59-3rd |  | 76.0 | 59.0 | 0.969 | 0.031 |
| 7:50-3rd |  | 79.0 | 59.0 | 0.98 | 0.02 |
| 7:49-3rd |  | 76.0 | 59.0 | 0.962 | 0.038 |
| 7:43-3rd |  | 79.0 | 61.0 | 0.975 | 0.025 |
| 7:21-3rd |  | 79.0 | 61.0 | 0.972 | 0.028 |
| 7:18-3rd |  | 79.0 | 61.0 | 0.97 | 0.03 |
| 7:15-3rd |  | 79.0 | 61.0 | 0.976 | 0.024 |
| 6:57-3rd |  | 81.0 | 61.0 | 0.982 | 0.018 |
| 6:42-3rd |  | 81.0 | 63.0 | 0.978 | 0.022 |
| 6:23-3rd |  | 81.0 | 63.0 | 0.974 | 0.026 |
| 6:21-3rd |  | 81.0 | 63.0 | 0.973 | 0.027 |
| 6:16-3rd |  | 81.0 | 65.0 | 0.966 | 0.034 |
| 6:05-3rd |  | 81.0 | 65.0 | 0.959 | 0.041 |
| 5:49-3rd |  | 81.0 | 65.0 | 0.966 | 0.034 |
| 5:47-3rd |  | 81.0 | 65.0 | 0.968 | 0.032 |
| 5:40-3rd |  | 84.0 | 65.0 | 0.98 | 0.02 |
| 5:33-3rd |  | 84.0 | 67.0 | 0.975 | 0.025 |
| 5:17-3rd |  | 84.0 | 67.0 | 0.971 | 0.029 |
| 5:15-3rd |  | 84.0 | 67.0 | 0.969 | 0.031 |
| 5:12-3rd |  | 84.0 | 67.0 | 0.974 | 0.026 |
| 5:10-3rd |  | 84.0 | 67.0 | 0.976 | 0.024 |
| 5:06-3rd |  | 84.0 | 67.0 | 0.97 | 0.03 |
| 4:57-3rd |  | 84.0 | 70.0 | 0.954 | 0.046 |
| 4:34-3rd |  | 84.0 | 70.0 | 0.945 | 0.055 |
| 4:29-3rd |  | 84.0 | 70.0 | 0.956 | 0.044 |
| 4:26-3rd |  | 84.0 | 70.0 | 0.948 | 0.052 |
| 4:25-3rd |  | 84.0 | 70.0 | 0.956 | 0.044 |
| 4:04-3rd |  | 84.0 | 72.0 | 0.934 | 0.066 |
| 3:35-3rd |  | 84.0 | 72.0 | 0.925 | 0.075 |
| 3:33-3rd |  | 84.0 | 72.0 | 0.921 | 0.079 |
| 3:26-3rd |  | 84.0 | 72.0 | 0.936 | 0.064 |
| 3:16-3rd |  | 84.0 | 72.0 | 0.926 | 0.074 |
| 3:12-3rd |  | 84.0 | 72.0 | 0.938 | 0.062 |
| 3:09-3rd |  | 86.0 | 72.0 | 0.95 | 0.05 |
| 2:59-3rd |  | 86.0 | 72.0 | 0.959 | 0.041 |
| 2:56-3rd |  | 86.0 | 72.0 | 0.961 | 0.039 |
| 2:48-3rd |  | 86.0 | 72.0 | 0.954 | 0.046 |
| 2:46-3rd |  | 86.0 | 72.0 | 0.952 | 0.048 |
| 2:45-3rd |  | 86.0 | 74.0 | 0.939 | 0.061 |
| 2:42-3rd |  | 86.0 | 74.0 | 0.939 | 0.061 |
| 2:22-3rd |  | 88.0 | 74.0 | 0.954 | 0.046 |
| 2:03-3rd |  | 88.0 | 74.0 | 0.963 | 0.037 |
| 2:01-3rd |  | 88.0 | 74.0 | 0.965 | 0.035 |
| 1:57-3rd |  | 88.0 | 74.0 | 0.975 | 0.025 |
| 1:50-3rd |  | 88.0 | 74.0 | 0.955 | 0.045 |
| 1:47-3rd |  | 88.0 | 74.0 | 0.955 | 0.045 |
| 1:41-3rd |  | 88.0 | 74.0 | 0.963 | 0.037 |
| 1:36-3rd |  | 88.0 | 74.0 | 0.966 | 0.034 |
| 1:29-3rd |  | 88.0 | 74.0 | 0.956 | 0.044 |
| 1:17-3rd |  | 88.0 | 74.0 | 0.965 | 0.035 |
| 1:14-3rd |  | 88.0 | 76.0 | 0.948 | 0.052 |
| 59.1-3rd |  | 88.0 | 76.0 | 0.936 | 0.064 |
| 58.1-3rd |  | 88.0 | 76.0 | 0.95 | 0.05 |
| 53.0-3rd |  | 88.0 | 76.0 | 0.932 | 0.068 |
| 51.0-3rd |  | 88.0 | 78.0 | 0.919 | 0.081 |
| 38.0-3rd |  | 88.0 | 78.0 | 0.9 | 0.1 |
| 34.0-3rd |  | 88.0 | 80.0 | 0.877 | 0.123 |
| 10.0-3rd |  | 88.0 | 80.0 | 0.859 | 0.141 |
| 6.1-3rd |  | 88.0 | 82.0 | 0.825 | 0.175 |
| 0.0-3rd |  | 88.0 | 82.0 | 0.807 | 0.193 |
| 12:00-4th |  | 88.0 | 82.0 | 0.807 | 0.193 |
| 11:42-4th |  | 88.0 | 82.0 | 0.829 | 0.171 |
| 11:23-4th |  | 88.0 | 82.0 | 0.805 | 0.195 |
| 11:21-4th |  | 88.0 | 82.0 | 0.796 | 0.204 |
| 11:09-4th |  | 88.0 | 82.0 | 0.824 | 0.176 |
| 11:06-4th |  | 88.0 | 82.0 | 0.833 | 0.167 |
| 10:53-4th |  | 88.0 | 82.0 | 0.808 | 0.192 |
| 10:50-4th |  | 88.0 | 82.0 | 0.799 | 0.201 |
| 10:35-4th |  | 88.0 | 84.0 | 0.764 | 0.236 |
| 10:17-4th |  | 88.0 | 84.0 | 0.716 | 0.284 |
| 10:07-4th |  | 88.0 | 87.0 | 0.62 | 0.38 |
| 9:44-4th |  | 88.0 | 87.0 | 0.579 | 0.421 |
| 9:41-4th |  | 88.0 | 87.0 | 0.62 | 0.38 |
| 9:40-4th |  | 88.0 | 87.0 | 0.565 | 0.435 |
| 9:35-4th |  | 88.0 | 89.0 | 0.51 | 0.49 |
| 9:20-4th |  | 88.0 | 89.0 | 0.522 | 0.478 |
| 9:06-4th |  | 88.0 | 89.0 | 0.468 | 0.532 |
| 9:02-4th |  | 88.0 | 89.0 | 0.453 | 0.547 |
| 8:55-4th |  | 88.0 | 92.0 | 0.343 | 0.657 |
| 8:41-4th |  | 88.0 | 92.0 | 0.357 | 0.643 |
| 8:33-4th |  | 88.0 | 92.0 | 0.292 | 0.708 |
| 8:20-4th |  | 88.0 | 92.0 | 0.33 | 0.67 |
| 8:19-4th |  | 88.0 | 92.0 | 0.343 | 0.657 |
| 8:04-4th |  | 90.0 | 92.0 | 0.395 | 0.605 |
| 7:49-4th |  | 90.0 | 94.0 | 0.33 | 0.67 |
| 7:23-4th |  | 90.0 | 94.0 | 0.28 | 0.72 |
| 7:20-4th |  | 90.0 | 94.0 | 0.265 | 0.735 |
| 7:16-4th |  | 90.0 | 96.0 | 0.219 | 0.781 |
| 7:05-4th |  | 90.0 | 96.0 | 0.168 | 0.832 |
| 6:52-4th |  | 90.0 | 98.0 | 0.131 | 0.869 |
| 6:34-4th |  | 90.0 | 98.0 | 0.101 | 0.899 |
| 6:32-4th |  | 90.0 | 98.0 | 0.092 | 0.908 |
| 6:27-4th |  | 90.0 | 98.0 | 0.123 | 0.877 |
| 6:24-4th |  | 93.0 | 98.0 | 0.207 | 0.793 |
| 6:04-4th |  | 93.0 | 101.0 | 0.121 | 0.879 |
| 5:42-4th |  | 93.0 | 101.0 | 0.092 | 0.908 |
| 5:40-4th |  | 93.0 | 101.0 | 0.083 | 0.917 |
| 5:22-4th |  | 93.0 | 103.0 | 0.057 | 0.943 |
| 4:56-4th |  | 93.0 | 103.0 | 0.039 | 0.961 |
| 4:53-4th |  | 93.0 | 103.0 | 0.051 | 0.949 |
| 4:52-4th |  | 93.0 | 103.0 | 0.034 | 0.966 |
| 4:48-4th |  | 93.0 | 105.0 | 0.023 | 0.977 |
| 4:38-4th |  | 93.0 | 105.0 | 0.045 | 0.955 |
| 4:28-4th |  | 93.0 | 105.0 | 0.017 | 0.983 |
| 4:25-4th |  | 93.0 | 106.0 | 0.014 | 0.986 |
| 4:08-4th |  | 93.0 | 106.0 | 0.008 | 0.992 |
| 4:06-4th |  | 93.0 | 106.0 | 0.007 | 0.993 |
| 3:52-4th |  | 93.0 | 106.0 | 0.009 | 0.991 |
| 3:48-4th |  | 93.0 | 106.0 | 0.01 | 0.99 |
| 3:40-4th |  | 96.0 | 106.0 | 0.023 | 0.977 |
| 3:38-4th |  | 98.0 | 106.0 | 0.055 | 0.945 |
| 3:19-4th |  | 98.0 | 106.0 | 0.068 | 0.932 |
| 3:16-4th |  | 98.0 | 106.0 | 0.074 | 0.926 |
| 3:08-4th |  | 100.0 | 106.0 | 0.102 | 0.898 |
| 2:48-4th |  | 100.0 | 108.0 | 0.065 | 0.935 |
| 2:36-4th |  | 103.0 | 108.0 | 0.124 | 0.876 |
| 2:12-4th |  | 103.0 | 110.0 | 0.08 | 0.92 |
| 2:03-4th |  | 105.0 | 110.0 | 0.106 | 0.894 |
| 1:38-4th |  | 105.0 | 110.0 | 0.136 | 0.864 |
| 1:35-4th |  | 105.0 | 110.0 | 0.149 | 0.851 |
| 1:24-4th |  | 105.0 | 110.0 | 0.103 | 0.897 |
| 1:21-4th |  | 105.0 | 110.0 | 0.088 | 0.912 |
| 1:14-4th |  | 105.0 | 110.0 | 0.037 | 0.963 |
| 59.0-4th |  | 105.0 | 110.0 | 0.112 | 0.888 |
| 56.1-4th |  | 105.0 | 110.0 | 0.122 | 0.878 |
| 45.1-4th |  | 108.0 | 110.0 | 0.237 | 0.763 |
| 39.1-4th |  | 108.0 | 110.0 | 0.23 | 0.77 |
| 28.0-4th |  | 108.0 | 110.0 | 0.339 | 0.661 |
| 25.2-4th |  | 108.0 | 110.0 | 0.334 | 0.666 |
| 17.1-4th |  | 110.0 | 110.0 | 0.455 | 0.545 |
| 0.1-4th |  | 110.0 | 110.0 | 0.498 | 0.502 |
| 0.0-4th |  | 110.0 | 110.0 | 0.5 | 0.5 |
| 5:00-OT |  | 110.0 | 110.0 | 0.5 | 0.5 |
| 4:45-OT |  | 110.0 | 110.0 | 0.484 | 0.516 |
| 4:39-OT |  | 110.0 | 110.0 | 0.467 | 0.533 |
| 4:29-OT |  | 110.0 | 112.0 | 0.387 | 0.613 |
| 4:13-OT |  | 110.0 | 112.0 | 0.333 | 0.667 |
| 4:10-OT |  | 110.0 | 112.0 | 0.315 | 0.685 |
| 3:57-OT |  | 110.0 | 114.0 | 0.247 | 0.753 |
| 3:34-OT |  | 112.0 | 114.0 | 0.306 | 0.694 |
| 3:19-OT |  | 112.0 | 114.0 | 0.358 | 0.642 |
| 3:16-OT |  | 112.0 | 114.0 | 0.376 | 0.624 |
| 3:10-OT | TARGET | 115.0 | 114.0 | 0.538 | 0.462 |
| 2:48-OT |  | 115.0 | 114.0 | 0.605 | 0.395 |
| 2:45-OT |  | 115.0 | 114.0 | 0.628 | 0.372 |
| 2:27-OT |  | 117.0 | 114.0 | 0.724 | 0.276 |
| 2:17-OT |  | 117.0 | 114.0 | 0.786 | 0.214 |
| 2:13-OT |  | 117.0 | 114.0 | 0.807 | 0.193 |
| 2:03-OT |  | 119.0 | 114.0 | 0.864 | 0.136 |
| 1:53-OT |  | 119.0 | 114.0 | 0.74 | 0.26 |
| 1:46-OT |  | 119.0 | 114.0 | 0.888 | 0.112 |
| 1:43-OT |  | 119.0 | 114.0 | 0.902 | 0.098 |
| 1:22-OT |  | 119.0 | 114.0 | 0.874 | 0.126 |
| 1:16-OT |  | 119.0 | 114.0 | 0.864 | 0.136 |
| 1:13-OT |  | 119.0 | 114.0 | 0.904 | 0.096 |
| 1:10-OT |  | 119.0 | 114.0 | 0.918 | 0.082 |
| 53.1-OT |  | 122.0 | 114.0 | 0.977 | 0.023 |
| 53.0-OT |  | 119.0 | 114.0 | 0.877 | 0.123 |
| 48.1-OT |  | 122.0 | 116.0 | 0.964 | 0.036 |
| 31.1-OT |  | 122.0 | 116.0 | 0.953 | 0.047 |
| 28.0-OT |  | 122.0 | 116.0 | 0.95 | 0.05 |
| 27.1-OT |  | 122.0 | 118.0 | 0.906 | 0.094 |
| 22.0-OT |  | 122.0 | 118.0 | 0.975 | 0.025 |
| 12.1-OT |  | 122.0 | 118.0 | 0.898 | 0.102 |
| 11.2-OT |  | 122.0 | 118.0 | 0.901 | 0.099 |
| 10.1-OT |  | 122.0 | 118.0 | 0.948 | 0.052 |
| 6.1-OT |  | 122.0 | 118.0 | 0.977 | 0.023 |
| 0.0-OT |  | 122.0 | 118.0 | 1.0 | 0.0 |

Question

Which event most likely happened at the marked missing position?

Answer Choices

A. Player 11 (Team A) misses three point jumper
B. Player 3 (Team B) makes 25-foot three point jumper (Player 4 (Team B) assists)
C. Player 8 (Team A) makes three point jumper (Player 3 (Team A) assists)
D. Player 13 (Team B) lost ball turnover (Player 10 (Team B) steals)

Response Format

Return exactly one JSON object:

{
  "answer": "<A|B|C|D>",
  "rationale": "<brief evidence-based justification in 1-3 sentences>",
  "evidence_event_ids": [],
  "evidence_series_times": []
}

Use only event IDs and time labels that are provided above and that support the answer. Use an empty array when the corresponding evidence type is unavailable or unused. Return only the JSON object.
