Task

Reconstruct the missing event in this basketball game. Use the available numerical time-series evidence around the marked row to select the most likely event.

Game

Team A versus Team B, season 22-23.

Time Series

| Game time | Marker | Team A score | Team B score | Team A win probability | Team B win probability |
| --- | --- | --- | --- | --- | --- |
| 12:00-1st |  | 0 | 0 | 0.324 | 0.676 |
| 11:40-1st |  | 0 | 0 | 0.338 | 0.662 |
| 11:37-1st |  | 0 | 0 | 0.343 | 0.657 |
| 11:32-1st |  | 3 | 0 | 0.392 | 0.608 |
| 11:18-1st |  | 3 | 2 | 0.374 | 0.626 |
| 11:02-1st |  | 3 | 2 | 0.354 | 0.646 |
| 10:58-1st |  | 3 | 2 | 0.347 | 0.653 |
| 10:57-1st |  | 3 | 2 | 0.375 | 0.625 |
| 10:55-1st |  | 3 | 2 | 0.354 | 0.646 |
| 10:53-1st |  | 3 | 2 | 0.348 | 0.652 |
| 10:50-1st |  | 3 | 4 | 0.326 | 0.674 |
| 10:36-1st |  | 6 | 4 | 0.373 | 0.627 |
| 10:23-1st |  | 6 | 4 | 0.391 | 0.609 |
| 10:18-1st |  | 6 | 4 | 0.397 | 0.603 |
| 10:02-1st |  | 9 | 4 | 0.448 | 0.552 |
| 9:42-1st |  | 9 | 4 | 0.476 | 0.524 |
| 9:39-1st |  | 11 | 4 | 0.505 | 0.495 |
| 9:28-1st |  | 11 | 5 | 0.506 | 0.494 |
| 9:11-1st |  | 14 | 5 | 0.561 | 0.439 |
| 8:52-1st |  | 14 | 5 | 0.583 | 0.417 |
| 8:49-1st |  | 14 | 5 | 0.589 | 0.411 |
| 8:30-1st |  | 14 | 5 | 0.565 | 0.435 |
| 8:13-1st |  | 14 | 5 | 0.586 | 0.414 |
| 8:10-1st |  | 14 | 5 | 0.593 | 0.407 |
| 8:05-1st |  | 14 | 5 | 0.574 | 0.426 |
| 8:03-1st |  | 14 | 5 | 0.568 | 0.432 |
| 7:57-1st |  | 14 | 7 | 0.539 | 0.461 |
| 7:30-1st |  | 14 | 7 | 0.516 | 0.484 |
| 7:14-1st |  | 14 | 7 | 0.537 | 0.463 |
| 7:12-1st |  | 14 | 7 | 0.544 | 0.456 |
| 7:03-1st |  | 17 | 7 | 0.6 | 0.4 |
| 6:50-1st |  | 17 | 7 | 0.621 | 0.379 |
| 6:46-1st |  | 17 | 7 | 0.628 | 0.372 |
| 6:42-1st |  | 17 | 7 | 0.602 | 0.398 |
| 6:36-1st |  | 17 | 7 | 0.605 | 0.395 |
| 6:19-1st |  | 17 | 9 | 0.578 | 0.422 |
| 6:05-1st |  | 20 | 9 | 0.634 | 0.366 |
| 5:42-1st |  | 20 | 11 | 0.61 | 0.39 |
| 5:24-1st |  | 20 | 11 | 0.593 | 0.407 |
| 5:21-1st |  | 20 | 11 | 0.586 | 0.414 |
| 5:20-1st |  | 20 | 11 | 0.606 | 0.394 |
| 5:16-1st |  | 20 | 11 | 0.613 | 0.387 |
| 5:11-1st |  | 20 | 11 | 0.611 | 0.389 |
| 4:56-1st |  | 20 | 11 | 0.586 | 0.414 |
| 4:48-1st |  | 20 | 11 | 0.615 | 0.385 |
| 4:33-1st |  | 22 | 11 | 0.644 | 0.356 |
| 4:19-1st |  | 22 | 11 | 0.674 | 0.326 |
| 4:16-1st |  | 22 | 11 | 0.674 | 0.326 |
| 4:02-1st |  | 22 | 11 | 0.654 | 0.346 |
| 4:00-1st |  | 22 | 11 | 0.646 | 0.354 |
| 3:47-1st |  | 22 | 11 | 0.678 | 0.322 |
| 3:39-1st |  | 22 | 11 | 0.656 | 0.344 |
| 3:37-1st |  | 22 | 11 | 0.679 | 0.321 |
| 3:32-1st |  | 22 | 11 | 0.657 | 0.343 |
| 3:26-1st |  | 22 | 11 | 0.68 | 0.32 |
| 3:25-1st |  | 24 | 11 | 0.703 | 0.297 |
| 3:10-1st |  | 24 | 14 | 0.653 | 0.347 |
| 2:58-1st |  | 24 | 14 | 0.626 | 0.374 |
| 2:33-1st |  | 24 | 14 | 0.65 | 0.35 |
| 2:31-1st |  | 24 | 14 | 0.657 | 0.343 |
| 2:26-1st |  | 24 | 14 | 0.629 | 0.371 |
| 2:11-1st |  | 24 | 16 | 0.602 | 0.398 |
| 1:59-1st |  | 25 | 16 | 0.604 | 0.396 |
| 1:57-1st |  | 25 | 16 | 0.604 | 0.396 |
| 1:44-1st |  | 25 | 16 | 0.637 | 0.363 |
| 1:34-1st |  | 27 | 16 | 0.662 | 0.338 |
| 1:22-1st |  | 27 | 18 | 0.639 | 0.361 |
| 1:12-1st |  | 27 | 18 | 0.609 | 0.391 |
| 1:01-1st |  | 27 | 20 | 0.585 | 0.415 |
| 50.1-1st |  | 28 | 20 | 0.579 | 0.421 |
| 48.1-1st |  | 28 | 20 | 0.58 | 0.42 |
| 32.1-1st |  | 28 | 20 | 0.607 | 0.393 |
| 30.0-1st |  | 28 | 20 | 0.617 | 0.383 |
| 20.2-1st |  | 31 | 20 | 0.67 | 0.33 |
| 0.0-1st |  | 31 | 20 | 0.687 | 0.313 |
| 12:00-2nd |  | 31 | 20 | 0.687 | 0.313 |
| 11:46-2nd |  | 31 | 20 | 0.679 | 0.321 |
| 11:28-2nd |  | 31 | 20 | 0.699 | 0.301 |
| 11:24-2nd |  | 31 | 20 | 0.705 | 0.295 |
| 11:18-2nd |  | 31 | 20 | 0.682 | 0.318 |
| 11:11-2nd |  | 31 | 20 | 0.701 | 0.299 |
| 11:09-2nd |  | 32 | 20 | 0.707 | 0.293 |
| 10:49-2nd |  | 32 | 20 | 0.739 | 0.261 |
| 10:36-2nd |  | 34 | 20 | 0.763 | 0.237 |
| 10:20-2nd |  | 34 | 20 | 0.788 | 0.212 |
| 10:17-2nd |  | 34 | 20 | 0.789 | 0.211 |
| 10:11-2nd |  | 35 | 20 | 0.789 | 0.211 |
| 9:51-2nd |  | 35 | 20 | 0.809 | 0.191 |
| 9:47-2nd |  | 35 | 20 | 0.815 | 0.185 |
| 9:41-2nd |  | 35 | 20 | 0.799 | 0.201 |
| 9:38-2nd |  | 35 | 20 | 0.793 | 0.207 |
| 9:27-2nd |  | 35 | 20 | 0.812 | 0.188 |
| 9:25-2nd |  | 35 | 20 | 0.795 | 0.205 |
| 9:20-2nd |  | 35 | 20 | 0.813 | 0.187 |
| 9:17-2nd |  | 35 | 20 | 0.796 | 0.204 |
| 9:16-2nd |  | 35 | 20 | 0.813 | 0.187 |
| 9:15-2nd |  | 35 | 22 | 0.775 | 0.225 |
| 9:02-2nd |  | 35 | 22 | 0.748 | 0.252 |
| 8:43-2nd |  | 35 | 24 | 0.726 | 0.274 |
| 8:31-2nd |  | 37 | 24 | 0.752 | 0.248 |
| 8:16-2nd |  | 37 | 27 | 0.703 | 0.297 |
| 8:00-2nd |  | 37 | 27 | 0.675 | 0.325 |
| 7:55-2nd |  | 37 | 27 | 0.705 | 0.295 |
| 7:37-2nd |  | 37 | 27 | 0.686 | 0.314 |
| 7:33-2nd |  | 37 | 27 | 0.679 | 0.321 |
| 7:17-2nd |  | 37 | 30 | 0.624 | 0.376 |
| 7:15-2nd |  | 37 | 30 | 0.624 | 0.376 |
| 7:07-2nd |  | 37 | 30 | 0.621 | 0.379 |
| 6:55-2nd |  | 39 | 30 | 0.651 | 0.349 |
| 6:29-2nd |  | 39 | 33 | 0.594 | 0.406 |
| 6:22-2nd |  | 39 | 33 | 0.571 | 0.429 |
| 6:18-2nd |  | 39 | 33 | 0.564 | 0.436 |
| 6:15-2nd |  | 39 | 33 | 0.588 | 0.412 |
| 6:12-2nd |  | 39 | 33 | 0.565 | 0.435 |
| 6:06-2nd |  | 39 | 35 | 0.534 | 0.466 |
| 5:45-2nd |  | 39 | 35 | 0.512 | 0.488 |
| 5:42-2nd |  | 39 | 35 | 0.536 | 0.464 |
| 5:41-2nd |  | 42 | 35 | 0.6 | 0.4 |
| 5:21-2nd |  | 42 | 35 | 0.626 | 0.374 |
| 5:19-2nd |  | 42 | 35 | 0.634 | 0.366 |
| 5:12-2nd |  | 42 | 35 | 0.611 | 0.389 |
| 5:06-2nd |  | 42 | 35 | 0.604 | 0.396 |
| 4:55-2nd |  | 42 | 35 | 0.629 | 0.371 |
| 4:52-2nd |  | 42 | 35 | 0.638 | 0.362 |
| 4:49-2nd |  | 42 | 35 | 0.614 | 0.386 |
| 4:45-2nd |  | 42 | 35 | 0.607 | 0.393 |
| 4:43-2nd |  | 42 | 35 | 0.607 | 0.393 |
| 4:33-2nd |  | 42 | 37 | 0.578 | 0.422 |
| 4:17-2nd |  | 44 | 37 | 0.61 | 0.39 |
| 4:01-2nd |  | 44 | 37 | 0.636 | 0.364 |
| 3:58-2nd |  | 44 | 37 | 0.644 | 0.356 |
| 3:53-2nd |  | 44 | 37 | 0.621 | 0.379 |
| 3:50-2nd |  | 44 | 37 | 0.613 | 0.387 |
| 3:40-2nd |  | 44 | 39 | 0.584 | 0.416 |
| 3:21-2nd |  | 44 | 39 | 0.559 | 0.441 |
| 3:20-2nd |  | 44 | 39 | 0.586 | 0.414 |
| 3:19-2nd |  | 46 | 39 | 0.617 | 0.383 |
| 3:06-2nd |  | 46 | 39 | 0.619 | 0.381 |
| 2:58-2nd |  | 46 | 39 | 0.645 | 0.355 |
| 2:54-2nd |  | 46 | 39 | 0.653 | 0.347 |
| 2:47-2nd |  | 46 | 39 | 0.63 | 0.37 |
| 2:40-2nd |  | 46 | 39 | 0.622 | 0.378 |
| 2:38-2nd |  | 46 | 42 | 0.556 | 0.444 |
| 2:20-2nd |  | 46 | 42 | 0.532 | 0.468 |
| 2:17-2nd |  | 46 | 42 | 0.524 | 0.476 |
| 2:03-2nd |  | 46 | 44 | 0.489 | 0.511 |
| 1:49-2nd |  | 47 | 44 | 0.491 | 0.509 |
| 1:34-2nd |  | 47 | 44 | 0.518 | 0.482 |
| 1:32-2nd |  | 47 | 44 | 0.527 | 0.473 |
| 1:26-2nd |  | 47 | 44 | 0.502 | 0.498 |
| 1:23-2nd |  | 47 | 44 | 0.493 | 0.507 |
| 1:16-2nd |  | 47 | 44 | 0.52 | 0.48 |
| 1:13-2nd |  | 47 | 44 | 0.529 | 0.471 |
| 1:08-2nd |  | 47 | 44 | 0.495 | 0.505 |
| 50.1-2nd |  | 47 | 47 | 0.427 | 0.573 |
| 33.1-2nd |  | 49 | 47 | 0.463 | 0.537 |
| 28.1-2nd |  | 49 | 47 | 0.411 | 0.589 |
| 10.2-2nd |  | 49 | 47 | 0.491 | 0.509 |
| 9.2-2nd |  | 49 | 49 | 0.431 | 0.569 |
| 3.1-2nd |  | 49 | 49 | 0.397 | 0.603 |
| 1.0-2nd |  | 49 | 49 | 0.397 | 0.603 |
| 0.0-2nd |  | 49 | 49 | 0.414 | 0.586 |
| 12:00-3rd |  | 49 | 49 | 0.414 | 0.586 |
| 11:36-3rd |  | 51 | 49 | 0.471 | 0.529 |
| 11:17-3rd |  | 51 | 51 | 0.438 | 0.562 |
| 10:56-3rd |  | 54 | 51 | 0.508 | 0.492 |
| 10:43-3rd |  | 54 | 53 | 0.472 | 0.528 |
| 10:25-3rd |  | 54 | 53 | 0.447 | 0.553 |
| 10:22-3rd |  | 54 | 53 | 0.439 | 0.561 |
| 10:09-3rd |  | 54 | 55 | 0.401 | 0.599 |
| 9:44-3rd |  | 57 | 55 | 0.478 | 0.522 |
| 9:33-3rd |  | 57 | 55 | 0.508 | 0.492 |
| 9:30-3rd |  | 57 | 55 | 0.517 | 0.483 |
| 9:22-3rd |  | 58 | 55 | 0.516 | 0.484 |
| 9:05-3rd |  | 58 | 55 | 0.548 | 0.452 |
| 9:03-3rd |  | 58 | 55 | 0.559 | 0.441 |
| 8:51-3rd |  | 61 | 55 | 0.633 | 0.367 |
| 8:33-3rd |  | 61 | 55 | 0.665 | 0.335 |
| 8:30-3rd |  | 61 | 55 | 0.636 | 0.364 |
| 8:21-3rd |  | 61 | 58 | 0.564 | 0.436 |
| 8:00-3rd |  | 63 | 58 | 0.602 | 0.398 |
| 7:59-3rd |  | 61 | 58 | 0.523 | 0.477 |
| 7:44-3rd |  | 63 | 58 | 0.643 | 0.357 |
| 7:23-3rd |  | 63 | 58 | 0.617 | 0.383 |
| 7:20-3rd |  | 63 | 58 | 0.608 | 0.392 |
| 7:09-3rd |  | 63 | 61 | 0.533 | 0.467 |
| 7:00-3rd |  | 63 | 61 | 0.502 | 0.498 |
| 6:55-3rd |  | 63 | 61 | 0.491 | 0.509 |
| 6:47-3rd |  | 63 | 64 | 0.414 | 0.586 |
| 6:24-3rd |  | 65 | 64 | 0.454 | 0.546 |
| 6:09-3rd |  | 65 | 66 | 0.416 | 0.584 |
| 5:46-3rd |  | 65 | 66 | 0.376 | 0.624 |
| 5:41-3rd |  | 65 | 68 | 0.339 | 0.661 |
| 5:23-3rd |  | 67 | 68 | 0.376 | 0.624 |
| 5:02-3rd |  | 67 | 68 | 0.408 | 0.592 |
| 4:58-3rd |  | 67 | 68 | 0.419 | 0.581 |
| 4:43-3rd |  | 67 | 68 | 0.388 | 0.612 |
| 4:41-3rd |  | 67 | 68 | 0.377 | 0.623 |
| 4:28-3rd |  | 67 | 70 | 0.339 | 0.661 |
| 4:20-3rd |  | 67 | 70 | 0.301 | 0.699 |
| 4:18-3rd |  | 67 | 70 | 0.301 | 0.699 |
| 4:03-3rd |  | 67 | 70 | 0.339 | 0.661 |
| 3:42-3rd |  | 67 | 70 | 0.31 | 0.69 |
| 3:39-3rd |  | 67 | 70 | 0.3 | 0.7 |
| 3:26-3rd |  | 67 | 73 | 0.232 | 0.768 |
| 3:05-3rd |  | 68 | 73 | 0.228 | 0.772 |
| 2:53-3rd |  | 68 | 75 | 0.197 | 0.803 |
| 2:45-3rd |  | 68 | 75 | 0.165 | 0.835 |
| 2:29-3rd |  | 68 | 75 | 0.195 | 0.805 |
| 2:09-3rd |  | 70 | 75 | 0.224 | 0.776 |
| 1:53-3rd |  | 70 | 77 | 0.193 | 0.807 |
| 1:46-3rd |  | 70 | 77 | 0.16 | 0.84 |
| 1:35-3rd |  | 73 | 77 | 0.257 | 0.743 |
| 1:21-3rd |  | 73 | 77 | 0.298 | 0.702 |
| 1:16-3rd |  | 76 | 77 | 0.38 | 0.62 |
| 1:15-3rd |  | 76 | 77 | 0.38 | 0.62 |
| 52.1-3rd |  | 76 | 77 | 0.418 | 0.582 |
| 50.0-3rd |  | 76 | 77 | 0.431 | 0.569 |
| 46.1-3rd |  | 76 | 77 | 0.393 | 0.607 |
| 43.0-3rd |  | 76 | 77 | 0.38 | 0.62 |
| 36.0-3rd |  | 76 | 80 | 0.296 | 0.704 |
| 18.1-3rd |  | 79 | 80 | 0.383 | 0.617 |
| 0.0-3rd |  | 79 | 80 | 0.407 | 0.593 |
| 12:00-4th |  | 79 | 80 | 0.407 | 0.593 |
| 11:41-4th |  | 79 | 80 | 0.438 | 0.562 |
| 11:29-4th |  | 81 | 80 | 0.48 | 0.52 |
| 11:17-4th |  | 81 | 80 | 0.534 | 0.466 |
| 11:05-4th |  | 81 | 80 | 0.482 | 0.518 |
| 10:56-4th |  | 81 | 80 | 0.537 | 0.463 |
| 10:53-4th |  | 81 | 80 | 0.554 | 0.446 |
| 10:47-4th |  | 83 | 80 | 0.596 | 0.404 |
| 10:30-4th |  | 83 | 82 | 0.543 | 0.457 |
| 10:11-4th |  | 83 | 82 | 0.489 | 0.511 |
| 9:50-4th |  | 83 | 82 | 0.534 | 0.466 |
| 9:47-4th |  | 83 | 82 | 0.491 | 0.509 |
| 9:39-4th |  | 83 | 82 | 0.549 | 0.451 |
| 9:34-4th |  | 83 | 82 | 0.492 | 0.508 |
| 9:15-4th |  | 83 | 84 | 0.44 | 0.56 |
| 8:57-4th |  | 83 | 84 | 0.398 | 0.602 |
| 8:53-4th |  | 83 | 84 | 0.383 | 0.617 |
| 8:40-4th |  | 83 | 87 | 0.282 | 0.718 |
| 8:26-4th |  | 83 | 87 | 0.232 | 0.768 |
| 8:16-4th |  | 83 | 87 | 0.268 | 0.732 |
| 8:13-4th |  | 83 | 87 | 0.28 | 0.72 |
| 7:59-4th |  | 83 | 87 | 0.242 | 0.758 |
| 7:55-4th |  | 83 | 87 | 0.229 | 0.771 |
| 7:36-4th |  | 83 | 90 | 0.143 | 0.857 |
| 7:22-4th |  | 85 | 90 | 0.177 | 0.823 |
| 7:04-4th |  | 85 | 90 | 0.216 | 0.784 |
| 6:46-4th |  | 85 | 90 | 0.169 | 0.831 |
| 6:19-4th |  | 85 | 90 | 0.207 | 0.793 |
| 6:17-4th |  | 85 | 90 | 0.219 | 0.781 |
| 6:05-4th |  | 85 | 90 | 0.227 | 0.773 |
| 5:53-4th |  | 85 | 90 | 0.18 | 0.82 |
| 5:50-4th |  | 85 | 90 | 0.168 | 0.832 |
| 5:34-4th |  | 85 | 93 | 0.096 | 0.904 |
| 5:23-4th |  | 87 | 93 | 0.132 | 0.868 |
| 5:20-4th |  | 87 | 93 | 0.131 | 0.869 |
| 5:02-4th |  | 87 | 93 | 0.159 | 0.841 |
| 5:00-4th |  | 87 | 93 | 0.169 | 0.831 |
| 4:54-4th |  | 87 | 93 | 0.126 | 0.874 |
| 4:50-4th |  | 87 | 95 | 0.092 | 0.908 |
| 4:41-4th |  | 90 | 95 | 0.164 | 0.836 |
| 4:27-4th |  | 90 | 95 | 0.161 | 0.839 |
| 4:18-4th |  | 90 | 95 | 0.195 | 0.805 |
| 4:15-4th |  | 90 | 95 | 0.206 | 0.794 |
| 4:05-4th |  | 92 | 95 | 0.259 | 0.741 |
| 3:35-4th |  | 92 | 95 | 0.304 | 0.696 |
| 3:32-4th |  | 92 | 95 | 0.321 | 0.679 |
| 3:23-4th |  | 92 | 95 | 0.266 | 0.734 |
| 3:17-4th |  | 92 | 95 | 0.247 | 0.753 |
| 3:03-4th |  | 92 | 95 | 0.31 | 0.69 |
| 2:58-4th |  | 94 | 95 | 0.392 | 0.608 |
| 2:38-4th |  | 94 | 95 | 0.361 | 0.639 |
| 2:23-4th |  | 94 | 95 | 0.447 | 0.553 |
| 2:20-4th |  | 94 | 95 | 0.47 | 0.53 |
| 2:18-4th | TARGET | 97 | 95 | 0.648 | 0.352 |
| 2:00-4th |  | 97 | 95 | 0.723 | 0.277 |
| 1:58-4th |  | 97 | 95 | 0.655 | 0.345 |
| 1:51-4th |  | 97 | 95 | 0.728 | 0.272 |
| 1:47-4th |  | 97 | 95 | 0.753 | 0.247 |
| 1:42-4th |  | 98 | 95 | 0.752 | 0.248 |
| 1:40-4th |  | 98 | 95 | 0.753 | 0.247 |
| 1:27-4th |  | 98 | 95 | 0.812 | 0.188 |
| 1:22-4th |  | 101 | 95 | 0.927 | 0.073 |
| 1:16-4th |  | 101 | 95 | 0.836 | 0.164 |
| 1:11-4th |  | 101 | 95 | 0.954 | 0.046 |
| 48.0-4th |  | 101 | 95 | 0.943 | 0.057 |
| 46.1-4th |  | 103 | 95 | 0.981 | 0.019 |
| 37.1-4th |  | 103 | 95 | 0.995 | 0.005 |
| 35.1-4th |  | 104 | 95 | 0.994 | 0.006 |
| 25.2-4th |  | 104 | 95 | 0.999 | 0.001 |
| 24.1-4th |  | 106 | 95 | 0.999 | 0.001 |
| 0.1-4th |  | 106 | 95 | 0.999 | 0.001 |
| 0.0-4th |  | 106 | 95 | 1.0 | 0.0 |

Question

Which event most likely happened at the marked missing position?

Answer Choices

A. Player 14 (Team B) vs. Player 11 (Team B) (Player 10 (Team B) gains possession)
B. Player 4 (Team A) makes 26-foot three pointer
C. Player 18 (Team A) makes tip shot
D. Player 3 (Team A) makes 29-foot three point jumper (Player 7 (Team A) assists)

Response Format

Return exactly one JSON object:

{
  "answer": "<A|B|C|D>",
  "rationale": "<brief evidence-based justification in 1-3 sentences>",
  "evidence_event_ids": [],
  "evidence_series_times": []
}

Use only event IDs and time labels that are provided above and that support the answer. Use an empty array when the corresponding evidence type is unavailable or unused. Return only the JSON object.
