Task

Reconstruct the missing event in this basketball game. Use the available numerical time-series evidence around the marked row to select the most likely event.

Game

Team A versus Team B, season 22-23.

Time Series

| Game time | Marker | Team A score | Team B score | Team A win probability | Team B win probability |
| --- | --- | --- | --- | --- | --- |
| 12:00-1st |  | 0 | 0 | 0.406 | 0.594 |
| 11:46-1st |  | 2 | 0 | 0.436 | 0.564 |
| 11:30-1st |  | 2 | 2 | 0.407 | 0.593 |
| 11:13-1st |  | 2 | 2 | 0.394 | 0.606 |
| 11:09-1st |  | 2 | 2 | 0.389 | 0.611 |
| 11:05-1st |  | 2 | 2 | 0.404 | 0.596 |
| 11:01-1st |  | 2 | 2 | 0.409 | 0.591 |
| 10:50-1st |  | 4 | 2 | 0.437 | 0.563 |
| 10:31-1st |  | 4 | 2 | 0.462 | 0.538 |
| 10:17-1st |  | 4 | 2 | 0.445 | 0.555 |
| 10:14-1st |  | 4 | 2 | 0.463 | 0.537 |
| 10:09-1st |  | 4 | 2 | 0.463 | 0.537 |
| 9:59-1st |  | 4 | 2 | 0.444 | 0.556 |
| 9:57-1st |  | 4 | 2 | 0.463 | 0.537 |
| 9:50-1st |  | 4 | 2 | 0.445 | 0.555 |
| 9:44-1st |  | 6 | 2 | 0.489 | 0.511 |
| 9:36-1st |  | 6 | 5 | 0.442 | 0.558 |
| 9:20-1st |  | 9 | 5 | 0.491 | 0.509 |
| 9:08-1st |  | 9 | 7 | 0.465 | 0.535 |
| 8:46-1st |  | 9 | 7 | 0.447 | 0.553 |
| 8:44-1st |  | 9 | 7 | 0.441 | 0.559 |
| 8:37-1st |  | 9 | 7 | 0.46 | 0.54 |
| 8:34-1st |  | 9 | 7 | 0.467 | 0.533 |
| 8:20-1st |  | 11 | 7 | 0.494 | 0.506 |
| 8:16-1st |  | 11 | 8 | 0.496 | 0.504 |
| 8:03-1st |  | 11 | 8 | 0.477 | 0.523 |
| 8:00-1st |  | 11 | 8 | 0.47 | 0.53 |
| 7:47-1st |  | 11 | 10 | 0.443 | 0.557 |
| 7:33-1st |  | 11 | 10 | 0.425 | 0.575 |
| 7:31-1st |  | 11 | 10 | 0.419 | 0.581 |
| 7:26-1st |  | 11 | 10 | 0.438 | 0.562 |
| 7:23-1st |  | 11 | 12 | 0.394 | 0.606 |
| 7:08-1st |  | 11 | 12 | 0.37 | 0.63 |
| 6:53-1st |  | 11 | 12 | 0.395 | 0.605 |
| 6:49-1st |  | 13 | 12 | 0.42 | 0.58 |
| 6:38-1st |  | 13 | 12 | 0.44 | 0.56 |
| 6:35-1st |  | 13 | 12 | 0.446 | 0.554 |
| 6:23-1st |  | 15 | 12 | 0.475 | 0.525 |
| 6:02-1st |  | 15 | 14 | 0.448 | 0.552 |
| 5:41-1st |  | 18 | 14 | 0.503 | 0.497 |
| 5:28-1st |  | 18 | 16 | 0.478 | 0.522 |
| 5:13-1st |  | 20 | 16 | 0.505 | 0.495 |
| 4:56-1st |  | 20 | 16 | 0.506 | 0.494 |
| 4:54-1st |  | 20 | 16 | 0.528 | 0.472 |
| 4:50-1st |  | 20 | 16 | 0.535 | 0.465 |
| 4:41-1st |  | 22 | 16 | 0.563 | 0.437 |
| 4:29-1st |  | 22 | 18 | 0.536 | 0.464 |
| 4:13-1st |  | 22 | 18 | 0.516 | 0.484 |
| 4:06-1st |  | 24 | 18 | 0.565 | 0.435 |
| 3:52-1st |  | 24 | 20 | 0.539 | 0.461 |
| 3:42-1st |  | 26 | 20 | 0.566 | 0.434 |
| 3:32-1st |  | 26 | 20 | 0.594 | 0.406 |
| 3:25-1st |  | 29 | 20 | 0.649 | 0.351 |
| 3:03-1st |  | 29 | 23 | 0.598 | 0.402 |
| 2:46-1st |  | 29 | 23 | 0.638 | 0.362 |
| 2:37-1st |  | 29 | 23 | 0.571 | 0.429 |
| 2:24-1st |  | 29 | 23 | 0.593 | 0.407 |
| 2:21-1st |  | 29 | 23 | 0.6 | 0.4 |
| 2:13-1st |  | 29 | 23 | 0.58 | 0.42 |
| 2:09-1st |  | 29 | 23 | 0.573 | 0.427 |
| 2:02-1st |  | 29 | 23 | 0.602 | 0.398 |
| 1:45-1st |  | 31 | 23 | 0.626 | 0.374 |
| 1:35-1st |  | 31 | 25 | 0.602 | 0.398 |
| 1:19-1st |  | 33 | 25 | 0.628 | 0.372 |
| 1:02-1st |  | 33 | 25 | 0.654 | 0.346 |
| 57.1-1st |  | 33 | 27 | 0.604 | 0.396 |
| 39.1-1st |  | 33 | 27 | 0.584 | 0.416 |
| 36.1-1st |  | 33 | 27 | 0.577 | 0.423 |
| 34.0-1st |  | 33 | 27 | 0.606 | 0.394 |
| 28.1-1st |  | 36 | 27 | 0.662 | 0.338 |
| 9.0-1st |  | 36 | 29 | 0.64 | 0.36 |
| 1.1-1st |  | 36 | 29 | 0.64 | 0.36 |
| 0.0-1st |  | 36 | 29 | 0.623 | 0.377 |
| 11:48-2nd |  | 36 | 29 | 0.633 | 0.367 |
| 11:45-2nd |  | 36 | 29 | 0.64 | 0.36 |
| 11:32-2nd |  | 36 | 29 | 0.619 | 0.381 |
| 11:29-2nd |  | 36 | 29 | 0.612 | 0.388 |
| 11:21-2nd |  | 36 | 29 | 0.613 | 0.387 |
| 11:11-2nd |  | 36 | 29 | 0.636 | 0.364 |
| 11:07-2nd |  | 36 | 29 | 0.644 | 0.356 |
| 10:56-2nd |  | 36 | 29 | 0.615 | 0.385 |
| 10:52-2nd |  | 36 | 31 | 0.589 | 0.411 |
| 10:35-2nd |  | 38 | 31 | 0.617 | 0.383 |
| 10:26-2nd |  | 38 | 31 | 0.64 | 0.36 |
| 10:23-2nd |  | 38 | 31 | 0.648 | 0.352 |
| 10:06-2nd |  | 38 | 31 | 0.627 | 0.373 |
| 10:04-2nd |  | 38 | 31 | 0.62 | 0.38 |
| 9:55-2nd |  | 38 | 34 | 0.564 | 0.436 |
| 9:35-2nd |  | 38 | 34 | 0.541 | 0.459 |
| 9:32-2nd |  | 38 | 34 | 0.533 | 0.467 |
| 9:31-2nd |  | 38 | 36 | 0.502 | 0.498 |
| 9:20-2nd |  | 38 | 36 | 0.481 | 0.519 |
| 9:18-2nd |  | 38 | 36 | 0.474 | 0.526 |
| 9:13-2nd |  | 38 | 39 | 0.414 | 0.586 |
| 8:56-2nd |  | 38 | 39 | 0.414 | 0.586 |
| 8:51-2nd |  | 38 | 39 | 0.414 | 0.586 |
| 8:40-2nd |  | 38 | 39 | 0.394 | 0.606 |
| 8:37-2nd |  | 38 | 39 | 0.388 | 0.612 |
| 8:24-2nd |  | 38 | 39 | 0.415 | 0.585 |
| 8:14-2nd |  | 40 | 39 | 0.446 | 0.554 |
| 8:06-2nd |  | 40 | 39 | 0.453 | 0.547 |
| 8:05-2nd |  | 40 | 39 | 0.447 | 0.553 |
| 8:03-2nd |  | 40 | 39 | 0.474 | 0.526 |
| 7:50-2nd |  | 43 | 39 | 0.538 | 0.462 |
| 7:37-2nd |  | 43 | 39 | 0.54 | 0.46 |
| 7:30-2nd |  | 43 | 39 | 0.571 | 0.429 |
| 7:24-2nd |  | 45 | 39 | 0.6 | 0.4 |
| 7:13-2nd |  | 45 | 41 | 0.572 | 0.428 |
| 6:55-2nd |  | 45 | 41 | 0.55 | 0.45 |
| 6:53-2nd |  | 45 | 41 | 0.543 | 0.457 |
| 6:41-2nd |  | 45 | 41 | 0.567 | 0.433 |
| 6:39-2nd |  | 45 | 41 | 0.575 | 0.425 |
| 6:35-2nd |  | 45 | 41 | 0.552 | 0.448 |
| 6:31-2nd |  | 45 | 41 | 0.544 | 0.456 |
| 6:26-2nd |  | 45 | 44 | 0.48 | 0.52 |
| 6:21-2nd |  | 45 | 44 | 0.481 | 0.519 |
| 6:05-2nd |  | 47 | 44 | 0.512 | 0.488 |
| 5:54-2nd |  | 47 | 44 | 0.468 | 0.532 |
| 5:46-2nd |  | 47 | 44 | 0.55 | 0.45 |
| 5:38-2nd |  | 47 | 44 | 0.596 | 0.404 |
| 5:27-2nd |  | 47 | 44 | 0.526 | 0.474 |
| 5:25-2nd |  | 47 | 44 | 0.518 | 0.482 |
| 5:21-2nd |  | 47 | 45 | 0.519 | 0.481 |
| 5:18-2nd |  | 47 | 45 | 0.519 | 0.481 |
| 5:04-2nd |  | 47 | 45 | 0.493 | 0.507 |
| 5:02-2nd |  | 47 | 45 | 0.484 | 0.516 |
| 4:53-2nd |  | 47 | 45 | 0.521 | 0.479 |
| 4:48-2nd |  | 49 | 45 | 0.549 | 0.451 |
| 4:41-2nd |  | 49 | 45 | 0.585 | 0.415 |
| 4:31-2nd |  | 49 | 45 | 0.551 | 0.449 |
| 4:30-2nd |  | 49 | 47 | 0.522 | 0.478 |
| 4:12-2nd |  | 51 | 47 | 0.552 | 0.448 |
| 3:57-2nd |  | 51 | 47 | 0.579 | 0.421 |
| 3:54-2nd |  | 51 | 47 | 0.588 | 0.412 |
| 3:42-2nd |  | 51 | 47 | 0.563 | 0.437 |
| 3:38-2nd |  | 51 | 47 | 0.554 | 0.446 |
| 3:30-2nd |  | 51 | 47 | 0.59 | 0.41 |
| 3:07-2nd |  | 51 | 47 | 0.565 | 0.435 |
| 3:04-2nd |  | 51 | 47 | 0.593 | 0.407 |
| 3:02-2nd |  | 51 | 47 | 0.593 | 0.407 |
| 2:57-2nd |  | 53 | 47 | 0.622 | 0.378 |
| 2:50-2nd |  | 53 | 50 | 0.562 | 0.438 |
| 2:42-2nd |  | 56 | 50 | 0.623 | 0.377 |
| 2:23-2nd |  | 56 | 53 | 0.564 | 0.436 |
| 2:03-2nd |  | 56 | 53 | 0.541 | 0.459 |
| 1:59-2nd |  | 56 | 53 | 0.566 | 0.434 |
| 1:54-2nd |  | 56 | 53 | 0.541 | 0.459 |
| 1:50-2nd |  | 56 | 53 | 0.533 | 0.467 |
| 1:48-2nd |  | 56 | 53 | 0.559 | 0.441 |
| 1:44-2nd |  | 56 | 53 | 0.567 | 0.433 |
| 1:37-2nd |  | 56 | 53 | 0.534 | 0.466 |
| 1:21-2nd |  | 56 | 55 | 0.495 | 0.505 |
| 1:01-2nd |  | 56 | 55 | 0.469 | 0.531 |
| 58.1-2nd |  | 58 | 55 | 0.537 | 0.463 |
| 48.1-2nd |  | 58 | 55 | 0.572 | 0.428 |
| 32.0-2nd |  | 58 | 55 | 0.548 | 0.452 |
| 28.1-2nd |  | 58 | 55 | 0.573 | 0.427 |
| 19.1-2nd |  | 58 | 55 | 0.545 | 0.455 |
| 16.0-2nd |  | 58 | 55 | 0.536 | 0.464 |
| 0.0-2nd |  | 58 | 57 | 0.483 | 0.517 |
| 12:00-3rd |  | 58 | 57 | 0.483 | 0.517 |
| 11:51-3rd |  | 58 | 57 | 0.494 | 0.506 |
| 11:47-3rd |  | 58 | 57 | 0.469 | 0.531 |
| 11:45-3rd |  | 58 | 57 | 0.495 | 0.505 |
| 11:42-3rd |  | 58 | 57 | 0.503 | 0.497 |
| 11:29-3rd |  | 58 | 57 | 0.504 | 0.496 |
| 11:27-3rd |  | 58 | 57 | 0.478 | 0.522 |
| 11:24-3rd |  | 58 | 57 | 0.504 | 0.496 |
| 11:23-3rd |  | 60 | 57 | 0.54 | 0.46 |
| 11:04-3rd |  | 60 | 57 | 0.568 | 0.432 |
| 11:00-3rd |  | 60 | 57 | 0.578 | 0.422 |
| 10:51-3rd |  | 60 | 57 | 0.542 | 0.458 |
| 10:46-3rd |  | 60 | 59 | 0.506 | 0.494 |
| 10:31-3rd |  | 60 | 59 | 0.506 | 0.494 |
| 10:26-3rd |  | 60 | 59 | 0.48 | 0.52 |
| 10:21-3rd |  | 60 | 59 | 0.508 | 0.492 |
| 10:20-3rd |  | 60 | 59 | 0.481 | 0.519 |
| 10:15-3rd |  | 60 | 59 | 0.508 | 0.492 |
| 10:13-3rd |  | 62 | 59 | 0.544 | 0.456 |
| 9:53-3rd |  | 62 | 61 | 0.509 | 0.491 |
| 9:42-3rd |  | 64 | 61 | 0.546 | 0.454 |
| 9:25-3rd |  | 64 | 63 | 0.51 | 0.49 |
| 9:09-3rd |  | 66 | 63 | 0.547 | 0.453 |
| 9:01-3rd |  | 66 | 65 | 0.511 | 0.489 |
| 9:00-3rd |  | 66 | 65 | 0.51 | 0.49 |
| 8:50-3rd |  | 66 | 65 | 0.482 | 0.518 |
| 8:46-3rd |  | 66 | 65 | 0.473 | 0.527 |
| 8:42-3rd |  | 66 | 65 | 0.473 | 0.527 |
| 8:32-3rd |  | 66 | 68 | 0.399 | 0.601 |
| 8:21-3rd |  | 66 | 68 | 0.362 | 0.638 |
| 8:18-3rd |  | 66 | 70 | 0.329 | 0.671 |
| 8:17-3rd |  | 66 | 68 | 0.399 | 0.601 |
| 8:02-3rd |  | 68 | 70 | 0.362 | 0.638 |
| 7:35-3rd |  | 68 | 72 | 0.328 | 0.672 |
| 7:20-3rd |  | 70 | 72 | 0.362 | 0.638 |
| 7:00-3rd |  | 70 | 74 | 0.327 | 0.673 |
| 6:49-3rd |  | 70 | 74 | 0.29 | 0.71 |
| 6:46-3rd |  | 70 | 77 | 0.227 | 0.773 |
| 6:25-3rd |  | 70 | 77 | 0.203 | 0.797 |
| 6:21-3rd |  | 70 | 77 | 0.195 | 0.805 |
| 6:18-3rd |  | 70 | 79 | 0.17 | 0.83 |
| 5:57-3rd |  | 72 | 79 | 0.193 | 0.807 |
| 5:41-3rd |  | 72 | 81 | 0.167 | 0.833 |
| 5:22-3rd |  | 72 | 81 | 0.147 | 0.853 |
| 5:20-3rd |  | 72 | 81 | 0.165 | 0.835 |
| 5:17-3rd |  | 72 | 81 | 0.146 | 0.854 |
| 5:15-3rd |  | 72 | 81 | 0.14 | 0.86 |
| 5:08-3rd |  | 72 | 83 | 0.119 | 0.881 |
| 5:05-3rd |  | 72 | 83 | 0.119 | 0.881 |
| 4:48-3rd |  | 72 | 83 | 0.097 | 0.903 |
| 4:43-3rd |  | 72 | 85 | 0.081 | 0.919 |
| 4:33-3rd |  | 72 | 85 | 0.069 | 0.931 |
| 4:28-3rd |  | 72 | 85 | 0.08 | 0.92 |
| 4:25-3rd |  | 75 | 85 | 0.115 | 0.885 |
| 4:03-3rd |  | 75 | 87 | 0.095 | 0.905 |
| 3:54-3rd |  | 75 | 87 | 0.124 | 0.876 |
| 3:50-3rd |  | 75 | 87 | 0.074 | 0.926 |
| 3:45-3rd |  | 75 | 90 | 0.05 | 0.95 |
| 3:40-3rd |  | 77 | 90 | 0.062 | 0.938 |
| 3:37-3rd |  | 77 | 90 | 0.062 | 0.938 |
| 3:25-3rd |  | 77 | 90 | 0.062 | 0.938 |
| 3:17-3rd |  | 77 | 90 | 0.07 | 0.93 |
| 3:16-3rd |  | 77 | 90 | 0.073 | 0.927 |
| 3:03-3rd |  | 79 | 90 | 0.088 | 0.912 |
| 2:46-3rd |  | 79 | 90 | 0.101 | 0.899 |
| 2:44-3rd |  | 79 | 90 | 0.106 | 0.894 |
| 2:40-3rd |  | 79 | 90 | 0.106 | 0.894 |
| 2:36-3rd |  | 82 | 90 | 0.149 | 0.851 |
| 2:23-3rd |  | 82 | 92 | 0.123 | 0.877 |
| 2:10-3rd |  | 84 | 92 | 0.146 | 0.854 |
| 2:04-3rd |  | 84 | 92 | 0.146 | 0.854 |
| 1:53-3rd |  | 84 | 94 | 0.119 | 0.881 |
| 1:34-3rd |  | 86 | 94 | 0.142 | 0.858 |
| 1:22-3rd |  | 86 | 94 | 0.168 | 0.832 |
| 1:17-3rd |  | 88 | 94 | 0.197 | 0.803 |
| 1:04-3rd |  | 88 | 96 | 0.166 | 0.834 |
| 48.2-3rd |  | 90 | 96 | 0.194 | 0.806 |
| 35.2-3rd |  | 90 | 98 | 0.163 | 0.837 |
| 23.0-3rd |  | 93 | 98 | 0.23 | 0.77 |
| 21.1-3rd |  | 93 | 98 | 0.23 | 0.77 |
| 3.0-3rd |  | 93 | 98 | 0.267 | 0.733 |
| 0.0-3rd |  | 93 | 98 | 0.247 | 0.753 |
| 12:00-4th |  | 93 | 98 | 0.247 | 0.753 |
| 11:46-4th |  | 93 | 98 | 0.232 | 0.768 |
| 11:42-4th |  | 93 | 98 | 0.22 | 0.78 |
| 11:27-4th |  | 93 | 98 | 0.234 | 0.766 |
| 11:26-4th |  | 93 | 98 | 0.244 | 0.756 |
| 11:19-4th |  | 93 | 98 | 0.229 | 0.771 |
| 11:17-4th |  | 93 | 98 | 0.217 | 0.783 |
| 11:07-4th |  | 93 | 98 | 0.209 | 0.791 |
| 10:57-4th |  | 93 | 100 | 0.176 | 0.824 |
| 10:47-4th |  | 93 | 100 | 0.15 | 0.85 |
| 10:44-4th |  | 93 | 100 | 0.141 | 0.859 |
| 10:31-4th |  | 93 | 100 | 0.164 | 0.836 |
| 10:29-4th |  | 93 | 100 | 0.173 | 0.827 |
| 10:24-4th |  | 93 | 100 | 0.147 | 0.853 |
| 10:21-4th |  | 93 | 100 | 0.138 | 0.862 |
| 10:16-4th |  | 93 | 102 | 0.113 | 0.887 |
| 10:01-4th |  | 93 | 102 | 0.092 | 0.908 |
| 9:58-4th |  | 93 | 102 | 0.11 | 0.89 |
| 9:51-4th |  | 95 | 102 | 0.134 | 0.866 |
| 9:34-4th |  | 95 | 104 | 0.103 | 0.897 |
| 9:12-4th |  | 95 | 104 | 0.083 | 0.917 |
| 9:10-4th |  | 95 | 104 | 0.077 | 0.923 |
| 9:00-4th |  | 95 | 106 | 0.058 | 0.942 |
| 8:31-4th |  | 95 | 106 | 0.045 | 0.955 |
| 8:28-4th |  | 95 | 106 | 0.041 | 0.959 |
| 8:15-4th |  | 95 | 106 | 0.049 | 0.951 |
| 8:13-4th |  | 95 | 107 | 0.038 | 0.962 |
| 8:01-4th |  | 98 | 107 | 0.066 | 0.934 |
| 7:48-4th |  | 98 | 107 | 0.04 | 0.96 |
| 7:45-4th |  | 98 | 107 | 0.082 | 0.918 |
| 7:30-4th |  | 101 | 107 | 0.132 | 0.868 |
| 7:11-4th |  | 101 | 107 | 0.157 | 0.843 |
| 7:08-4th |  | 101 | 107 | 0.166 | 0.834 |
| 7:03-4th |  | 101 | 107 | 0.136 | 0.864 |
| 7:00-4th |  | 101 | 107 | 0.125 | 0.875 |
| 6:37-4th |  | 101 | 109 | 0.095 | 0.905 |
| 6:26-4th |  | 101 | 109 | 0.074 | 0.926 |
| 6:24-4th |  | 101 | 109 | 0.092 | 0.908 |
| 6:19-4th |  | 103 | 109 | 0.117 | 0.883 |
| 5:59-4th |  | 103 | 109 | 0.141 | 0.859 |
| 5:57-4th |  | 103 | 109 | 0.112 | 0.888 |
| 5:56-4th |  | 103 | 109 | 0.15 | 0.85 |
| 5:49-4th |  | 103 | 109 | 0.12 | 0.88 |
| 5:44-4th |  | 103 | 109 | 0.148 | 0.852 |
| 5:42-4th |  | 103 | 109 | 0.147 | 0.853 |
| 5:37-4th |  | 103 | 109 | 0.148 | 0.852 |
| 5:29-4th |  | 103 | 109 | 0.117 | 0.883 |
| 5:21-4th |  | 103 | 109 | 0.105 | 0.895 |
| 5:14-4th |  | 103 | 109 | 0.142 | 0.858 |
| 4:51-4th |  | 105 | 109 | 0.176 | 0.824 |
| 4:24-4th |  | 105 | 109 | 0.213 | 0.787 |
| 4:20-4th |  | 105 | 109 | 0.226 | 0.774 |
| 4:08-4th |  | 105 | 109 | 0.181 | 0.819 |
| 4:04-4th |  | 105 | 109 | 0.166 | 0.834 |
| 3:51-4th |  | 105 | 109 | 0.205 | 0.795 |
| 3:48-4th |  | 105 | 109 | 0.218 | 0.782 |
| 3:38-4th |  | 108 | 109 | 0.346 | 0.654 |
| 3:09-4th |  | 108 | 111 | 0.269 | 0.731 |
| 2:48-4th |  | 111 | 111 | 0.419 | 0.581 |
| 2:22-4th |  | 111 | 111 | 0.489 | 0.511 |
| 2:19-4th |  | 111 | 111 | 0.513 | 0.487 |
| 2:03-4th |  | 111 | 111 | 0.42 | 0.58 |
| 1:59-4th |  | 111 | 113 | 0.334 | 0.666 |
| 1:54-4th |  | 111 | 113 | 0.26 | 0.74 |
| 1:50-4th |  | 111 | 113 | 0.328 | 0.672 |
| 1:48-4th |  | 113 | 113 | 0.451 | 0.549 |
| 1:29-4th |  | 113 | 115 | 0.366 | 0.634 |
| 1:13-4th |  | 113 | 115 | 0.283 | 0.717 |
| 1:09-4th |  | 113 | 115 | 0.254 | 0.746 |
| 1:00-4th |  | 113 | 115 | 0.365 | 0.635 |
| 51.1-4th |  | 113 | 115 | 0.241 | 0.759 |
| 36.1-4th |  | 113 | 116 | 0.234 | 0.766 |
| 21.1-4th |  | 115 | 116 | 0.31 | 0.69 |
| 13.1-4th |  | 115 | 117 | 0.305 | 0.695 |
| 11.1-4th |  | 115 | 117 | 0.3 | 0.7 |
| 4.0-4th | TARGET | 117 | 117 | 0.48 | 0.52 |
| 2.1-4th |  | 117 | 117 | 0.486 | 0.514 |
| 0.1-4th |  | 117 | 117 | 0.498 | 0.502 |
| 0.0-4th |  | 117 | 117 | 0.5 | 0.5 |
| 5:00-OT |  | 117 | 117 | 0.5 | 0.5 |
| 4:45-OT |  | 117 | 119 | 0.389 | 0.611 |
| 4:24-OT |  | 120 | 119 | 0.534 | 0.466 |
| 4:02-OT |  | 120 | 121 | 0.466 | 0.534 |
| 3:36-OT |  | 120 | 121 | 0.403 | 0.597 |
| 3:35-OT |  | 120 | 121 | 0.382 | 0.618 |
| 3:17-OT |  | 120 | 123 | 0.298 | 0.702 |
| 2:52-OT |  | 120 | 123 | 0.222 | 0.778 |
| 2:41-OT |  | 120 | 125 | 0.156 | 0.844 |
| 2:28-OT |  | 120 | 125 | 0.1 | 0.9 |
| 2:04-OT |  | 120 | 127 | 0.061 | 0.939 |
| 2:03-OT |  | 120 | 127 | 0.06 | 0.94 |
| 1:47-OT |  | 120 | 127 | 0.038 | 0.962 |
| 1:44-OT |  | 120 | 127 | 0.031 | 0.969 |
| 1:24-OT |  | 120 | 129 | 0.015 | 0.985 |
| 1:10-OT |  | 122 | 129 | 0.021 | 0.979 |
| 46.0-OT |  | 122 | 129 | 0.024 | 0.976 |
| 45.1-OT |  | 122 | 129 | 0.027 | 0.973 |
| 38.1-OT |  | 122 | 129 | 0.014 | 0.986 |
| 35.1-OT |  | 122 | 129 | 0.01 | 0.99 |
| 15.2-OT |  | 122 | 129 | 0.011 | 0.989 |
| 14.2-OT |  | 122 | 129 | 0.013 | 0.987 |
| 11.1-OT |  | 124 | 129 | 0.015 | 0.985 |
| 8.1-OT |  | 124 | 129 | 0.004 | 0.996 |
| 0.0-OT |  | 124 | 129 | 0.0 | 1.0 |

Question

Which event most likely happened at the marked missing position?

Answer Choices

A. Player 20 (Team A) vs. Player 13 (Team B) (Player 3 (Team A) gains possession)
B. Player 2 (Team B) blocks Player 7 (Team B) 's 7-foot two point shot
C. Player 5 (Team A) makes 12-foot pullup jump shot
D. Player 19 (Team A) misses 4-foot two point shot

Response Format

Return exactly one JSON object:

{
  "answer": "<A|B|C|D>",
  "rationale": "<brief evidence-based justification in 1-3 sentences>",
  "evidence_event_ids": [],
  "evidence_series_times": []
}

Use only event IDs and time labels that are provided above and that support the answer. Use an empty array when the corresponding evidence type is unavailable or unused. Return only the JSON object.
