Task

Reconstruct the missing event in this basketball game. Use the available numerical time-series evidence around the marked row to select the most likely event.

Game

Team A versus Team B, season 22-23.

Time Series

| Game time | Marker | Team A score | Team B score | Team A win probability | Team B win probability |
| --- | --- | --- | --- | --- | --- |
| 12:00-1st |  | 0 | 0 | 0.275 | 0.725 |
| 11:38-1st |  | 2 | 0 | 0.301 | 0.699 |
| 11:21-1st |  | 2 | 2 | 0.278 | 0.722 |
| 11:06-1st |  | 2 | 2 | 0.267 | 0.733 |
| 11:03-1st |  | 2 | 2 | 0.263 | 0.737 |
| 10:46-1st |  | 2 | 4 | 0.242 | 0.758 |
| 10:33-1st |  | 2 | 4 | 0.23 | 0.77 |
| 10:32-1st |  | 2 | 4 | 0.226 | 0.774 |
| 10:27-1st |  | 2 | 6 | 0.21 | 0.79 |
| 10:00-1st |  | 4 | 6 | 0.228 | 0.772 |
| 9:37-1st |  | 4 | 6 | 0.247 | 0.753 |
| 9:28-1st |  | 6 | 6 | 0.269 | 0.731 |
| 9:10-1st |  | 6 | 6 | 0.287 | 0.713 |
| 9:06-1st |  | 8 | 6 | 0.312 | 0.688 |
| 8:49-1st |  | 8 | 6 | 0.33 | 0.67 |
| 8:48-1st |  | 8 | 6 | 0.313 | 0.687 |
| 8:46-1st |  | 8 | 9 | 0.271 | 0.729 |
| 8:33-1st |  | 10 | 9 | 0.291 | 0.709 |
| 8:24-1st |  | 10 | 9 | 0.319 | 0.681 |
| 8:13-1st |  | 13 | 9 | 0.361 | 0.639 |
| 8:02-1st |  | 13 | 11 | 0.339 | 0.661 |
| 7:41-1st |  | 16 | 11 | 0.39 | 0.61 |
| 7:20-1st |  | 16 | 13 | 0.369 | 0.631 |
| 7:11-1st |  | 19 | 13 | 0.421 | 0.579 |
| 6:58-1st |  | 19 | 13 | 0.423 | 0.577 |
| 6:49-1st |  | 19 | 16 | 0.372 | 0.628 |
| 6:22-1st |  | 19 | 16 | 0.355 | 0.645 |
| 6:21-1st |  | 19 | 16 | 0.349 | 0.651 |
| 6:06-1st |  | 19 | 18 | 0.327 | 0.673 |
| 5:46-1st |  | 19 | 18 | 0.311 | 0.689 |
| 5:45-1st |  | 19 | 18 | 0.329 | 0.671 |
| 5:43-1st |  | 19 | 18 | 0.311 | 0.689 |
| 5:42-1st |  | 19 | 18 | 0.305 | 0.695 |
| 5:34-1st |  | 19 | 20 | 0.285 | 0.715 |
| 5:11-1st |  | 19 | 20 | 0.268 | 0.732 |
| 5:09-1st |  | 19 | 20 | 0.262 | 0.738 |
| 5:04-1st |  | 19 | 22 | 0.243 | 0.757 |
| 4:44-1st |  | 19 | 22 | 0.229 | 0.771 |
| 4:43-1st |  | 19 | 22 | 0.224 | 0.776 |
| 4:37-1st |  | 19 | 24 | 0.207 | 0.793 |
| 4:15-1st |  | 19 | 24 | 0.207 | 0.793 |
| 4:04-1st |  | 21 | 24 | 0.226 | 0.774 |
| 3:53-1st |  | 21 | 26 | 0.209 | 0.791 |
| 3:39-1st |  | 23 | 26 | 0.227 | 0.773 |
| 3:25-1st |  | 23 | 29 | 0.191 | 0.809 |
| 3:12-1st |  | 23 | 29 | 0.178 | 0.822 |
| 3:10-1st |  | 23 | 29 | 0.192 | 0.808 |
| 2:56-1st |  | 25 | 29 | 0.21 | 0.79 |
| 2:47-1st |  | 25 | 31 | 0.192 | 0.808 |
| 2:33-1st |  | 25 | 31 | 0.179 | 0.821 |
| 2:29-1st |  | 25 | 31 | 0.175 | 0.825 |
| 2:24-1st |  | 25 | 31 | 0.176 | 0.824 |
| 2:13-1st |  | 25 | 31 | 0.189 | 0.811 |
| 2:11-1st |  | 25 | 31 | 0.194 | 0.806 |
| 2:01-1st |  | 25 | 31 | 0.181 | 0.819 |
| 2:00-1st |  | 25 | 31 | 0.176 | 0.824 |
| 1:54-1st |  | 25 | 33 | 0.161 | 0.839 |
| 1:31-1st |  | 28 | 33 | 0.193 | 0.807 |
| 1:21-1st |  | 28 | 36 | 0.162 | 0.838 |
| 1:01-1st |  | 31 | 36 | 0.194 | 0.806 |
| 43.1-1st |  | 31 | 36 | 0.211 | 0.789 |
| 41.2-1st |  | 31 | 36 | 0.217 | 0.783 |
| 32.1-1st |  | 31 | 36 | 0.201 | 0.799 |
| 27.1-1st |  | 31 | 36 | 0.195 | 0.805 |
| 22.2-1st |  | 31 | 38 | 0.179 | 0.821 |
| 14.0-1st |  | 31 | 38 | 0.206 | 0.794 |
| 5.1-1st |  | 31 | 38 | 0.168 | 0.832 |
| 2.1-1st |  | 31 | 38 | 0.181 | 0.819 |
| 0.0-1st |  | 31 | 38 | 0.171 | 0.829 |
| 12:00-2nd |  | 31 | 38 | 0.171 | 0.829 |
| 11:40-2nd |  | 31 | 38 | 0.181 | 0.819 |
| 11:22-2nd |  | 31 | 38 | 0.168 | 0.832 |
| 11:21-2nd |  | 31 | 38 | 0.163 | 0.837 |
| 11:13-2nd |  | 31 | 38 | 0.177 | 0.823 |
| 11:12-2nd |  | 31 | 38 | 0.181 | 0.819 |
| 10:58-2nd |  | 34 | 38 | 0.218 | 0.782 |
| 10:32-2nd |  | 34 | 38 | 0.235 | 0.765 |
| 10:30-2nd |  | 34 | 38 | 0.219 | 0.781 |
| 10:26-2nd |  | 34 | 38 | 0.241 | 0.759 |
| 10:24-2nd |  | 36 | 38 | 0.264 | 0.736 |
| 10:11-2nd |  | 36 | 38 | 0.264 | 0.736 |
| 10:06-2nd |  | 36 | 38 | 0.283 | 0.717 |
| 10:05-2nd |  | 36 | 38 | 0.289 | 0.711 |
| 9:55-2nd |  | 38 | 38 | 0.315 | 0.685 |
| 9:42-2nd |  | 38 | 41 | 0.269 | 0.731 |
| 9:23-2nd |  | 40 | 41 | 0.291 | 0.709 |
| 9:14-2nd |  | 40 | 43 | 0.271 | 0.729 |
| 8:58-2nd |  | 40 | 43 | 0.246 | 0.754 |
| 8:50-2nd |  | 40 | 45 | 0.225 | 0.775 |
| 8:33-2nd |  | 42 | 45 | 0.247 | 0.753 |
| 8:19-2nd |  | 42 | 48 | 0.206 | 0.794 |
| 8:04-2nd |  | 42 | 48 | 0.19 | 0.81 |
| 8:02-2nd |  | 42 | 48 | 0.207 | 0.793 |
| 7:59-2nd |  | 45 | 48 | 0.249 | 0.751 |
| 7:40-2nd |  | 45 | 50 | 0.228 | 0.772 |
| 7:27-2nd |  | 45 | 50 | 0.212 | 0.788 |
| 7:26-2nd |  | 45 | 50 | 0.207 | 0.793 |
| 7:22-2nd |  | 45 | 50 | 0.207 | 0.793 |
| 7:06-2nd |  | 45 | 52 | 0.186 | 0.814 |
| 6:39-2nd |  | 45 | 52 | 0.171 | 0.829 |
| 6:38-2nd |  | 45 | 52 | 0.166 | 0.834 |
| 6:34-2nd |  | 45 | 52 | 0.167 | 0.833 |
| 6:15-2nd |  | 45 | 52 | 0.188 | 0.812 |
| 6:11-2nd |  | 47 | 52 | 0.208 | 0.792 |
| 5:51-2nd |  | 47 | 54 | 0.188 | 0.812 |
| 5:26-2nd |  | 47 | 54 | 0.173 | 0.827 |
| 5:24-2nd |  | 47 | 54 | 0.168 | 0.832 |
| 5:17-2nd |  | 47 | 57 | 0.134 | 0.866 |
| 4:53-2nd |  | 50 | 57 | 0.168 | 0.832 |
| 4:29-2nd |  | 50 | 57 | 0.17 | 0.83 |
| 4:18-2nd |  | 50 | 59 | 0.151 | 0.849 |
| 3:53-2nd |  | 50 | 59 | 0.138 | 0.862 |
| 3:51-2nd |  | 50 | 59 | 0.133 | 0.867 |
| 3:49-2nd |  | 50 | 59 | 0.135 | 0.865 |
| 3:39-2nd |  | 50 | 59 | 0.147 | 0.853 |
| 3:38-2nd |  | 50 | 59 | 0.134 | 0.866 |
| 3:31-2nd |  | 50 | 62 | 0.104 | 0.896 |
| 3:06-2nd |  | 53 | 62 | 0.133 | 0.867 |
| 2:44-2nd |  | 53 | 62 | 0.15 | 0.85 |
| 2:27-2nd |  | 55 | 62 | 0.17 | 0.83 |
| 2:21-2nd |  | 55 | 62 | 0.186 | 0.814 |
| 2:20-2nd |  | 55 | 62 | 0.191 | 0.809 |
| 2:04-2nd |  | 58 | 62 | 0.237 | 0.763 |
| 1:42-2nd |  | 58 | 62 | 0.258 | 0.742 |
| 1:40-2nd |  | 58 | 62 | 0.265 | 0.735 |
| 1:29-2nd |  | 60 | 62 | 0.292 | 0.708 |
| 1:11-2nd |  | 60 | 62 | 0.252 | 0.748 |
| 1:04-2nd |  | 60 | 62 | 0.326 | 0.674 |
| 57.1-2nd |  | 60 | 62 | 0.304 | 0.696 |
| 54.2-2nd |  | 60 | 62 | 0.327 | 0.673 |
| 40.1-2nd |  | 60 | 62 | 0.305 | 0.695 |
| 39.1-2nd |  | 60 | 62 | 0.328 | 0.672 |
| 37.0-2nd |  | 60 | 62 | 0.298 | 0.702 |
| 30.1-2nd |  | 60 | 64 | 0.266 | 0.734 |
| 10.1-2nd |  | 63 | 64 | 0.329 | 0.671 |
| 0.0-2nd |  | 63 | 66 | 0.287 | 0.713 |
| 12:00-3rd |  | 63 | 66 | 0.287 | 0.713 |
| 11:50-3rd |  | 63 | 66 | 0.298 | 0.702 |
| 11:40-3rd |  | 63 | 66 | 0.276 | 0.724 |
| 11:37-3rd |  | 63 | 66 | 0.298 | 0.702 |
| 11:31-3rd |  | 63 | 66 | 0.276 | 0.724 |
| 11:27-3rd |  | 63 | 66 | 0.299 | 0.701 |
| 11:14-3rd |  | 63 | 66 | 0.277 | 0.723 |
| 11:13-3rd |  | 63 | 66 | 0.269 | 0.731 |
| 10:54-3rd |  | 63 | 68 | 0.24 | 0.76 |
| 10:26-3rd |  | 63 | 68 | 0.223 | 0.777 |
| 10:24-3rd |  | 63 | 68 | 0.217 | 0.783 |
| 10:10-3rd |  | 63 | 68 | 0.235 | 0.765 |
| 10:08-3rd |  | 63 | 68 | 0.241 | 0.759 |
| 9:59-3rd |  | 65 | 68 | 0.271 | 0.729 |
| 9:45-3rd |  | 65 | 70 | 0.244 | 0.756 |
| 9:31-3rd |  | 68 | 70 | 0.304 | 0.696 |
| 9:20-3rd |  | 68 | 70 | 0.33 | 0.67 |
| 9:19-3rd |  | 68 | 72 | 0.274 | 0.726 |
| 9:03-3rd |  | 70 | 72 | 0.305 | 0.695 |
| 8:56-3rd |  | 70 | 72 | 0.34 | 0.66 |
| 8:51-3rd |  | 70 | 72 | 0.314 | 0.686 |
| 8:50-3rd |  | 70 | 72 | 0.305 | 0.695 |
| 8:45-3rd |  | 70 | 72 | 0.34 | 0.66 |
| 8:34-3rd |  | 72 | 72 | 0.374 | 0.626 |
| 8:11-3rd |  | 72 | 72 | 0.407 | 0.593 |
| 8:10-3rd |  | 72 | 72 | 0.418 | 0.582 |
| 7:55-3rd |  | 74 | 72 | 0.454 | 0.546 |
| 7:44-3rd |  | 74 | 72 | 0.496 | 0.504 |
| 7:37-3rd |  | 74 | 72 | 0.456 | 0.544 |
| 7:30-3rd |  | 74 | 74 | 0.422 | 0.578 |
| 7:09-3rd |  | 76 | 74 | 0.458 | 0.542 |
| 6:57-3rd |  | 76 | 74 | 0.492 | 0.508 |
| 6:55-3rd |  | 76 | 74 | 0.503 | 0.497 |
| 6:42-3rd |  | 78 | 74 | 0.546 | 0.454 |
| 6:29-3rd |  | 78 | 74 | 0.577 | 0.423 |
| 6:27-3rd |  | 78 | 74 | 0.587 | 0.413 |
| 6:06-3rd |  | 78 | 74 | 0.561 | 0.439 |
| 6:04-3rd |  | 78 | 74 | 0.551 | 0.449 |
| 5:54-3rd |  | 78 | 77 | 0.467 | 0.533 |
| 5:37-3rd |  | 80 | 77 | 0.51 | 0.49 |
| 5:25-3rd |  | 80 | 77 | 0.546 | 0.454 |
| 5:23-3rd |  | 80 | 77 | 0.558 | 0.442 |
| 5:10-3rd |  | 80 | 77 | 0.558 | 0.442 |
| 5:06-3rd |  | 83 | 77 | 0.641 | 0.359 |
| 4:54-3rd |  | 83 | 79 | 0.603 | 0.397 |
| 4:25-3rd |  | 83 | 79 | 0.575 | 0.425 |
| 4:24-3rd |  | 83 | 79 | 0.564 | 0.436 |
| 4:18-3rd |  | 83 | 81 | 0.524 | 0.476 |
| 4:04-3rd |  | 83 | 81 | 0.491 | 0.509 |
| 4:03-3rd |  | 83 | 81 | 0.48 | 0.52 |
| 3:52-3rd |  | 83 | 81 | 0.516 | 0.484 |
| 3:51-3rd |  | 83 | 81 | 0.516 | 0.484 |
| 3:50-3rd |  | 83 | 81 | 0.528 | 0.472 |
| 3:31-3rd |  | 83 | 81 | 0.496 | 0.504 |
| 3:30-3rd |  | 83 | 81 | 0.484 | 0.516 |
| 3:11-3rd |  | 83 | 81 | 0.533 | 0.467 |
| 3:03-3rd |  | 83 | 81 | 0.534 | 0.466 |
| 2:50-3rd |  | 83 | 81 | 0.501 | 0.499 |
| 2:49-3rd |  | 83 | 81 | 0.49 | 0.51 |
| 2:35-3rd |  | 83 | 81 | 0.527 | 0.473 |
| 2:34-3rd |  | 83 | 81 | 0.538 | 0.462 |
| 2:11-3rd |  | 83 | 81 | 0.507 | 0.493 |
| 2:10-3rd |  | 83 | 81 | 0.495 | 0.505 |
| 2:01-3rd |  | 83 | 83 | 0.451 | 0.549 |
| 1:44-3rd |  | 83 | 83 | 0.417 | 0.583 |
| 1:43-3rd |  | 83 | 83 | 0.405 | 0.595 |
| 1:35-3rd |  | 83 | 85 | 0.36 | 0.64 |
| 1:21-3rd |  | 83 | 85 | 0.361 | 0.639 |
| 1:07-3rd |  | 85 | 85 | 0.407 | 0.593 |
| 51.1-3rd |  | 85 | 85 | 0.446 | 0.554 |
| 50.1-3rd |  | 85 | 85 | 0.458 | 0.542 |
| 42.1-3rd |  | 85 | 85 | 0.409 | 0.591 |
| 28.0-3rd |  | 85 | 85 | 0.448 | 0.552 |
| 26.1-3rd |  | 85 | 85 | 0.46 | 0.54 |
| 23.1-3rd |  | 85 | 85 | 0.424 | 0.576 |
| 20.1-3rd |  | 85 | 85 | 0.461 | 0.539 |
| 10.0-3rd |  | 87 | 85 | 0.51 | 0.49 |
| 0.1-3rd |  | 87 | 87 | 0.445 | 0.555 |
| 0.0-3rd |  | 87 | 87 | 0.419 | 0.581 |
| 12:00-4th |  | 87 | 87 | 0.419 | 0.581 |
| 11:42-4th |  | 87 | 87 | 0.427 | 0.573 |
| 11:40-4th |  | 87 | 87 | 0.416 | 0.584 |
| 11:25-4th |  | 87 | 87 | 0.453 | 0.547 |
| 11:23-4th |  | 87 | 87 | 0.465 | 0.535 |
| 11:18-4th |  | 87 | 87 | 0.429 | 0.571 |
| 11:16-4th |  | 87 | 87 | 0.417 | 0.583 |
| 11:06-4th |  | 87 | 89 | 0.365 | 0.635 |
| 10:57-4th |  | 89 | 89 | 0.423 | 0.577 |
| 10:42-4th |  | 89 | 91 | 0.371 | 0.629 |
| 10:20-4th |  | 89 | 91 | 0.332 | 0.668 |
| 10:19-4th |  | 89 | 91 | 0.318 | 0.682 |
| 10:09-4th |  | 89 | 93 | 0.274 | 0.726 |
| 9:50-4th |  | 91 | 93 | 0.326 | 0.674 |
| 9:38-4th |  | 91 | 93 | 0.31 | 0.69 |
| 9:26-4th |  | 91 | 96 | 0.229 | 0.771 |
| 9:04-4th |  | 91 | 96 | 0.243 | 0.757 |
| 8:56-4th |  | 93 | 96 | 0.278 | 0.722 |
| 8:38-4th |  | 93 | 96 | 0.329 | 0.671 |
| 8:37-4th |  | 94 | 96 | 0.328 | 0.672 |
| 8:24-4th |  | 94 | 96 | 0.308 | 0.692 |
| 8:23-4th |  | 94 | 96 | 0.308 | 0.692 |
| 8:10-4th |  | 94 | 96 | 0.375 | 0.625 |
| 8:02-4th |  | 94 | 96 | 0.333 | 0.667 |
| 8:01-4th |  | 94 | 96 | 0.319 | 0.681 |
| 7:52-4th |  | 94 | 96 | 0.361 | 0.639 |
| 7:50-4th |  | 94 | 96 | 0.375 | 0.625 |
| 7:42-4th |  | 96 | 96 | 0.427 | 0.573 |
| 7:34-4th |  | 96 | 96 | 0.332 | 0.668 |
| 7:28-4th |  | 96 | 96 | 0.464 | 0.536 |
| 7:27-4th |  | 96 | 96 | 0.481 | 0.519 |
| 7:14-4th |  | 96 | 96 | 0.433 | 0.567 |
| 7:12-4th |  | 96 | 96 | 0.482 | 0.518 |
| 7:02-4th |  | 99 | 96 | 0.606 | 0.394 |
| 6:47-4th |  | 99 | 98 | 0.549 | 0.451 |
| 6:26-4th |  | 99 | 98 | 0.5 | 0.5 |
| 6:25-4th |  | 99 | 98 | 0.483 | 0.517 |
| 6:11-4th |  | 99 | 100 | 0.424 | 0.576 |
| 5:50-4th |  | 102 | 100 | 0.557 | 0.443 |
| 5:30-4th |  | 102 | 102 | 0.494 | 0.506 |
| 5:09-4th |  | 102 | 102 | 0.439 | 0.561 |
| 5:08-4th |  | 102 | 102 | 0.42 | 0.58 |
| 5:04-4th |  | 102 | 104 | 0.357 | 0.643 |
| 4:39-4th |  | 104 | 104 | 0.421 | 0.579 |
| 4:28-4th |  | 104 | 107 | 0.29 | 0.71 |
| 4:10-4th |  | 107 | 107 | 0.422 | 0.578 |
| 3:54-4th |  | 107 | 108 | 0.428 | 0.572 |
| 3:35-4th |  | 107 | 108 | 0.347 | 0.653 |
| 3:16-4th |  | 107 | 111 | 0.212 | 0.788 |
| 2:53-4th |  | 107 | 111 | 0.158 | 0.842 |
| 2:52-4th |  | 107 | 111 | 0.142 | 0.858 |
| 2:28-4th |  | 107 | 111 | 0.176 | 0.824 |
| 2:26-4th |  | 107 | 111 | 0.19 | 0.81 |
| 2:08-4th |  | 107 | 111 | 0.136 | 0.864 |
| 2:07-4th |  | 107 | 111 | 0.121 | 0.879 |
| 1:51-4th |  | 107 | 111 | 0.158 | 0.842 |
| 1:49-4th |  | 107 | 111 | 0.114 | 0.886 |
| 1:47-4th |  | 107 | 111 | 0.157 | 0.843 |
| 1:46-4th |  | 107 | 111 | 0.171 | 0.829 |
| 1:38-4th |  | 110 | 111 | 0.346 | 0.654 |
| 1:25-4th |  | 110 | 111 | 0.423 | 0.577 |
| 1:24-4th |  | 110 | 111 | 0.345 | 0.655 |
| 1:19-4th |  | 110 | 111 | 0.423 | 0.577 |
| 1:18-4th |  | 110 | 111 | 0.344 | 0.656 |
| 1:14-4th |  | 110 | 113 | 0.261 | 0.739 |
| 57.0-4th |  | 112 | 113 | 0.339 | 0.661 |
| 32.1-4th |  | 112 | 113 | 0.455 | 0.545 |
| 28.2-4th |  | 114 | 113 | 0.54 | 0.46 |
| 26.0-4th |  | 114 | 115 | 0.457 | 0.543 |
| 8.1-4th | TARGET | 117 | 115 | 0.752 | 0.248 |
| 5.1-4th |  | 117 | 115 | 0.911 | 0.089 |
| 4.1-4th |  | 119 | 115 | 0.957 | 0.043 |
| 0.1-4th |  | 119 | 115 | 0.994 | 0.006 |
| 0.0-4th |  | 119 | 115 | 1.0 | 0.0 |

Question

Which event most likely happened at the marked missing position?

Answer Choices

A. Player 3 (Team A) makes 26-foot three pointer | Team B Full timeout | Player 7 (Team A) enters the game for Player 4 (Team A) | Player 12 (Team A) enters the game for Player 8 (Team A)
B. Player 8 (Team A) misses 24-foot three point pullup jump shot
C. Player 1 (Team B) misses 24-foot three point pullup jump shot
D. Player 2 (Team B) vs. Player 9 (Team A) (Player 14 (Team A) gains possession)

Response Format

Return exactly one JSON object:

{
  "answer": "<A|B|C|D>",
  "rationale": "<brief evidence-based justification in 1-3 sentences>",
  "evidence_event_ids": [],
  "evidence_series_times": []
}

Use only event IDs and time labels that are provided above and that support the answer. Use an empty array when the corresponding evidence type is unavailable or unused. Return only the JSON object.
