Task

Reconstruct the missing event in this basketball game. Use the available numerical time-series evidence around the marked row to select the most likely event.

Game

Team A versus Team B, season 22-23.

Time Series

| Game time | Marker | Team A score | Team B score | Team A win probability | Team B win probability |
| --- | --- | --- | --- | --- | --- |
| 12:00-1st |  | 0 | 0 | 0.625 | 0.375 |
| 11:38-1st |  | 0 | 0 | 0.638 | 0.362 |
| 11:35-1st |  | 0 | 0 | 0.642 | 0.358 |
| 11:28-1st |  | 0 | 0 | 0.628 | 0.372 |
| 11:26-1st |  | 0 | 0 | 0.623 | 0.377 |
| 11:19-1st |  | 0 | 0 | 0.637 | 0.363 |
| 11:18-1st |  | 0 | 0 | 0.638 | 0.362 |
| 11:17-1st |  | 0 | 0 | 0.644 | 0.356 |
| 11:15-1st |  | 2 | 0 | 0.667 | 0.333 |
| 10:58-1st |  | 2 | 0 | 0.682 | 0.318 |
| 10:55-1st |  | 2 | 0 | 0.687 | 0.313 |
| 10:34-1st |  | 2 | 0 | 0.67 | 0.33 |
| 10:30-1st |  | 2 | 0 | 0.665 | 0.335 |
| 10:27-1st |  | 2 | 2 | 0.64 | 0.36 |
| 10:14-1st |  | 2 | 2 | 0.623 | 0.377 |
| 10:11-1st |  | 2 | 2 | 0.617 | 0.383 |
| 10:00-1st |  | 2 | 4 | 0.591 | 0.409 |
| 9:30-1st |  | 4 | 4 | 0.615 | 0.385 |
| 9:23-1st |  | 4 | 4 | 0.632 | 0.368 |
| 9:20-1st |  | 4 | 4 | 0.637 | 0.363 |
| 9:01-1st |  | 7 | 4 | 0.685 | 0.315 |
| 8:42-1st |  | 7 | 4 | 0.701 | 0.299 |
| 8:39-1st |  | 7 | 4 | 0.706 | 0.294 |
| 8:32-1st |  | 9 | 4 | 0.727 | 0.273 |
| 8:20-1st |  | 9 | 6 | 0.705 | 0.295 |
| 8:02-1st |  | 9 | 6 | 0.689 | 0.311 |
| 8:00-1st |  | 9 | 6 | 0.683 | 0.317 |
| 7:51-1st |  | 9 | 8 | 0.658 | 0.342 |
| 7:32-1st |  | 11 | 8 | 0.681 | 0.319 |
| 7:15-1st |  | 11 | 10 | 0.657 | 0.343 |
| 6:56-1st |  | 13 | 10 | 0.68 | 0.32 |
| 6:51-1st |  | 13 | 12 | 0.656 | 0.344 |
| 6:31-1st |  | 15 | 12 | 0.676 | 0.324 |
| 6:11-1st |  | 15 | 14 | 0.655 | 0.345 |
| 5:46-1st |  | 15 | 14 | 0.635 | 0.365 |
| 5:43-1st |  | 15 | 14 | 0.654 | 0.346 |
| 5:38-1st |  | 15 | 14 | 0.637 | 0.363 |
| 5:37-1st |  | 15 | 14 | 0.631 | 0.369 |
| 5:31-1st |  | 15 | 14 | 0.647 | 0.353 |
| 5:29-1st |  | 17 | 14 | 0.676 | 0.324 |
| 5:08-1st |  | 17 | 14 | 0.694 | 0.306 |
| 5:05-1st |  | 17 | 14 | 0.7 | 0.3 |
| 4:59-1st |  | 20 | 14 | 0.744 | 0.256 |
| 4:52-1st |  | 20 | 14 | 0.744 | 0.256 |
| 4:39-1st |  | 20 | 16 | 0.722 | 0.278 |
| 4:26-1st |  | 23 | 16 | 0.764 | 0.236 |
| 4:05-1st |  | 23 | 16 | 0.731 | 0.269 |
| 3:57-1st |  | 23 | 16 | 0.781 | 0.219 |
| 3:56-1st |  | 23 | 16 | 0.763 | 0.237 |
| 3:55-1st |  | 23 | 17 | 0.765 | 0.235 |
| 3:43-1st |  | 26 | 17 | 0.803 | 0.197 |
| 3:24-1st |  | 26 | 17 | 0.817 | 0.183 |
| 3:20-1st |  | 26 | 17 | 0.822 | 0.178 |
| 3:16-1st |  | 29 | 17 | 0.853 | 0.147 |
| 3:06-1st |  | 29 | 17 | 0.863 | 0.137 |
| 3:03-1st |  | 29 | 17 | 0.867 | 0.133 |
| 2:40-1st |  | 31 | 17 | 0.882 | 0.118 |
| 2:32-1st |  | 31 | 19 | 0.867 | 0.133 |
| 2:16-1st |  | 31 | 19 | 0.857 | 0.143 |
| 2:13-1st |  | 31 | 19 | 0.854 | 0.146 |
| 2:02-1st |  | 31 | 22 | 0.823 | 0.177 |
| 1:49-1st |  | 31 | 22 | 0.803 | 0.197 |
| 1:43-1st |  | 31 | 24 | 0.787 | 0.213 |
| 1:37-1st |  | 31 | 24 | 0.787 | 0.213 |
| 1:21-1st |  | 31 | 24 | 0.763 | 0.237 |
| 1:16-1st |  | 31 | 24 | 0.781 | 0.219 |
| 1:13-1st |  | 31 | 24 | 0.787 | 0.213 |
| 1:07-1st |  | 31 | 24 | 0.769 | 0.231 |
| 1:04-1st |  | 31 | 24 | 0.763 | 0.237 |
| 1:01-1st |  | 31 | 24 | 0.787 | 0.213 |
| 34.0-1st |  | 31 | 24 | 0.769 | 0.231 |
| 33.0-1st |  | 31 | 24 | 0.787 | 0.213 |
| 26.1-1st |  | 31 | 24 | 0.769 | 0.231 |
| 24.1-1st |  | 31 | 24 | 0.786 | 0.214 |
| 18.1-1st |  | 31 | 24 | 0.769 | 0.231 |
| 14.1-1st |  | 31 | 24 | 0.763 | 0.237 |
| 0.1-1st |  | 31 | 24 | 0.778 | 0.222 |
| 0.0-1st |  | 31 | 24 | 0.773 | 0.227 |
| 12:00-2nd |  | 31 | 24 | 0.773 | 0.227 |
| 11:37-2nd |  | 34 | 24 | 0.825 | 0.175 |
| 11:22-2nd |  | 34 | 24 | 0.825 | 0.175 |
| 11:14-2nd |  | 34 | 24 | 0.838 | 0.162 |
| 11:11-2nd |  | 34 | 24 | 0.842 | 0.158 |
| 11:04-2nd |  | 34 | 24 | 0.825 | 0.175 |
| 10:47-2nd |  | 34 | 27 | 0.786 | 0.214 |
| 10:29-2nd |  | 34 | 27 | 0.77 | 0.23 |
| 10:24-2nd |  | 34 | 27 | 0.764 | 0.236 |
| 10:17-2nd |  | 34 | 27 | 0.781 | 0.219 |
| 10:14-2nd |  | 34 | 27 | 0.786 | 0.214 |
| 10:07-2nd |  | 36 | 27 | 0.806 | 0.194 |
| 9:55-2nd |  | 36 | 30 | 0.766 | 0.234 |
| 9:42-2nd |  | 36 | 30 | 0.741 | 0.259 |
| 9:25-2nd |  | 36 | 32 | 0.719 | 0.281 |
| 9:04-2nd |  | 36 | 32 | 0.691 | 0.309 |
| 8:55-2nd |  | 36 | 32 | 0.712 | 0.288 |
| 8:52-2nd |  | 36 | 32 | 0.719 | 0.281 |
| 8:43-2nd |  | 36 | 32 | 0.697 | 0.303 |
| 8:36-2nd |  | 36 | 32 | 0.69 | 0.31 |
| 8:26-2nd |  | 36 | 35 | 0.638 | 0.362 |
| 8:02-2nd |  | 36 | 35 | 0.614 | 0.386 |
| 7:59-2nd |  | 36 | 35 | 0.607 | 0.393 |
| 7:55-2nd |  | 36 | 35 | 0.629 | 0.371 |
| 7:53-2nd |  | 36 | 35 | 0.606 | 0.394 |
| 7:51-2nd |  | 36 | 37 | 0.576 | 0.424 |
| 7:48-2nd |  | 36 | 37 | 0.576 | 0.424 |
| 7:42-2nd |  | 38 | 37 | 0.606 | 0.394 |
| 7:17-2nd |  | 38 | 37 | 0.627 | 0.373 |
| 7:15-2nd |  | 38 | 37 | 0.635 | 0.365 |
| 6:59-2nd |  | 41 | 37 | 0.688 | 0.312 |
| 6:39-2nd |  | 41 | 39 | 0.662 | 0.338 |
| 6:18-2nd |  | 44 | 39 | 0.715 | 0.285 |
| 6:01-2nd |  | 44 | 41 | 0.689 | 0.311 |
| 5:39-2nd |  | 44 | 41 | 0.666 | 0.334 |
| 5:36-2nd |  | 44 | 41 | 0.659 | 0.341 |
| 5:28-2nd |  | 44 | 41 | 0.681 | 0.319 |
| 5:26-2nd |  | 44 | 41 | 0.688 | 0.312 |
| 5:21-2nd |  | 44 | 41 | 0.666 | 0.334 |
| 5:20-2nd |  | 44 | 41 | 0.658 | 0.342 |
| 5:19-2nd |  | 44 | 41 | 0.658 | 0.342 |
| 4:53-2nd |  | 44 | 41 | 0.68 | 0.32 |
| 4:52-2nd |  | 44 | 41 | 0.688 | 0.312 |
| 4:50-2nd |  | 44 | 41 | 0.688 | 0.312 |
| 4:29-2nd |  | 44 | 41 | 0.613 | 0.387 |
| 4:10-2nd |  | 44 | 43 | 0.628 | 0.372 |
| 3:45-2nd |  | 46 | 43 | 0.657 | 0.343 |
| 3:37-2nd |  | 46 | 45 | 0.626 | 0.374 |
| 3:21-2nd |  | 46 | 45 | 0.601 | 0.399 |
| 3:19-2nd |  | 46 | 45 | 0.593 | 0.407 |
| 2:56-2nd |  | 46 | 47 | 0.56 | 0.44 |
| 2:30-2nd |  | 46 | 47 | 0.536 | 0.464 |
| 2:27-2nd |  | 46 | 47 | 0.558 | 0.442 |
| 2:25-2nd |  | 46 | 47 | 0.529 | 0.471 |
| 2:13-2nd |  | 46 | 47 | 0.55 | 0.45 |
| 2:10-2nd |  | 46 | 47 | 0.557 | 0.443 |
| 2:01-2nd |  | 46 | 47 | 0.534 | 0.466 |
| 1:56-2nd |  | 46 | 47 | 0.527 | 0.473 |
| 1:55-2nd |  | 46 | 47 | 0.556 | 0.444 |
| 1:30-2nd |  | 48 | 47 | 0.587 | 0.413 |
| 1:08-2nd |  | 48 | 49 | 0.553 | 0.447 |
| 55.1-2nd |  | 50 | 49 | 0.586 | 0.414 |
| 37.1-2nd |  | 50 | 51 | 0.551 | 0.449 |
| 17.0-2nd |  | 50 | 51 | 0.527 | 0.473 |
| 14.2-2nd |  | 50 | 51 | 0.518 | 0.482 |
| 0.2-2nd |  | 50 | 51 | 0.546 | 0.454 |
| 0.0-2nd |  | 50 | 51 | 0.536 | 0.464 |
| 12:00-3rd |  | 50 | 51 | 0.536 | 0.464 |
| 11:34-3rd |  | 50 | 51 | 0.521 | 0.479 |
| 11:31-3rd |  | 50 | 51 | 0.512 | 0.488 |
| 11:19-3rd |  | 50 | 54 | 0.443 | 0.557 |
| 10:55-3rd |  | 50 | 54 | 0.41 | 0.59 |
| 10:52-3rd |  | 50 | 54 | 0.4 | 0.6 |
| 10:32-3rd |  | 50 | 54 | 0.428 | 0.572 |
| 10:30-3rd |  | 50 | 54 | 0.438 | 0.562 |
| 10:24-3rd |  | 52 | 54 | 0.471 | 0.529 |
| 10:02-3rd |  | 52 | 54 | 0.498 | 0.502 |
| 9:59-3rd |  | 52 | 54 | 0.507 | 0.493 |
| 9:45-3rd |  | 52 | 54 | 0.477 | 0.523 |
| 9:44-3rd |  | 52 | 54 | 0.468 | 0.532 |
| 9:22-3rd |  | 52 | 54 | 0.495 | 0.505 |
| 9:19-3rd |  | 52 | 54 | 0.504 | 0.496 |
| 9:09-3rd |  | 52 | 54 | 0.475 | 0.525 |
| 9:06-3rd |  | 52 | 54 | 0.474 | 0.526 |
| 9:05-3rd |  | 52 | 54 | 0.465 | 0.535 |
| 9:03-3rd |  | 52 | 54 | 0.494 | 0.506 |
| 8:59-3rd |  | 52 | 54 | 0.503 | 0.497 |
| 8:47-3rd |  | 52 | 54 | 0.473 | 0.527 |
| 8:44-3rd |  | 52 | 54 | 0.463 | 0.537 |
| 8:43-3rd |  | 52 | 56 | 0.425 | 0.575 |
| 8:24-3rd |  | 53 | 56 | 0.422 | 0.578 |
| 8:21-3rd |  | 53 | 56 | 0.421 | 0.579 |
| 7:58-3rd |  | 53 | 56 | 0.451 | 0.549 |
| 7:56-3rd |  | 53 | 56 | 0.462 | 0.538 |
| 7:40-3rd |  | 56 | 56 | 0.535 | 0.465 |
| 7:21-3rd |  | 56 | 59 | 0.458 | 0.542 |
| 6:55-3rd |  | 56 | 59 | 0.423 | 0.577 |
| 6:50-3rd |  | 56 | 59 | 0.412 | 0.588 |
| 6:36-3rd |  | 56 | 61 | 0.373 | 0.627 |
| 6:19-3rd |  | 56 | 61 | 0.341 | 0.659 |
| 6:16-3rd |  | 56 | 61 | 0.331 | 0.669 |
| 6:13-3rd |  | 56 | 63 | 0.295 | 0.705 |
| 6:08-3rd |  | 56 | 63 | 0.257 | 0.743 |
| 6:04-3rd |  | 56 | 63 | 0.293 | 0.707 |
| 5:43-3rd |  | 59 | 63 | 0.366 | 0.634 |
| 5:25-3rd |  | 59 | 63 | 0.406 | 0.594 |
| 5:05-3rd |  | 59 | 63 | 0.372 | 0.628 |
| 5:04-3rd |  | 59 | 63 | 0.361 | 0.639 |
| 4:45-3rd |  | 59 | 63 | 0.391 | 0.609 |
| 4:42-3rd |  | 59 | 63 | 0.401 | 0.599 |
| 4:34-3rd |  | 61 | 63 | 0.44 | 0.56 |
| 4:24-3rd |  | 61 | 65 | 0.4 | 0.6 |
| 4:03-3rd |  | 61 | 65 | 0.365 | 0.635 |
| 4:02-3rd |  | 61 | 65 | 0.396 | 0.604 |
| 3:52-3rd |  | 63 | 65 | 0.435 | 0.565 |
| 3:36-3rd |  | 63 | 67 | 0.392 | 0.608 |
| 3:17-3rd |  | 63 | 67 | 0.357 | 0.643 |
| 3:14-3rd |  | 63 | 67 | 0.346 | 0.654 |
| 3:03-3rd |  | 63 | 67 | 0.377 | 0.623 |
| 2:59-3rd |  | 63 | 67 | 0.387 | 0.613 |
| 2:55-3rd |  | 65 | 67 | 0.429 | 0.571 |
| 2:33-3rd |  | 65 | 69 | 0.384 | 0.616 |
| 2:14-3rd |  | 67 | 69 | 0.425 | 0.575 |
| 2:03-3rd |  | 67 | 69 | 0.458 | 0.542 |
| 2:02-3rd |  | 67 | 69 | 0.424 | 0.576 |
| 2:01-3rd |  | 67 | 69 | 0.424 | 0.576 |
| 1:55-3rd |  | 67 | 69 | 0.457 | 0.543 |
| 1:52-3rd |  | 67 | 69 | 0.468 | 0.532 |
| 1:51-3rd |  | 67 | 69 | 0.422 | 0.578 |
| 1:41-3rd |  | 67 | 69 | 0.467 | 0.533 |
| 1:16-3rd |  | 67 | 69 | 0.43 | 0.57 |
| 1:14-3rd |  | 67 | 69 | 0.418 | 0.582 |
| 1:08-3rd |  | 67 | 71 | 0.373 | 0.627 |
| 59.1-3rd |  | 69 | 71 | 0.417 | 0.583 |
| 46.0-3rd |  | 69 | 71 | 0.45 | 0.55 |
| 42.0-3rd |  | 69 | 71 | 0.415 | 0.585 |
| 36.0-3rd |  | 69 | 74 | 0.328 | 0.672 |
| 21.0-3rd |  | 71 | 74 | 0.366 | 0.634 |
| 6.0-3rd |  | 71 | 74 | 0.296 | 0.704 |
| 0.1-3rd |  | 71 | 74 | 0.398 | 0.602 |
| 0.0-3rd |  | 71 | 74 | 0.386 | 0.614 |
| 12:00-4th |  | 71 | 74 | 0.386 | 0.614 |
| 11:45-4th |  | 71 | 74 | 0.398 | 0.602 |
| 11:42-4th |  | 71 | 74 | 0.413 | 0.587 |
| 11:28-4th |  | 71 | 74 | 0.366 | 0.634 |
| 11:26-4th |  | 71 | 74 | 0.41 | 0.59 |
| 11:21-4th |  | 71 | 74 | 0.423 | 0.577 |
| 11:13-4th |  | 72 | 74 | 0.418 | 0.582 |
| 10:54-4th |  | 72 | 74 | 0.457 | 0.543 |
| 10:50-4th |  | 73 | 74 | 0.464 | 0.536 |
| 10:47-4th |  | 73 | 74 | 0.522 | 0.478 |
| 10:43-4th |  | 73 | 74 | 0.472 | 0.528 |
| 10:40-4th |  | 73 | 74 | 0.472 | 0.528 |
| 10:22-4th |  | 73 | 77 | 0.368 | 0.632 |
| 10:04-4th |  | 73 | 77 | 0.326 | 0.674 |
| 9:59-4th |  | 73 | 77 | 0.312 | 0.688 |
| 9:47-4th |  | 73 | 77 | 0.349 | 0.651 |
| 9:46-4th |  | 73 | 77 | 0.361 | 0.639 |
| 9:45-4th |  | 73 | 77 | 0.456 | 0.544 |
| 9:39-4th |  | 73 | 77 | 0.333 | 0.667 |
| 9:37-4th |  | 73 | 77 | 0.319 | 0.681 |
| 9:21-4th |  | 73 | 77 | 0.355 | 0.645 |
| 9:18-4th |  | 73 | 77 | 0.368 | 0.632 |
| 9:01-4th |  | 75 | 77 | 0.419 | 0.581 |
| 8:38-4th |  | 75 | 77 | 0.478 | 0.522 |
| 8:31-4th |  | 75 | 77 | 0.415 | 0.585 |
| 8:29-4th |  | 75 | 77 | 0.461 | 0.539 |
| 8:28-4th |  | 75 | 77 | 0.415 | 0.585 |
| 8:17-4th |  | 75 | 77 | 0.46 | 0.54 |
| 8:14-4th |  | 75 | 77 | 0.46 | 0.54 |
| 8:13-4th |  | 75 | 77 | 0.413 | 0.587 |
| 8:09-4th |  | 75 | 77 | 0.46 | 0.54 |
| 8:06-4th |  | 75 | 77 | 0.475 | 0.525 |
| 8:00-4th |  | 76 | 77 | 0.467 | 0.533 |
| 7:59-4th |  | 76 | 77 | 0.467 | 0.533 |
| 7:42-4th |  | 76 | 77 | 0.511 | 0.489 |
| 7:41-4th |  | 76 | 77 | 0.463 | 0.537 |
| 7:34-4th |  | 76 | 79 | 0.409 | 0.591 |
| 7:18-4th |  | 76 | 79 | 0.356 | 0.644 |
| 7:16-4th |  | 76 | 79 | 0.339 | 0.661 |
| 6:56-4th |  | 76 | 82 | 0.4 | 0.6 |
| 6:43-4th | TARGET | 76 | 82 | 0.191 | 0.809 |
| 6:39-4th |  | 76 | 82 | 0.225 | 0.775 |
| 6:33-4th |  | 76 | 82 | 0.188 | 0.812 |
| 6:30-4th |  | 76 | 82 | 0.175 | 0.825 |
| 6:25-4th |  | 76 | 85 | 0.101 | 0.899 |
| 6:07-4th |  | 78 | 85 | 0.127 | 0.873 |
| 5:44-4th |  | 78 | 85 | 0.149 | 0.851 |
| 5:42-4th |  | 78 | 85 | 0.119 | 0.881 |
| 5:35-4th |  | 78 | 85 | 0.147 | 0.853 |
| 5:32-4th |  | 78 | 85 | 0.155 | 0.845 |
| 5:18-4th |  | 79 | 85 | 0.151 | 0.849 |
| 5:15-4th |  | 79 | 85 | 0.196 | 0.804 |
| 5:13-4th |  | 81 | 85 | 0.247 | 0.753 |
| 4:54-4th |  | 81 | 85 | 0.286 | 0.714 |
| 4:52-4th |  | 81 | 85 | 0.301 | 0.699 |
| 4:28-4th |  | 81 | 85 | 0.249 | 0.751 |
| 4:26-4th |  | 81 | 85 | 0.234 | 0.766 |
| 4:03-4th |  | 81 | 87 | 0.173 | 0.827 |
| 3:52-4th |  | 81 | 87 | 0.123 | 0.877 |
| 3:30-4th |  | 81 | 87 | 0.147 | 0.853 |
| 3:27-4th |  | 81 | 87 | 0.157 | 0.843 |
| 3:24-4th |  | 81 | 87 | 0.156 | 0.844 |
| 3:17-4th |  | 84 | 87 | 0.267 | 0.733 |
| 2:49-4th |  | 84 | 89 | 0.189 | 0.811 |
| 2:29-4th |  | 84 | 89 | 0.124 | 0.876 |
| 2:23-4th |  | 84 | 90 | 0.124 | 0.876 |
| 2:00-4th |  | 84 | 90 | 0.084 | 0.916 |
| 1:57-4th |  | 84 | 90 | 0.073 | 0.927 |
| 1:53-4th |  | 84 | 90 | 0.071 | 0.929 |
| 1:40-4th |  | 84 | 90 | 0.093 | 0.907 |
| 1:38-4th |  | 84 | 90 | 0.102 | 0.898 |
| 1:26-4th |  | 84 | 90 | 0.069 | 0.931 |
| 1:25-4th |  | 84 | 90 | 0.096 | 0.904 |
| 1:24-4th |  | 86 | 90 | 0.148 | 0.852 |
| 1:05-4th |  | 86 | 92 | 0.087 | 0.913 |
| 1:01-4th |  | 86 | 92 | 0.058 | 0.942 |
| 59.0-4th |  | 88 | 92 | 0.188 | 0.812 |
| 54.1-4th |  | 90 | 92 | 0.248 | 0.752 |
| 33.1-4th |  | 90 | 92 | 0.314 | 0.686 |
| 30.0-4th |  | 90 | 92 | 0.342 | 0.658 |
| 16.1-4th |  | 90 | 92 | 0.18 | 0.82 |
| 14.1-4th |  | 90 | 94 | 0.174 | 0.826 |
| 13.1-4th |  | 90 | 94 | 0.062 | 0.938 |
| 11.1-4th |  | 90 | 96 | 0.018 | 0.982 |
| 6.1-4th |  | 92 | 96 | 0.025 | 0.975 |
| 0.0-4th |  | 92 | 96 | 0.0 | 1.0 |

Question

Which event most likely happened at the marked missing position?

Answer Choices

A. Player 3 (Team A) misses driving floating jump shot
B. Player 1 (Team B) makes 17-foot two point shot (Player 14 (Team B) assists)
C. Player 9 (Team B) makes 5-foot driving floating jump shot (Player 3 (Team B) assists)
D. Player 7 (Team A) makes 5-foot layup (Player 9 (Team A) assists)

Response Format

Return exactly one JSON object:

{
  "answer": "<A|B|C|D>",
  "rationale": "<brief evidence-based justification in 1-3 sentences>",
  "evidence_event_ids": [],
  "evidence_series_times": []
}

Use only event IDs and time labels that are provided above and that support the answer. Use an empty array when the corresponding evidence type is unavailable or unused. Return only the JSON object.
