Task

Reconstruct the missing event in this basketball game. Use the available numerical time-series evidence around the marked row to select the most likely event.

Game

Team A versus Team B, season 22-23.

Time Series

| Game time | Marker | Team A score | Team B score | Team A win probability | Team B win probability |
| --- | --- | --- | --- | --- | --- |
| 12:00-1st |  | 0 | 0 | 0.595 | 0.405 |
| 11:42-1st |  | 0 | 0 | 0.576 | 0.424 |
| 11:27-1st |  | 0 | 0 | 0.59 | 0.41 |
| 11:25-1st |  | 0 | 0 | 0.595 | 0.405 |
| 11:19-1st |  | 0 | 0 | 0.58 | 0.42 |
| 11:18-1st |  | 0 | 0 | 0.58 | 0.42 |
| 11:17-1st |  | 0 | 0 | 0.599 | 0.401 |
| 11:16-1st |  | 0 | 0 | 0.573 | 0.427 |
| 11:14-1st |  | 0 | 0 | 0.573 | 0.427 |
| 11:05-1st |  | 0 | 0 | 0.595 | 0.405 |
| 11:00-1st |  | 0 | 0 | 0.578 | 0.422 |
| 10:57-1st |  | 0 | 0 | 0.572 | 0.428 |
| 10:41-1st |  | 0 | 0 | 0.571 | 0.429 |
| 10:34-1st |  | 0 | 0 | 0.59 | 0.41 |
| 10:30-1st |  | 0 | 0 | 0.57 | 0.43 |
| 10:28-1st |  | 0 | 0 | 0.59 | 0.41 |
| 10:26-1st |  | 0 | 0 | 0.596 | 0.404 |
| 10:22-1st |  | 0 | 0 | 0.57 | 0.43 |
| 10:17-1st |  | 0 | 2 | 0.545 | 0.455 |
| 10:08-1st |  | 0 | 2 | 0.525 | 0.475 |
| 10:06-1st |  | 0 | 2 | 0.518 | 0.482 |
| 10:02-1st |  | 0 | 2 | 0.519 | 0.481 |
| 9:55-1st |  | 0 | 2 | 0.538 | 0.462 |
| 9:52-1st |  | 0 | 2 | 0.545 | 0.455 |
| 9:48-1st |  | 0 | 2 | 0.518 | 0.482 |
| 9:43-1st |  | 0 | 5 | 0.467 | 0.533 |
| 9:27-1st |  | 2 | 5 | 0.493 | 0.507 |
| 9:13-1st |  | 2 | 5 | 0.51 | 0.49 |
| 9:10-1st |  | 2 | 5 | 0.516 | 0.484 |
| 9:02-1st |  | 4 | 5 | 0.544 | 0.456 |
| 8:39-1st |  | 4 | 8 | 0.49 | 0.51 |
| 8:29-1st |  | 6 | 8 | 0.515 | 0.485 |
| 8:18-1st |  | 6 | 9 | 0.516 | 0.484 |
| 8:04-1st |  | 8 | 9 | 0.541 | 0.459 |
| 7:44-1st |  | 8 | 12 | 0.488 | 0.512 |
| 7:30-1st |  | 8 | 12 | 0.467 | 0.533 |
| 7:28-1st |  | 8 | 12 | 0.46 | 0.54 |
| 7:22-1st |  | 8 | 13 | 0.461 | 0.539 |
| 7:20-1st |  | 8 | 13 | 0.46 | 0.54 |
| 7:07-1st |  | 8 | 13 | 0.435 | 0.565 |
| 6:56-1st |  | 8 | 13 | 0.453 | 0.547 |
| 6:53-1st |  | 8 | 13 | 0.459 | 0.541 |
| 6:44-1st |  | 8 | 13 | 0.44 | 0.56 |
| 6:41-1st |  | 8 | 13 | 0.434 | 0.566 |
| 6:33-1st |  | 8 | 13 | 0.452 | 0.548 |
| 6:31-1st |  | 8 | 13 | 0.458 | 0.542 |
| 6:26-1st |  | 10 | 13 | 0.485 | 0.515 |
| 6:16-1st |  | 10 | 15 | 0.457 | 0.543 |
| 6:01-1st |  | 10 | 15 | 0.438 | 0.562 |
| 6:00-1st |  | 10 | 17 | 0.402 | 0.598 |
| 5:46-1st |  | 12 | 17 | 0.43 | 0.57 |
| 5:18-1st |  | 12 | 17 | 0.448 | 0.552 |
| 5:15-1st |  | 12 | 17 | 0.454 | 0.546 |
| 5:08-1st |  | 12 | 17 | 0.434 | 0.566 |
| 5:05-1st |  | 12 | 17 | 0.428 | 0.572 |
| 4:59-1st |  | 12 | 17 | 0.447 | 0.553 |
| 4:57-1st |  | 12 | 17 | 0.453 | 0.547 |
| 4:51-1st |  | 12 | 17 | 0.433 | 0.567 |
| 4:48-1st |  | 12 | 17 | 0.427 | 0.573 |
| 4:43-1st |  | 12 | 17 | 0.426 | 0.574 |
| 4:36-1st |  | 12 | 17 | 0.452 | 0.548 |
| 4:25-1st |  | 14 | 17 | 0.479 | 0.521 |
| 4:05-1st |  | 14 | 20 | 0.422 | 0.578 |
| 3:56-1st |  | 14 | 20 | 0.401 | 0.599 |
| 3:53-1st |  | 14 | 20 | 0.394 | 0.606 |
| 3:38-1st |  | 14 | 20 | 0.413 | 0.587 |
| 3:36-1st |  | 14 | 20 | 0.393 | 0.607 |
| 3:35-1st |  | 14 | 20 | 0.413 | 0.587 |
| 3:34-1st |  | 14 | 20 | 0.393 | 0.607 |
| 3:30-1st |  | 14 | 23 | 0.337 | 0.663 |
| 3:29-1st |  | 14 | 23 | 0.336 | 0.664 |
| 3:07-1st |  | 17 | 23 | 0.391 | 0.609 |
| 2:50-1st |  | 17 | 23 | 0.41 | 0.59 |
| 2:47-1st |  | 17 | 23 | 0.417 | 0.583 |
| 2:41-1st |  | 17 | 23 | 0.396 | 0.604 |
| 2:39-1st |  | 17 | 23 | 0.389 | 0.611 |
| 2:17-1st |  | 17 | 23 | 0.408 | 0.592 |
| 2:14-1st |  | 17 | 23 | 0.415 | 0.585 |
| 2:03-1st |  | 17 | 23 | 0.415 | 0.585 |
| 1:51-1st |  | 17 | 23 | 0.393 | 0.607 |
| 1:49-1st |  | 17 | 23 | 0.386 | 0.614 |
| 1:37-1st |  | 17 | 23 | 0.406 | 0.594 |
| 1:33-1st |  | 17 | 23 | 0.412 | 0.588 |
| 1:25-1st |  | 17 | 23 | 0.391 | 0.609 |
| 1:22-1st |  | 17 | 23 | 0.412 | 0.588 |
| 1:19-1st |  | 20 | 23 | 0.469 | 0.531 |
| 1:02-1st |  | 20 | 26 | 0.41 | 0.59 |
| 53.0-1st |  | 20 | 26 | 0.453 | 0.547 |
| 51.1-1st | TARGET | 20 | 27 | 0.382 | 0.618 |
| 33.0-1st |  | 20 | 27 | 0.357 | 0.643 |
| 30.0-1st |  | 20 | 27 | 0.349 | 0.651 |
| 12.1-1st |  | 20 | 27 | 0.371 | 0.629 |
| 9.1-1st |  | 20 | 27 | 0.348 | 0.652 |
| 1.0-1st |  | 20 | 29 | 0.324 | 0.676 |
| 0.0-1st |  | 20 | 29 | 0.311 | 0.689 |
| 12:00-2nd |  | 20 | 29 | 0.311 | 0.689 |
| 11:48-2nd |  | 20 | 29 | 0.314 | 0.686 |
| 11:45-2nd |  | 20 | 29 | 0.32 | 0.68 |
| 11:39-2nd |  | 20 | 29 | 0.301 | 0.699 |
| 11:36-2nd |  | 20 | 29 | 0.294 | 0.706 |
| 11:29-2nd |  | 20 | 29 | 0.313 | 0.687 |
| 11:26-2nd |  | 20 | 29 | 0.319 | 0.681 |
| 11:18-2nd |  | 22 | 29 | 0.345 | 0.655 |
| 11:00-2nd |  | 22 | 29 | 0.366 | 0.634 |
| 10:58-2nd |  | 22 | 29 | 0.373 | 0.627 |
| 10:52-2nd |  | 24 | 29 | 0.399 | 0.601 |
| 10:37-2nd |  | 24 | 29 | 0.422 | 0.578 |
| 10:35-2nd |  | 24 | 29 | 0.43 | 0.57 |
| 10:26-2nd |  | 24 | 29 | 0.405 | 0.595 |
| 10:24-2nd |  | 24 | 29 | 0.397 | 0.603 |
| 10:12-2nd |  | 24 | 31 | 0.369 | 0.631 |
| 10:04-2nd |  | 24 | 31 | 0.368 | 0.632 |
| 9:56-2nd |  | 27 | 31 | 0.424 | 0.576 |
| 9:42-2nd |  | 27 | 31 | 0.455 | 0.545 |
| 9:32-2nd |  | 27 | 31 | 0.421 | 0.579 |
| 9:20-2nd |  | 27 | 34 | 0.365 | 0.635 |
| 9:05-2nd |  | 30 | 34 | 0.42 | 0.58 |
| 8:52-2nd |  | 30 | 36 | 0.394 | 0.606 |
| 8:42-2nd |  | 30 | 36 | 0.37 | 0.63 |
| 8:39-2nd |  | 30 | 36 | 0.393 | 0.607 |
| 8:26-2nd |  | 30 | 36 | 0.369 | 0.631 |
| 8:23-2nd |  | 30 | 36 | 0.361 | 0.639 |
| 8:18-2nd |  | 30 | 39 | 0.304 | 0.696 |
| 8:05-2nd |  | 30 | 39 | 0.283 | 0.717 |
| 8:03-2nd |  | 30 | 39 | 0.276 | 0.724 |
| 7:57-2nd |  | 30 | 39 | 0.303 | 0.697 |
| 7:56-2nd |  | 30 | 39 | 0.275 | 0.725 |
| 7:51-2nd |  | 30 | 39 | 0.303 | 0.697 |
| 7:33-2nd |  | 30 | 39 | 0.28 | 0.72 |
| 7:31-2nd |  | 30 | 39 | 0.301 | 0.699 |
| 7:29-2nd |  | 30 | 39 | 0.28 | 0.72 |
| 7:28-2nd |  | 30 | 39 | 0.273 | 0.727 |
| 7:15-2nd |  | 30 | 39 | 0.271 | 0.729 |
| 7:08-2nd |  | 30 | 39 | 0.292 | 0.708 |
| 7:06-2nd |  | 30 | 39 | 0.271 | 0.729 |
| 7:03-2nd |  | 30 | 39 | 0.291 | 0.709 |
| 7:02-2nd |  | 30 | 39 | 0.298 | 0.702 |
| 6:56-2nd |  | 30 | 39 | 0.298 | 0.702 |
| 6:54-2nd |  | 30 | 39 | 0.269 | 0.731 |
| 6:38-2nd |  | 30 | 39 | 0.289 | 0.711 |
| 6:36-2nd |  | 30 | 39 | 0.296 | 0.704 |
| 6:33-2nd |  | 30 | 39 | 0.274 | 0.726 |
| 6:31-2nd |  | 30 | 39 | 0.267 | 0.733 |
| 6:21-2nd |  | 30 | 39 | 0.295 | 0.705 |
| 6:17-2nd |  | 32 | 39 | 0.321 | 0.679 |
| 5:56-2nd |  | 32 | 39 | 0.349 | 0.651 |
| 5:46-2nd |  | 32 | 39 | 0.341 | 0.659 |
| 5:44-2nd |  | 32 | 39 | 0.348 | 0.652 |
| 5:38-2nd |  | 32 | 39 | 0.325 | 0.675 |
| 5:36-2nd |  | 32 | 39 | 0.347 | 0.653 |
| 5:32-2nd |  | 32 | 39 | 0.347 | 0.653 |
| 5:25-2nd |  | 32 | 39 | 0.324 | 0.676 |
| 5:22-2nd |  | 32 | 39 | 0.317 | 0.683 |
| 5:16-2nd |  | 32 | 39 | 0.346 | 0.654 |
| 5:02-2nd |  | 33 | 39 | 0.345 | 0.655 |
| 5:00-2nd |  | 33 | 39 | 0.345 | 0.655 |
| 4:39-2nd |  | 33 | 39 | 0.367 | 0.633 |
| 4:36-2nd |  | 33 | 39 | 0.343 | 0.657 |
| 4:33-2nd |  | 33 | 41 | 0.311 | 0.689 |
| 4:15-2nd |  | 33 | 41 | 0.279 | 0.721 |
| 4:06-2nd |  | 33 | 41 | 0.301 | 0.699 |
| 4:04-2nd |  | 33 | 41 | 0.309 | 0.691 |
| 3:53-2nd |  | 35 | 41 | 0.34 | 0.66 |
| 3:31-2nd |  | 35 | 41 | 0.361 | 0.639 |
| 3:28-2nd |  | 35 | 41 | 0.337 | 0.663 |
| 3:27-2nd |  | 35 | 43 | 0.305 | 0.695 |
| 3:13-2nd |  | 35 | 43 | 0.28 | 0.72 |
| 3:10-2nd |  | 35 | 43 | 0.272 | 0.728 |
| 3:09-2nd |  | 35 | 46 | 0.223 | 0.777 |
| 2:56-2nd |  | 38 | 46 | 0.273 | 0.727 |
| 2:37-2nd |  | 38 | 46 | 0.294 | 0.706 |
| 2:35-2nd |  | 38 | 46 | 0.301 | 0.699 |
| 2:29-2nd |  | 38 | 46 | 0.278 | 0.722 |
| 2:27-2nd |  | 38 | 46 | 0.3 | 0.7 |
| 2:24-2nd |  | 39 | 46 | 0.298 | 0.702 |
| 2:22-2nd |  | 39 | 46 | 0.298 | 0.702 |
| 2:01-2nd |  | 39 | 46 | 0.321 | 0.679 |
| 1:59-2nd |  | 39 | 46 | 0.329 | 0.671 |
| 1:56-2nd |  | 39 | 46 | 0.295 | 0.705 |
| 1:47-2nd |  | 39 | 48 | 0.267 | 0.733 |
| 1:36-2nd |  | 39 | 48 | 0.247 | 0.753 |
| 1:34-2nd |  | 39 | 48 | 0.265 | 0.735 |
| 1:31-2nd |  | 39 | 48 | 0.24 | 0.76 |
| 1:27-2nd |  | 39 | 50 | 0.214 | 0.786 |
| 1:12-2nd |  | 39 | 50 | 0.191 | 0.809 |
| 1:10-2nd |  | 39 | 50 | 0.183 | 0.817 |
| 1:03-2nd |  | 39 | 50 | 0.149 | 0.851 |
| 54.1-2nd |  | 39 | 50 | 0.203 | 0.797 |
| 52.0-2nd |  | 39 | 50 | 0.211 | 0.789 |
| 48.0-2nd |  | 41 | 50 | 0.235 | 0.765 |
| 32.1-2nd |  | 41 | 50 | 0.259 | 0.741 |
| 23.1-2nd |  | 41 | 50 | 0.238 | 0.762 |
| 19.1-2nd |  | 41 | 50 | 0.231 | 0.769 |
| 6.1-2nd |  | 41 | 50 | 0.249 | 0.751 |
| 3.1-2nd |  | 41 | 50 | 0.227 | 0.773 |
| 2.1-2nd |  | 41 | 53 | 0.177 | 0.823 |
| 0.1-2nd |  | 41 | 53 | 0.166 | 0.834 |
| 0.0-2nd |  | 41 | 53 | 0.171 | 0.829 |
| 12:00-3rd |  | 41 | 53 | 0.165 | 0.835 |
| 11:38-3rd |  | 41 | 53 | 0.167 | 0.833 |
| 11:36-3rd |  | 41 | 53 | 0.152 | 0.848 |
| 11:35-3rd |  | 41 | 53 | 0.167 | 0.833 |
| 11:33-3rd |  | 41 | 53 | 0.152 | 0.848 |
| 11:23-3rd |  | 41 | 55 | 0.133 | 0.867 |
| 10:59-3rd |  | 43 | 55 | 0.148 | 0.852 |
| 10:50-3rd |  | 43 | 55 | 0.162 | 0.838 |
| 10:48-3rd |  | 43 | 55 | 0.146 | 0.854 |
| 10:40-3rd |  | 43 | 57 | 0.127 | 0.873 |
| 10:30-3rd |  | 45 | 57 | 0.145 | 0.855 |
| 10:11-3rd |  | 45 | 59 | 0.124 | 0.876 |
| 10:05-3rd |  | 47 | 59 | 0.142 | 0.858 |
| 9:48-3rd |  | 47 | 61 | 0.121 | 0.879 |
| 9:37-3rd |  | 49 | 61 | 0.138 | 0.862 |
| 9:15-3rd |  | 49 | 61 | 0.151 | 0.849 |
| 9:13-3rd |  | 49 | 61 | 0.156 | 0.844 |
| 9:00-3rd |  | 49 | 61 | 0.139 | 0.861 |
| 8:59-3rd |  | 49 | 61 | 0.134 | 0.866 |
| 8:55-3rd |  | 49 | 61 | 0.154 | 0.846 |
| 8:52-3rd |  | 49 | 61 | 0.138 | 0.862 |
| 8:50-3rd |  | 49 | 61 | 0.133 | 0.867 |
| 8:27-3rd |  | 49 | 61 | 0.146 | 0.854 |
| 8:24-3rd |  | 49 | 61 | 0.13 | 0.87 |
| 8:22-3rd |  | 49 | 61 | 0.15 | 0.85 |
| 8:13-3rd |  | 51 | 61 | 0.174 | 0.826 |
| 7:51-3rd |  | 51 | 61 | 0.191 | 0.809 |
| 7:48-3rd |  | 51 | 61 | 0.197 | 0.803 |
| 7:44-3rd |  | 53 | 61 | 0.227 | 0.773 |
| 7:32-3rd |  | 53 | 61 | 0.225 | 0.775 |
| 7:24-3rd |  | 53 | 61 | 0.247 | 0.753 |
| 7:20-3rd |  | 53 | 61 | 0.254 | 0.746 |
| 7:18-3rd |  | 54 | 61 | 0.253 | 0.747 |
| 7:01-3rd |  | 54 | 63 | 0.22 | 0.78 |
| 6:50-3rd |  | 54 | 63 | 0.189 | 0.811 |
| 6:35-3rd |  | 54 | 66 | 0.136 | 0.864 |
| 6:23-3rd |  | 56 | 66 | 0.158 | 0.842 |
| 6:10-3rd |  | 56 | 66 | 0.176 | 0.824 |
| 6:08-3rd |  | 56 | 68 | 0.133 | 0.867 |
| 5:52-3rd |  | 56 | 68 | 0.115 | 0.885 |
| 5:49-3rd |  | 56 | 68 | 0.11 | 0.89 |
| 5:42-3rd |  | 56 | 68 | 0.124 | 0.876 |
| 5:39-3rd |  | 56 | 68 | 0.129 | 0.871 |
| 5:31-3rd |  | 56 | 68 | 0.113 | 0.887 |
| 5:29-3rd |  | 56 | 68 | 0.107 | 0.893 |
| 5:07-3rd |  | 56 | 68 | 0.12 | 0.88 |
| 5:05-3rd |  | 56 | 68 | 0.125 | 0.875 |
| 5:01-3rd |  | 56 | 68 | 0.161 | 0.839 |
| 4:53-3rd |  | 56 | 68 | 0.108 | 0.892 |
| 4:50-3rd |  | 56 | 68 | 0.102 | 0.898 |
| 4:46-3rd |  | 56 | 68 | 0.117 | 0.883 |
| 4:43-3rd |  | 56 | 68 | 0.122 | 0.878 |
| 4:38-3rd |  | 58 | 68 | 0.144 | 0.856 |
| 4:20-3rd |  | 58 | 71 | 0.098 | 0.902 |
| 4:10-3rd |  | 60 | 71 | 0.116 | 0.884 |
| 4:08-3rd |  | 60 | 71 | 0.119 | 0.881 |
| 3:52-3rd |  | 60 | 74 | 0.08 | 0.92 |
| 3:34-3rd |  | 63 | 74 | 0.114 | 0.886 |
| 3:14-3rd |  | 63 | 76 | 0.091 | 0.909 |
| 3:13-3rd |  | 63 | 76 | 0.091 | 0.909 |
| 2:48-3rd |  | 63 | 76 | 0.075 | 0.925 |
| 2:44-3rd |  | 63 | 76 | 0.071 | 0.929 |
| 2:41-3rd |  | 63 | 79 | 0.045 | 0.955 |
| 2:28-3rd |  | 64 | 79 | 0.044 | 0.956 |
| 2:27-3rd |  | 64 | 79 | 0.044 | 0.956 |
| 2:12-3rd |  | 64 | 79 | 0.05 | 0.95 |
| 2:10-3rd |  | 64 | 79 | 0.053 | 0.947 |
| 1:56-3rd |  | 64 | 79 | 0.043 | 0.957 |
| 1:53-3rd |  | 64 | 79 | 0.041 | 0.959 |
| 1:37-3rd |  | 64 | 82 | 0.023 | 0.977 |
| 1:27-3rd |  | 67 | 82 | 0.038 | 0.962 |
| 1:13-3rd |  | 67 | 82 | 0.044 | 0.956 |
| 1:10-3rd |  | 67 | 82 | 0.046 | 0.954 |
| 1:07-3rd |  | 67 | 82 | 0.039 | 0.961 |
| 1:04-3rd |  | 70 | 82 | 0.07 | 0.93 |
| 51.1-3rd |  | 70 | 82 | 0.086 | 0.914 |
| 47.1-3rd |  | 70 | 82 | 0.091 | 0.909 |
| 35.2-3rd |  | 70 | 82 | 0.072 | 0.928 |
| 33.1-3rd |  | 70 | 82 | 0.065 | 0.935 |
| 25.0-3rd |  | 70 | 84 | 0.053 | 0.947 |
| 10.0-3rd |  | 70 | 84 | 0.042 | 0.958 |
| 7.1-3rd |  | 72 | 84 | 0.063 | 0.937 |
| 1.1-3rd |  | 72 | 84 | 0.077 | 0.923 |
| 0.0-3rd |  | 72 | 84 | 0.073 | 0.927 |
| 12:00-4th |  | 72 | 84 | 0.073 | 0.927 |
| 11:54-4th |  | 74 | 84 | 0.101 | 0.899 |
| 11:39-4th |  | 74 | 86 | 0.079 | 0.921 |
| 11:28-4th |  | 74 | 86 | 0.056 | 0.944 |
| 11:13-4th |  | 74 | 88 | 0.044 | 0.956 |
| 11:03-4th |  | 74 | 88 | 0.035 | 0.965 |
| 11:01-4th |  | 74 | 88 | 0.032 | 0.968 |
| 10:51-4th |  | 74 | 90 | 0.023 | 0.977 |
| 10:43-4th |  | 77 | 90 | 0.04 | 0.96 |
| 10:27-4th |  | 77 | 90 | 0.049 | 0.951 |
| 10:24-4th |  | 77 | 90 | 0.052 | 0.948 |
| 10:17-4th |  | 77 | 90 | 0.041 | 0.959 |
| 10:14-4th |  | 77 | 90 | 0.037 | 0.963 |
| 10:06-4th |  | 77 | 90 | 0.046 | 0.954 |
| 10:03-4th |  | 77 | 90 | 0.049 | 0.951 |
| 10:00-4th |  | 77 | 90 | 0.049 | 0.951 |
| 9:48-4th |  | 77 | 90 | 0.034 | 0.966 |
| 9:33-4th |  | 77 | 93 | 0.018 | 0.982 |
| 9:23-4th |  | 77 | 93 | 0.012 | 0.988 |
| 9:09-4th |  | 77 | 95 | 0.009 | 0.991 |
| 8:58-4th |  | 79 | 95 | 0.011 | 0.989 |
| 8:39-4th |  | 79 | 95 | 0.013 | 0.987 |
| 8:36-4th |  | 79 | 95 | 0.01 | 0.99 |
| 8:32-4th |  | 79 | 95 | 0.012 | 0.988 |
| 8:30-4th |  | 79 | 95 | 0.009 | 0.991 |
| 8:19-4th |  | 79 | 95 | 0.012 | 0.988 |
| 8:17-4th |  | 79 | 95 | 0.009 | 0.991 |
| 8:16-4th |  | 79 | 95 | 0.008 | 0.992 |
| 8:10-4th |  | 79 | 98 | 0.004 | 0.996 |
| 8:04-4th |  | 79 | 98 | 0.002 | 0.998 |
| 8:03-4th |  | 79 | 98 | 0.003 | 0.997 |
| 7:55-4th |  | 79 | 98 | 0.003 | 0.997 |
| 7:53-4th |  | 79 | 98 | 0.002 | 0.998 |
| 7:39-4th |  | 79 | 98 | 0.003 | 0.997 |
| 7:34-4th |  | 81 | 98 | 0.005 | 0.995 |
| 7:09-4th |  | 81 | 98 | 0.006 | 0.994 |
| 7:06-4th |  | 81 | 98 | 0.004 | 0.996 |
| 7:04-4th |  | 81 | 100 | 0.003 | 0.997 |
| 6:54-4th |  | 83 | 100 | 0.004 | 0.996 |
| 6:30-4th |  | 83 | 103 | 0.002 | 0.998 |
| 6:19-4th |  | 83 | 103 | 0.001 | 0.999 |
| 6:17-4th |  | 83 | 103 | 0.001 | 0.999 |
| 6:06-4th |  | 83 | 105 | 0.001 | 0.999 |
| 5:56-4th |  | 83 | 105 | 0.001 | 0.999 |
| 5:49-4th |  | 83 | 105 | 0.001 | 0.999 |
| 5:46-4th |  | 83 | 105 | 0.001 | 0.999 |
| 5:43-4th |  | 83 | 105 | 0.001 | 0.999 |
| 5:42-4th |  | 83 | 105 | 0.001 | 0.999 |
| 5:26-4th |  | 83 | 105 | 0.001 | 0.999 |
| 5:24-4th |  | 83 | 105 | 0.001 | 0.999 |
| 5:19-4th |  | 86 | 105 | 0.001 | 0.999 |
| 4:58-4th |  | 86 | 105 | 0.001 | 0.999 |
| 4:56-4th |  | 86 | 105 | 0.001 | 0.999 |
| 4:49-4th |  | 86 | 105 | 0.001 | 0.999 |
| 4:46-4th |  | 86 | 105 | 0.001 | 0.999 |
| 4:42-4th |  | 86 | 105 | 0.001 | 0.999 |
| 4:34-4th |  | 86 | 107 | 0.001 | 0.999 |
| 4:27-4th |  | 86 | 107 | 0.001 | 0.999 |
| 4:25-4th |  | 86 | 107 | 0.001 | 0.999 |
| 4:11-4th |  | 86 | 107 | 0.001 | 0.999 |
| 4:09-4th |  | 86 | 107 | 0.001 | 0.999 |
| 4:00-4th |  | 89 | 107 | 0.001 | 0.999 |
| 3:41-4th |  | 89 | 107 | 0.001 | 0.999 |
| 3:34-4th |  | 89 | 107 | 0.001 | 0.999 |
| 3:28-4th |  | 89 | 110 | 0.001 | 0.999 |
| 3:15-4th |  | 91 | 110 | 0.001 | 0.999 |
| 3:01-4th |  | 91 | 112 | 0.001 | 0.999 |
| 2:46-4th |  | 91 | 112 | 0.001 | 0.999 |
| 2:34-4th |  | 91 | 114 | 0.001 | 0.999 |
| 2:31-4th |  | 92 | 114 | 0.001 | 0.999 |
| 2:17-4th |  | 95 | 114 | 0.001 | 0.999 |
| 1:48-4th |  | 95 | 114 | 0.001 | 0.999 |
| 1:35-4th |  | 95 | 114 | 0.001 | 0.999 |
| 1:32-4th |  | 95 | 114 | 0.001 | 0.999 |
| 1:30-4th |  | 95 | 114 | 0.001 | 0.999 |
| 1:27-4th |  | 95 | 114 | 0.001 | 0.999 |
| 1:18-4th |  | 95 | 114 | 0.001 | 0.999 |
| 1:16-4th |  | 95 | 114 | 0.001 | 0.999 |
| 1:00-4th |  | 95 | 114 | 0.001 | 0.999 |
| 58.0-4th |  | 95 | 114 | 0.001 | 0.999 |
| 46.0-4th |  | 97 | 114 | 0.001 | 0.999 |
| 36.1-4th |  | 97 | 114 | 0.001 | 0.999 |
| 25.1-4th |  | 97 | 114 | 0.001 | 0.999 |
| 24.0-4th |  | 97 | 114 | 0.001 | 0.999 |
| 0.0-4th |  | 97 | 114 | 0.0 | 1.0 |

Question

Which event most likely happened at the marked missing position?

Answer Choices

A. Player 17 (Team B) blocks Player 15 (Team A)'s layup
B. Player 9 (Team A) misses 20-foot pullup jump shot
C. Player 5 (Team A) lost ball turnover (Player 5 (Team B) steals)
D. Player 13 (Team A) lost ball turnover (Player 8 (Team B) steals) | Player 13 (Team A) personal foul | Player 8 (Team B) misses free throw 1 of 2 | Team B offensive team rebound | Player 1 (Team A) enters the game for Player 4 (Team A) | Player 8 (Team B) makes free throw 2 of 2

Response Format

Return exactly one JSON object:

{
  "answer": "<A|B|C|D>",
  "rationale": "<brief evidence-based justification in 1-3 sentences>",
  "evidence_event_ids": [],
  "evidence_series_times": []
}

Use only event IDs and time labels that are provided above and that support the answer. Use an empty array when the corresponding evidence type is unavailable or unused. Return only the JSON object.
