Task

Reconstruct the missing event in this basketball game. Use the available numerical time-series evidence around the marked row to select the most likely event.

Game

Team A versus Team B, season 22-23.

Time Series

| Game time | Marker | Team A score | Team B score | Team A win probability | Team B win probability |
| --- | --- | --- | --- | --- | --- |
| 12:00-1st |  | 0 | 0 | 0.596 | 0.404 |
| 11:43-1st |  | 0 | 0 | 0.581 | 0.419 |
| 11:40-1st |  | 0 | 0 | 0.576 | 0.424 |
| 11:21-1st |  | 0 | 0 | 0.59 | 0.41 |
| 11:17-1st |  | 0 | 0 | 0.594 | 0.406 |
| 11:13-1st |  | 0 | 0 | 0.58 | 0.42 |
| 11:10-1st |  | 0 | 0 | 0.575 | 0.425 |
| 11:07-1st |  | 0 | 2 | 0.546 | 0.454 |
| 10:39-1st |  | 0 | 2 | 0.527 | 0.473 |
| 10:36-1st |  | 0 | 2 | 0.521 | 0.479 |
| 10:33-1st |  | 0 | 2 | 0.539 | 0.461 |
| 10:31-1st |  | 0 | 2 | 0.545 | 0.455 |
| 10:18-1st |  | 0 | 2 | 0.52 | 0.48 |
| 10:12-1st |  | 0 | 4 | 0.496 | 0.504 |
| 9:55-1st |  | 0 | 4 | 0.465 | 0.535 |
| 9:36-1st |  | 0 | 6 | 0.437 | 0.563 |
| 9:16-1st |  | 0 | 6 | 0.41 | 0.59 |
| 9:11-1st |  | 0 | 8 | 0.385 | 0.615 |
| 8:57-1st |  | 3 | 8 | 0.439 | 0.561 |
| 8:43-1st |  | 3 | 8 | 0.458 | 0.542 |
| 8:41-1st |  | 3 | 8 | 0.465 | 0.535 |
| 8:37-1st |  | 3 | 8 | 0.445 | 0.555 |
| 8:35-1st |  | 3 | 8 | 0.464 | 0.536 |
| 8:34-1st |  | 5 | 8 | 0.488 | 0.512 |
| 8:24-1st |  | 5 | 10 | 0.464 | 0.536 |
| 8:00-1st |  | 5 | 10 | 0.443 | 0.557 |
| 7:56-1st |  | 5 | 10 | 0.436 | 0.564 |
| 7:54-1st |  | 5 | 10 | 0.456 | 0.544 |
| 7:53-1st |  | 5 | 10 | 0.436 | 0.564 |
| 7:52-1st |  | 5 | 10 | 0.456 | 0.544 |
| 7:49-1st |  | 5 | 10 | 0.462 | 0.538 |
| 7:48-1st |  | 5 | 10 | 0.435 | 0.565 |
| 7:40-1st |  | 5 | 10 | 0.455 | 0.545 |
| 7:36-1st |  | 5 | 10 | 0.461 | 0.539 |
| 7:26-1st |  | 5 | 10 | 0.441 | 0.559 |
| 7:24-1st |  | 5 | 10 | 0.434 | 0.566 |
| 7:16-1st |  | 5 | 12 | 0.404 | 0.596 |
| 7:15-1st |  | 5 | 12 | 0.404 | 0.596 |
| 7:01-1st |  | 8 | 12 | 0.458 | 0.542 |
| 6:40-1st |  | 8 | 12 | 0.478 | 0.522 |
| 6:37-1st |  | 8 | 12 | 0.485 | 0.515 |
| 6:28-1st |  | 10 | 12 | 0.511 | 0.489 |
| 6:09-1st |  | 10 | 12 | 0.537 | 0.463 |
| 6:05-1st |  | 12 | 12 | 0.564 | 0.436 |
| 5:46-1st |  | 12 | 12 | 0.563 | 0.437 |
| 5:41-1st |  | 12 | 12 | 0.582 | 0.418 |
| 5:38-1st |  | 12 | 12 | 0.588 | 0.412 |
| 5:30-1st |  | 12 | 12 | 0.562 | 0.438 |
| 5:27-1st |  | 12 | 15 | 0.507 | 0.493 |
| 5:20-1st |  | 12 | 15 | 0.487 | 0.513 |
| 5:16-1st |  | 12 | 15 | 0.48 | 0.52 |
| 5:02-1st |  | 12 | 15 | 0.499 | 0.501 |
| 5:00-1st |  | 12 | 15 | 0.506 | 0.494 |
| 4:45-1st |  | 12 | 15 | 0.485 | 0.515 |
| 4:41-1st |  | 12 | 15 | 0.478 | 0.522 |
| 4:31-1st |  | 12 | 15 | 0.498 | 0.502 |
| 4:29-1st |  | 12 | 15 | 0.505 | 0.495 |
| 4:24-1st |  | 12 | 15 | 0.484 | 0.516 |
| 4:22-1st |  | 12 | 15 | 0.477 | 0.523 |
| 4:17-1st |  | 12 | 15 | 0.504 | 0.496 |
| 4:08-1st |  | 12 | 15 | 0.483 | 0.517 |
| 4:04-1st |  | 12 | 15 | 0.476 | 0.524 |
| 3:59-1st |  | 12 | 17 | 0.448 | 0.552 |
| 3:43-1st |  | 14 | 17 | 0.475 | 0.525 |
| 3:32-1st |  | 14 | 17 | 0.475 | 0.525 |
| 3:25-1st |  | 14 | 19 | 0.446 | 0.554 |
| 2:56-1st |  | 14 | 19 | 0.422 | 0.578 |
| 2:53-1st |  | 14 | 19 | 0.414 | 0.586 |
| 2:47-1st |  | 14 | 19 | 0.436 | 0.564 |
| 2:43-1st |  | 14 | 19 | 0.444 | 0.556 |
| 2:32-1st |  | 14 | 19 | 0.42 | 0.58 |
| 2:30-1st |  | 14 | 19 | 0.412 | 0.588 |
| 2:20-1st |  | 14 | 19 | 0.435 | 0.565 |
| 2:16-1st |  | 14 | 19 | 0.411 | 0.589 |
| 2:09-1st |  | 14 | 21 | 0.385 | 0.615 |
| 1:52-1st |  | 16 | 21 | 0.41 | 0.59 |
| 1:38-1st |  | 16 | 23 | 0.382 | 0.618 |
| 1:26-1st |  | 16 | 23 | 0.36 | 0.64 |
| 1:23-1st |  | 16 | 23 | 0.353 | 0.647 |
| 1:20-1st |  | 16 | 23 | 0.374 | 0.626 |
| 1:18-1st |  | 16 | 23 | 0.381 | 0.619 |
| 58.1-1st |  | 16 | 23 | 0.358 | 0.642 |
| 55.6-1st |  | 16 | 23 | 0.351 | 0.649 |
| 42.3-1st |  | 16 | 23 | 0.371 | 0.629 |
| 38.8-1st |  | 16 | 23 | 0.378 | 0.622 |
| 34.4-1st |  | 18 | 23 | 0.404 | 0.596 |
| 10.6-1st |  | 18 | 23 | 0.426 | 0.574 |
| 5.7-1st |  | 18 | 23 | 0.432 | 0.568 |
| 1.4-1st |  | 18 | 23 | 0.407 | 0.593 |
| 0.1-1st |  | 18 | 23 | 0.405 | 0.595 |
| 0.0-1st |  | 18 | 23 | 0.42 | 0.58 |
| 12:00-2nd |  | 18 | 23 | 0.42 | 0.58 |
| 11:48-2nd |  | 18 | 23 | 0.426 | 0.574 |
| 11:44-2nd |  | 18 | 23 | 0.426 | 0.574 |
| 11:41-2nd |  | 18 | 23 | 0.434 | 0.566 |
| 11:40-2nd |  | 20 | 23 | 0.46 | 0.54 |
| 11:28-2nd |  | 20 | 23 | 0.485 | 0.515 |
| 11:26-2nd |  | 20 | 25 | 0.433 | 0.567 |
| 11:00-2nd |  | 22 | 25 | 0.458 | 0.542 |
| 10:48-2nd |  | 22 | 25 | 0.483 | 0.517 |
| 10:45-2nd |  | 22 | 25 | 0.491 | 0.509 |
| 10:37-2nd |  | 22 | 25 | 0.489 | 0.511 |
| 10:23-2nd |  | 22 | 25 | 0.466 | 0.534 |
| 10:20-2nd |  | 22 | 25 | 0.458 | 0.542 |
| 10:06-2nd |  | 22 | 25 | 0.489 | 0.511 |
| 10:02-2nd |  | 25 | 25 | 0.545 | 0.455 |
| 9:43-2nd |  | 25 | 27 | 0.515 | 0.485 |
| 9:30-2nd |  | 28 | 27 | 0.575 | 0.425 |
| 9:13-2nd |  | 28 | 27 | 0.597 | 0.403 |
| 9:11-2nd |  | 28 | 27 | 0.605 | 0.395 |
| 9:03-2nd |  | 28 | 27 | 0.574 | 0.426 |
| 9:02-2nd |  | 28 | 27 | 0.574 | 0.426 |
| 8:52-2nd |  | 28 | 29 | 0.544 | 0.456 |
| 8:46-2nd |  | 28 | 29 | 0.512 | 0.488 |
| 8:36-2nd |  | 28 | 29 | 0.535 | 0.465 |
| 8:34-2nd |  | 28 | 29 | 0.543 | 0.457 |
| 8:24-2nd |  | 28 | 29 | 0.519 | 0.481 |
| 8:21-2nd |  | 28 | 29 | 0.511 | 0.489 |
| 8:06-2nd |  | 28 | 29 | 0.535 | 0.465 |
| 8:03-2nd |  | 28 | 29 | 0.543 | 0.457 |
| 7:52-2nd |  | 30 | 29 | 0.572 | 0.428 |
| 7:41-2nd |  | 30 | 29 | 0.595 | 0.405 |
| 7:37-2nd |  | 30 | 29 | 0.603 | 0.397 |
| 7:32-2nd |  | 30 | 29 | 0.599 | 0.401 |
| 7:24-2nd |  | 30 | 29 | 0.579 | 0.421 |
| 7:21-2nd |  | 30 | 29 | 0.571 | 0.429 |
| 7:05-2nd |  | 30 | 29 | 0.594 | 0.406 |
| 7:02-2nd |  | 30 | 29 | 0.601 | 0.399 |
| 6:56-2nd |  | 30 | 29 | 0.571 | 0.429 |
| 6:48-2nd |  | 30 | 29 | 0.593 | 0.407 |
| 6:46-2nd |  | 30 | 29 | 0.601 | 0.399 |
| 6:40-2nd |  | 30 | 29 | 0.645 | 0.355 |
| 6:31-2nd | TARGET | 30 | 29 | 0.576 | 0.424 |
| 6:28-2nd |  | 30 | 29 | 0.569 | 0.431 |
| 6:18-2nd |  | 30 | 31 | 0.538 | 0.462 |
| 6:02-2nd |  | 30 | 31 | 0.513 | 0.487 |
| 6:00-2nd |  | 30 | 31 | 0.538 | 0.462 |
| 5:59-2nd |  | 33 | 31 | 0.596 | 0.404 |
| 5:45-2nd |  | 33 | 31 | 0.622 | 0.378 |
| 5:43-2nd |  | 33 | 31 | 0.631 | 0.369 |
| 5:37-2nd |  | 33 | 31 | 0.605 | 0.395 |
| 5:34-2nd |  | 33 | 31 | 0.596 | 0.404 |
| 5:14-2nd |  | 33 | 33 | 0.63 | 0.37 |
| 5:03-2nd |  | 35 | 33 | 0.596 | 0.404 |
| 4:45-2nd |  | 35 | 35 | 0.567 | 0.433 |
| 4:24-2nd |  | 35 | 35 | 0.545 | 0.455 |
| 4:22-2nd |  | 35 | 35 | 0.537 | 0.463 |
| 4:19-2nd |  | 35 | 35 | 0.567 | 0.433 |
| 4:14-2nd |  | 35 | 37 | 0.5 | 0.5 |
| 4:02-2nd |  | 35 | 37 | 0.475 | 0.525 |
| 4:01-2nd |  | 35 | 37 | 0.499 | 0.501 |
| 3:58-2nd |  | 35 | 37 | 0.466 | 0.534 |
| 3:39-2nd |  | 35 | 37 | 0.49 | 0.51 |
| 3:36-2nd |  | 35 | 37 | 0.498 | 0.502 |
| 3:32-2nd |  | 35 | 37 | 0.473 | 0.527 |
| 3:29-2nd |  | 37 | 37 | 0.532 | 0.468 |
| 3:06-2nd |  | 37 | 39 | 0.497 | 0.503 |
| 3:00-2nd |  | 38 | 39 | 0.497 | 0.503 |
| 2:52-2nd |  | 38 | 39 | 0.53 | 0.47 |
| 2:46-2nd |  | 38 | 39 | 0.497 | 0.503 |
| 2:29-2nd |  | 38 | 42 | 0.43 | 0.57 |
| 2:04-2nd |  | 38 | 42 | 0.402 | 0.598 |
| 2:02-2nd |  | 38 | 42 | 0.428 | 0.572 |
| 1:58-2nd |  | 41 | 42 | 0.495 | 0.505 |
| 1:46-2nd |  | 41 | 42 | 0.52 | 0.48 |
| 1:44-2nd |  | 41 | 42 | 0.528 | 0.472 |
| 1:42-2nd |  | 41 | 42 | 0.494 | 0.506 |
| 1:33-2nd |  | 41 | 42 | 0.519 | 0.481 |
| 1:29-2nd |  | 41 | 42 | 0.527 | 0.473 |
| 1:22-2nd |  | 43 | 42 | 0.561 | 0.439 |
| 1:06-2nd |  | 43 | 42 | 0.586 | 0.414 |
| 1:05-2nd |  | 43 | 44 | 0.531 | 0.469 |
| 58.2-2nd |  | 43 | 44 | 0.504 | 0.496 |
| 54.9-2nd |  | 43 | 44 | 0.495 | 0.505 |
| 43.9-2nd |  | 43 | 46 | 0.453 | 0.547 |
| 33.8-2nd |  | 43 | 46 | 0.427 | 0.573 |
| 31.5-2nd |  | 43 | 46 | 0.418 | 0.582 |
| 24.2-2nd |  | 43 | 46 | 0.445 | 0.555 |
| 20.0-2nd |  | 43 | 46 | 0.42 | 0.58 |
| 9.4-2nd |  | 43 | 49 | 0.352 | 0.648 |
| 8.1-2nd |  | 43 | 49 | 0.327 | 0.673 |
| 3.1-2nd |  | 43 | 49 | 0.317 | 0.683 |
| 0.1-2nd |  | 43 | 49 | 0.319 | 0.681 |
| 0.0-2nd |  | 43 | 49 | 0.336 | 0.664 |
| 12:00-3rd |  | 43 | 49 | 0.332 | 0.668 |
| 11:39-3rd |  | 43 | 49 | 0.311 | 0.689 |
| 11:36-3rd |  | 43 | 51 | 0.284 | 0.716 |
| 11:15-3rd |  | 43 | 51 | 0.25 | 0.75 |
| 11:01-3rd |  | 43 | 51 | 0.272 | 0.728 |
| 10:58-3rd |  | 43 | 53 | 0.223 | 0.777 |
| 10:46-3rd |  | 45 | 53 | 0.247 | 0.753 |
| 10:40-3rd |  | 45 | 53 | 0.27 | 0.73 |
| 10:37-3rd |  | 45 | 53 | 0.277 | 0.723 |
| 10:32-3rd |  | 46 | 53 | 0.274 | 0.726 |
| 10:31-3rd |  | 46 | 53 | 0.274 | 0.726 |
| 10:13-3rd |  | 46 | 53 | 0.298 | 0.702 |
| 10:10-3rd |  | 46 | 53 | 0.307 | 0.693 |
| 9:51-3rd |  | 48 | 53 | 0.337 | 0.663 |
| 9:36-3rd |  | 48 | 55 | 0.303 | 0.697 |
| 9:26-3rd |  | 48 | 55 | 0.276 | 0.724 |
| 9:24-3rd |  | 48 | 55 | 0.302 | 0.698 |
| 9:17-3rd |  | 48 | 55 | 0.275 | 0.725 |
| 9:13-3rd |  | 48 | 55 | 0.266 | 0.734 |
| 9:04-3rd |  | 48 | 57 | 0.236 | 0.764 |
| 8:44-3rd |  | 48 | 57 | 0.204 | 0.796 |
| 8:41-3rd |  | 48 | 59 | 0.177 | 0.823 |
| 8:26-3rd |  | 48 | 59 | 0.157 | 0.843 |
| 8:22-3rd |  | 48 | 59 | 0.151 | 0.849 |
| 8:17-3rd |  | 48 | 61 | 0.129 | 0.871 |
| 7:53-3rd |  | 48 | 61 | 0.11 | 0.89 |
| 7:49-3rd |  | 48 | 61 | 0.104 | 0.896 |
| 7:45-3rd |  | 48 | 63 | 0.088 | 0.912 |
| 7:25-3rd |  | 48 | 63 | 0.086 | 0.914 |
| 7:23-3rd |  | 48 | 63 | 0.071 | 0.929 |
| 7:16-3rd |  | 48 | 66 | 0.048 | 0.952 |
| 7:11-3rd |  | 48 | 66 | 0.038 | 0.962 |
| 7:07-3rd |  | 48 | 66 | 0.045 | 0.955 |
| 7:05-3rd |  | 48 | 66 | 0.037 | 0.963 |
| 7:02-3rd |  | 48 | 66 | 0.044 | 0.956 |
| 6:58-3rd |  | 48 | 66 | 0.046 | 0.954 |
| 6:46-3rd |  | 48 | 66 | 0.038 | 0.962 |
| 6:42-3rd |  | 48 | 66 | 0.036 | 0.964 |
| 6:36-3rd |  | 48 | 68 | 0.028 | 0.972 |
| 6:22-3rd |  | 48 | 68 | 0.022 | 0.978 |
| 6:20-3rd |  | 48 | 68 | 0.027 | 0.973 |
| 6:19-3rd |  | 48 | 68 | 0.022 | 0.978 |
| 6:15-3rd |  | 48 | 68 | 0.027 | 0.973 |
| 6:11-3rd |  | 48 | 68 | 0.023 | 0.977 |
| 6:09-3rd |  | 48 | 68 | 0.021 | 0.979 |
| 6:03-3rd |  | 48 | 68 | 0.027 | 0.973 |
| 5:45-3rd |  | 48 | 68 | 0.021 | 0.979 |
| 5:41-3rd |  | 48 | 68 | 0.02 | 0.98 |
| 5:34-3rd |  | 48 | 70 | 0.016 | 0.984 |
| 5:24-3rd |  | 48 | 70 | 0.012 | 0.988 |
| 5:19-3rd |  | 48 | 72 | 0.009 | 0.991 |
| 4:53-3rd |  | 48 | 72 | 0.006 | 0.994 |
| 4:40-3rd |  | 48 | 74 | 0.004 | 0.996 |
| 4:20-3rd |  | 50 | 74 | 0.006 | 0.994 |
| 3:55-3rd |  | 50 | 74 | 0.006 | 0.994 |
| 3:53-3rd |  | 50 | 74 | 0.007 | 0.993 |
| 3:47-3rd |  | 52 | 74 | 0.005 | 0.995 |
| 3:35-3rd |  | 52 | 75 | 0.008 | 0.992 |
| 3:33-3rd |  | 52 | 75 | 0.008 | 0.992 |
| 3:20-3rd |  | 55 | 75 | 0.013 | 0.987 |
| 3:06-3rd |  | 55 | 75 | 0.016 | 0.984 |
| 3:03-3rd |  | 55 | 75 | 0.017 | 0.983 |
| 2:56-3rd |  | 58 | 75 | 0.028 | 0.972 |
| 2:40-3rd |  | 58 | 76 | 0.027 | 0.973 |
| 2:34-3rd |  | 60 | 76 | 0.033 | 0.967 |
| 2:25-3rd |  | 60 | 77 | 0.034 | 0.966 |
| 2:23-3rd |  | 60 | 77 | 0.026 | 0.974 |
| 2:18-3rd |  | 60 | 77 | 0.031 | 0.969 |
| 2:15-3rd |  | 60 | 77 | 0.033 | 0.967 |
| 2:13-3rd |  | 62 | 77 | 0.042 | 0.958 |
| 2:06-3rd |  | 62 | 79 | 0.033 | 0.967 |
| 1:59-3rd |  | 62 | 79 | 0.024 | 0.976 |
| 1:54-3rd |  | 62 | 79 | 0.03 | 0.97 |
| 1:53-3rd |  | 62 | 79 | 0.023 | 0.977 |
| 1:52-3rd |  | 62 | 81 | 0.018 | 0.982 |
| 1:49-3rd |  | 64 | 81 | 0.023 | 0.977 |
| 1:35-3rd |  | 64 | 81 | 0.028 | 0.972 |
| 1:33-3rd |  | 64 | 81 | 0.03 | 0.97 |
| 1:29-3rd |  | 66 | 81 | 0.038 | 0.962 |
| 1:09-3rd |  | 66 | 81 | 0.044 | 0.956 |
| 1:05-3rd |  | 66 | 81 | 0.045 | 0.955 |
| 1:00-3rd |  | 66 | 81 | 0.036 | 0.964 |
| 44.1-3rd |  | 66 | 81 | 0.041 | 0.959 |
| 40.3-3rd |  | 66 | 81 | 0.034 | 0.966 |
| 36.5-3rd |  | 66 | 81 | 0.04 | 0.96 |
| 32.9-3rd |  | 66 | 81 | 0.042 | 0.958 |
| 28.5-3rd |  | 68 | 81 | 0.053 | 0.947 |
| 13.3-3rd |  | 68 | 81 | 0.062 | 0.938 |
| 9.3-3rd |  | 68 | 81 | 0.051 | 0.949 |
| 6.9-3rd |  | 68 | 81 | 0.061 | 0.939 |
| 4.5-3rd |  | 68 | 81 | 0.051 | 0.949 |
| 3.0-3rd |  | 68 | 81 | 0.06 | 0.94 |
| 1.6-3rd |  | 68 | 81 | 0.05 | 0.95 |
| 0.3-3rd |  | 68 | 84 | 0.029 | 0.971 |
| 0.0-3rd |  | 68 | 84 | 0.025 | 0.975 |
| 12:00-4th |  | 68 | 84 | 0.025 | 0.975 |
| 11:38-4th |  | 68 | 84 | 0.021 | 0.979 |
| 11:37-4th |  | 68 | 84 | 0.02 | 0.98 |
| 11:26-4th |  | 68 | 86 | 0.014 | 0.986 |
| 11:00-4th |  | 70 | 86 | 0.018 | 0.982 |
| 10:42-4th |  | 70 | 86 | 0.021 | 0.979 |
| 10:39-4th |  | 70 | 86 | 0.022 | 0.978 |
| 10:29-4th |  | 70 | 86 | 0.016 | 0.984 |
| 10:17-4th |  | 70 | 88 | 0.011 | 0.989 |
| 10:01-4th |  | 70 | 88 | 0.008 | 0.992 |
| 9:59-4th |  | 70 | 88 | 0.007 | 0.993 |
| 9:45-4th |  | 70 | 88 | 0.009 | 0.991 |
| 9:43-4th |  | 70 | 88 | 0.006 | 0.994 |
| 9:38-4th |  | 70 | 90 | 0.004 | 0.996 |
| 9:24-4th |  | 72 | 90 | 0.006 | 0.994 |
| 9:06-4th |  | 72 | 90 | 0.007 | 0.993 |
| 9:03-4th |  | 72 | 90 | 0.008 | 0.992 |
| 8:58-4th |  | 74 | 90 | 0.01 | 0.99 |
| 8:40-4th |  | 74 | 90 | 0.013 | 0.987 |
| 8:37-4th |  | 74 | 90 | 0.013 | 0.987 |
| 8:25-4th |  | 74 | 90 | 0.01 | 0.99 |
| 8:21-4th |  | 74 | 90 | 0.012 | 0.988 |
| 8:20-4th |  | 76 | 90 | 0.017 | 0.983 |
| 8:03-4th |  | 76 | 90 | 0.021 | 0.979 |
| 8:01-4th |  | 76 | 90 | 0.016 | 0.984 |
| 7:54-4th |  | 76 | 90 | 0.02 | 0.98 |
| 7:51-4th |  | 76 | 90 | 0.022 | 0.978 |
| 7:44-4th |  | 79 | 90 | 0.043 | 0.957 |
| 7:43-4th |  | 79 | 90 | 0.042 | 0.958 |
| 7:33-4th |  | 79 | 90 | 0.051 | 0.949 |
| 7:32-4th |  | 79 | 90 | 0.054 | 0.946 |
| 7:09-4th |  | 79 | 90 | 0.041 | 0.959 |
| 7:06-4th |  | 79 | 90 | 0.037 | 0.963 |
| 6:57-4th |  | 79 | 93 | 0.018 | 0.982 |
| 6:36-4th |  | 79 | 93 | 0.013 | 0.987 |
| 6:34-4th |  | 79 | 93 | 0.011 | 0.989 |
| 6:27-4th |  | 79 | 93 | 0.015 | 0.985 |
| 6:25-4th |  | 79 | 93 | 0.016 | 0.984 |
| 6:23-4th |  | 79 | 93 | 0.011 | 0.989 |
| 6:12-4th |  | 81 | 93 | 0.022 | 0.978 |
| 5:58-4th |  | 81 | 95 | 0.014 | 0.986 |
| 5:46-4th |  | 81 | 95 | 0.01 | 0.99 |
| 5:42-4th |  | 81 | 95 | 0.008 | 0.992 |
| 5:30-4th |  | 81 | 97 | 0.005 | 0.995 |
| 5:15-4th |  | 83 | 97 | 0.007 | 0.993 |
| 4:55-4th |  | 83 | 97 | 0.008 | 0.992 |
| 4:51-4th |  | 83 | 97 | 0.009 | 0.991 |
| 4:41-4th |  | 85 | 97 | 0.012 | 0.988 |
| 4:23-4th |  | 85 | 99 | 0.007 | 0.993 |
| 4:00-4th |  | 88 | 99 | 0.013 | 0.987 |
| 3:40-4th |  | 88 | 99 | 0.011 | 0.989 |
| 3:39-4th |  | 88 | 100 | 0.007 | 0.993 |
| 3:29-4th |  | 88 | 102 | 0.004 | 0.996 |
| 3:28-4th |  | 88 | 102 | 0.004 | 0.996 |
| 3:04-4th |  | 88 | 102 | 0.002 | 0.998 |
| 3:01-4th |  | 88 | 102 | 0.002 | 0.998 |
| 2:46-4th |  | 88 | 102 | 0.002 | 0.998 |
| 2:42-4th |  | 88 | 102 | 0.001 | 0.999 |
| 2:39-4th |  | 88 | 104 | 0.001 | 0.999 |
| 2:26-4th |  | 90 | 104 | 0.001 | 0.999 |
| 2:04-4th |  | 90 | 106 | 0.001 | 0.999 |
| 1:53-4th |  | 92 | 106 | 0.001 | 0.999 |
| 1:37-4th |  | 92 | 106 | 0.001 | 0.999 |
| 1:34-4th |  | 92 | 106 | 0.001 | 0.999 |
| 1:28-4th |  | 94 | 106 | 0.001 | 0.999 |
| 1:10-4th |  | 94 | 106 | 0.001 | 0.999 |
| 1:04-4th |  | 94 | 106 | 0.001 | 0.999 |
| 58.1-4th |  | 94 | 106 | 0.001 | 0.999 |
| 55.1-4th |  | 94 | 106 | 0.001 | 0.999 |
| 52.1-4th |  | 94 | 108 | 0.001 | 0.999 |
| 41.5-4th |  | 94 | 108 | 0.001 | 0.999 |
| 39.2-4th |  | 94 | 108 | 0.001 | 0.999 |
| 17.2-4th |  | 94 | 108 | 0.001 | 0.999 |
| 7.4-4th |  | 94 | 108 | 0.001 | 0.999 |
| 3.2-4th |  | 94 | 108 | 0.001 | 0.999 |
| 0.0-4th |  | 94 | 108 | 0.0 | 1.0 |

Question

Which event most likely happened at the marked missing position?

Answer Choices

A. Player 6 (Team B) lost ball turnover (Player 17 (Team B) steals)
B. Player 2 (Team A) makes dunk (Player 10 (Team B) assists)
C. Player 1 (Team B) misses 12-foot pullup jump shot
D. Player 13 (Team A) misses 14-foot pullup jump shot

Response Format

Return exactly one JSON object:

{
  "answer": "<A|B|C|D>",
  "rationale": "<brief evidence-based justification in 1-3 sentences>",
  "evidence_event_ids": [],
  "evidence_series_times": []
}

Use only event IDs and time labels that are provided above and that support the answer. Use an empty array when the corresponding evidence type is unavailable or unused. Return only the JSON object.
