Task

Reconstruct the missing event in this basketball game. Use the available numerical time-series evidence around the marked row to select the most likely event.

Game

Team A versus Team B, season 22-23.

Time Series

| Game time | Marker | Team A score | Team B score | Team A win probability | Team B win probability |
| --- | --- | --- | --- | --- | --- |
| 12:00-1st |  | 0 | 0 | 0.382 | 0.618 |
| 11:40-1st |  | 2 | 0 | 0.412 | 0.588 |
| 11:24-1st |  | 2 | 3 | 0.363 | 0.637 |
| 10:57-1st |  | 2 | 3 | 0.337 | 0.663 |
| 10:43-1st |  | 2 | 3 | 0.358 | 0.642 |
| 10:41-1st |  | 2 | 3 | 0.365 | 0.635 |
| 10:31-1st |  | 2 | 3 | 0.338 | 0.662 |
| 10:23-1st |  | 2 | 3 | 0.359 | 0.641 |
| 10:21-1st |  | 2 | 3 | 0.366 | 0.634 |
| 10:11-1st |  | 5 | 3 | 0.415 | 0.585 |
| 9:47-1st |  | 5 | 3 | 0.434 | 0.566 |
| 9:44-1st |  | 5 | 3 | 0.441 | 0.559 |
| 9:37-1st |  | 6 | 3 | 0.442 | 0.558 |
| 9:22-1st |  | 6 | 3 | 0.462 | 0.538 |
| 9:20-1st |  | 6 | 3 | 0.468 | 0.532 |
| 9:11-1st |  | 9 | 3 | 0.521 | 0.479 |
| 8:52-1st |  | 9 | 3 | 0.543 | 0.457 |
| 8:50-1st |  | 9 | 3 | 0.55 | 0.45 |
| 8:39-1st |  | 12 | 3 | 0.602 | 0.398 |
| 8:38-1st |  | 12 | 3 | 0.602 | 0.398 |
| 8:20-1st |  | 12 | 5 | 0.576 | 0.424 |
| 7:57-1st |  | 15 | 5 | 0.631 | 0.369 |
| 7:46-1st |  | 15 | 7 | 0.607 | 0.393 |
| 7:33-1st |  | 15 | 7 | 0.588 | 0.412 |
| 7:31-1st |  | 15 | 7 | 0.609 | 0.391 |
| 7:29-1st |  | 18 | 7 | 0.656 | 0.344 |
| 7:14-1st |  | 18 | 10 | 0.61 | 0.39 |
| 6:57-1st |  | 18 | 10 | 0.584 | 0.416 |
| 6:52-1st |  | 18 | 10 | 0.605 | 0.395 |
| 6:50-1st |  | 18 | 10 | 0.612 | 0.388 |
| 6:49-1st |  | 18 | 10 | 0.61 | 0.39 |
| 6:39-1st |  | 18 | 10 | 0.592 | 0.408 |
| 6:34-1st |  | 18 | 10 | 0.586 | 0.414 |
| 6:24-1st |  | 18 | 10 | 0.608 | 0.392 |
| 6:21-1st |  | 18 | 10 | 0.587 | 0.413 |
| 6:16-1st |  | 18 | 12 | 0.563 | 0.437 |
| 5:57-1st |  | 20 | 12 | 0.589 | 0.411 |
| 5:47-1st |  | 20 | 14 | 0.566 | 0.434 |
| 5:34-1st |  | 22 | 14 | 0.591 | 0.409 |
| 5:26-1st |  | 22 | 16 | 0.567 | 0.433 |
| 5:16-1st |  | 24 | 16 | 0.593 | 0.407 |
| 5:11-1st |  | 24 | 16 | 0.591 | 0.409 |
| 5:07-1st |  | 24 | 16 | 0.591 | 0.409 |
| 4:59-1st |  | 24 | 18 | 0.566 | 0.434 |
| 4:41-1st |  | 27 | 18 | 0.624 | 0.376 |
| 4:32-1st |  | 27 | 20 | 0.598 | 0.402 |
| 4:21-1st |  | 28 | 20 | 0.594 | 0.406 |
| 4:18-1st |  | 28 | 20 | 0.595 | 0.405 |
| 4:07-1st |  | 28 | 20 | 0.618 | 0.382 |
| 4:05-1st |  | 28 | 20 | 0.626 | 0.374 |
| 3:56-1st |  | 31 | 20 | 0.678 | 0.322 |
| 3:54-1st |  | 31 | 20 | 0.678 | 0.322 |
| 3:41-1st |  | 31 | 20 | 0.699 | 0.301 |
| 3:38-1st |  | 31 | 20 | 0.705 | 0.295 |
| 3:26-1st |  | 31 | 20 | 0.687 | 0.313 |
| 3:23-1st |  | 31 | 20 | 0.681 | 0.319 |
| 3:15-1st |  | 31 | 20 | 0.643 | 0.357 |
| 3:11-1st | TARGET | 31 | 20 | 0.708 | 0.292 |
| 3:00-1st |  | 31 | 20 | 0.69 | 0.31 |
| 2:59-1st |  | 31 | 20 | 0.71 | 0.29 |
| 2:55-1st |  | 31 | 22 | 0.661 | 0.339 |
| 2:40-1st |  | 31 | 22 | 0.64 | 0.36 |
| 2:39-1st |  | 31 | 22 | 0.633 | 0.367 |
| 2:32-1st |  | 31 | 25 | 0.578 | 0.422 |
| 2:15-1st |  | 32 | 25 | 0.579 | 0.421 |
| 2:13-1st |  | 32 | 25 | 0.579 | 0.421 |
| 2:07-1st |  | 32 | 27 | 0.55 | 0.45 |
| 1:54-1st |  | 34 | 27 | 0.581 | 0.419 |
| 1:30-1st |  | 34 | 29 | 0.553 | 0.447 |
| 1:20-1st |  | 34 | 29 | 0.526 | 0.474 |
| 1:05-1st |  | 34 | 31 | 0.495 | 0.505 |
| 49.1-1st |  | 34 | 31 | 0.479 | 0.521 |
| 47.0-1st |  | 34 | 31 | 0.474 | 0.526 |
| 33.1-1st |  | 34 | 31 | 0.491 | 0.509 |
| 30.1-1st |  | 34 | 31 | 0.497 | 0.503 |
| 13.0-1st |  | 34 | 31 | 0.481 | 0.519 |
| 10.1-1st |  | 34 | 31 | 0.475 | 0.525 |
| 3.1-1st |  | 34 | 33 | 0.445 | 0.555 |
| 0.0-1st |  | 34 | 33 | 0.434 | 0.566 |
| 12:00-2nd |  | 34 | 33 | 0.434 | 0.566 |
| 11:46-2nd |  | 34 | 33 | 0.45 | 0.55 |
| 11:33-2nd |  | 36 | 33 | 0.475 | 0.525 |
| 11:23-2nd |  | 36 | 36 | 0.42 | 0.58 |
| 10:59-2nd |  | 36 | 36 | 0.399 | 0.601 |
| 10:56-2nd |  | 36 | 36 | 0.392 | 0.608 |
| 10:54-2nd |  | 36 | 39 | 0.34 | 0.66 |
| 10:31-2nd |  | 39 | 39 | 0.393 | 0.607 |
| 10:11-2nd |  | 39 | 39 | 0.416 | 0.584 |
| 10:09-2nd |  | 39 | 39 | 0.424 | 0.576 |
| 10:03-2nd |  | 39 | 39 | 0.394 | 0.606 |
| 9:52-2nd |  | 39 | 41 | 0.366 | 0.634 |
| 9:36-2nd |  | 42 | 41 | 0.422 | 0.578 |
| 9:35-2nd |  | 42 | 41 | 0.422 | 0.578 |
| 9:23-2nd |  | 42 | 41 | 0.457 | 0.543 |
| 9:05-2nd |  | 42 | 41 | 0.458 | 0.542 |
| 9:00-2nd |  | 42 | 41 | 0.432 | 0.568 |
| 8:57-2nd |  | 42 | 41 | 0.424 | 0.576 |
| 8:52-2nd |  | 42 | 41 | 0.45 | 0.55 |
| 8:48-2nd |  | 42 | 41 | 0.459 | 0.541 |
| 8:38-2nd |  | 45 | 41 | 0.52 | 0.48 |
| 8:13-2nd |  | 45 | 43 | 0.49 | 0.51 |
| 7:54-2nd |  | 45 | 43 | 0.469 | 0.531 |
| 7:52-2nd |  | 45 | 43 | 0.462 | 0.538 |
| 7:35-2nd |  | 45 | 46 | 0.404 | 0.596 |
| 7:16-2nd |  | 48 | 46 | 0.464 | 0.536 |
| 6:56-2nd |  | 48 | 49 | 0.406 | 0.594 |
| 6:54-2nd |  | 48 | 49 | 0.406 | 0.594 |
| 6:43-2nd |  | 48 | 49 | 0.38 | 0.62 |
| 6:40-2nd |  | 48 | 49 | 0.371 | 0.629 |
| 6:32-2nd |  | 48 | 51 | 0.346 | 0.654 |
| 6:19-2nd |  | 48 | 51 | 0.324 | 0.676 |
| 6:14-2nd |  | 48 | 51 | 0.317 | 0.683 |
| 6:10-2nd |  | 48 | 53 | 0.29 | 0.71 |
| 5:53-2nd |  | 48 | 53 | 0.271 | 0.729 |
| 5:47-2nd |  | 48 | 53 | 0.271 | 0.729 |
| 5:43-2nd |  | 48 | 53 | 0.264 | 0.736 |
| 5:31-2nd |  | 48 | 56 | 0.215 | 0.785 |
| 5:14-2nd |  | 49 | 56 | 0.213 | 0.787 |
| 5:03-2nd |  | 49 | 56 | 0.232 | 0.768 |
| 5:01-2nd |  | 49 | 56 | 0.238 | 0.762 |
| 4:42-2nd |  | 49 | 56 | 0.219 | 0.781 |
| 4:38-2nd |  | 49 | 56 | 0.213 | 0.787 |
| 4:28-2nd |  | 49 | 58 | 0.192 | 0.808 |
| 4:25-2nd |  | 49 | 58 | 0.191 | 0.809 |
| 4:01-2nd |  | 50 | 58 | 0.19 | 0.81 |
| 3:46-2nd |  | 50 | 58 | 0.209 | 0.791 |
| 3:42-2nd |  | 50 | 58 | 0.189 | 0.811 |
| 3:41-2nd |  | 50 | 60 | 0.169 | 0.831 |
| 3:20-2nd |  | 50 | 60 | 0.153 | 0.847 |
| 3:18-2nd |  | 50 | 60 | 0.148 | 0.852 |
| 3:01-2nd |  | 50 | 60 | 0.163 | 0.837 |
| 2:57-2nd |  | 50 | 60 | 0.163 | 0.837 |
| 2:56-2nd |  | 50 | 60 | 0.148 | 0.852 |
| 2:55-2nd |  | 50 | 63 | 0.115 | 0.885 |
| 2:36-2nd |  | 50 | 63 | 0.097 | 0.903 |
| 2:27-2nd |  | 50 | 64 | 0.099 | 0.901 |
| 2:25-2nd |  | 50 | 64 | 0.099 | 0.901 |
| 2:07-2nd |  | 50 | 64 | 0.088 | 0.912 |
| 2:05-2nd |  | 50 | 64 | 0.098 | 0.902 |
| 1:57-2nd |  | 50 | 64 | 0.087 | 0.913 |
| 1:54-2nd |  | 50 | 64 | 0.098 | 0.902 |
| 1:52-2nd |  | 50 | 64 | 0.087 | 0.913 |
| 1:49-2nd |  | 50 | 64 | 0.084 | 0.916 |
| 1:42-2nd |  | 50 | 66 | 0.071 | 0.929 |
| 1:30-2nd |  | 52 | 66 | 0.082 | 0.918 |
| 1:14-2nd |  | 52 | 66 | 0.093 | 0.907 |
| 1:11-2nd |  | 52 | 66 | 0.097 | 0.903 |
| 52.2-2nd |  | 54 | 66 | 0.107 | 0.893 |
| 34.0-2nd |  | 54 | 66 | 0.12 | 0.88 |
| 32.0-2nd |  | 54 | 66 | 0.106 | 0.894 |
| 30.1-2nd |  | 54 | 66 | 0.12 | 0.88 |
| 29.0-2nd |  | 55 | 66 | 0.122 | 0.878 |
| 27.1-2nd |  | 55 | 66 | 0.122 | 0.878 |
| 10.1-2nd |  | 55 | 69 | 0.093 | 0.907 |
| 0.0-2nd |  | 55 | 69 | 0.087 | 0.913 |
| 12:00-3rd |  | 55 | 69 | 0.087 | 0.913 |
| 11:45-3rd |  | 55 | 71 | 0.065 | 0.935 |
| 11:19-3rd |  | 55 | 71 | 0.057 | 0.943 |
| 11:15-3rd |  | 55 | 71 | 0.054 | 0.946 |
| 11:09-3rd |  | 55 | 71 | 0.061 | 0.939 |
| 11:05-3rd |  | 55 | 71 | 0.063 | 0.937 |
| 11:02-3rd |  | 55 | 71 | 0.053 | 0.947 |
| 10:54-3rd |  | 55 | 71 | 0.06 | 0.94 |
| 10:50-3rd |  | 55 | 71 | 0.062 | 0.938 |
| 10:43-3rd |  | 57 | 71 | 0.074 | 0.926 |
| 10:25-3rd |  | 57 | 73 | 0.061 | 0.939 |
| 10:19-3rd |  | 59 | 73 | 0.073 | 0.927 |
| 10:04-3rd |  | 59 | 73 | 0.083 | 0.917 |
| 10:00-3rd |  | 59 | 73 | 0.086 | 0.914 |
| 9:50-3rd |  | 60 | 73 | 0.083 | 0.917 |
| 9:47-3rd |  | 60 | 73 | 0.083 | 0.917 |
| 9:40-3rd |  | 60 | 75 | 0.07 | 0.93 |
| 9:30-3rd |  | 60 | 75 | 0.06 | 0.94 |
| 9:27-3rd |  | 60 | 75 | 0.057 | 0.943 |
| 9:22-3rd |  | 60 | 75 | 0.066 | 0.934 |
| 9:17-3rd |  | 60 | 75 | 0.069 | 0.931 |
| 9:16-3rd |  | 60 | 75 | 0.057 | 0.943 |
| 9:01-3rd |  | 60 | 75 | 0.065 | 0.935 |
| 8:59-3rd |  | 60 | 75 | 0.068 | 0.932 |
| 8:55-3rd |  | 60 | 75 | 0.068 | 0.932 |
| 8:48-3rd |  | 60 | 75 | 0.058 | 0.942 |
| 8:47-3rd |  | 60 | 75 | 0.067 | 0.933 |
| 8:45-3rd |  | 60 | 75 | 0.058 | 0.942 |
| 8:43-3rd |  | 60 | 75 | 0.055 | 0.945 |
| 8:40-3rd |  | 60 | 75 | 0.067 | 0.933 |
| 8:25-3rd |  | 60 | 75 | 0.054 | 0.946 |
| 8:13-3rd |  | 60 | 75 | 0.062 | 0.938 |
| 8:12-3rd |  | 60 | 75 | 0.065 | 0.935 |
| 8:06-3rd |  | 62 | 75 | 0.077 | 0.923 |
| 7:52-3rd |  | 62 | 77 | 0.064 | 0.936 |
| 7:34-3rd |  | 62 | 77 | 0.054 | 0.946 |
| 7:30-3rd |  | 62 | 77 | 0.051 | 0.949 |
| 7:18-3rd |  | 62 | 77 | 0.059 | 0.941 |
| 7:15-3rd |  | 62 | 77 | 0.062 | 0.938 |
| 7:06-3rd |  | 64 | 77 | 0.074 | 0.926 |
| 6:53-3rd |  | 64 | 79 | 0.06 | 0.94 |
| 6:28-3rd |  | 67 | 79 | 0.086 | 0.914 |
| 6:07-3rd |  | 67 | 79 | 0.101 | 0.899 |
| 6:02-3rd |  | 67 | 79 | 0.088 | 0.912 |
| 5:58-3rd |  | 67 | 79 | 0.1 | 0.9 |
| 5:47-3rd |  | 69 | 79 | 0.117 | 0.883 |
| 5:33-3rd |  | 69 | 79 | 0.116 | 0.884 |
| 5:21-3rd |  | 69 | 79 | 0.13 | 0.87 |
| 5:19-3rd |  | 69 | 79 | 0.114 | 0.886 |
| 5:17-3rd |  | 69 | 79 | 0.135 | 0.865 |
| 5:05-3rd |  | 69 | 79 | 0.118 | 0.882 |
| 5:02-3rd |  | 69 | 79 | 0.113 | 0.887 |
| 4:51-3rd |  | 69 | 81 | 0.094 | 0.906 |
| 4:33-3rd |  | 71 | 81 | 0.111 | 0.889 |
| 4:24-3rd |  | 71 | 83 | 0.092 | 0.908 |
| 4:11-3rd |  | 74 | 83 | 0.13 | 0.87 |
| 3:52-3rd |  | 74 | 83 | 0.147 | 0.853 |
| 3:49-3rd |  | 74 | 83 | 0.152 | 0.848 |
| 3:35-3rd |  | 74 | 83 | 0.133 | 0.867 |
| 3:33-3rd |  | 74 | 83 | 0.126 | 0.874 |
| 3:29-3rd |  | 74 | 83 | 0.144 | 0.856 |
| 3:26-3rd |  | 74 | 83 | 0.15 | 0.85 |
| 3:19-3rd |  | 76 | 83 | 0.174 | 0.826 |
| 3:11-3rd |  | 76 | 85 | 0.149 | 0.851 |
| 2:55-3rd |  | 78 | 85 | 0.172 | 0.828 |
| 2:37-3rd |  | 78 | 87 | 0.145 | 0.855 |
| 2:15-3rd |  | 80 | 87 | 0.168 | 0.832 |
| 2:00-3rd |  | 80 | 89 | 0.141 | 0.859 |
| 1:59-3rd |  | 80 | 89 | 0.141 | 0.859 |
| 1:49-3rd |  | 82 | 89 | 0.166 | 0.834 |
| 1:32-3rd |  | 82 | 91 | 0.138 | 0.862 |
| 1:03-3rd |  | 82 | 91 | 0.116 | 0.884 |
| 59.2-3rd |  | 82 | 91 | 0.11 | 0.89 |
| 49.1-3rd |  | 82 | 91 | 0.127 | 0.873 |
| 46.2-3rd |  | 82 | 91 | 0.133 | 0.867 |
| 40.0-3rd |  | 82 | 91 | 0.114 | 0.886 |
| 37.1-3rd |  | 82 | 91 | 0.107 | 0.893 |
| 28.1-3rd |  | 82 | 94 | 0.072 | 0.928 |
| 12.2-3rd |  | 83 | 94 | 0.07 | 0.93 |
| 0.1-3rd |  | 83 | 96 | 0.055 | 0.945 |
| 0.0-3rd |  | 83 | 96 | 0.048 | 0.952 |
| 12:00-4th |  | 83 | 96 | 0.048 | 0.952 |
| 11:48-4th |  | 83 | 96 | 0.039 | 0.961 |
| 11:43-4th |  | 83 | 96 | 0.038 | 0.962 |
| 11:41-4th |  | 83 | 97 | 0.037 | 0.963 |
| 11:26-4th |  | 83 | 97 | 0.029 | 0.971 |
| 11:25-4th |  | 83 | 97 | 0.035 | 0.965 |
| 11:19-4th |  | 85 | 97 | 0.047 | 0.953 |
| 11:06-4th |  | 85 | 97 | 0.061 | 0.939 |
| 10:49-4th |  | 87 | 97 | 0.073 | 0.927 |
| 10:28-4th |  | 87 | 97 | 0.086 | 0.914 |
| 10:26-4th |  | 87 | 97 | 0.091 | 0.909 |
| 10:20-4th |  | 89 | 97 | 0.117 | 0.883 |
| 10:01-4th |  | 89 | 97 | 0.139 | 0.861 |
| 9:57-4th |  | 89 | 97 | 0.146 | 0.854 |
| 9:49-4th |  | 89 | 97 | 0.121 | 0.879 |
| 9:48-4th |  | 89 | 97 | 0.145 | 0.855 |
| 9:41-4th |  | 91 | 97 | 0.173 | 0.827 |
| 9:28-4th |  | 91 | 97 | 0.201 | 0.799 |
| 9:24-4th |  | 91 | 97 | 0.21 | 0.79 |
| 9:07-4th |  | 91 | 97 | 0.179 | 0.821 |
| 9:04-4th |  | 91 | 97 | 0.168 | 0.832 |
| 8:54-4th |  | 91 | 97 | 0.197 | 0.803 |
| 8:52-4th |  | 91 | 97 | 0.196 | 0.804 |
| 8:51-4th |  | 91 | 97 | 0.206 | 0.794 |
| 8:47-4th |  | 91 | 97 | 0.176 | 0.824 |
| 8:44-4th |  | 91 | 97 | 0.166 | 0.834 |
| 8:32-4th |  | 91 | 100 | 0.105 | 0.895 |
| 8:03-4th |  | 93 | 100 | 0.125 | 0.875 |
| 7:50-4th |  | 93 | 100 | 0.15 | 0.85 |
| 7:27-4th |  | 93 | 100 | 0.123 | 0.877 |
| 7:21-4th |  | 93 | 100 | 0.113 | 0.887 |
| 7:19-4th |  | 93 | 103 | 0.065 | 0.935 |
| 6:55-4th |  | 96 | 103 | 0.104 | 0.896 |
| 6:37-4th |  | 96 | 103 | 0.125 | 0.875 |
| 6:31-4th |  | 96 | 103 | 0.099 | 0.901 |
| 6:30-4th |  | 96 | 105 | 0.076 | 0.924 |
| 6:11-4th |  | 96 | 105 | 0.053 | 0.947 |
| 5:59-4th |  | 96 | 108 | 0.026 | 0.974 |
| 5:58-4th |  | 96 | 109 | 0.013 | 0.987 |
| 5:47-4th |  | 96 | 109 | 0.013 | 0.987 |
| 5:42-4th |  | 96 | 109 | 0.017 | 0.983 |
| 5:40-4th |  | 98 | 109 | 0.025 | 0.975 |
| 5:18-4th |  | 98 | 112 | 0.011 | 0.989 |
| 5:00-4th |  | 98 | 112 | 0.006 | 0.994 |
| 4:48-4th |  | 98 | 114 | 0.004 | 0.996 |
| 4:29-4th |  | 98 | 114 | 0.002 | 0.998 |
| 4:26-4th |  | 98 | 116 | 0.001 | 0.999 |
| 4:07-4th |  | 98 | 116 | 0.001 | 0.999 |
| 4:03-4th |  | 98 | 116 | 0.001 | 0.999 |
| 3:48-4th |  | 100 | 116 | 0.001 | 0.999 |
| 3:27-4th |  | 100 | 116 | 0.001 | 0.999 |
| 3:24-4th |  | 100 | 116 | 0.001 | 0.999 |
| 3:13-4th |  | 100 | 116 | 0.001 | 0.999 |
| 3:08-4th |  | 100 | 116 | 0.001 | 0.999 |
| 2:51-4th |  | 100 | 116 | 0.001 | 0.999 |
| 2:48-4th |  | 100 | 116 | 0.001 | 0.999 |
| 2:37-4th |  | 103 | 116 | 0.002 | 0.998 |
| 2:21-4th |  | 103 | 116 | 0.003 | 0.997 |
| 2:20-4th |  | 103 | 116 | 0.003 | 0.997 |
| 2:09-4th |  | 106 | 116 | 0.01 | 0.99 |
| 1:55-4th |  | 106 | 116 | 0.003 | 0.997 |
| 1:43-4th |  | 106 | 116 | 0.011 | 0.989 |
| 1:40-4th |  | 106 | 116 | 0.006 | 0.994 |
| 1:27-4th |  | 106 | 116 | 0.01 | 0.99 |
| 1:20-4th |  | 108 | 116 | 0.015 | 0.985 |
| 1:02-4th |  | 108 | 116 | 0.021 | 0.979 |
| 1:01-4th |  | 108 | 116 | 0.011 | 0.989 |
| 56.0-4th |  | 108 | 116 | 0.01 | 0.99 |
| 55.0-4th |  | 108 | 116 | 0.022 | 0.978 |
| 51.1-4th |  | 108 | 116 | 0.012 | 0.988 |
| 48.0-4th |  | 108 | 116 | 0.008 | 0.992 |
| 36.0-4th |  | 108 | 118 | 0.003 | 0.997 |
| 26.1-4th |  | 109 | 118 | 0.002 | 0.998 |
| 24.1-4th |  | 109 | 118 | 0.001 | 0.999 |
| 12.1-4th |  | 109 | 120 | 0.001 | 0.999 |
| 1.1-4th |  | 109 | 120 | 0.001 | 0.999 |
| 0.0-4th |  | 109 | 120 | 0.0 | 1.0 |

Question

Which event most likely happened at the marked missing position?

Answer Choices

A. Player 5 (Team B) makes 27-foot step back jumpshot (Player 3 (Team B) assists)
B. Player 11 (Team B) traveling
C. Player 11 (Team A) lost ball turnover (Player 5 (Team B) steals)
D. Player 17 (Team B) blocks Player 6 (Team A) 's 6-foot layup

Response Format

Return exactly one JSON object:

{
  "answer": "<A|B|C|D>",
  "rationale": "<brief evidence-based justification in 1-3 sentences>",
  "evidence_event_ids": [],
  "evidence_series_times": []
}

Use only event IDs and time labels that are provided above and that support the answer. Use an empty array when the corresponding evidence type is unavailable or unused. Return only the JSON object.
