Task

Reconstruct the missing event in this basketball game. Use the available numerical time-series evidence around the marked row to select the most likely event.

Game

Team A versus Team B, season 22-23.

Time Series

| Game time | Marker | Team A score | Team B score | Team A win probability | Team B win probability |
| --- | --- | --- | --- | --- | --- |
| 12:00-1st |  | 0.0 | 0.0 | 0.309 | 0.691 |
| 11:46-1st |  | 3.0 | 0.0 | 0.356 | 0.644 |
| 11:28-1st |  | 3.0 | 2.0 | 0.339 | 0.661 |
| 11:10-1st |  | 3.0 | 2.0 | 0.321 | 0.679 |
| 11:08-1st |  | 3.0 | 2.0 | 0.314 | 0.686 |
| 10:55-1st |  | 3.0 | 2.0 | 0.335 | 0.665 |
| 10:53-1st |  | 3.0 | 2.0 | 0.342 | 0.658 |
| 10:41-1st |  | 5.0 | 2.0 | 0.361 | 0.639 |
| 10:26-1st |  | 5.0 | 4.0 | 0.344 | 0.656 |
| 10:15-1st |  | 5.0 | 4.0 | 0.345 | 0.655 |
| 10:05-1st |  | 7.0 | 4.0 | 0.364 | 0.636 |
| 9:48-1st |  | 7.0 | 4.0 | 0.385 | 0.615 |
| 9:46-1st |  | 7.0 | 4.0 | 0.392 | 0.608 |
| 9:43-1st |  | 9.0 | 4.0 | 0.414 | 0.586 |
| 9:30-1st |  | 9.0 | 4.0 | 0.443 | 0.557 |
| 9:23-1st |  | 9.0 | 4.0 | 0.442 | 0.558 |
| 9:12-1st |  | 9.0 | 4.0 | 0.424 | 0.576 |
| 9:10-1st |  | 9.0 | 4.0 | 0.418 | 0.582 |
| 8:56-1st |  | 9.0 | 4.0 | 0.446 | 0.554 |
| 8:46-1st |  | 9.0 | 4.0 | 0.427 | 0.573 |
| 8:44-1st |  | 11.0 | 4.0 | 0.474 | 0.526 |
| 8:34-1st |  | 11.0 | 4.0 | 0.474 | 0.526 |
| 8:31-1st |  | 11.0 | 6.0 | 0.449 | 0.551 |
| 8:13-1st |  | 14.0 | 6.0 | 0.502 | 0.498 |
| 8:01-1st |  | 14.0 | 8.0 | 0.478 | 0.522 |
| 7:45-1st |  | 16.0 | 8.0 | 0.505 | 0.495 |
| 7:29-1st |  | 16.0 | 8.0 | 0.529 | 0.471 |
| 7:27-1st |  | 16.0 | 8.0 | 0.536 | 0.464 |
| 7:23-1st |  | 16.0 | 8.0 | 0.507 | 0.493 |
| 7:18-1st |  | 16.0 | 10.0 | 0.483 | 0.517 |
| 7:01-1st |  | 18.0 | 10.0 | 0.51 | 0.49 |
| 6:45-1st |  | 18.0 | 13.0 | 0.461 | 0.539 |
| 6:31-1st |  | 18.0 | 13.0 | 0.434 | 0.566 |
| 6:24-1st |  | 18.0 | 16.0 | 0.383 | 0.617 |
| 6:03-1st |  | 21.0 | 16.0 | 0.437 | 0.563 |
| 5:47-1st |  | 21.0 | 18.0 | 0.411 | 0.589 |
| 5:35-1st |  | 25.0 | 18.0 | 0.493 | 0.507 |
| 5:16-1st |  | 25.0 | 18.0 | 0.518 | 0.482 |
| 5:13-1st |  | 25.0 | 18.0 | 0.526 | 0.474 |
| 5:06-1st |  | 25.0 | 18.0 | 0.504 | 0.496 |
| 5:02-1st |  | 25.0 | 18.0 | 0.497 | 0.503 |
| 4:54-1st |  | 25.0 | 18.0 | 0.521 | 0.479 |
| 4:51-1st |  | 25.0 | 18.0 | 0.529 | 0.471 |
| 4:45-1st |  | 25.0 | 18.0 | 0.506 | 0.494 |
| 4:43-1st |  | 25.0 | 18.0 | 0.499 | 0.501 |
| 4:35-1st |  | 25.0 | 21.0 | 0.446 | 0.554 |
| 4:17-1st |  | 27.0 | 21.0 | 0.474 | 0.526 |
| 4:02-1st |  | 27.0 | 24.0 | 0.421 | 0.579 |
| 3:52-1st |  | 30.0 | 24.0 | 0.475 | 0.525 |
| 3:39-1st |  | 30.0 | 26.0 | 0.45 | 0.55 |
| 3:12-1st |  | 32.0 | 26.0 | 0.48 | 0.52 |
| 2:59-1st |  | 32.0 | 26.0 | 0.503 | 0.497 |
| 2:56-1st |  | 32.0 | 26.0 | 0.511 | 0.489 |
| 2:49-1st |  | 32.0 | 26.0 | 0.49 | 0.51 |
| 2:46-1st |  | 32.0 | 26.0 | 0.483 | 0.517 |
| 2:42-1st |  | 32.0 | 28.0 | 0.456 | 0.544 |
| 2:32-1st |  | 32.0 | 28.0 | 0.457 | 0.543 |
| 2:26-1st |  | 32.0 | 28.0 | 0.43 | 0.57 |
| 2:13-1st |  | 32.0 | 28.0 | 0.452 | 0.548 |
| 2:08-1st |  | 32.0 | 28.0 | 0.459 | 0.541 |
| 2:02-1st |  | 32.0 | 28.0 | 0.44 | 0.56 |
| 2:00-1st |  | 32.0 | 28.0 | 0.433 | 0.567 |
| 1:50-1st |  | 32.0 | 28.0 | 0.455 | 0.545 |
| 1:47-1st |  | 32.0 | 28.0 | 0.462 | 0.538 |
| 1:43-1st |  | 32.0 | 28.0 | 0.442 | 0.558 |
| 1:41-1st |  | 32.0 | 28.0 | 0.435 | 0.565 |
| 1:26-1st |  | 32.0 | 28.0 | 0.457 | 0.543 |
| 1:23-1st |  | 32.0 | 28.0 | 0.464 | 0.536 |
| 1:15-1st |  | 32.0 | 28.0 | 0.445 | 0.555 |
| 1:14-1st |  | 32.0 | 28.0 | 0.396 | 0.604 |
| 50.1-1st |  | 32.0 | 28.0 | 0.46 | 0.54 |
| 47.0-1st |  | 32.0 | 28.0 | 0.467 | 0.533 |
| 33.0-1st |  | 32.0 | 28.0 | 0.449 | 0.551 |
| 31.2-1st |  | 32.0 | 28.0 | 0.469 | 0.531 |
| 22.2-1st |  | 32.0 | 28.0 | 0.444 | 0.556 |
| 2.0-1st |  | 32.0 | 31.0 | 0.386 | 0.614 |
| 0.1-1st |  | 32.0 | 31.0 | 0.367 | 0.633 |
| 0.0-1st |  | 32.0 | 31.0 | 0.375 | 0.625 |
| 12:00-2nd |  | 32.0 | 31.0 | 0.375 | 0.625 |
| 11:45-2nd |  | 32.0 | 31.0 | 0.391 | 0.609 |
| 11:38-2nd | TARGET | 32.0 | 34.0 | 0.309 | 0.691 |
| 11:11-2nd |  | 34.0 | 34.0 | 0.336 | 0.664 |
| 10:58-2nd |  | 34.0 | 34.0 | 0.338 | 0.662 |
| 10:49-2nd |  | 34.0 | 36.0 | 0.311 | 0.689 |
| 10:32-2nd |  | 34.0 | 36.0 | 0.294 | 0.706 |
| 10:30-2nd |  | 34.0 | 36.0 | 0.288 | 0.712 |
| 10:15-2nd |  | 34.0 | 38.0 | 0.267 | 0.733 |
| 9:53-2nd |  | 34.0 | 38.0 | 0.249 | 0.751 |
| 9:50-2nd |  | 34.0 | 38.0 | 0.243 | 0.757 |
| 9:35-2nd |  | 34.0 | 41.0 | 0.202 | 0.798 |
| 9:34-2nd |  | 34.0 | 41.0 | 0.202 | 0.798 |
| 9:18-2nd |  | 34.0 | 41.0 | 0.188 | 0.812 |
| 9:16-2nd |  | 34.0 | 41.0 | 0.183 | 0.817 |
| 9:01-2nd |  | 34.0 | 43.0 | 0.165 | 0.835 |
| 8:45-2nd |  | 34.0 | 43.0 | 0.148 | 0.852 |
| 8:40-2nd |  | 34.0 | 43.0 | 0.161 | 0.839 |
| 8:36-2nd |  | 34.0 | 43.0 | 0.165 | 0.835 |
| 8:34-2nd |  | 34.0 | 43.0 | 0.148 | 0.852 |
| 8:17-2nd |  | 34.0 | 46.0 | 0.119 | 0.881 |
| 7:58-2nd |  | 36.0 | 46.0 | 0.133 | 0.867 |
| 7:40-2nd |  | 36.0 | 49.0 | 0.103 | 0.897 |
| 7:23-2nd |  | 36.0 | 49.0 | 0.095 | 0.905 |
| 7:20-2nd |  | 36.0 | 49.0 | 0.103 | 0.897 |
| 7:19-2nd |  | 38.0 | 49.0 | 0.118 | 0.882 |
| 7:07-2nd |  | 38.0 | 50.0 | 0.118 | 0.882 |
| 7:04-2nd |  | 38.0 | 50.0 | 0.118 | 0.882 |
| 6:56-2nd |  | 38.0 | 50.0 | 0.107 | 0.893 |
| 6:53-2nd |  | 38.0 | 50.0 | 0.103 | 0.897 |
| 6:49-2nd |  | 38.0 | 52.0 | 0.091 | 0.909 |
| 6:38-2nd |  | 41.0 | 52.0 | 0.117 | 0.883 |
| 6:24-2nd |  | 41.0 | 55.0 | 0.089 | 0.911 |
| 6:12-2nd |  | 44.0 | 55.0 | 0.116 | 0.884 |
| 5:44-2nd |  | 44.0 | 55.0 | 0.126 | 0.874 |
| 5:41-2nd |  | 44.0 | 55.0 | 0.13 | 0.87 |
| 5:33-2nd |  | 44.0 | 55.0 | 0.119 | 0.881 |
| 5:30-2nd |  | 44.0 | 55.0 | 0.115 | 0.885 |
| 5:24-2nd |  | 44.0 | 55.0 | 0.126 | 0.874 |
| 5:22-2nd |  | 44.0 | 55.0 | 0.13 | 0.87 |
| 5:13-2nd |  | 47.0 | 55.0 | 0.165 | 0.835 |
| 5:08-2nd |  | 47.0 | 55.0 | 0.165 | 0.835 |
| 4:50-2nd |  | 47.0 | 57.0 | 0.145 | 0.855 |
| 4:33-2nd |  | 47.0 | 57.0 | 0.133 | 0.867 |
| 4:32-2nd |  | 47.0 | 57.0 | 0.145 | 0.855 |
| 4:31-2nd |  | 49.0 | 57.0 | 0.165 | 0.835 |
| 4:29-2nd |  | 49.0 | 57.0 | 0.165 | 0.835 |
| 4:09-2nd |  | 49.0 | 57.0 | 0.179 | 0.821 |
| 4:06-2nd |  | 49.0 | 57.0 | 0.184 | 0.816 |
| 3:59-2nd |  | 51.0 | 57.0 | 0.206 | 0.794 |
| 3:51-2nd |  | 51.0 | 57.0 | 0.224 | 0.776 |
| 3:50-2nd |  | 51.0 | 57.0 | 0.23 | 0.77 |
| 3:35-2nd |  | 51.0 | 57.0 | 0.206 | 0.794 |
| 3:26-2nd |  | 51.0 | 57.0 | 0.224 | 0.776 |
| 3:22-2nd |  | 51.0 | 57.0 | 0.23 | 0.77 |
| 3:18-2nd |  | 53.0 | 57.0 | 0.253 | 0.747 |
| 3:05-2nd |  | 53.0 | 60.0 | 0.205 | 0.795 |
| 2:38-2nd |  | 55.0 | 60.0 | 0.229 | 0.771 |
| 2:25-2nd |  | 55.0 | 61.0 | 0.23 | 0.77 |
| 2:10-2nd |  | 58.0 | 61.0 | 0.282 | 0.718 |
| 1:57-2nd |  | 58.0 | 64.0 | 0.231 | 0.769 |
| 1:51-2nd |  | 58.0 | 64.0 | 0.271 | 0.729 |
| 1:47-2nd |  | 60.0 | 64.0 | 0.254 | 0.746 |
| 1:33-2nd |  | 60.0 | 66.0 | 0.232 | 0.768 |
| 1:19-2nd |  | 62.0 | 66.0 | 0.254 | 0.746 |
| 1:08-2nd |  | 62.0 | 67.0 | 0.229 | 0.771 |
| 55.1-2nd |  | 62.0 | 67.0 | 0.25 | 0.75 |
| 54.1-2nd |  | 62.0 | 67.0 | 0.229 | 0.771 |
| 53.1-2nd |  | 62.0 | 70.0 | 0.18 | 0.82 |
| 33.1-2nd |  | 63.0 | 70.0 | 0.18 | 0.82 |
| 30.1-2nd |  | 63.0 | 70.0 | 0.18 | 0.82 |
| 21.1-2nd |  | 63.0 | 70.0 | 0.198 | 0.802 |
| 20.1-2nd |  | 63.0 | 72.0 | 0.159 | 0.841 |
| 2.1-2nd |  | 63.0 | 72.0 | 0.139 | 0.861 |
| 0.1-2nd |  | 63.0 | 72.0 | 0.157 | 0.843 |
| 0.0-2nd |  | 63.0 | 72.0 | 0.152 | 0.848 |
| 12:00-3rd |  | 63.0 | 72.0 | 0.152 | 0.848 |
| 11:48-3rd |  | 63.0 | 74.0 | 0.124 | 0.876 |
| 11:29-3rd |  | 63.0 | 74.0 | 0.104 | 0.896 |
| 11:21-3rd |  | 63.0 | 74.0 | 0.123 | 0.877 |
| 11:02-3rd |  | 65.0 | 74.0 | 0.137 | 0.863 |
| 10:50-3rd |  | 65.0 | 77.0 | 0.102 | 0.898 |
| 10:33-3rd |  | 65.0 | 77.0 | 0.092 | 0.908 |
| 10:31-3rd |  | 65.0 | 77.0 | 0.088 | 0.912 |
| 10:27-3rd |  | 65.0 | 80.0 | 0.063 | 0.937 |
| 10:26-3rd |  | 65.0 | 80.0 | 0.063 | 0.937 |
| 10:15-3rd |  | 65.0 | 80.0 | 0.052 | 0.948 |
| 10:12-3rd |  | 65.0 | 80.0 | 0.052 | 0.948 |
| 10:01-3rd |  | 65.0 | 80.0 | 0.059 | 0.941 |
| 9:58-3rd |  | 65.0 | 80.0 | 0.062 | 0.938 |
| 9:50-3rd |  | 65.0 | 80.0 | 0.053 | 0.947 |
| 9:47-3rd |  | 65.0 | 80.0 | 0.051 | 0.949 |
| 9:45-3rd |  | 65.0 | 83.0 | 0.036 | 0.964 |
| 9:28-3rd |  | 65.0 | 83.0 | 0.031 | 0.969 |
| 9:26-3rd |  | 65.0 | 83.0 | 0.035 | 0.965 |
| 9:24-3rd |  | 67.0 | 83.0 | 0.042 | 0.958 |
| 9:03-3rd |  | 67.0 | 85.0 | 0.034 | 0.966 |
| 8:51-3rd |  | 70.0 | 85.0 | 0.049 | 0.951 |
| 8:43-3rd |  | 70.0 | 85.0 | 0.059 | 0.941 |
| 8:35-3rd |  | 70.0 | 85.0 | 0.051 | 0.949 |
| 8:32-3rd |  | 70.0 | 85.0 | 0.048 | 0.952 |
| 8:23-3rd |  | 70.0 | 85.0 | 0.058 | 0.942 |
| 8:18-3rd |  | 70.0 | 85.0 | 0.05 | 0.95 |
| 8:17-3rd |  | 70.0 | 85.0 | 0.057 | 0.943 |
| 8:16-3rd |  | 70.0 | 85.0 | 0.05 | 0.95 |
| 8:13-3rd |  | 70.0 | 85.0 | 0.048 | 0.952 |
| 8:01-3rd |  | 70.0 | 88.0 | 0.032 | 0.968 |
| 7:53-3rd |  | 70.0 | 88.0 | 0.027 | 0.973 |
| 7:51-3rd |  | 70.0 | 88.0 | 0.026 | 0.974 |
| 7:39-3rd |  | 70.0 | 90.0 | 0.02 | 0.98 |
| 7:23-3rd |  | 70.0 | 90.0 | 0.016 | 0.984 |
| 7:02-3rd |  | 70.0 | 92.0 | 0.012 | 0.988 |
| 6:48-3rd |  | 70.0 | 92.0 | 0.01 | 0.99 |
| 6:47-3rd |  | 70.0 | 92.0 | 0.009 | 0.991 |
| 6:42-3rd |  | 70.0 | 95.0 | 0.005 | 0.995 |
| 6:41-3rd |  | 70.0 | 95.0 | 0.005 | 0.995 |
| 6:21-3rd |  | 73.0 | 95.0 | 0.009 | 0.991 |
| 5:58-3rd |  | 73.0 | 98.0 | 0.005 | 0.995 |
| 5:36-3rd |  | 73.0 | 98.0 | 0.004 | 0.996 |
| 5:31-3rd |  | 73.0 | 98.0 | 0.004 | 0.996 |
| 5:24-3rd |  | 73.0 | 98.0 | 0.004 | 0.996 |
| 5:21-3rd |  | 73.0 | 98.0 | 0.003 | 0.997 |
| 5:19-3rd |  | 73.0 | 98.0 | 0.004 | 0.996 |
| 5:06-3rd |  | 73.0 | 98.0 | 0.003 | 0.997 |
| 4:50-3rd |  | 73.0 | 100.0 | 0.002 | 0.998 |
| 4:38-3rd |  | 76.0 | 100.0 | 0.004 | 0.996 |
| 4:25-3rd |  | 76.0 | 100.0 | 0.005 | 0.995 |
| 4:17-3rd |  | 76.0 | 100.0 | 0.004 | 0.996 |
| 4:16-3rd |  | 78.0 | 100.0 | 0.006 | 0.994 |
| 3:57-3rd |  | 78.0 | 100.0 | 0.007 | 0.993 |
| 3:54-3rd |  | 78.0 | 100.0 | 0.008 | 0.992 |
| 3:48-3rd |  | 79.0 | 100.0 | 0.008 | 0.992 |
| 3:34-3rd |  | 79.0 | 102.0 | 0.006 | 0.994 |
| 3:13-3rd |  | 79.0 | 102.0 | 0.004 | 0.996 |
| 3:11-3rd |  | 79.0 | 102.0 | 0.004 | 0.996 |
| 2:54-3rd |  | 79.0 | 104.0 | 0.003 | 0.997 |
| 2:46-3rd |  | 79.0 | 104.0 | 0.002 | 0.998 |
| 2:43-3rd |  | 79.0 | 104.0 | 0.002 | 0.998 |
| 2:32-3rd |  | 79.0 | 104.0 | 0.002 | 0.998 |
| 2:29-3rd |  | 79.0 | 104.0 | 0.003 | 0.997 |
| 2:26-3rd |  | 82.0 | 104.0 | 0.005 | 0.995 |
| 2:10-3rd |  | 82.0 | 104.0 | 0.006 | 0.994 |
| 2:08-3rd |  | 82.0 | 104.0 | 0.006 | 0.994 |
| 1:57-3rd |  | 83.0 | 104.0 | 0.006 | 0.994 |
| 1:55-3rd |  | 83.0 | 104.0 | 0.006 | 0.994 |
| 1:38-3rd |  | 83.0 | 104.0 | 0.006 | 0.994 |
| 1:34-3rd |  | 83.0 | 104.0 | 0.007 | 0.993 |
| 1:30-3rd |  | 85.0 | 104.0 | 0.009 | 0.991 |
| 1:07-3rd |  | 85.0 | 107.0 | 0.005 | 0.995 |
| 46.0-3rd |  | 85.0 | 107.0 | 0.003 | 0.997 |
| 43.1-3rd |  | 85.0 | 107.0 | 0.003 | 0.997 |
| 35.1-3rd |  | 85.0 | 110.0 | 0.002 | 0.998 |
| 13.1-3rd |  | 85.0 | 110.0 | 0.001 | 0.999 |
| 12.1-3rd |  | 85.0 | 110.0 | 0.001 | 0.999 |
| 12.0-3rd |  | 85.0 | 110.0 | 0.001 | 0.999 |
| 9.0-3rd |  | 85.0 | 110.0 | 0.001 | 0.999 |
| 2.0-3rd |  | 85.0 | 110.0 | 0.001 | 0.999 |
| 1.1-3rd |  | 85.0 | 110.0 | 0.001 | 0.999 |
| 0.0-3rd |  | 85.0 | 110.0 | 0.001 | 0.999 |
| 12:00-4th |  | 85.0 | 110.0 | 0.001 | 0.999 |
| 11:54-4th |  | 87.0 | 110.0 | 0.002 | 0.998 |
| 11:37-4th |  | 87.0 | 111.0 | 0.001 | 0.999 |
| 11:35-4th |  | 87.0 | 111.0 | 0.002 | 0.998 |
| 11:23-4th |  | 89.0 | 111.0 | 0.002 | 0.998 |
| 10:58-4th |  | 89.0 | 113.0 | 0.002 | 0.998 |
| 10:37-4th |  | 89.0 | 113.0 | 0.001 | 0.999 |
| 10:36-4th |  | 89.0 | 113.0 | 0.001 | 0.999 |
| 10:12-4th |  | 89.0 | 113.0 | 0.001 | 0.999 |
| 10:08-4th |  | 89.0 | 113.0 | 0.001 | 0.999 |
| 10:04-4th |  | 91.0 | 113.0 | 0.002 | 0.998 |
| 9:50-4th |  | 91.0 | 113.0 | 0.003 | 0.997 |
| 9:48-4th |  | 91.0 | 113.0 | 0.002 | 0.998 |
| 9:30-4th |  | 91.0 | 115.0 | 0.001 | 0.999 |
| 9:14-4th |  | 94.0 | 115.0 | 0.002 | 0.998 |
| 8:54-4th |  | 94.0 | 117.0 | 0.001 | 0.999 |
| 8:44-4th |  | 94.0 | 117.0 | 0.001 | 0.999 |
| 8:42-4th |  | 94.0 | 117.0 | 0.001 | 0.999 |
| 8:36-4th |  | 94.0 | 117.0 | 0.001 | 0.999 |
| 8:23-4th |  | 94.0 | 117.0 | 0.001 | 0.999 |
| 8:20-4th |  | 94.0 | 117.0 | 0.001 | 0.999 |
| 8:14-4th |  | 96.0 | 117.0 | 0.001 | 0.999 |
| 7:55-4th |  | 96.0 | 118.0 | 0.001 | 0.999 |
| 7:53-4th |  | 96.0 | 118.0 | 0.001 | 0.999 |
| 7:38-4th |  | 96.0 | 118.0 | 0.001 | 0.999 |
| 7:34-4th |  | 96.0 | 118.0 | 0.001 | 0.999 |
| 7:20-4th |  | 96.0 | 121.0 | 0.001 | 0.999 |
| 6:56-4th |  | 96.0 | 121.0 | 0.001 | 0.999 |
| 6:54-4th |  | 96.0 | 121.0 | 0.001 | 0.999 |
| 6:47-4th |  | 96.0 | 121.0 | 0.001 | 0.999 |
| 6:44-4th |  | 96.0 | 121.0 | 0.001 | 0.999 |
| 6:40-4th |  | 96.0 | 121.0 | 0.001 | 0.999 |
| 6:28-4th |  | 96.0 | 121.0 | 0.001 | 0.999 |
| 6:16-4th |  | 96.0 | 121.0 | 0.001 | 0.999 |
| 6:13-4th |  | 96.0 | 121.0 | 0.001 | 0.999 |
| 6:07-4th |  | 96.0 | 121.0 | 0.001 | 0.999 |
| 6:01-4th |  | 98.0 | 121.0 | 0.001 | 0.999 |
| 5:49-4th |  | 98.0 | 123.0 | 0.001 | 0.999 |
| 5:34-4th |  | 101.0 | 123.0 | 0.001 | 0.999 |
| 5:13-4th |  | 101.0 | 123.0 | 0.001 | 0.999 |
| 5:10-4th |  | 101.0 | 123.0 | 0.001 | 0.999 |
| 5:08-4th |  | 101.0 | 123.0 | 0.001 | 0.999 |
| 5:06-4th |  | 101.0 | 123.0 | 0.001 | 0.999 |
| 4:57-4th |  | 103.0 | 123.0 | 0.001 | 0.999 |
| 4:38-4th |  | 103.0 | 123.0 | 0.001 | 0.999 |
| 4:35-4th |  | 103.0 | 123.0 | 0.001 | 0.999 |
| 4:31-4th |  | 103.0 | 123.0 | 0.001 | 0.999 |
| 4:29-4th |  | 103.0 | 123.0 | 0.001 | 0.999 |
| 4:19-4th |  | 103.0 | 126.0 | 0.001 | 0.999 |
| 4:03-4th |  | 103.0 | 126.0 | 0.001 | 0.999 |
| 4:01-4th |  | 103.0 | 126.0 | 0.001 | 0.999 |
| 3:49-4th |  | 103.0 | 126.0 | 0.001 | 0.999 |
| 3:47-4th |  | 103.0 | 126.0 | 0.001 | 0.999 |
| 3:39-4th |  | 103.0 | 126.0 | 0.001 | 0.999 |
| 3:36-4th |  | 103.0 | 126.0 | 0.001 | 0.999 |
| 3:22-4th |  | 105.0 | 126.0 | 0.001 | 0.999 |
| 2:59-4th |  | 105.0 | 128.0 | 0.001 | 0.999 |
| 2:41-4th |  | 105.0 | 128.0 | 0.001 | 0.999 |
| 2:39-4th |  | 105.0 | 128.0 | 0.001 | 0.999 |
| 2:30-4th |  | 105.0 | 128.0 | 0.001 | 0.999 |
| 2:26-4th |  | 105.0 | 128.0 | 0.001 | 0.999 |
| 2:22-4th |  | 105.0 | 128.0 | 0.001 | 0.999 |
| 2:14-4th |  | 105.0 | 128.0 | 0.001 | 0.999 |
| 2:12-4th |  | 105.0 | 128.0 | 0.001 | 0.999 |
| 1:56-4th |  | 105.0 | 128.0 | 0.001 | 0.999 |
| 1:55-4th |  | 105.0 | 128.0 | 0.001 | 0.999 |
| 1:54-4th |  | 105.0 | 128.0 | 0.001 | 0.999 |
| 1:50-4th |  | 105.0 | 128.0 | 0.001 | 0.999 |
| 1:48-4th |  | 107.0 | 128.0 | 0.001 | 0.999 |
| 1:35-4th |  | 107.0 | 128.0 | 0.001 | 0.999 |
| 1:32-4th |  | 107.0 | 128.0 | 0.001 | 0.999 |
| 1:26-4th |  | 110.0 | 128.0 | 0.001 | 0.999 |
| 1:13-4th |  | 110.0 | 130.0 | 0.001 | 0.999 |
| 59.0-4th |  | 110.0 | 130.0 | 0.001 | 0.999 |
| 56.1-4th |  | 110.0 | 130.0 | 0.001 | 0.999 |
| 51.1-4th |  | 110.0 | 130.0 | 0.001 | 0.999 |
| 38.1-4th |  | 110.0 | 130.0 | 0.001 | 0.999 |
| 36.1-4th |  | 110.0 | 130.0 | 0.001 | 0.999 |
| 35.1-4th |  | 110.0 | 130.0 | 0.001 | 0.999 |
| 33.1-4th |  | 110.0 | 130.0 | 0.001 | 0.999 |
| 29.1-4th |  | 110.0 | 130.0 | 0.001 | 0.999 |
| 12.0-4th |  | 110.0 | 130.0 | 0.001 | 0.999 |
| 0.0-4th |  | 110.0 | 130.0 | 0.0 | 1.0 |

Question

Which event most likely happened at the marked missing position?

Answer Choices

A. Player 13 (Team B) makes 25-foot three point jumper (Player 6 (Team B) assists)
B. Player 10 (Team A) makes 23-foot three point jumper (Player 17 (Team A) assists)
C. Player 5 (Team B) misses 13-foot pullup jump shot
D. Player 16 (Team A) blocks Player 10 (Team A) 's 3-foot driving layup

Response Format

Return exactly one JSON object:

{
  "answer": "<A|B|C|D>",
  "rationale": "<brief evidence-based justification in 1-3 sentences>",
  "evidence_event_ids": [],
  "evidence_series_times": []
}

Use only event IDs and time labels that are provided above and that support the answer. Use an empty array when the corresponding evidence type is unavailable or unused. Return only the JSON object.
