Task

Reconstruct the missing event in this basketball game. Use the available numerical time-series evidence around the marked row to select the most likely event.

Game

Team A versus Team B, season 22-23.

Time Series

| Game time | Marker | Team A score | Team B score | Team A win probability | Team B win probability |
| --- | --- | --- | --- | --- | --- |
| 12:00-1st |  | 0 | 0 | 0.256 | 0.744 |
| 11:47-1st |  | 0 | 0 | 0.273 | 0.727 |
| 11:33-1st |  | 3 | 0 | 0.317 | 0.683 |
| 11:19-1st |  | 3 | 0 | 0.337 | 0.663 |
| 11:16-1st |  | 3 | 0 | 0.344 | 0.656 |
| 11:14-1st |  | 5 | 0 | 0.364 | 0.636 |
| 11:00-1st |  | 5 | 0 | 0.384 | 0.616 |
| 10:58-1st |  | 5 | 0 | 0.39 | 0.61 |
| 10:52-1st |  | 5 | 0 | 0.372 | 0.628 |
| 10:49-1st |  | 5 | 0 | 0.367 | 0.633 |
| 10:45-1st |  | 5 | 0 | 0.385 | 0.615 |
| 10:42-1st |  | 5 | 0 | 0.392 | 0.608 |
| 10:31-1st |  | 5 | 0 | 0.375 | 0.625 |
| 10:27-1st |  | 5 | 0 | 0.369 | 0.631 |
| 10:18-1st |  | 5 | 2 | 0.349 | 0.651 |
| 10:03-1st |  | 5 | 2 | 0.326 | 0.674 |
| 9:50-1st |  | 7 | 2 | 0.373 | 0.627 |
| 9:34-1st |  | 7 | 2 | 0.394 | 0.606 |
| 9:32-1st |  | 7 | 2 | 0.401 | 0.599 |
| 9:24-1st |  | 9 | 2 | 0.427 | 0.573 |
| 8:58-1st |  | 9 | 3 | 0.43 | 0.57 |
| 8:46-1st |  | 11 | 3 | 0.456 | 0.544 |
| 8:27-1st |  | 11 | 3 | 0.481 | 0.519 |
| 8:26-1st |  | 11 | 3 | 0.489 | 0.511 |
| 8:19-1st |  | 13 | 3 | 0.516 | 0.484 |
| 8:17-1st |  | 13 | 3 | 0.517 | 0.483 |
| 8:04-1st |  | 13 | 4 | 0.519 | 0.481 |
| 8:01-1st |  | 13 | 4 | 0.493 | 0.507 |
| 7:54-1st |  | 13 | 6 | 0.467 | 0.533 |
| 7:36-1st |  | 13 | 6 | 0.447 | 0.553 |
| 7:32-1st |  | 13 | 6 | 0.447 | 0.553 |
| 7:31-1st |  | 13 | 6 | 0.469 | 0.531 |
| 7:30-1st |  | 15 | 6 | 0.497 | 0.503 |
| 7:13-1st |  | 15 | 8 | 0.472 | 0.528 |
| 7:04-1st |  | 15 | 8 | 0.471 | 0.529 |
| 6:55-1st |  | 17 | 8 | 0.5 | 0.5 |
| 6:39-1st |  | 17 | 8 | 0.523 | 0.477 |
| 6:36-1st |  | 17 | 8 | 0.502 | 0.498 |
| 6:35-1st |  | 17 | 10 | 0.476 | 0.524 |
| 6:18-1st |  | 17 | 10 | 0.456 | 0.544 |
| 6:15-1st |  | 17 | 10 | 0.479 | 0.521 |
| 6:13-1st |  | 17 | 10 | 0.457 | 0.543 |
| 6:10-1st |  | 17 | 10 | 0.45 | 0.55 |
| 6:00-1st |  | 17 | 12 | 0.427 | 0.573 |
| 5:40-1st |  | 19 | 12 | 0.453 | 0.547 |
| 5:27-1st |  | 19 | 14 | 0.431 | 0.569 |
| 5:14-1st |  | 22 | 14 | 0.485 | 0.515 |
| 5:04-1st |  | 22 | 16 | 0.459 | 0.541 |
| 4:51-1st |  | 22 | 16 | 0.44 | 0.56 |
| 4:50-1st |  | 22 | 16 | 0.433 | 0.567 |
| 4:36-1st |  | 22 | 18 | 0.41 | 0.59 |
| 4:25-1st |  | 22 | 18 | 0.39 | 0.61 |
| 4:22-1st |  | 22 | 18 | 0.383 | 0.617 |
| 4:14-1st |  | 22 | 20 | 0.357 | 0.643 |
| 4:13-1st |  | 22 | 20 | 0.357 | 0.643 |
| 3:51-1st |  | 22 | 20 | 0.341 | 0.659 |
| 3:47-1st |  | 22 | 20 | 0.335 | 0.665 |
| 3:43-1st |  | 22 | 20 | 0.354 | 0.646 |
| 3:40-1st |  | 22 | 20 | 0.36 | 0.64 |
| 3:37-1st |  | 25 | 20 | 0.416 | 0.584 |
| 3:26-1st |  | 25 | 20 | 0.438 | 0.562 |
| 3:25-1st |  | 25 | 20 | 0.446 | 0.554 |
| 3:20-1st |  | 25 | 20 | 0.425 | 0.575 |
| 3:18-1st |  | 25 | 20 | 0.418 | 0.582 |
| 3:03-1st |  | 25 | 22 | 0.391 | 0.609 |
| 2:47-1st |  | 25 | 22 | 0.373 | 0.627 |
| 2:44-1st |  | 25 | 22 | 0.367 | 0.633 |
| 2:36-1st |  | 25 | 24 | 0.343 | 0.657 |
| 2:22-1st |  | 28 | 24 | 0.397 | 0.603 |
| 2:06-1st |  | 28 | 27 | 0.346 | 0.654 |
| 1:56-1st |  | 28 | 27 | 0.326 | 0.674 |
| 1:54-1st |  | 28 | 27 | 0.347 | 0.653 |
| 1:48-1st |  | 28 | 27 | 0.327 | 0.673 |
| 1:45-1st |  | 28 | 27 | 0.32 | 0.68 |
| 1:40-1st |  | 28 | 27 | 0.348 | 0.652 |
| 1:24-1st |  | 28 | 27 | 0.322 | 0.678 |
| 1:19-1st |  | 28 | 27 | 0.343 | 0.657 |
| 1:16-1st |  | 28 | 27 | 0.323 | 0.677 |
| 1:15-1st |  | 28 | 27 | 0.343 | 0.657 |
| 1:13-1st |  | 28 | 27 | 0.35 | 0.65 |
| 1:09-1st |  | 28 | 27 | 0.323 | 0.677 |
| 58.0-1st |  | 28 | 27 | 0.345 | 0.655 |
| 56.2-1st |  | 28 | 29 | 0.302 | 0.698 |
| 39.0-1st |  | 30 | 29 | 0.325 | 0.675 |
| 26.1-1st |  | 30 | 31 | 0.302 | 0.698 |
| 7.1-1st |  | 30 | 31 | 0.286 | 0.714 |
| 4.2-1st |  | 30 | 31 | 0.281 | 0.719 |
| 0.1-1st |  | 30 | 31 | 0.278 | 0.722 |
| 0.0-1st |  | 30 | 31 | 0.291 | 0.709 |
| 12:00-2nd |  | 30 | 31 | 0.291 | 0.709 |
| 11:48-2nd |  | 30 | 31 | 0.279 | 0.721 |
| 11:42-2nd |  | 30 | 31 | 0.3 | 0.7 |
| 11:40-2nd |  | 30 | 31 | 0.307 | 0.693 |
| 11:32-2nd |  | 33 | 31 | 0.359 | 0.641 |
| 11:21-2nd |  | 33 | 33 | 0.333 | 0.667 |
| 11:04-2nd |  | 33 | 33 | 0.314 | 0.686 |
| 11:01-2nd |  | 33 | 33 | 0.307 | 0.693 |
| 10:56-2nd |  | 33 | 36 | 0.262 | 0.738 |
| 10:36-2nd |  | 36 | 36 | 0.309 | 0.691 |
| 10:26-2nd |  | 36 | 36 | 0.331 | 0.669 |
| 10:22-2nd |  | 36 | 36 | 0.312 | 0.688 |
| 10:12-2nd |  | 36 | 38 | 0.287 | 0.713 |
| 10:02-2nd |  | 38 | 38 | 0.312 | 0.688 |
| 9:51-2nd |  | 38 | 38 | 0.334 | 0.666 |
| 9:49-2nd |  | 38 | 38 | 0.341 | 0.659 |
| 9:41-2nd |  | 38 | 38 | 0.321 | 0.679 |
| 9:36-2nd |  | 38 | 38 | 0.314 | 0.686 |
| 9:31-2nd |  | 38 | 38 | 0.336 | 0.664 |
| 9:25-2nd |  | 38 | 38 | 0.344 | 0.656 |
| 9:14-2nd |  | 38 | 38 | 0.323 | 0.677 |
| 9:12-2nd |  | 38 | 38 | 0.315 | 0.685 |
| 9:05-2nd |  | 38 | 38 | 0.338 | 0.662 |
| 9:02-2nd |  | 38 | 38 | 0.346 | 0.654 |
| 8:51-2nd |  | 39 | 38 | 0.346 | 0.654 |
| 8:49-2nd |  | 39 | 38 | 0.346 | 0.654 |
| 8:34-2nd |  | 39 | 38 | 0.367 | 0.633 |
| 8:31-2nd |  | 39 | 40 | 0.319 | 0.681 |
| 8:14-2nd |  | 39 | 40 | 0.297 | 0.703 |
| 8:11-2nd |  | 39 | 42 | 0.272 | 0.728 |
| 7:58-2nd |  | 39 | 42 | 0.254 | 0.746 |
| 7:55-2nd |  | 39 | 42 | 0.273 | 0.727 |
| 7:48-2nd |  | 39 | 42 | 0.255 | 0.745 |
| 7:46-2nd |  | 39 | 42 | 0.249 | 0.751 |
| 7:41-2nd |  | 39 | 44 | 0.226 | 0.774 |
| 7:24-2nd |  | 39 | 44 | 0.21 | 0.79 |
| 7:21-2nd |  | 39 | 44 | 0.205 | 0.795 |
| 7:15-2nd |  | 39 | 46 | 0.185 | 0.815 |
| 6:58-2nd |  | 39 | 46 | 0.184 | 0.816 |
| 6:48-2nd |  | 39 | 46 | 0.166 | 0.834 |
| 6:36-2nd |  | 39 | 48 | 0.15 | 0.85 |
| 6:11-2nd |  | 39 | 48 | 0.137 | 0.863 |
| 6:07-2nd |  | 39 | 48 | 0.15 | 0.85 |
| 5:59-2nd |  | 39 | 48 | 0.137 | 0.863 |
| 5:55-2nd |  | 39 | 48 | 0.132 | 0.868 |
| 5:51-2nd |  | 39 | 51 | 0.104 | 0.896 |
| 5:49-2nd |  | 39 | 51 | 0.104 | 0.896 |
| 5:34-2nd |  | 39 | 51 | 0.092 | 0.908 |
| 5:32-2nd |  | 39 | 51 | 0.092 | 0.908 |
| 5:19-2nd |  | 39 | 53 | 0.08 | 0.92 |
| 4:55-2nd |  | 39 | 53 | 0.069 | 0.931 |
| 4:48-2nd |  | 39 | 56 | 0.052 | 0.948 |
| 4:30-2nd |  | 39 | 56 | 0.043 | 0.957 |
| 4:26-2nd |  | 39 | 58 | 0.037 | 0.963 |
| 4:04-2nd |  | 41 | 58 | 0.042 | 0.958 |
| 3:54-2nd |  | 41 | 58 | 0.048 | 0.952 |
| 3:52-2nd |  | 41 | 58 | 0.051 | 0.949 |
| 3:46-2nd |  | 41 | 58 | 0.044 | 0.956 |
| 3:41-2nd |  | 41 | 58 | 0.042 | 0.958 |
| 3:39-2nd |  | 41 | 60 | 0.036 | 0.964 |
| 3:21-2nd |  | 45 | 60 | 0.057 | 0.943 |
| 3:10-2nd |  | 45 | 60 | 0.064 | 0.936 |
| 3:06-2nd |  | 45 | 60 | 0.066 | 0.934 |
| 2:55-2nd |  | 48 | 60 | 0.089 | 0.911 |
| 2:35-2nd |  | 48 | 60 | 0.098 | 0.902 |
| 2:31-2nd |  | 48 | 60 | 0.101 | 0.899 |
| 2:27-2nd |  | 50 | 60 | 0.115 | 0.885 |
| 2:16-2nd |  | 50 | 62 | 0.1 | 0.9 |
| 1:59-2nd |  | 52 | 62 | 0.115 | 0.885 |
| 1:48-2nd |  | 52 | 62 | 0.115 | 0.885 |
| 1:42-2nd |  | 52 | 65 | 0.088 | 0.912 |
| 1:28-2nd |  | 55 | 65 | 0.115 | 0.885 |
| 1:13-2nd |  | 55 | 65 | 0.131 | 0.869 |
| 1:07-2nd |  | 58 | 65 | 0.167 | 0.833 |
| 50.0-2nd |  | 58 | 68 | 0.13 | 0.87 |
| 35.0-2nd |  | 61 | 68 | 0.167 | 0.833 |
| 29.1-2nd |  | 61 | 68 | 0.167 | 0.833 |
| 26.1-2nd |  | 61 | 68 | 0.19 | 0.81 |
| 3.1-2nd |  | 61 | 68 | 0.173 | 0.827 |
| 3.0-2nd |  | 61 | 68 | 0.169 | 0.831 |
| 0.0-2nd |  | 61 | 68 | 0.181 | 0.819 |
| 12:00-3rd |  | 61 | 68 | 0.181 | 0.819 |
| 11:48-3rd |  | 61 | 68 | 0.17 | 0.83 |
| 11:44-3rd |  | 63 | 68 | 0.214 | 0.786 |
| 11:27-3rd |  | 63 | 68 | 0.232 | 0.768 |
| 11:23-3rd |  | 63 | 68 | 0.214 | 0.786 |
| 11:15-3rd |  | 63 | 70 | 0.19 | 0.81 |
| 10:53-3rd |  | 63 | 70 | 0.165 | 0.835 |
| 10:46-3rd |  | 63 | 70 | 0.183 | 0.817 |
| 10:43-3rd |  | 63 | 70 | 0.19 | 0.81 |
| 10:38-3rd |  | 65 | 70 | 0.214 | 0.786 |
| 10:22-3rd |  | 65 | 70 | 0.233 | 0.767 |
| 10:19-3rd |  | 65 | 72 | 0.19 | 0.81 |
| 10:08-3rd |  | 65 | 72 | 0.171 | 0.829 |
| 10:05-3rd |  | 65 | 72 | 0.165 | 0.835 |
| 9:59-3rd |  | 65 | 72 | 0.19 | 0.81 |
| 9:54-3rd |  | 65 | 72 | 0.19 | 0.81 |
| 9:44-3rd |  | 65 | 72 | 0.166 | 0.834 |
| 9:42-3rd |  | 65 | 72 | 0.166 | 0.834 |
| 9:38-3rd |  | 65 | 72 | 0.184 | 0.816 |
| 9:33-3rd |  | 65 | 72 | 0.19 | 0.81 |
| 9:20-3rd |  | 67 | 72 | 0.215 | 0.785 |
| 8:57-3rd |  | 67 | 72 | 0.236 | 0.764 |
| 8:55-3rd |  | 67 | 72 | 0.215 | 0.785 |
| 8:50-3rd |  | 67 | 72 | 0.236 | 0.764 |
| 8:48-3rd |  | 67 | 72 | 0.243 | 0.757 |
| 8:42-3rd |  | 67 | 72 | 0.222 | 0.778 |
| 8:38-3rd |  | 67 | 72 | 0.215 | 0.785 |
| 8:31-3rd |  | 67 | 72 | 0.236 | 0.764 |
| 8:28-3rd |  | 67 | 72 | 0.244 | 0.756 |
| 8:16-3rd |  | 67 | 72 | 0.222 | 0.778 |
| 8:12-3rd |  | 67 | 72 | 0.215 | 0.785 |
| 8:05-3rd |  | 67 | 72 | 0.237 | 0.763 |
| 8:02-3rd |  | 67 | 72 | 0.244 | 0.756 |
| 8:01-3rd |  | 67 | 72 | 0.215 | 0.785 |
| 7:58-3rd |  | 67 | 75 | 0.166 | 0.834 |
| 7:36-3rd |  | 67 | 75 | 0.148 | 0.852 |
| 7:35-3rd |  | 67 | 75 | 0.166 | 0.834 |
| 7:24-3rd |  | 69 | 75 | 0.187 | 0.813 |
| 7:05-3rd |  | 69 | 77 | 0.164 | 0.836 |
| 6:43-3rd |  | 72 | 77 | 0.214 | 0.786 |
| 6:18-3rd |  | 72 | 77 | 0.237 | 0.763 |
| 6:14-3rd |  | 72 | 77 | 0.244 | 0.756 |
| 6:06-3rd |  | 72 | 77 | 0.221 | 0.779 |
| 6:03-3rd |  | 72 | 77 | 0.213 | 0.787 |
| 5:48-3rd |  | 72 | 79 | 0.186 | 0.814 |
| 5:34-3rd |  | 74 | 79 | 0.213 | 0.787 |
| 5:16-3rd |  | 74 | 79 | 0.236 | 0.764 |
| 5:12-3rd |  | 74 | 79 | 0.245 | 0.755 |
| 5:05-3rd |  | 74 | 79 | 0.212 | 0.788 |
| 5:02-3rd |  | 74 | 81 | 0.185 | 0.815 |
| 4:41-3rd |  | 76 | 81 | 0.212 | 0.788 |
| 4:26-3rd |  | 76 | 83 | 0.184 | 0.816 |
| 4:12-3rd |  | 76 | 83 | 0.156 | 0.844 |
| 4:05-3rd |  | 76 | 83 | 0.183 | 0.817 |
| 3:55-3rd |  | 77 | 83 | 0.181 | 0.819 |
| 3:53-3rd |  | 77 | 83 | 0.181 | 0.819 |
| 3:37-3rd |  | 77 | 86 | 0.131 | 0.869 |
| 3:16-3rd |  | 80 | 86 | 0.179 | 0.821 |
| 3:01-3rd |  | 80 | 86 | 0.202 | 0.798 |
| 2:58-3rd |  | 80 | 86 | 0.21 | 0.79 |
| 2:56-3rd |  | 82 | 86 | 0.241 | 0.759 |
| 2:37-3rd |  | 82 | 86 | 0.268 | 0.732 |
| 2:34-3rd |  | 82 | 86 | 0.24 | 0.76 |
| 2:28-3rd |  | 82 | 88 | 0.208 | 0.792 |
| 2:13-3rd |  | 85 | 88 | 0.276 | 0.724 |
| 2:01-3rd |  | 85 | 89 | 0.278 | 0.722 |
| 1:55-3rd |  | 85 | 89 | 0.278 | 0.722 |
| 1:42-3rd |  | 87 | 89 | 0.317 | 0.683 |
| 1:20-3rd |  | 87 | 89 | 0.358 | 0.642 |
| 1:12-3rd |  | 87 | 89 | 0.328 | 0.672 |
| 1:09-3rd |  | 89 | 89 | 0.407 | 0.593 |
| 1:06-3rd |  | 89 | 89 | 0.407 | 0.593 |
| 50.1-3rd |  | 89 | 89 | 0.443 | 0.557 |
| 45.1-3rd |  | 89 | 89 | 0.456 | 0.544 |
| 24.0-3rd |  | 91 | 89 | 0.509 | 0.491 |
| 5.1-3rd |  | 91 | 89 | 0.437 | 0.563 |
| 0.0-3rd |  | 91 | 89 | 0.539 | 0.461 |
| 12:00-4th |  | 91 | 89 | 0.539 | 0.461 |
| 11:45-4th |  | 91 | 89 | 0.551 | 0.449 |
| 11:42-4th |  | 91 | 89 | 0.564 | 0.436 |
| 11:27-4th |  | 91 | 89 | 0.519 | 0.481 |
| 11:23-4th |  | 91 | 92 | 0.419 | 0.581 |
| 11:00-4th |  | 93 | 92 | 0.463 | 0.537 |
| 10:50-4th |  | 93 | 93 | 0.463 | 0.537 |
| 10:47-4th |  | 93 | 93 | 0.463 | 0.537 |
| 10:34-4th |  | 93 | 93 | 0.483 | 0.517 |
| 10:21-4th |  | 93 | 93 | 0.431 | 0.569 |
| 10:16-4th |  | 93 | 93 | 0.417 | 0.583 |
| 10:11-4th |  | 93 | 96 | 0.314 | 0.686 |
| 9:58-4th |  | 93 | 96 | 0.277 | 0.723 |
| 9:55-4th |  | 93 | 96 | 0.264 | 0.736 |
| 9:50-4th |  | 93 | 99 | 0.188 | 0.812 |
| 9:32-4th |  | 93 | 99 | 0.149 | 0.851 |
| 9:28-4th |  | 93 | 99 | 0.176 | 0.824 |
| 9:25-4th |  | 93 | 99 | 0.186 | 0.814 |
| 9:22-4th |  | 93 | 99 | 0.157 | 0.843 |
| 9:16-4th |  | 95 | 99 | 0.219 | 0.781 |
| 8:58-4th |  | 95 | 99 | 0.265 | 0.735 |
| 8:55-4th |  | 98 | 99 | 0.362 | 0.638 |
| 8:38-4th |  | 98 | 99 | 0.406 | 0.594 |
| 8:36-4th |  | 98 | 99 | 0.42 | 0.58 |
| 8:20-4th |  | 100 | 99 | 0.482 | 0.518 |
| 8:08-4th |  | 100 | 99 | 0.529 | 0.471 |
| 8:04-4th |  | 100 | 99 | 0.483 | 0.517 |
| 7:56-4th |  | 100 | 99 | 0.531 | 0.469 |
| 7:55-4th |  | 100 | 99 | 0.462 | 0.538 |
| 7:48-4th |  | 100 | 99 | 0.523 | 0.477 |
| 7:44-4th |  | 100 | 99 | 0.476 | 0.524 |
| 7:41-4th |  | 100 | 99 | 0.524 | 0.476 |
| 7:38-4th |  | 100 | 99 | 0.541 | 0.459 |
| 7:18-4th |  | 102 | 99 | 0.605 | 0.395 |
| 7:17-4th |  | 102 | 99 | 0.605 | 0.395 |
| 6:59-4th |  | 102 | 101 | 0.549 | 0.451 |
| 6:40-4th |  | 102 | 101 | 0.484 | 0.516 |
| 6:27-4th |  | 102 | 104 | 0.363 | 0.637 |
| 6:12-4th |  | 102 | 104 | 0.298 | 0.702 |
| 6:01-4th |  | 102 | 104 | 0.346 | 0.654 |
| 5:58-4th |  | 102 | 104 | 0.362 | 0.638 |
| 5:43-4th |  | 102 | 104 | 0.312 | 0.688 |
| 5:41-4th |  | 102 | 104 | 0.205 | 0.795 |
| 5:23-4th |  | 102 | 106 | 0.231 | 0.769 |
| 5:12-4th |  | 105 | 106 | 0.344 | 0.656 |
| 4:43-4th |  | 105 | 106 | 0.398 | 0.602 |
| 4:39-4th |  | 105 | 106 | 0.417 | 0.583 |
| 4:22-4th |  | 107 | 106 | 0.487 | 0.513 |
| 4:10-4th |  | 107 | 109 | 0.346 | 0.654 |
| 3:59-4th |  | 107 | 109 | 0.292 | 0.708 |
| 3:56-4th |  | 107 | 109 | 0.273 | 0.727 |
| 3:42-4th |  | 107 | 109 | 0.325 | 0.675 |
| 3:41-4th |  | 107 | 109 | 0.344 | 0.656 |
| 3:20-4th |  | 107 | 109 | 0.283 | 0.717 |
| 3:17-4th |  | 107 | 109 | 0.263 | 0.737 |
| 3:05-4th |  | 107 | 111 | 0.198 | 0.802 |
| 2:44-4th |  | 110 | 111 | 0.335 | 0.665 |
| 2:19-4th |  | 110 | 111 | 0.405 | 0.595 |
| 2:15-4th |  | 110 | 111 | 0.43 | 0.57 |
| 2:04-4th |  | 112 | 111 | 0.508 | 0.492 |
| 1:41-4th |  | 112 | 111 | 0.584 | 0.416 |
| 1:37-4th |  | 112 | 111 | 0.585 | 0.415 |
| 1:33-4th |  | 112 | 111 | 0.61 | 0.39 |
| 1:14-4th |  | 114 | 111 | 0.802 | 0.198 |
| 1:01-4th |  | 114 | 113 | 0.614 | 0.386 |
| 40.0-4th |  | 114 | 113 | 0.536 | 0.464 |
| 36.0-4th |  | 114 | 113 | 0.63 | 0.37 |
| 27.1-4th |  | 114 | 113 | 0.498 | 0.502 |
| 17.1-4th |  | 114 | 113 | 0.619 | 0.381 |
| 16.1-4th |  | 114 | 115 | 0.358 | 0.642 |
| 1.0-4th | TARGET | 114 | 115 | 0.021 | 0.979 |
| 0.0-4th |  | 114 | 115 | 0.0 | 1.0 |

Question

Which event most likely happened at the marked missing position?

Answer Choices

A. Player 5 (Team B) misses three point jumper
B. Player 12 (Team A) makes 3-foot driving dunk
C. Player 4 (Team B) blocks Player 2 (Team A) 's 29-foot three point pullup jump shot
D. Player 13 (Team B) makes 24-foot three point jumper (Player 14 (Team B) assists)

Response Format

Return exactly one JSON object:

{
  "answer": "<A|B|C|D>",
  "rationale": "<brief evidence-based justification in 1-3 sentences>",
  "evidence_event_ids": [],
  "evidence_series_times": []
}

Use only event IDs and time labels that are provided above and that support the answer. Use an empty array when the corresponding evidence type is unavailable or unused. Return only the JSON object.
