Task

Reconstruct the missing event in this basketball game. Use the available numerical time-series evidence around the marked row to select the most likely event.

Game

Team A versus Team B, season 22-23.

Time Series

| Game time | Marker | Team A score | Team B score | Team A win probability | Team B win probability |
| --- | --- | --- | --- | --- | --- |
| 12:00-1st |  | 0 | 0 | 0.566 | 0.434 |
| 11:46-1st |  | 0 | 0 | 0.551 | 0.449 |
| 11:45-1st |  | 0 | 0 | 0.566 | 0.434 |
| 11:33-1st |  | 2 | 0 | 0.595 | 0.405 |
| 11:16-1st |  | 2 | 0 | 0.611 | 0.389 |
| 11:15-1st |  | 2 | 0 | 0.617 | 0.383 |
| 11:06-1st |  | 4 | 0 | 0.64 | 0.36 |
| 10:44-1st |  | 4 | 0 | 0.658 | 0.342 |
| 10:42-1st |  | 4 | 0 | 0.64 | 0.36 |
| 10:39-1st |  | 4 | 0 | 0.658 | 0.342 |
| 10:38-1st |  | 4 | 0 | 0.664 | 0.336 |
| 10:34-1st |  | 4 | 0 | 0.64 | 0.36 |
| 10:30-1st |  | 4 | 2 | 0.616 | 0.384 |
| 10:21-1st |  | 4 | 2 | 0.598 | 0.402 |
| 10:17-1st |  | 4 | 2 | 0.592 | 0.408 |
| 10:09-1st |  | 4 | 5 | 0.541 | 0.459 |
| 9:58-1st |  | 4 | 5 | 0.516 | 0.484 |
| 9:54-1st |  | 4 | 7 | 0.491 | 0.509 |
| 9:43-1st |  | 4 | 7 | 0.47 | 0.53 |
| 9:40-1st |  | 4 | 7 | 0.463 | 0.537 |
| 9:36-1st |  | 4 | 9 | 0.439 | 0.561 |
| 9:24-1st |  | 6 | 9 | 0.462 | 0.538 |
| 9:01-1st |  | 6 | 9 | 0.461 | 0.539 |
| 8:54-1st |  | 6 | 11 | 0.436 | 0.564 |
| 8:44-1st |  | 6 | 11 | 0.416 | 0.584 |
| 8:41-1st |  | 6 | 11 | 0.41 | 0.59 |
| 8:33-1st |  | 6 | 13 | 0.384 | 0.616 |
| 8:14-1st |  | 8 | 13 | 0.409 | 0.591 |
| 8:04-1st |  | 8 | 13 | 0.428 | 0.572 |
| 8:02-1st |  | 8 | 13 | 0.434 | 0.566 |
| 7:57-1st |  | 8 | 13 | 0.408 | 0.592 |
| 7:41-1st |  | 8 | 16 | 0.357 | 0.643 |
| 7:16-1st |  | 10 | 16 | 0.379 | 0.621 |
| 7:04-1st |  | 10 | 16 | 0.398 | 0.602 |
| 7:00-1st |  | 10 | 16 | 0.404 | 0.596 |
| 6:57-1st |  | 13 | 16 | 0.457 | 0.543 |
| 6:43-1st |  | 13 | 16 | 0.477 | 0.523 |
| 6:40-1st |  | 13 | 16 | 0.484 | 0.516 |
| 6:36-1st |  | 13 | 16 | 0.456 | 0.544 |
| 6:32-1st |  | 13 | 18 | 0.431 | 0.569 |
| 6:13-1st |  | 16 | 18 | 0.48 | 0.52 |
| 6:06-1st |  | 16 | 18 | 0.481 | 0.519 |
| 5:53-1st |  | 16 | 18 | 0.502 | 0.498 |
| 5:52-1st |  | 16 | 18 | 0.509 | 0.491 |
| 5:30-1st |  | 16 | 18 | 0.487 | 0.513 |
| 5:26-1st |  | 16 | 18 | 0.48 | 0.52 |
| 5:24-1st |  | 16 | 18 | 0.501 | 0.499 |
| 5:20-1st |  | 16 | 18 | 0.48 | 0.52 |
| 5:18-1st |  | 16 | 18 | 0.501 | 0.499 |
| 5:16-1st |  | 16 | 18 | 0.508 | 0.492 |
| 5:03-1st |  | 18 | 18 | 0.535 | 0.465 |
| 4:46-1st |  | 18 | 18 | 0.536 | 0.464 |
| 4:38-1st |  | 18 | 18 | 0.554 | 0.446 |
| 4:35-1st |  | 18 | 18 | 0.56 | 0.44 |
| 4:23-1st |  | 21 | 18 | 0.615 | 0.385 |
| 4:14-1st |  | 21 | 19 | 0.614 | 0.386 |
| 4:03-1st |  | 21 | 19 | 0.594 | 0.406 |
| 4:00-1st |  | 21 | 19 | 0.587 | 0.413 |
| 3:51-1st |  | 21 | 22 | 0.536 | 0.464 |
| 3:41-1st |  | 21 | 22 | 0.512 | 0.488 |
| 3:39-1st |  | 21 | 22 | 0.505 | 0.495 |
| 3:34-1st |  | 21 | 22 | 0.535 | 0.465 |
| 3:30-1st |  | 24 | 22 | 0.587 | 0.413 |
| 3:15-1st |  | 24 | 24 | 0.561 | 0.439 |
| 3:02-1st |  | 24 | 24 | 0.54 | 0.46 |
| 2:58-1st |  | 24 | 24 | 0.533 | 0.467 |
| 2:44-1st |  | 24 | 27 | 0.477 | 0.523 |
| 2:31-1st |  | 26 | 27 | 0.501 | 0.499 |
| 2:22-1st |  | 26 | 29 | 0.475 | 0.525 |
| 2:02-1st |  | 28 | 29 | 0.498 | 0.502 |
| 1:46-1st |  | 28 | 29 | 0.522 | 0.478 |
| 1:44-1st |  | 28 | 29 | 0.53 | 0.47 |
| 1:34-1st |  | 28 | 29 | 0.505 | 0.495 |
| 1:29-1st |  | 28 | 29 | 0.497 | 0.503 |
| 1:20-1st |  | 28 | 29 | 0.529 | 0.471 |
| 1:14-1st |  | 31 | 29 | 0.587 | 0.413 |
| 51.0-1st |  | 31 | 29 | 0.607 | 0.393 |
| 47.2-1st |  | 31 | 29 | 0.614 | 0.386 |
| 39.1-1st |  | 34 | 29 | 0.665 | 0.335 |
| 27.1-1st |  | 34 | 32 | 0.615 | 0.385 |
| 6.0-1st |  | 34 | 32 | 0.592 | 0.408 |
| 3.1-1st |  | 34 | 32 | 0.584 | 0.416 |
| 0.1-1st |  | 34 | 32 | 0.584 | 0.416 |
| 0.0-1st |  | 34 | 32 | 0.597 | 0.403 |
| 12:00-2nd |  | 34 | 32 | 0.597 | 0.403 |
| 11:45-2nd |  | 34 | 32 | 0.585 | 0.415 |
| 11:35-2nd |  | 34 | 34 | 0.558 | 0.442 |
| 11:21-2nd |  | 34 | 34 | 0.535 | 0.465 |
| 11:18-2nd |  | 34 | 34 | 0.527 | 0.473 |
| 11:11-2nd |  | 34 | 36 | 0.497 | 0.503 |
| 10:59-2nd |  | 34 | 36 | 0.474 | 0.526 |
| 10:57-2nd |  | 34 | 36 | 0.467 | 0.533 |
| 10:46-2nd |  | 34 | 38 | 0.439 | 0.561 |
| 10:26-2nd |  | 34 | 38 | 0.415 | 0.585 |
| 10:23-2nd |  | 34 | 38 | 0.407 | 0.593 |
| 10:05-2nd |  | 34 | 38 | 0.429 | 0.571 |
| 10:04-2nd |  | 34 | 38 | 0.437 | 0.563 |
| 10:01-2nd |  | 37 | 38 | 0.495 | 0.505 |
| 9:44-2nd |  | 37 | 40 | 0.467 | 0.533 |
| 9:42-2nd |  | 37 | 40 | 0.466 | 0.534 |
| 9:26-2nd |  | 39 | 40 | 0.496 | 0.504 |
| 9:17-2nd |  | 39 | 42 | 0.466 | 0.534 |
| 9:08-2nd |  | 42 | 42 | 0.524 | 0.476 |
| 8:53-2nd |  | 42 | 44 | 0.494 | 0.506 |
| 8:34-2nd |  | 42 | 44 | 0.419 | 0.581 |
| 8:16-2nd |  | 42 | 46 | 0.433 | 0.567 |
| 8:04-2nd |  | 44 | 46 | 0.461 | 0.539 |
| 7:55-2nd |  | 44 | 46 | 0.486 | 0.514 |
| 7:51-2nd |  | 44 | 46 | 0.494 | 0.506 |
| 7:48-2nd |  | 46 | 46 | 0.522 | 0.478 |
| 7:39-2nd |  | 46 | 48 | 0.493 | 0.507 |
| 7:28-2nd |  | 46 | 48 | 0.467 | 0.533 |
| 7:25-2nd |  | 46 | 48 | 0.493 | 0.507 |
| 7:19-2nd |  | 48 | 48 | 0.521 | 0.479 |
| 7:06-2nd |  | 48 | 51 | 0.46 | 0.54 |
| 6:54-2nd |  | 48 | 51 | 0.437 | 0.563 |
| 6:52-2nd |  | 48 | 51 | 0.429 | 0.571 |
| 6:42-2nd |  | 48 | 53 | 0.398 | 0.602 |
| 6:24-2nd |  | 51 | 53 | 0.456 | 0.544 |
| 6:22-2nd |  | 51 | 53 | 0.456 | 0.544 |
| 6:11-2nd |  | 51 | 53 | 0.481 | 0.519 |
| 6:07-2nd |  | 51 | 53 | 0.49 | 0.51 |
| 5:54-2nd |  | 53 | 53 | 0.519 | 0.481 |
| 5:41-2nd |  | 53 | 54 | 0.52 | 0.48 |
| 5:38-2nd |  | 53 | 54 | 0.52 | 0.48 |
| 5:26-2nd |  | 53 | 54 | 0.496 | 0.504 |
| 5:23-2nd |  | 53 | 54 | 0.488 | 0.512 |
| 5:21-2nd |  | 53 | 56 | 0.456 | 0.544 |
| 5:09-2nd |  | 55 | 56 | 0.487 | 0.513 |
| 4:51-2nd |  | 55 | 56 | 0.519 | 0.481 |
| 4:34-2nd |  | 57 | 56 | 0.549 | 0.451 |
| 4:17-2nd |  | 57 | 56 | 0.573 | 0.427 |
| 4:15-2nd |  | 57 | 56 | 0.581 | 0.419 |
| 4:11-2nd |  | 57 | 56 | 0.581 | 0.419 |
| 4:03-2nd |  | 57 | 56 | 0.557 | 0.443 |
| 4:00-2nd |  | 57 | 56 | 0.549 | 0.451 |
| 3:47-2nd |  | 57 | 56 | 0.573 | 0.427 |
| 3:44-2nd |  | 57 | 56 | 0.581 | 0.419 |
| 3:39-2nd |  | 59 | 56 | 0.616 | 0.384 |
| 3:18-2nd |  | 59 | 56 | 0.647 | 0.353 |
| 3:11-2nd |  | 61 | 56 | 0.674 | 0.326 |
| 2:58-2nd |  | 61 | 58 | 0.648 | 0.352 |
| 2:34-2nd |  | 64 | 58 | 0.703 | 0.297 |
| 2:16-2nd |  | 64 | 58 | 0.726 | 0.274 |
| 2:14-2nd |  | 64 | 58 | 0.733 | 0.267 |
| 2:00-2nd |  | 66 | 58 | 0.764 | 0.236 |
| 1:44-2nd |  | 66 | 60 | 0.735 | 0.265 |
| 1:38-2nd |  | 66 | 60 | 0.705 | 0.295 |
| 1:35-2nd |  | 66 | 60 | 0.705 | 0.295 |
| 1:24-2nd |  | 66 | 60 | 0.728 | 0.272 |
| 1:22-2nd |  | 66 | 60 | 0.736 | 0.264 |
| 1:10-2nd |  | 66 | 60 | 0.714 | 0.286 |
| 1:06-2nd |  | 66 | 60 | 0.736 | 0.264 |
| 1:05-2nd |  | 66 | 60 | 0.714 | 0.286 |
| 1:02-2nd |  | 66 | 60 | 0.737 | 0.263 |
| 1:00-2nd |  | 66 | 60 | 0.714 | 0.286 |
| 58.1-2nd |  | 66 | 60 | 0.706 | 0.294 |
| 53.1-2nd |  | 66 | 60 | 0.729 | 0.271 |
| 51.1-2nd |  | 66 | 60 | 0.737 | 0.263 |
| 46.1-2nd |  | 68 | 60 | 0.769 | 0.231 |
| 32.1-2nd |  | 68 | 60 | 0.784 | 0.216 |
| 29.1-2nd |  | 68 | 60 | 0.789 | 0.211 |
| 14.0-2nd |  | 71 | 60 | 0.837 | 0.163 |
| 1.0-2nd |  | 71 | 62 | 0.821 | 0.179 |
| 0.0-2nd |  | 71 | 62 | 0.804 | 0.196 |
| 12:00-3rd |  | 71 | 62 | 0.804 | 0.196 |
| 11:48-3rd |  | 71 | 64 | 0.775 | 0.225 |
| 11:30-3rd |  | 71 | 64 | 0.753 | 0.247 |
| 11:28-3rd |  | 71 | 64 | 0.746 | 0.254 |
| 11:21-3rd |  | 71 | 67 | 0.684 | 0.316 |
| 10:58-3rd |  | 73 | 67 | 0.713 | 0.287 |
| 10:57-3rd |  | 73 | 67 | 0.714 | 0.286 |
| 10:44-3rd |  | 73 | 70 | 0.652 | 0.348 |
| 10:25-3rd |  | 75 | 70 | 0.684 | 0.316 |
| 10:11-3rd |  | 75 | 72 | 0.652 | 0.348 |
| 9:56-3rd |  | 75 | 72 | 0.65 | 0.35 |
| 9:49-3rd |  | 75 | 72 | 0.624 | 0.376 |
| 9:48-3rd |  | 75 | 72 | 0.615 | 0.385 |
| 9:28-3rd |  | 75 | 72 | 0.643 | 0.357 |
| 9:25-3rd |  | 75 | 72 | 0.652 | 0.348 |
| 9:16-3rd |  | 77 | 72 | 0.686 | 0.314 |
| 9:13-3rd |  | 77 | 72 | 0.718 | 0.282 |
| 8:58-3rd |  | 79 | 72 | 0.75 | 0.25 |
| 8:39-3rd |  | 79 | 72 | 0.773 | 0.227 |
| 8:37-3rd |  | 79 | 72 | 0.781 | 0.219 |
| 8:32-3rd |  | 79 | 72 | 0.759 | 0.241 |
| 8:28-3rd |  | 79 | 72 | 0.752 | 0.248 |
| 8:17-3rd |  | 79 | 73 | 0.754 | 0.246 |
| 8:02-3rd |  | 79 | 73 | 0.729 | 0.271 |
| 7:59-3rd |  | 79 | 73 | 0.721 | 0.279 |
| 7:55-3rd |  | 79 | 74 | 0.722 | 0.278 |
| 7:32-3rd |  | 79 | 74 | 0.699 | 0.301 |
| 7:29-3rd |  | 79 | 74 | 0.691 | 0.309 |
| 7:18-3rd |  | 79 | 74 | 0.717 | 0.283 |
| 7:13-3rd |  | 79 | 74 | 0.725 | 0.275 |
| 7:02-3rd |  | 79 | 74 | 0.693 | 0.307 |
| 6:42-3rd |  | 79 | 74 | 0.719 | 0.281 |
| 6:40-3rd |  | 79 | 74 | 0.728 | 0.272 |
| 6:39-3rd |  | 80 | 74 | 0.727 | 0.273 |
| 6:24-3rd |  | 80 | 74 | 0.755 | 0.245 |
| 6:21-3rd |  | 80 | 74 | 0.764 | 0.236 |
| 6:12-3rd |  | 83 | 74 | 0.82 | 0.18 |
| 6:03-3rd |  | 83 | 74 | 0.778 | 0.222 |
| 5:57-3rd |  | 83 | 74 | 0.841 | 0.159 |
| 5:55-3rd |  | 83 | 74 | 0.849 | 0.151 |
| 5:50-3rd |  | 83 | 74 | 0.821 | 0.179 |
| 5:36-3rd |  | 83 | 76 | 0.797 | 0.203 |
| 5:26-3rd |  | 83 | 76 | 0.765 | 0.235 |
| 5:10-3rd |  | 83 | 76 | 0.791 | 0.209 |
| 5:06-3rd |  | 83 | 76 | 0.767 | 0.233 |
| 5:05-3rd |  | 83 | 76 | 0.792 | 0.208 |
| 5:02-3rd |  | 83 | 76 | 0.767 | 0.233 |
| 4:51-3rd |  | 83 | 76 | 0.793 | 0.207 |
| 4:48-3rd |  | 83 | 76 | 0.802 | 0.198 |
| 4:40-3rd |  | 83 | 76 | 0.778 | 0.222 |
| 4:39-3rd |  | 83 | 76 | 0.769 | 0.231 |
| 4:33-3rd |  | 83 | 76 | 0.795 | 0.205 |
| 4:31-3rd |  | 83 | 76 | 0.803 | 0.197 |
| 4:28-3rd |  | 83 | 76 | 0.803 | 0.197 |
| 4:08-3rd |  | 83 | 76 | 0.78 | 0.22 |
| 4:05-3rd |  | 83 | 76 | 0.806 | 0.194 |
| 4:01-3rd |  | 83 | 76 | 0.781 | 0.219 |
| 3:58-3rd |  | 83 | 76 | 0.806 | 0.194 |
| 3:54-3rd |  | 83 | 76 | 0.782 | 0.218 |
| 3:52-3rd |  | 83 | 76 | 0.773 | 0.227 |
| 3:45-3rd |  | 83 | 76 | 0.808 | 0.192 |
| 3:43-3rd |  | 84 | 76 | 0.809 | 0.191 |
| 3:41-3rd |  | 84 | 76 | 0.81 | 0.19 |
| 3:25-3rd |  | 84 | 76 | 0.831 | 0.169 |
| 3:21-3rd |  | 84 | 76 | 0.838 | 0.162 |
| 3:18-3rd |  | 84 | 76 | 0.812 | 0.188 |
| 3:04-3rd |  | 86 | 78 | 0.84 | 0.16 |
| 2:51-3rd |  | 86 | 78 | 0.822 | 0.178 |
| 2:47-3rd |  | 86 | 78 | 0.842 | 0.158 |
| 2:46-3rd |  | 88 | 78 | 0.869 | 0.131 |
| 2:33-3rd |  | 88 | 80 | 0.844 | 0.156 |
| 2:14-3rd |  | 91 | 80 | 0.893 | 0.107 |
| 1:58-3rd |  | 91 | 80 | 0.91 | 0.09 |
| 1:56-3rd |  | 91 | 80 | 0.895 | 0.105 |
| 1:54-3rd |  | 91 | 80 | 0.916 | 0.084 |
| 1:49-3rd |  | 91 | 80 | 0.901 | 0.099 |
| 1:46-3rd |  | 91 | 80 | 0.896 | 0.104 |
| 1:40-3rd |  | 91 | 82 | 0.879 | 0.121 |
| 1:23-3rd |  | 93 | 82 | 0.899 | 0.101 |
| 1:04-3rd |  | 93 | 82 | 0.917 | 0.083 |
| 1:02-3rd |  | 93 | 82 | 0.922 | 0.078 |
| 56.0-3rd |  | 93 | 82 | 0.907 | 0.093 |
| 53.1-3rd |  | 93 | 82 | 0.903 | 0.097 |
| 44.1-3rd |  | 93 | 82 | 0.919 | 0.081 |
| 44.0-3rd |  | 93 | 82 | 0.904 | 0.096 |
| 41.0-3rd |  | 93 | 82 | 0.924 | 0.076 |
| 33.1-3rd |  | 93 | 82 | 0.91 | 0.09 |
| 30.0-3rd |  | 93 | 82 | 0.905 | 0.095 |
| 22.1-3rd |  | 93 | 82 | 0.921 | 0.079 |
| 18.1-3rd |  | 93 | 82 | 0.909 | 0.091 |
| 8.1-3rd |  | 93 | 82 | 0.923 | 0.077 |
| 5.1-3rd |  | 93 | 82 | 0.926 | 0.074 |
| 3.1-3rd |  | 93 | 82 | 0.926 | 0.074 |
| 0.0-3rd |  | 93 | 82 | 0.92 | 0.08 |
| 12:00-4th |  | 93 | 82 | 0.92 | 0.08 |
| 11:49-4th |  | 93 | 82 | 0.92 | 0.08 |
| 11:47-4th |  | 94 | 82 | 0.934 | 0.066 |
| 11:31-4th |  | 94 | 82 | 0.93 | 0.07 |
| 11:25-4th |  | 94 | 82 | 0.946 | 0.054 |
| 11:22-4th |  | 94 | 82 | 0.951 | 0.049 |
| 11:12-4th |  | 96 | 82 | 0.963 | 0.037 |
| 11:00-4th |  | 96 | 85 | 0.939 | 0.061 |
| 10:46-4th |  | 98 | 85 | 0.953 | 0.047 |
| 10:32-4th |  | 98 | 85 | 0.963 | 0.037 |
| 10:31-4th |  | 98 | 85 | 0.966 | 0.034 |
| 10:29-4th |  | 98 | 85 | 0.954 | 0.046 |
| 10:23-4th |  | 98 | 87 | 0.943 | 0.057 |
| 10:05-4th |  | 98 | 87 | 0.932 | 0.068 |
| 10:03-4th |  | 98 | 87 | 0.928 | 0.072 |
| 9:43-4th |  | 98 | 90 | 0.888 | 0.112 |
| 9:25-4th |  | 98 | 90 | 0.897 | 0.103 |
| 9:24-4th |  | 98 | 90 | 0.862 | 0.138 |
| 9:12-4th |  | 98 | 92 | 0.834 | 0.166 |
| 8:50-4th |  | 98 | 92 | 0.806 | 0.194 |
| 8:48-4th |  | 98 | 92 | 0.837 | 0.163 |
| 8:45-4th |  | 98 | 92 | 0.806 | 0.194 |
| 8:43-4th |  | 98 | 92 | 0.796 | 0.204 |
| 8:37-4th |  | 98 | 95 | 0.711 | 0.289 |
| 8:23-4th |  | 98 | 95 | 0.713 | 0.287 |
| 8:22-4th |  | 100 | 95 | 0.758 | 0.242 |
| 8:05-4th |  | 100 | 95 | 0.792 | 0.208 |
| 8:03-4th |  | 100 | 95 | 0.804 | 0.196 |
| 7:42-4th |  | 102 | 95 | 0.848 | 0.152 |
| 7:30-4th |  | 102 | 95 | 0.886 | 0.114 |
| 7:23-4th |  | 102 | 95 | 0.861 | 0.139 |
| 7:20-4th |  | 102 | 95 | 0.853 | 0.147 |
| 7:16-4th |  | 102 | 98 | 0.774 | 0.226 |
| 6:54-4th |  | 102 | 98 | 0.775 | 0.225 |
| 6:47-4th |  | 102 | 98 | 0.739 | 0.261 |
| 6:45-4th |  | 102 | 98 | 0.726 | 0.274 |
| 6:32-4th |  | 102 | 101 | 0.613 | 0.387 |
| 6:07-4th |  | 102 | 101 | 0.564 | 0.436 |
| 6:04-4th |  | 102 | 101 | 0.547 | 0.453 |
| 5:56-4th |  | 102 | 101 | 0.599 | 0.401 |
| 5:54-4th |  | 102 | 101 | 0.616 | 0.384 |
| 5:40-4th |  | 102 | 101 | 0.565 | 0.435 |
| 5:38-4th |  | 102 | 101 | 0.547 | 0.453 |
| 5:33-4th |  | 102 | 103 | 0.478 | 0.522 |
| 5:22-4th |  | 104 | 103 | 0.548 | 0.452 |
| 5:05-4th |  | 104 | 103 | 0.602 | 0.398 |
| 5:03-4th |  | 104 | 103 | 0.62 | 0.38 |
| 4:58-4th |  | 104 | 103 | 0.548 | 0.452 |
| 4:45-4th |  | 104 | 103 | 0.603 | 0.397 |
| 4:43-4th |  | 104 | 103 | 0.622 | 0.378 |
| 4:35-4th |  | 104 | 103 | 0.567 | 0.433 |
| 4:33-4th |  | 104 | 103 | 0.548 | 0.452 |
| 4:23-4th |  | 104 | 103 | 0.605 | 0.395 |
| 4:19-4th |  | 104 | 103 | 0.624 | 0.376 |
| 4:09-4th |  | 104 | 103 | 0.549 | 0.451 |
| 3:56-4th |  | 104 | 103 | 0.533 | 0.467 |
| 3:48-4th |  | 104 | 105 | 0.467 | 0.533 |
| 3:33-4th |  | 106 | 105 | 0.55 | 0.45 |
| 3:16-4th |  | 106 | 105 | 0.613 | 0.387 |
| 3:14-4th |  | 106 | 105 | 0.76 | 0.24 |
| 3:03-4th | TARGET | 106 | 105 | 0.588 | 0.412 |
| 2:59-4th |  | 106 | 105 | 0.567 | 0.433 |
| 2:52-4th |  | 106 | 105 | 0.543 | 0.457 |
| 2:37-4th |  | 106 | 107 | 0.483 | 0.517 |
| 2:31-4th |  | 106 | 107 | 0.39 | 0.61 |
| 2:17-4th |  | 106 | 107 | 0.457 | 0.543 |
| 2:14-4th |  | 106 | 107 | 0.481 | 0.519 |
| 2:07-4th |  | 108 | 107 | 0.56 | 0.44 |
| 1:50-4th |  | 108 | 110 | 0.391 | 0.609 |
| 1:39-4th |  | 110 | 110 | 0.487 | 0.513 |
| 1:18-4th |  | 110 | 110 | 0.556 | 0.444 |
| 1:15-4th |  | 110 | 110 | 0.577 | 0.423 |
| 1:00-4th |  | 110 | 110 | 0.517 | 0.483 |
| 59.0-4th |  | 110 | 110 | 0.497 | 0.503 |
| 58.0-4th |  | 110 | 110 | 0.543 | 0.457 |
| 55.0-4th |  | 110 | 110 | 0.459 | 0.541 |
| 54.1-4th |  | 110 | 110 | 0.459 | 0.541 |
| 42.0-4th |  | 110 | 110 | 0.523 | 0.477 |
| 38.2-4th |  | 110 | 110 | 0.458 | 0.542 |
| 27.1-4th |  | 110 | 110 | 0.523 | 0.477 |
| 24.1-4th |  | 110 | 110 | 0.546 | 0.454 |
| 6.1-4th |  | 110 | 110 | 0.484 | 0.516 |
| 4.1-4th |  | 110 | 110 | 0.478 | 0.522 |
| 1.0-4th |  | 110 | 110 | 0.503 | 0.497 |
| 0.1-4th |  | 110 | 110 | 0.499 | 0.501 |
| 0.0-4th |  | 110 | 110 | 0.5 | 0.5 |
| 5:00-OT |  | 110 | 110 | 0.5 | 0.5 |
| 4:49-OT |  | 110 | 110 | 0.517 | 0.483 |
| 4:46-OT |  | 110 | 110 | 0.534 | 0.466 |
| 4:43-OT |  | 110 | 110 | 0.464 | 0.536 |
| 4:35-OT |  | 110 | 110 | 0.534 | 0.466 |
| 4:22-OT |  | 110 | 110 | 0.545 | 0.455 |
| 4:16-OT |  | 112 | 110 | 0.613 | 0.387 |
| 3:55-OT |  | 112 | 110 | 0.672 | 0.328 |
| 3:53-OT |  | 112 | 110 | 0.692 | 0.308 |
| 3:50-OT |  | 112 | 110 | 0.636 | 0.364 |
| 3:48-OT |  | 112 | 110 | 0.617 | 0.383 |
| 3:41-OT |  | 112 | 110 | 0.676 | 0.324 |
| 3:38-OT |  | 112 | 110 | 0.696 | 0.304 |
| 3:19-OT |  | 112 | 110 | 0.624 | 0.376 |
| 3:03-OT |  | 112 | 110 | 0.686 | 0.314 |
| 3:01-OT |  | 112 | 110 | 0.628 | 0.372 |
| 2:58-OT |  | 112 | 113 | 0.457 | 0.543 |
| 2:34-OT |  | 112 | 113 | 0.392 | 0.608 |
| 2:32-OT |  | 112 | 113 | 0.369 | 0.631 |
| 2:15-OT |  | 112 | 113 | 0.439 | 0.561 |
| 2:14-OT |  | 112 | 113 | 0.464 | 0.536 |
| 2:02-OT |  | 112 | 113 | 0.388 | 0.612 |
| 1:59-OT |  | 112 | 113 | 0.361 | 0.639 |
| 1:43-OT |  | 112 | 115 | 0.253 | 0.747 |
| 1:36-OT |  | 112 | 115 | 0.189 | 0.811 |
| 1:33-OT |  | 112 | 115 | 0.246 | 0.754 |
| 1:26-OT |  | 112 | 115 | 0.161 | 0.839 |
| 1:07-OT |  | 112 | 117 | 0.102 | 0.898 |
| 1:02-OT |  | 114 | 117 | 0.141 | 0.859 |
| 47.0-OT |  | 114 | 117 | 0.196 | 0.804 |
| 42.1-OT |  | 114 | 117 | 0.216 | 0.784 |
| 32.0-OT |  | 114 | 117 | 0.141 | 0.859 |
| 30.0-OT |  | 114 | 117 | 0.116 | 0.884 |
| 12.1-OT |  | 114 | 117 | 0.14 | 0.86 |
| 8.1-OT |  | 114 | 119 | 0.026 | 0.974 |
| 3.0-OT |  | 114 | 119 | 0.005 | 0.995 |
| 0.1-OT |  | 114 | 119 | 0.001 | 0.999 |
| 0.0-OT |  | 114 | 119 | 0.0 | 1.0 |

Question

Which event most likely happened at the marked missing position?

Answer Choices

A. Player 3 (Team B) makes 20-foot step back jumpshot
B. Player 3 (Team B) bad pass (Player 12 (Team B) steals)
C. Player 4 (Team A) bad pass (Player 6 (Team B) steals)
D. Player 2 (Team A) misses 29-foot three point jumper

Response Format

Return exactly one JSON object:

{
  "answer": "<A|B|C|D>",
  "rationale": "<brief evidence-based justification in 1-3 sentences>",
  "evidence_event_ids": [],
  "evidence_series_times": []
}

Use only event IDs and time labels that are provided above and that support the answer. Use an empty array when the corresponding evidence type is unavailable or unused. Return only the JSON object.
