Task

Reconstruct the missing event in this basketball game. Use the available numerical time-series evidence around the marked row to select the most likely event.

Game

Team A versus Team B, season 22-23.

Time Series

| Game time | Marker | Team A score | Team B score | Team A win probability | Team B win probability |
| --- | --- | --- | --- | --- | --- |
| 12:00-1st |  | 0 | 0 | 0.678 | 0.322 |
| 11:36-1st |  | 0 | 0 | 0.664 | 0.336 |
| 11:35-1st |  | 0 | 0 | 0.659 | 0.341 |
| 11:16-1st |  | 0 | 2 | 0.631 | 0.369 |
| 10:54-1st |  | 3 | 2 | 0.677 | 0.323 |
| 10:42-1st |  | 3 | 4 | 0.654 | 0.346 |
| 10:28-1st |  | 3 | 4 | 0.632 | 0.368 |
| 10:25-1st |  | 3 | 4 | 0.625 | 0.375 |
| 10:19-1st |  | 3 | 4 | 0.646 | 0.354 |
| 10:16-1st |  | 3 | 4 | 0.653 | 0.347 |
| 10:07-1st |  | 3 | 4 | 0.631 | 0.369 |
| 10:05-1st |  | 3 | 4 | 0.624 | 0.376 |
| 9:58-1st |  | 3 | 6 | 0.604 | 0.396 |
| 9:33-1st |  | 5 | 6 | 0.622 | 0.378 |
| 9:19-1st |  | 5 | 8 | 0.602 | 0.398 |
| 9:07-1st |  | 5 | 8 | 0.58 | 0.42 |
| 9:04-1st |  | 5 | 8 | 0.573 | 0.427 |
| 9:00-1st |  | 5 | 8 | 0.593 | 0.407 |
| 8:59-1st |  | 5 | 9 | 0.575 | 0.425 |
| 8:41-1st |  | 5 | 9 | 0.554 | 0.446 |
| 8:39-1st |  | 5 | 9 | 0.573 | 0.427 |
| 8:36-1st |  | 8 | 9 | 0.62 | 0.38 |
| 8:27-1st |  | 8 | 9 | 0.622 | 0.378 |
| 8:12-1st |  | 8 | 9 | 0.646 | 0.354 |
| 7:58-1st |  | 10 | 9 | 0.669 | 0.331 |
| 7:45-1st |  | 10 | 9 | 0.69 | 0.31 |
| 7:36-1st |  | 10 | 9 | 0.674 | 0.326 |
| 7:34-1st |  | 10 | 9 | 0.691 | 0.309 |
| 7:23-1st |  | 12 | 9 | 0.711 | 0.289 |
| 7:07-1st |  | 12 | 12 | 0.666 | 0.334 |
| 6:53-1st |  | 12 | 12 | 0.643 | 0.357 |
| 6:45-1st |  | 12 | 12 | 0.665 | 0.335 |
| 6:19-1st |  | 12 | 12 | 0.646 | 0.354 |
| 6:17-1st |  | 12 | 12 | 0.663 | 0.337 |
| 6:12-1st |  | 12 | 12 | 0.646 | 0.354 |
| 6:09-1st |  | 12 | 12 | 0.64 | 0.36 |
| 6:04-1st |  | 12 | 12 | 0.657 | 0.343 |
| 6:02-1st |  | 12 | 12 | 0.663 | 0.337 |
| 5:52-1st |  | 15 | 12 | 0.708 | 0.292 |
| 5:36-1st |  | 15 | 12 | 0.725 | 0.275 |
| 5:33-1st |  | 15 | 12 | 0.731 | 0.269 |
| 5:29-1st |  | 15 | 12 | 0.713 | 0.287 |
| 5:26-1st |  | 15 | 12 | 0.708 | 0.292 |
| 5:23-1st |  | 15 | 12 | 0.73 | 0.27 |
| 5:18-1st |  | 17 | 12 | 0.749 | 0.251 |
| 5:00-1st |  | 17 | 12 | 0.749 | 0.251 |
| 4:54-1st |  | 17 | 14 | 0.729 | 0.271 |
| 4:40-1st |  | 19 | 14 | 0.75 | 0.25 |
| 4:37-1st |  | 19 | 14 | 0.749 | 0.251 |
| 4:14-1st |  | 19 | 16 | 0.728 | 0.272 |
| 3:53-1st |  | 20 | 16 | 0.726 | 0.274 |
| 3:39-1st |  | 20 | 16 | 0.743 | 0.257 |
| 3:36-1st |  | 20 | 16 | 0.749 | 0.251 |
| 3:26-1st |  | 20 | 16 | 0.731 | 0.269 |
| 3:24-1st |  | 20 | 16 | 0.726 | 0.274 |
| 3:19-1st |  | 20 | 16 | 0.742 | 0.258 |
| 3:18-1st |  | 20 | 16 | 0.726 | 0.274 |
| 3:17-1st |  | 20 | 18 | 0.701 | 0.299 |
| 3:00-1st |  | 20 | 18 | 0.683 | 0.317 |
| 2:56-1st |  | 22 | 18 | 0.725 | 0.275 |
| 2:46-1st |  | 22 | 18 | 0.742 | 0.258 |
| 2:42-1st |  | 22 | 18 | 0.747 | 0.253 |
| 2:41-1st |  | 22 | 18 | 0.73 | 0.27 |
| 2:38-1st |  | 22 | 18 | 0.747 | 0.253 |
| 2:36-1st |  | 22 | 18 | 0.725 | 0.275 |
| 2:19-1st |  | 22 | 20 | 0.699 | 0.301 |
| 2:08-1st |  | 22 | 20 | 0.681 | 0.319 |
| 2:05-1st |  | 22 | 20 | 0.675 | 0.325 |
| 1:59-1st |  | 22 | 22 | 0.649 | 0.351 |
| 1:45-1st |  | 22 | 22 | 0.687 | 0.313 |
| 1:33-1st |  | 22 | 22 | 0.628 | 0.372 |
| 1:29-1st |  | 22 | 22 | 0.621 | 0.379 |
| 1:21-1st |  | 22 | 24 | 0.591 | 0.409 |
| 1:10-1st |  | 22 | 24 | 0.57 | 0.43 |
| 1:05-1st |  | 22 | 24 | 0.57 | 0.43 |
| 1:04-1st |  | 22 | 24 | 0.563 | 0.437 |
| 59.0-1st |  | 22 | 27 | 0.507 | 0.493 |
| 49.1-1st |  | 25 | 27 | 0.562 | 0.438 |
| 36.1-1st |  | 25 | 27 | 0.521 | 0.479 |
| 35.1-1st |  | 25 | 27 | 0.589 | 0.411 |
| 30.1-1st |  | 28 | 27 | 0.645 | 0.355 |
| 16.0-1st |  | 28 | 27 | 0.672 | 0.328 |
| 0.1-1st |  | 30 | 27 | 0.694 | 0.306 |
| 0.0-1st |  | 30 | 27 | 0.708 | 0.292 |
| 12:00-2nd |  | 30 | 27 | 0.708 | 0.292 |
| 11:54-2nd |  | 30 | 27 | 0.694 | 0.306 |
| 11:37-2nd |  | 30 | 27 | 0.712 | 0.288 |
| 11:35-2nd |  | 30 | 27 | 0.719 | 0.281 |
| 11:21-2nd |  | 32 | 27 | 0.74 | 0.26 |
| 11:08-2nd |  | 32 | 27 | 0.758 | 0.242 |
| 11:06-2nd |  | 32 | 27 | 0.765 | 0.235 |
| 11:00-2nd |  | 32 | 27 | 0.746 | 0.254 |
| 10:57-2nd |  | 32 | 27 | 0.74 | 0.26 |
| 10:52-2nd | TARGET | 32 | 30 | 0.667 | 0.333 |
| 10:37-2nd |  | 32 | 30 | 0.672 | 0.328 |
| 10:35-2nd |  | 32 | 30 | 0.666 | 0.334 |
| 10:31-2nd |  | 32 | 30 | 0.691 | 0.309 |
| 10:27-2nd |  | 32 | 30 | 0.672 | 0.328 |
| 10:25-2nd |  | 32 | 31 | 0.668 | 0.332 |
| 10:07-2nd |  | 32 | 31 | 0.662 | 0.338 |
| 9:51-2nd |  | 32 | 31 | 0.643 | 0.357 |
| 9:49-2nd |  | 32 | 31 | 0.636 | 0.364 |
| 9:45-2nd |  | 32 | 31 | 0.663 | 0.337 |
| 9:34-2nd |  | 35 | 31 | 0.714 | 0.286 |
| 9:19-2nd |  | 35 | 31 | 0.714 | 0.286 |
| 9:07-2nd |  | 35 | 31 | 0.733 | 0.267 |
| 9:05-2nd |  | 35 | 31 | 0.74 | 0.26 |
| 8:58-2nd |  | 37 | 31 | 0.76 | 0.24 |
| 8:45-2nd |  | 37 | 31 | 0.777 | 0.223 |
| 8:42-2nd |  | 37 | 31 | 0.725 | 0.275 |
| 8:34-2nd |  | 37 | 31 | 0.782 | 0.218 |
| 8:21-2nd |  | 39 | 31 | 0.805 | 0.195 |
| 8:11-2nd |  | 39 | 31 | 0.826 | 0.174 |
| 7:54-2nd |  | 42 | 31 | 0.86 | 0.14 |
| 7:37-2nd |  | 42 | 33 | 0.842 | 0.158 |
| 7:18-2nd |  | 42 | 33 | 0.829 | 0.171 |
| 7:13-2nd |  | 42 | 33 | 0.825 | 0.175 |
| 7:11-2nd |  | 42 | 35 | 0.806 | 0.194 |
| 7:03-2nd |  | 45 | 35 | 0.841 | 0.159 |
| 6:48-2nd |  | 45 | 38 | 0.806 | 0.194 |
| 6:26-2nd |  | 45 | 38 | 0.789 | 0.211 |
| 6:23-2nd |  | 45 | 38 | 0.783 | 0.217 |
| 6:19-2nd |  | 45 | 38 | 0.805 | 0.195 |
| 6:00-2nd |  | 45 | 38 | 0.783 | 0.217 |
| 5:48-2nd |  | 45 | 40 | 0.76 | 0.24 |
| 5:36-2nd |  | 47 | 40 | 0.782 | 0.218 |
| 5:26-2nd |  | 47 | 40 | 0.8 | 0.2 |
| 5:22-2nd |  | 47 | 40 | 0.805 | 0.195 |
| 5:06-2nd |  | 49 | 40 | 0.825 | 0.175 |
| 4:53-2nd |  | 49 | 40 | 0.825 | 0.175 |
| 4:50-2nd |  | 49 | 40 | 0.844 | 0.156 |
| 4:40-2nd |  | 49 | 40 | 0.83 | 0.17 |
| 4:37-2nd |  | 49 | 40 | 0.826 | 0.174 |
| 4:29-2nd |  | 49 | 40 | 0.84 | 0.16 |
| 4:25-2nd |  | 49 | 40 | 0.844 | 0.156 |
| 4:09-2nd |  | 51 | 40 | 0.862 | 0.138 |
| 3:58-2nd |  | 51 | 40 | 0.88 | 0.12 |
| 3:52-2nd |  | 53 | 40 | 0.894 | 0.106 |
| 3:32-2nd |  | 53 | 40 | 0.894 | 0.106 |
| 3:28-2nd |  | 53 | 40 | 0.909 | 0.091 |
| 3:15-2nd |  | 55 | 40 | 0.922 | 0.078 |
| 2:59-2nd |  | 55 | 40 | 0.93 | 0.07 |
| 2:54-2nd |  | 55 | 40 | 0.933 | 0.067 |
| 2:51-2nd |  | 57 | 40 | 0.943 | 0.057 |
| 2:35-2nd |  | 57 | 42 | 0.934 | 0.066 |
| 2:13-2nd |  | 57 | 42 | 0.927 | 0.073 |
| 2:11-2nd |  | 57 | 42 | 0.924 | 0.076 |
| 1:55-2nd |  | 57 | 42 | 0.933 | 0.067 |
| 1:53-2nd |  | 57 | 42 | 0.935 | 0.065 |
| 1:43-2nd |  | 59 | 42 | 0.945 | 0.055 |
| 1:24-2nd |  | 59 | 44 | 0.937 | 0.063 |
| 1:12-2nd |  | 59 | 44 | 0.926 | 0.074 |
| 58.1-2nd |  | 59 | 46 | 0.915 | 0.085 |
| 37.1-2nd |  | 61 | 46 | 0.928 | 0.072 |
| 27.1-2nd |  | 61 | 46 | 0.936 | 0.064 |
| 26.1-2nd |  | 61 | 48 | 0.916 | 0.084 |
| 5.1-2nd |  | 63 | 48 | 0.929 | 0.071 |
| 0.0-2nd |  | 63 | 48 | 0.932 | 0.068 |
| 12:00-3rd |  | 63 | 48 | 0.932 | 0.068 |
| 11:48-3rd |  | 63 | 48 | 0.942 | 0.058 |
| 11:34-3rd |  | 63 | 48 | 0.934 | 0.066 |
| 11:31-3rd |  | 63 | 48 | 0.931 | 0.069 |
| 11:23-3rd |  | 63 | 48 | 0.944 | 0.056 |
| 11:19-3rd |  | 65 | 48 | 0.95 | 0.05 |
| 11:01-3rd |  | 65 | 50 | 0.944 | 0.056 |
| 10:46-3rd |  | 67 | 50 | 0.952 | 0.048 |
| 10:33-3rd |  | 67 | 50 | 0.96 | 0.04 |
| 10:31-3rd |  | 67 | 50 | 0.962 | 0.038 |
| 10:25-3rd |  | 69 | 50 | 0.968 | 0.032 |
| 10:10-3rd |  | 69 | 52 | 0.963 | 0.037 |
| 9:55-3rd |  | 69 | 52 | 0.957 | 0.043 |
| 9:52-3rd |  | 69 | 52 | 0.955 | 0.045 |
| 9:33-3rd |  | 69 | 52 | 0.963 | 0.037 |
| 9:30-3rd |  | 69 | 52 | 0.965 | 0.035 |
| 9:12-3rd |  | 71 | 52 | 0.971 | 0.029 |
| 8:57-3rd |  | 71 | 52 | 0.978 | 0.022 |
| 8:55-3rd |  | 73 | 52 | 0.982 | 0.018 |
| 8:35-3rd |  | 73 | 52 | 0.983 | 0.017 |
| 8:32-3rd |  | 73 | 54 | 0.979 | 0.021 |
| 8:11-3rd |  | 75 | 54 | 0.984 | 0.016 |
| 7:55-3rd |  | 75 | 57 | 0.976 | 0.024 |
| 7:33-3rd |  | 77 | 57 | 0.98 | 0.02 |
| 7:28-3rd |  | 77 | 57 | 0.985 | 0.015 |
| 7:13-3rd |  | 77 | 60 | 0.97 | 0.03 |
| 6:57-3rd |  | 77 | 60 | 0.966 | 0.034 |
| 6:53-3rd |  | 77 | 60 | 0.971 | 0.029 |
| 6:49-3rd |  | 80 | 60 | 0.982 | 0.018 |
| 6:39-3rd |  | 80 | 60 | 0.982 | 0.018 |
| 6:26-3rd |  | 80 | 62 | 0.977 | 0.023 |
| 6:21-3rd |  | 80 | 62 | 0.972 | 0.028 |
| 6:12-3rd |  | 80 | 62 | 0.978 | 0.022 |
| 5:51-3rd |  | 82 | 62 | 0.983 | 0.017 |
| 5:44-3rd |  | 82 | 62 | 0.983 | 0.017 |
| 5:30-3rd |  | 82 | 62 | 0.987 | 0.013 |
| 5:24-3rd |  | 82 | 62 | 0.988 | 0.012 |
| 5:07-3rd |  | 82 | 62 | 0.986 | 0.014 |
| 5:03-3rd |  | 82 | 62 | 0.985 | 0.015 |
| 4:59-3rd |  | 82 | 64 | 0.981 | 0.019 |
| 4:35-3rd |  | 84 | 64 | 0.986 | 0.014 |
| 4:20-3rd |  | 84 | 64 | 0.989 | 0.011 |
| 4:17-3rd |  | 84 | 66 | 0.983 | 0.017 |
| 3:59-3rd |  | 87 | 66 | 0.991 | 0.009 |
| 3:39-3rd |  | 87 | 67 | 0.991 | 0.009 |
| 3:15-3rd |  | 89 | 67 | 0.994 | 0.006 |
| 3:04-3rd |  | 89 | 67 | 0.996 | 0.004 |
| 2:57-3rd |  | 89 | 67 | 0.994 | 0.006 |
| 2:34-3rd |  | 89 | 69 | 0.992 | 0.008 |
| 2:12-3rd |  | 89 | 69 | 0.991 | 0.009 |
| 2:10-3rd |  | 89 | 69 | 0.99 | 0.01 |
| 1:56-3rd |  | 89 | 69 | 0.993 | 0.007 |
| 1:54-3rd |  | 89 | 69 | 0.993 | 0.007 |
| 1:52-3rd |  | 89 | 69 | 0.996 | 0.004 |
| 1:47-3rd |  | 92 | 69 | 0.997 | 0.003 |
| 1:29-3rd |  | 92 | 72 | 0.994 | 0.006 |
| 1:19-3rd |  | 92 | 72 | 0.992 | 0.008 |
| 1:13-3rd |  | 92 | 72 | 0.992 | 0.008 |
| 1:06-3rd |  | 92 | 72 | 0.992 | 0.008 |
| 58.0-3rd |  | 92 | 74 | 0.99 | 0.01 |
| 34.1-3rd |  | 95 | 74 | 0.995 | 0.005 |
| 19.1-3rd |  | 95 | 74 | 0.992 | 0.008 |
| 13.1-3rd |  | 95 | 74 | 0.997 | 0.003 |
| 8.1-3rd |  | 95 | 74 | 0.996 | 0.004 |
| 4.1-3rd |  | 95 | 76 | 0.994 | 0.006 |
| 0.0-3rd |  | 98 | 76 | 0.998 | 0.002 |
| 12:00-4th |  | 98 | 76 | 0.998 | 0.002 |
| 11:45-4th |  | 98 | 76 | 0.997 | 0.003 |
| 11:40-4th |  | 98 | 76 | 0.997 | 0.003 |
| 11:33-4th |  | 98 | 76 | 0.999 | 0.001 |
| 11:23-4th |  | 99 | 76 | 0.999 | 0.001 |
| 11:20-4th |  | 99 | 76 | 0.999 | 0.001 |
| 11:12-4th |  | 99 | 76 | 0.998 | 0.002 |
| 11:00-4th |  | 99 | 76 | 0.999 | 0.001 |
| 10:57-4th |  | 99 | 76 | 0.999 | 0.001 |
| 10:49-4th |  | 99 | 76 | 0.999 | 0.001 |
| 10:46-4th |  | 99 | 76 | 0.999 | 0.001 |
| 10:42-4th |  | 99 | 76 | 0.999 | 0.001 |
| 10:36-4th |  | 102 | 76 | 0.999 | 0.001 |
| 10:17-4th |  | 102 | 76 | 0.999 | 0.001 |
| 10:05-4th |  | 102 | 78 | 0.999 | 0.001 |
| 9:51-4th |  | 102 | 78 | 0.999 | 0.001 |
| 9:47-4th |  | 102 | 78 | 0.999 | 0.001 |
| 9:45-4th |  | 102 | 80 | 0.999 | 0.001 |
| 9:34-4th |  | 104 | 80 | 0.999 | 0.001 |
| 9:15-4th |  | 104 | 82 | 0.999 | 0.001 |
| 8:58-4th |  | 104 | 82 | 0.999 | 0.001 |
| 8:45-4th |  | 104 | 84 | 0.999 | 0.001 |
| 8:30-4th |  | 104 | 84 | 0.998 | 0.002 |
| 8:14-4th |  | 104 | 84 | 0.999 | 0.001 |
| 8:11-4th |  | 104 | 84 | 0.999 | 0.001 |
| 7:56-4th |  | 106 | 84 | 0.999 | 0.001 |
| 7:43-4th |  | 106 | 87 | 0.999 | 0.001 |
| 7:20-4th |  | 106 | 87 | 0.998 | 0.002 |
| 7:18-4th |  | 106 | 87 | 0.998 | 0.002 |
| 6:58-4th |  | 106 | 87 | 0.999 | 0.001 |
| 6:55-4th |  | 106 | 87 | 0.999 | 0.001 |
| 6:50-4th |  | 106 | 87 | 0.998 | 0.002 |
| 6:44-4th |  | 106 | 87 | 0.998 | 0.002 |
| 6:43-4th |  | 106 | 87 | 0.998 | 0.002 |
| 6:35-4th |  | 106 | 89 | 0.997 | 0.003 |
| 6:09-4th |  | 109 | 89 | 0.999 | 0.001 |
| 5:55-4th |  | 109 | 89 | 0.999 | 0.001 |
| 5:52-4th |  | 109 | 89 | 0.999 | 0.001 |
| 5:44-4th |  | 109 | 89 | 0.999 | 0.001 |
| 5:42-4th |  | 109 | 89 | 0.999 | 0.001 |
| 5:40-4th |  | 109 | 91 | 0.999 | 0.001 |
| 5:24-4th |  | 111 | 91 | 0.999 | 0.001 |
| 5:07-4th |  | 111 | 93 | 0.999 | 0.001 |
| 4:40-4th |  | 114 | 93 | 0.999 | 0.001 |
| 4:20-4th |  | 114 | 95 | 0.999 | 0.001 |
| 4:07-4th |  | 116 | 95 | 0.999 | 0.001 |
| 3:46-4th |  | 116 | 95 | 0.999 | 0.001 |
| 3:44-4th |  | 116 | 95 | 0.999 | 0.001 |
| 3:26-4th |  | 116 | 95 | 0.999 | 0.001 |
| 3:12-4th |  | 116 | 95 | 0.999 | 0.001 |
| 3:07-4th |  | 116 | 95 | 0.999 | 0.001 |
| 3:01-4th |  | 116 | 95 | 0.999 | 0.001 |
| 2:56-4th |  | 116 | 95 | 0.999 | 0.001 |
| 2:53-4th |  | 116 | 95 | 0.999 | 0.001 |
| 2:44-4th |  | 116 | 95 | 0.999 | 0.001 |
| 2:38-4th |  | 116 | 95 | 0.999 | 0.001 |
| 2:32-4th |  | 116 | 98 | 0.999 | 0.001 |
| 2:08-4th |  | 116 | 98 | 0.999 | 0.001 |
| 2:04-4th |  | 116 | 98 | 0.999 | 0.001 |
| 2:02-4th |  | 116 | 98 | 0.999 | 0.001 |
| 1:59-4th |  | 116 | 98 | 0.999 | 0.001 |
| 1:53-4th |  | 116 | 100 | 0.999 | 0.001 |
| 1:43-4th |  | 118 | 100 | 0.999 | 0.001 |
| 1:25-4th |  | 118 | 100 | 0.999 | 0.001 |
| 1:24-4th |  | 118 | 100 | 0.999 | 0.001 |
| 1:12-4th |  | 118 | 100 | 0.999 | 0.001 |
| 1:01-4th |  | 118 | 102 | 0.999 | 0.001 |
| 47.1-4th |  | 120 | 102 | 0.999 | 0.001 |
| 32.1-4th |  | 120 | 104 | 0.999 | 0.001 |
| 8.1-4th |  | 120 | 104 | 0.999 | 0.001 |
| 0.0-4th |  | 120 | 104 | 1.0 | 0.0 |

Question

Which event most likely happened at the marked missing position?

Answer Choices

A. Player 5 (Team A) misses 28-foot three point jumper
B. Player 8 (Team B) offensive charge
C. Player 9 (Team B) blocks Player 17 (Team B)'s two point shot
D. Player 15 (Team B) makes dunk (Player 11 (Team B) assists) | J.B. Bickerstaff technical foul (1st technical foul) | Player 10 (Team B) makes technical free throw

Response Format

Return exactly one JSON object:

{
  "answer": "<A|B|C|D>",
  "rationale": "<brief evidence-based justification in 1-3 sentences>",
  "evidence_event_ids": [],
  "evidence_series_times": []
}

Use only event IDs and time labels that are provided above and that support the answer. Use an empty array when the corresponding evidence type is unavailable or unused. Return only the JSON object.
