Task

Reconstruct the missing event in this basketball game. Use the available numerical time-series evidence around the marked row to select the most likely event.

Game

Team A versus Team B, season 22-23.

Time Series

| Game time | Marker | Team A score | Team B score | Team A win probability | Team B win probability |
| --- | --- | --- | --- | --- | --- |
| 12:00-1st |  | 0 | 0 | 0.503 | 0.497 |
| 11:36-1st |  | 0 | 2 | 0.473 | 0.527 |
| 11:24-1st |  | 0 | 2 | 0.473 | 0.527 |
| 11:19-1st |  | 2 | 2 | 0.501 | 0.499 |
| 11:02-1st |  | 2 | 2 | 0.524 | 0.476 |
| 10:43-1st |  | 5 | 2 | 0.576 | 0.424 |
| 10:19-1st |  | 5 | 2 | 0.594 | 0.406 |
| 10:17-1st |  | 5 | 2 | 0.6 | 0.4 |
| 10:10-1st |  | 7 | 2 | 0.623 | 0.377 |
| 9:55-1st |  | 7 | 2 | 0.65 | 0.35 |
| 9:52-1st |  | 10 | 2 | 0.696 | 0.304 |
| 9:37-1st |  | 10 | 2 | 0.713 | 0.287 |
| 9:35-1st |  | 10 | 2 | 0.718 | 0.282 |
| 9:25-1st |  | 10 | 2 | 0.702 | 0.298 |
| 9:23-1st |  | 10 | 2 | 0.697 | 0.303 |
| 9:10-1st |  | 10 | 2 | 0.713 | 0.287 |
| 9:07-1st |  | 10 | 2 | 0.719 | 0.281 |
| 8:59-1st |  | 10 | 2 | 0.703 | 0.297 |
| 8:56-1st |  | 10 | 2 | 0.719 | 0.281 |
| 8:55-1st |  | 10 | 2 | 0.703 | 0.297 |
| 8:53-1st |  | 10 | 2 | 0.697 | 0.303 |
| 8:52-1st |  | 10 | 5 | 0.651 | 0.349 |
| 8:40-1st |  | 10 | 5 | 0.633 | 0.367 |
| 8:38-1st |  | 10 | 5 | 0.627 | 0.373 |
| 8:33-1st |  | 10 | 7 | 0.601 | 0.399 |
| 8:20-1st |  | 10 | 7 | 0.583 | 0.417 |
| 8:17-1st |  | 10 | 7 | 0.577 | 0.423 |
| 7:58-1st |  | 10 | 9 | 0.55 | 0.45 |
| 7:45-1st |  | 13 | 9 | 0.602 | 0.398 |
| 7:27-1st |  | 13 | 12 | 0.55 | 0.45 |
| 7:11-1st |  | 15 | 12 | 0.578 | 0.422 |
| 6:49-1st |  | 15 | 12 | 0.597 | 0.403 |
| 6:45-1st |  | 15 | 12 | 0.603 | 0.397 |
| 6:27-1st |  | 17 | 12 | 0.629 | 0.371 |
| 6:07-1st |  | 17 | 12 | 0.631 | 0.369 |
| 6:02-1st |  | 17 | 14 | 0.603 | 0.397 |
| 5:39-1st |  | 17 | 14 | 0.585 | 0.415 |
| 5:37-1st |  | 17 | 14 | 0.579 | 0.421 |
| 5:28-1st |  | 17 | 16 | 0.551 | 0.449 |
| 5:15-1st |  | 18 | 16 | 0.551 | 0.449 |
| 5:04-1st |  | 18 | 18 | 0.523 | 0.477 |
| 4:51-1st |  | 20 | 18 | 0.551 | 0.449 |
| 4:38-1st |  | 20 | 18 | 0.578 | 0.422 |
| 4:29-1st |  | 20 | 18 | 0.558 | 0.442 |
| 4:22-1st |  | 22 | 18 | 0.604 | 0.396 |
| 4:16-1st |  | 22 | 18 | 0.632 | 0.368 |
| 4:02-1st |  | 25 | 18 | 0.682 | 0.318 |
| 3:41-1st |  | 25 | 18 | 0.702 | 0.298 |
| 3:40-1st |  | 25 | 18 | 0.709 | 0.291 |
| 3:24-1st |  | 27 | 18 | 0.73 | 0.27 |
| 3:22-1st |  | 27 | 18 | 0.73 | 0.27 |
| 3:00-1st |  | 27 | 18 | 0.748 | 0.252 |
| 2:56-1st |  | 27 | 18 | 0.754 | 0.246 |
| 2:44-1st |  | 27 | 18 | 0.732 | 0.268 |
| 2:26-1st |  | 27 | 21 | 0.685 | 0.315 |
| 2:09-1st |  | 29 | 21 | 0.709 | 0.291 |
| 1:52-1st |  | 29 | 23 | 0.687 | 0.313 |
| 1:31-1st |  | 29 | 23 | 0.66 | 0.34 |
| 1:29-1st |  | 29 | 23 | 0.66 | 0.34 |
| 1:15-1st |  | 29 | 25 | 0.635 | 0.365 |
| 58.8-1st |  | 31 | 25 | 0.661 | 0.339 |
| 50.7-1st |  | 31 | 25 | 0.687 | 0.313 |
| 47.7-1st |  | 31 | 25 | 0.668 | 0.332 |
| 46.5-1st |  | 31 | 25 | 0.661 | 0.339 |
| 44.3-1st |  | 31 | 25 | 0.687 | 0.313 |
| 36.5-1st |  | 31 | 25 | 0.661 | 0.339 |
| 33.0-1st |  | 31 | 26 | 0.661 | 0.339 |
| 11.1-1st |  | 31 | 26 | 0.644 | 0.356 |
| 8.8-1st |  | 31 | 26 | 0.639 | 0.361 |
| 0.3-1st |  | 31 | 26 | 0.635 | 0.365 |
| 0.0-1st |  | 31 | 26 | 0.649 | 0.351 |
| 12:00-2nd |  | 31 | 26 | 0.649 | 0.351 |
| 11:38-2nd |  | 31 | 26 | 0.645 | 0.355 |
| 11:35-2nd |  | 31 | 26 | 0.637 | 0.363 |
| 11:22-2nd |  | 31 | 28 | 0.612 | 0.388 |
| 11:05-2nd |  | 31 | 28 | 0.612 | 0.388 |
| 10:58-2nd |  | 31 | 28 | 0.582 | 0.418 |
| 10:51-2nd |  | 31 | 29 | 0.582 | 0.418 |
| 10:32-2nd | TARGET | 34 | 29 | 0.639 | 0.361 |
| 10:11-2nd |  | 34 | 29 | 0.668 | 0.332 |
| 10:06-2nd |  | 34 | 29 | 0.668 | 0.332 |
| 9:57-2nd |  | 37 | 29 | 0.719 | 0.281 |
| 9:41-2nd |  | 37 | 29 | 0.739 | 0.261 |
| 9:39-2nd |  | 37 | 29 | 0.746 | 0.254 |
| 9:28-2nd |  | 37 | 29 | 0.726 | 0.274 |
| 9:25-2nd |  | 37 | 29 | 0.72 | 0.28 |
| 9:14-2nd |  | 37 | 31 | 0.699 | 0.301 |
| 9:11-2nd |  | 37 | 31 | 0.695 | 0.305 |
| 8:55-2nd |  | 37 | 31 | 0.676 | 0.324 |
| 8:52-2nd |  | 37 | 31 | 0.698 | 0.302 |
| 8:49-2nd |  | 39 | 31 | 0.723 | 0.277 |
| 8:24-2nd |  | 39 | 31 | 0.749 | 0.251 |
| 8:03-2nd |  | 39 | 31 | 0.731 | 0.269 |
| 8:00-2nd |  | 41 | 31 | 0.773 | 0.227 |
| 7:52-2nd |  | 41 | 33 | 0.751 | 0.249 |
| 7:40-2nd |  | 43 | 33 | 0.775 | 0.225 |
| 7:11-2nd |  | 43 | 33 | 0.795 | 0.205 |
| 7:10-2nd |  | 43 | 33 | 0.801 | 0.199 |
| 7:04-2nd |  | 45 | 33 | 0.82 | 0.18 |
| 7:03-2nd |  | 45 | 33 | 0.82 | 0.18 |
| 6:43-2nd |  | 45 | 36 | 0.78 | 0.22 |
| 6:26-2nd |  | 45 | 36 | 0.754 | 0.246 |
| 6:16-2nd |  | 45 | 38 | 0.732 | 0.268 |
| 6:00-2nd |  | 48 | 38 | 0.781 | 0.219 |
| 5:44-2nd |  | 48 | 40 | 0.759 | 0.241 |
| 5:34-2nd |  | 48 | 40 | 0.74 | 0.26 |
| 5:30-2nd |  | 48 | 40 | 0.733 | 0.267 |
| 5:26-2nd |  | 48 | 40 | 0.76 | 0.24 |
| 5:22-2nd |  | 48 | 40 | 0.74 | 0.26 |
| 5:19-2nd |  | 48 | 40 | 0.76 | 0.24 |
| 5:11-2nd |  | 48 | 40 | 0.734 | 0.266 |
| 4:56-2nd |  | 48 | 40 | 0.755 | 0.245 |
| 4:54-2nd |  | 48 | 40 | 0.762 | 0.238 |
| 4:44-2nd |  | 48 | 40 | 0.742 | 0.258 |
| 4:42-2nd |  | 48 | 40 | 0.736 | 0.264 |
| 4:39-2nd |  | 48 | 42 | 0.706 | 0.294 |
| 4:23-2nd |  | 50 | 42 | 0.737 | 0.263 |
| 3:58-2nd |  | 50 | 44 | 0.708 | 0.292 |
| 3:43-2nd |  | 53 | 44 | 0.763 | 0.237 |
| 3:31-2nd |  | 53 | 44 | 0.785 | 0.215 |
| 3:28-2nd |  | 53 | 44 | 0.792 | 0.208 |
| 3:20-2nd |  | 53 | 44 | 0.772 | 0.228 |
| 3:17-2nd |  | 53 | 44 | 0.765 | 0.235 |
| 3:11-2nd |  | 53 | 46 | 0.741 | 0.259 |
| 3:04-2nd |  | 53 | 46 | 0.741 | 0.259 |
| 2:58-2nd |  | 53 | 46 | 0.721 | 0.279 |
| 2:52-2nd |  | 55 | 46 | 0.767 | 0.233 |
| 2:42-2nd |  | 55 | 47 | 0.77 | 0.23 |
| 2:31-2nd |  | 58 | 47 | 0.816 | 0.184 |
| 2:24-2nd |  | 58 | 48 | 0.818 | 0.182 |
| 2:10-2nd |  | 60 | 48 | 0.842 | 0.158 |
| 1:47-2nd |  | 60 | 50 | 0.821 | 0.179 |
| 1:33-2nd |  | 60 | 50 | 0.804 | 0.196 |
| 1:31-2nd |  | 60 | 50 | 0.799 | 0.201 |
| 1:19-2nd |  | 60 | 50 | 0.823 | 0.177 |
| 1:10-2nd |  | 62 | 50 | 0.846 | 0.154 |
| 48.7-2nd |  | 62 | 52 | 0.826 | 0.174 |
| 31.1-2nd |  | 64 | 52 | 0.849 | 0.151 |
| 17.0-2nd |  | 64 | 52 | 0.869 | 0.131 |
| 1.9-2nd |  | 64 | 52 | 0.855 | 0.145 |
| 0.8-2nd |  | 64 | 52 | 0.866 | 0.134 |
| 0.0-2nd |  | 64 | 52 | 0.856 | 0.144 |
| 12:00-3rd |  | 64 | 52 | 0.856 | 0.144 |
| 11:50-3rd |  | 64 | 52 | 0.87 | 0.13 |
| 11:36-3rd |  | 66 | 52 | 0.889 | 0.111 |
| 11:14-3rd |  | 66 | 54 | 0.874 | 0.126 |
| 10:53-3rd |  | 66 | 54 | 0.857 | 0.143 |
| 10:32-3rd |  | 66 | 56 | 0.837 | 0.163 |
| 10:16-3rd |  | 66 | 56 | 0.82 | 0.18 |
| 10:13-3rd |  | 66 | 56 | 0.814 | 0.186 |
| 9:58-3rd |  | 66 | 59 | 0.764 | 0.236 |
| 9:57-3rd |  | 66 | 59 | 0.765 | 0.235 |
| 9:39-3rd |  | 68 | 59 | 0.791 | 0.209 |
| 9:19-3rd |  | 68 | 61 | 0.767 | 0.233 |
| 9:05-3rd |  | 68 | 61 | 0.745 | 0.255 |
| 9:04-3rd |  | 68 | 61 | 0.736 | 0.264 |
| 8:55-3rd |  | 68 | 61 | 0.761 | 0.239 |
| 8:52-3rd |  | 68 | 61 | 0.769 | 0.231 |
| 8:44-3rd |  | 71 | 61 | 0.822 | 0.178 |
| 8:26-3rd |  | 71 | 61 | 0.825 | 0.175 |
| 8:14-3rd |  | 71 | 61 | 0.844 | 0.156 |
| 8:12-3rd |  | 71 | 61 | 0.85 | 0.15 |
| 8:04-3rd |  | 71 | 61 | 0.847 | 0.153 |
| 7:58-3rd |  | 71 | 61 | 0.824 | 0.176 |
| 7:49-3rd |  | 71 | 63 | 0.8 | 0.2 |
| 7:32-3rd |  | 72 | 63 | 0.801 | 0.199 |
| 7:12-3rd |  | 72 | 63 | 0.831 | 0.169 |
| 7:09-3rd |  | 72 | 63 | 0.832 | 0.168 |
| 6:54-3rd |  | 74 | 63 | 0.855 | 0.145 |
| 6:36-3rd |  | 74 | 63 | 0.874 | 0.126 |
| 6:34-3rd |  | 74 | 63 | 0.88 | 0.12 |
| 6:24-3rd |  | 74 | 63 | 0.881 | 0.119 |
| 6:16-3rd |  | 74 | 63 | 0.86 | 0.14 |
| 6:14-3rd |  | 74 | 63 | 0.86 | 0.14 |
| 5:59-3rd |  | 74 | 63 | 0.878 | 0.122 |
| 5:56-3rd |  | 74 | 63 | 0.884 | 0.116 |
| 5:51-3rd |  | 74 | 63 | 0.868 | 0.132 |
| 5:48-3rd |  | 76 | 63 | 0.903 | 0.097 |
| 5:27-3rd |  | 76 | 65 | 0.887 | 0.113 |
| 5:02-3rd |  | 78 | 65 | 0.908 | 0.092 |
| 4:44-3rd |  | 78 | 65 | 0.922 | 0.078 |
| 4:40-3rd |  | 78 | 65 | 0.91 | 0.09 |
| 4:36-3rd |  | 78 | 65 | 0.923 | 0.077 |
| 4:33-3rd |  | 78 | 65 | 0.927 | 0.073 |
| 4:28-3rd |  | 81 | 65 | 0.951 | 0.049 |
| 4:14-3rd |  | 81 | 65 | 0.961 | 0.039 |
| 4:10-3rd |  | 81 | 65 | 0.964 | 0.036 |
| 4:03-3rd |  | 81 | 65 | 0.956 | 0.044 |
| 4:00-3rd |  | 81 | 65 | 0.954 | 0.046 |
| 3:46-3rd |  | 81 | 68 | 0.932 | 0.068 |
| 3:21-3rd |  | 81 | 68 | 0.923 | 0.077 |
| 3:20-3rd |  | 81 | 68 | 0.919 | 0.081 |
| 3:01-3rd |  | 81 | 68 | 0.933 | 0.067 |
| 2:58-3rd |  | 81 | 68 | 0.937 | 0.063 |
| 2:53-3rd |  | 81 | 68 | 0.938 | 0.062 |
| 2:41-3rd |  | 81 | 68 | 0.927 | 0.073 |
| 2:40-3rd |  | 83 | 68 | 0.952 | 0.048 |
| 2:29-3rd |  | 83 | 68 | 0.932 | 0.068 |
| 2:14-3rd |  | 83 | 68 | 0.96 | 0.04 |
| 2:11-3rd |  | 83 | 68 | 0.963 | 0.037 |
| 2:05-3rd |  | 85 | 68 | 0.972 | 0.028 |
| 1:56-3rd |  | 85 | 71 | 0.957 | 0.043 |
| 1:35-3rd |  | 85 | 71 | 0.949 | 0.051 |
| 1:33-3rd |  | 85 | 71 | 0.946 | 0.054 |
| 1:28-3rd |  | 85 | 74 | 0.915 | 0.085 |
| 1:26-3rd |  | 85 | 74 | 0.915 | 0.085 |
| 1:07-3rd |  | 87 | 74 | 0.934 | 0.066 |
| 53.5-3rd |  | 87 | 76 | 0.92 | 0.08 |
| 37.9-3rd |  | 87 | 76 | 0.906 | 0.094 |
| 34.6-3rd |  | 87 | 76 | 0.901 | 0.099 |
| 30.6-3rd |  | 87 | 77 | 0.905 | 0.095 |
| 18.2-3rd |  | 87 | 77 | 0.889 | 0.111 |
| 15.9-3rd |  | 87 | 77 | 0.883 | 0.117 |
| 1.3-3rd |  | 87 | 77 | 0.903 | 0.097 |
| 1.1-3rd |  | 87 | 77 | 0.885 | 0.115 |
| 0.0-3rd |  | 87 | 77 | 0.896 | 0.104 |
| 12:00-4th |  | 87 | 77 | 0.896 | 0.104 |
| 11:47-4th |  | 87 | 77 | 0.881 | 0.119 |
| 11:37-4th |  | 87 | 77 | 0.905 | 0.095 |
| 11:34-4th |  | 87 | 77 | 0.911 | 0.089 |
| 11:14-4th |  | 87 | 77 | 0.897 | 0.103 |
| 11:12-4th |  | 87 | 77 | 0.891 | 0.109 |
| 10:59-4th |  | 87 | 77 | 0.912 | 0.088 |
| 10:57-4th |  | 87 | 77 | 0.913 | 0.087 |
| 10:44-4th |  | 87 | 77 | 0.897 | 0.103 |
| 10:41-4th |  | 87 | 77 | 0.891 | 0.109 |
| 10:28-4th |  | 87 | 79 | 0.87 | 0.13 |
| 10:04-4th |  | 87 | 79 | 0.848 | 0.152 |
| 10:02-4th |  | 87 | 79 | 0.839 | 0.161 |
| 9:56-4th |  | 87 | 80 | 0.837 | 0.163 |
| 9:44-4th |  | 87 | 80 | 0.801 | 0.199 |
| 9:41-4th |  | 87 | 80 | 0.84 | 0.16 |
| 9:28-4th |  | 89 | 80 | 0.871 | 0.129 |
| 9:11-4th |  | 89 | 82 | 0.845 | 0.155 |
| 8:50-4th |  | 91 | 82 | 0.878 | 0.122 |
| 8:33-4th |  | 91 | 82 | 0.902 | 0.098 |
| 8:31-4th |  | 91 | 82 | 0.91 | 0.09 |
| 8:22-4th |  | 94 | 82 | 0.949 | 0.051 |
| 8:20-4th |  | 94 | 82 | 0.949 | 0.051 |
| 8:00-4th |  | 94 | 82 | 0.962 | 0.038 |
| 7:58-4th |  | 94 | 82 | 0.965 | 0.035 |
| 7:50-4th |  | 94 | 82 | 0.968 | 0.032 |
| 7:46-4th |  | 95 | 82 | 0.968 | 0.032 |
| 7:25-4th |  | 95 | 82 | 0.98 | 0.02 |
| 7:17-4th |  | 97 | 82 | 0.986 | 0.014 |
| 6:57-4th |  | 97 | 82 | 0.992 | 0.008 |
| 6:54-4th |  | 99 | 82 | 0.995 | 0.005 |
| 6:51-4th |  | 99 | 82 | 0.997 | 0.003 |
| 6:47-4th |  | 99 | 82 | 0.995 | 0.005 |
| 6:44-4th |  | 99 | 82 | 0.995 | 0.005 |
| 6:43-4th |  | 99 | 84 | 0.992 | 0.008 |
| 6:22-4th |  | 101 | 84 | 0.996 | 0.004 |
| 6:07-4th |  | 101 | 84 | 0.996 | 0.004 |
| 6:02-4th |  | 101 | 84 | 0.997 | 0.003 |
| 5:59-4th |  | 101 | 84 | 0.998 | 0.002 |
| 5:52-4th |  | 103 | 84 | 0.999 | 0.001 |
| 5:39-4th |  | 103 | 84 | 0.999 | 0.001 |
| 5:35-4th |  | 103 | 84 | 0.999 | 0.001 |
| 5:31-4th |  | 103 | 86 | 0.998 | 0.002 |
| 5:18-4th |  | 103 | 86 | 0.998 | 0.002 |
| 5:16-4th |  | 103 | 86 | 0.998 | 0.002 |
| 5:13-4th |  | 103 | 86 | 0.997 | 0.003 |
| 5:12-4th |  | 103 | 88 | 0.996 | 0.004 |
| 5:00-4th |  | 103 | 88 | 0.995 | 0.005 |
| 4:56-4th |  | 105 | 88 | 0.998 | 0.002 |
| 4:45-4th |  | 105 | 88 | 0.999 | 0.001 |
| 4:42-4th |  | 105 | 88 | 0.999 | 0.001 |
| 4:39-4th |  | 105 | 88 | 0.999 | 0.001 |
| 4:34-4th |  | 107 | 88 | 0.999 | 0.001 |
| 4:24-4th |  | 107 | 89 | 0.999 | 0.001 |
| 4:23-4th |  | 107 | 89 | 0.999 | 0.001 |
| 4:01-4th |  | 110 | 89 | 0.999 | 0.001 |
| 3:40-4th |  | 110 | 92 | 0.999 | 0.001 |
| 3:24-4th |  | 112 | 92 | 0.999 | 0.001 |
| 3:03-4th |  | 112 | 95 | 0.999 | 0.001 |
| 2:45-4th |  | 112 | 95 | 0.999 | 0.001 |
| 2:41-4th |  | 114 | 95 | 0.999 | 0.001 |
| 2:23-4th |  | 114 | 95 | 0.999 | 0.001 |
| 2:20-4th |  | 114 | 95 | 0.999 | 0.001 |
| 2:09-4th |  | 114 | 95 | 0.999 | 0.001 |
| 2:08-4th |  | 114 | 95 | 0.999 | 0.001 |
| 2:01-4th |  | 114 | 95 | 0.999 | 0.001 |
| 1:58-4th |  | 114 | 95 | 0.999 | 0.001 |
| 1:33-4th |  | 114 | 95 | 0.999 | 0.001 |
| 1:31-4th |  | 114 | 95 | 0.999 | 0.001 |
| 1:23-4th |  | 114 | 98 | 0.999 | 0.001 |
| 1:05-4th |  | 114 | 98 | 0.999 | 0.001 |
| 1:03-4th |  | 114 | 98 | 0.999 | 0.001 |
| 55.2-4th |  | 114 | 101 | 0.999 | 0.001 |
| 33.6-4th |  | 114 | 101 | 0.999 | 0.001 |
| 30.1-4th |  | 114 | 101 | 0.999 | 0.001 |
| 18.1-4th |  | 114 | 104 | 0.999 | 0.001 |
| 0.0-4th |  | 114 | 104 | 1.0 | 0.0 |

Question

Which event most likely happened at the marked missing position?

Answer Choices

A. Player 10 (Team A) blocks Player 4 (Team A) 's 2-foot two point shot
B. Player 3 (Team B) bad pass (Player 13 (Team B) steals)
C. Player 19 (Team B) misses alley oop layup
D. Player 17 (Team A) makes 25-foot three point jumper (Player 13 (Team A) assists)

Response Format

Return exactly one JSON object:

{
  "answer": "<A|B|C|D>",
  "rationale": "<brief evidence-based justification in 1-3 sentences>",
  "evidence_event_ids": [],
  "evidence_series_times": []
}

Use only event IDs and time labels that are provided above and that support the answer. Use an empty array when the corresponding evidence type is unavailable or unused. Return only the JSON object.
