Task

Reconstruct the missing event in this basketball game. Use the available numerical time-series evidence around the marked row to select the most likely event.

Game

Team A versus Team B, season 22-23.

Time Series

| Game time | Marker | Team A score | Team B score | Team A win probability | Team B win probability |
| --- | --- | --- | --- | --- | --- |
| 12:00-1st |  | 0 | 0 | 0.25 | 0.75 |
| 11:45-1st |  | 0 | 2 | 0.23 | 0.77 |
| 11:34-1st |  | 0 | 2 | 0.214 | 0.786 |
| 11:32-1st |  | 0 | 2 | 0.214 | 0.786 |
| 11:13-1st |  | 0 | 2 | 0.232 | 0.768 |
| 11:02-1st |  | 3 | 2 | 0.271 | 0.729 |
| 10:44-1st |  | 3 | 2 | 0.29 | 0.71 |
| 10:42-1st |  | 3 | 2 | 0.296 | 0.704 |
| 10:29-1st |  | 3 | 2 | 0.279 | 0.721 |
| 10:27-1st |  | 3 | 2 | 0.273 | 0.727 |
| 10:21-1st |  | 3 | 4 | 0.255 | 0.745 |
| 10:08-1st |  | 6 | 4 | 0.297 | 0.703 |
| 9:54-1st |  | 6 | 7 | 0.257 | 0.743 |
| 9:39-1st |  | 6 | 7 | 0.239 | 0.761 |
| 9:34-1st |  | 6 | 7 | 0.253 | 0.747 |
| 9:31-1st |  | 6 | 7 | 0.258 | 0.742 |
| 9:24-1st |  | 6 | 7 | 0.258 | 0.742 |
| 9:19-1st |  | 6 | 7 | 0.245 | 0.755 |
| 9:17-1st |  | 6 | 7 | 0.241 | 0.759 |
| 9:09-1st |  | 6 | 9 | 0.223 | 0.777 |
| 8:51-1st |  | 8 | 9 | 0.242 | 0.758 |
| 8:42-1st |  | 8 | 9 | 0.261 | 0.739 |
| 8:32-1st |  | 9 | 9 | 0.262 | 0.738 |
| 8:30-1st |  | 9 | 9 | 0.262 | 0.738 |
| 8:16-1st |  | 9 | 9 | 0.278 | 0.722 |
| 8:13-1st |  | 9 | 9 | 0.283 | 0.717 |
| 7:58-1st |  | 10 | 9 | 0.287 | 0.713 |
| 7:50-1st |  | 10 | 12 | 0.245 | 0.755 |
| 7:36-1st |  | 10 | 12 | 0.23 | 0.77 |
| 7:34-1st |  | 10 | 12 | 0.225 | 0.775 |
| 7:31-1st |  | 10 | 15 | 0.192 | 0.808 |
| 7:17-1st |  | 12 | 15 | 0.209 | 0.791 |
| 6:49-1st |  | 12 | 15 | 0.225 | 0.775 |
| 6:46-1st |  | 12 | 15 | 0.23 | 0.77 |
| 6:41-1st |  | 12 | 15 | 0.211 | 0.789 |
| 6:29-1st |  | 12 | 15 | 0.231 | 0.769 |
| 6:26-1st |  | 14 | 15 | 0.249 | 0.751 |
| 6:12-1st |  | 14 | 15 | 0.266 | 0.734 |
| 6:09-1st |  | 14 | 15 | 0.271 | 0.729 |
| 6:02-1st |  | 17 | 15 | 0.318 | 0.682 |
| 5:44-1st |  | 17 | 17 | 0.295 | 0.705 |
| 5:35-1st |  | 17 | 17 | 0.274 | 0.726 |
| 5:21-1st |  | 17 | 20 | 0.235 | 0.765 |
| 5:12-1st |  | 17 | 20 | 0.22 | 0.78 |
| 5:09-1st |  | 17 | 20 | 0.215 | 0.785 |
| 5:01-1st |  | 17 | 20 | 0.231 | 0.769 |
| 4:59-1st |  | 17 | 20 | 0.216 | 0.784 |
| 4:50-1st |  | 17 | 23 | 0.182 | 0.818 |
| 4:40-1st |  | 20 | 23 | 0.217 | 0.783 |
| 4:26-1st |  | 20 | 26 | 0.183 | 0.817 |
| 4:18-1st |  | 22 | 26 | 0.199 | 0.801 |
| 4:03-1st |  | 22 | 29 | 0.168 | 0.832 |
| 3:44-1st |  | 24 | 29 | 0.183 | 0.817 |
| 3:34-1st |  | 24 | 29 | 0.202 | 0.798 |
| 3:16-1st |  | 24 | 29 | 0.189 | 0.811 |
| 3:13-1st |  | 24 | 29 | 0.184 | 0.816 |
| 3:01-1st |  | 24 | 29 | 0.199 | 0.801 |
| 2:57-1st |  | 24 | 29 | 0.204 | 0.796 |
| 2:52-1st |  | 24 | 29 | 0.19 | 0.81 |
| 2:49-1st |  | 24 | 29 | 0.185 | 0.815 |
| 2:44-1st |  | 24 | 29 | 0.199 | 0.801 |
| 2:40-1st |  | 24 | 29 | 0.204 | 0.796 |
| 2:34-1st |  | 26 | 29 | 0.224 | 0.776 |
| 2:24-1st |  | 26 | 32 | 0.187 | 0.813 |
| 2:06-1st |  | 29 | 32 | 0.226 | 0.774 |
| 1:56-1st |  | 29 | 32 | 0.199 | 0.801 |
| 1:41-1st |  | 29 | 32 | 0.243 | 0.757 |
| 1:39-1st |  | 29 | 32 | 0.247 | 0.753 |
| 1:27-1st |  | 31 | 32 | 0.266 | 0.734 |
| 1:03-1st |  | 31 | 34 | 0.249 | 0.751 |
| 55.9-1st |  | 31 | 34 | 0.232 | 0.768 |
| 43.8-1st |  | 31 | 35 | 0.229 | 0.771 |
| 42.2-1st |  | 31 | 35 | 0.229 | 0.771 |
| 30.5-1st |  | 33 | 35 | 0.251 | 0.749 |
| 13.1-1st |  | 33 | 35 | 0.269 | 0.731 |
| 9.9-1st |  | 33 | 35 | 0.275 | 0.725 |
| 1.0-1st |  | 33 | 35 | 0.251 | 0.749 |
| 0.0-1st |  | 33 | 35 | 0.266 | 0.734 |
| 12:00-2nd |  | 33 | 35 | 0.266 | 0.734 |
| 11:49-2nd |  | 33 | 35 | 0.258 | 0.742 |
| 11:45-2nd |  | 33 | 35 | 0.252 | 0.748 |
| 11:25-2nd |  | 33 | 35 | 0.277 | 0.723 |
| 11:17-2nd |  | 33 | 35 | 0.255 | 0.745 |
| 11:15-2nd |  | 33 | 35 | 0.255 | 0.745 |
| 11:02-2nd |  | 33 | 38 | 0.214 | 0.786 |
| 10:51-2nd |  | 33 | 38 | 0.199 | 0.801 |
| 10:48-2nd |  | 33 | 38 | 0.193 | 0.807 |
| 10:44-2nd |  | 33 | 38 | 0.215 | 0.785 |
| 10:39-2nd |  | 33 | 38 | 0.199 | 0.801 |
| 10:37-2nd |  | 33 | 38 | 0.194 | 0.806 |
| 10:15-2nd |  | 33 | 38 | 0.211 | 0.789 |
| 10:11-2nd |  | 33 | 38 | 0.216 | 0.784 |
| 9:59-2nd |  | 33 | 38 | 0.201 | 0.799 |
| 9:55-2nd |  | 33 | 38 | 0.196 | 0.804 |
| 9:54-2nd |  | 33 | 38 | 0.196 | 0.804 |
| 9:44-2nd |  | 33 | 40 | 0.179 | 0.821 |
| 9:21-2nd |  | 33 | 40 | 0.165 | 0.835 |
| 9:19-2nd |  | 33 | 40 | 0.16 | 0.84 |
| 8:58-2nd |  | 33 | 40 | 0.175 | 0.825 |
| 8:55-2nd |  | 33 | 40 | 0.18 | 0.82 |
| 8:41-2nd |  | 33 | 40 | 0.165 | 0.835 |
| 8:38-2nd |  | 33 | 40 | 0.16 | 0.84 |
| 8:28-2nd |  | 33 | 40 | 0.16 | 0.84 |
| 8:25-2nd |  | 33 | 40 | 0.18 | 0.82 |
| 8:21-2nd |  | 35 | 40 | 0.199 | 0.801 |
| 8:08-2nd |  | 35 | 42 | 0.181 | 0.819 |
| 7:50-2nd |  | 35 | 42 | 0.166 | 0.834 |
| 7:47-2nd |  | 35 | 42 | 0.161 | 0.839 |
| 7:38-2nd |  | 35 | 42 | 0.181 | 0.819 |
| 7:36-2nd |  | 35 | 42 | 0.181 | 0.819 |
| 7:24-2nd |  | 37 | 42 | 0.201 | 0.799 |
| 7:16-2nd |  | 37 | 42 | 0.201 | 0.799 |
| 7:09-2nd |  | 37 | 44 | 0.183 | 0.817 |
| 6:58-2nd |  | 37 | 44 | 0.167 | 0.833 |
| 6:54-2nd |  | 37 | 44 | 0.162 | 0.838 |
| 6:48-2nd |  | 37 | 47 | 0.13 | 0.87 |
| 6:31-2nd |  | 37 | 47 | 0.119 | 0.881 |
| 6:27-2nd |  | 37 | 47 | 0.119 | 0.881 |
| 6:26-2nd |  | 37 | 47 | 0.115 | 0.885 |
| 6:23-2nd |  | 37 | 47 | 0.127 | 0.873 |
| 6:21-2nd |  | 37 | 47 | 0.13 | 0.87 |
| 6:14-2nd |  | 39 | 47 | 0.146 | 0.854 |
| 5:57-2nd |  | 39 | 49 | 0.13 | 0.87 |
| 5:40-2nd |  | 41 | 49 | 0.146 | 0.854 |
| 5:21-2nd |  | 41 | 49 | 0.165 | 0.835 |
| 5:14-2nd |  | 41 | 49 | 0.16 | 0.84 |
| 5:10-2nd |  | 41 | 49 | 0.165 | 0.835 |
| 5:09-2nd |  | 41 | 49 | 0.146 | 0.854 |
| 5:01-2nd |  | 41 | 49 | 0.166 | 0.834 |
| 4:58-2nd |  | 41 | 49 | 0.166 | 0.834 |
| 4:44-2nd |  | 41 | 49 | 0.151 | 0.849 |
| 4:40-2nd |  | 41 | 49 | 0.147 | 0.853 |
| 4:37-2nd |  | 41 | 49 | 0.161 | 0.839 |
| 4:35-2nd |  | 41 | 49 | 0.166 | 0.834 |
| 4:28-2nd |  | 41 | 49 | 0.147 | 0.853 |
| 4:18-2nd |  | 41 | 49 | 0.161 | 0.839 |
| 4:16-2nd |  | 41 | 49 | 0.166 | 0.834 |
| 4:02-2nd |  | 43 | 49 | 0.186 | 0.814 |
| 3:55-2nd |  | 43 | 49 | 0.208 | 0.792 |
| 3:52-2nd |  | 45 | 49 | 0.23 | 0.77 |
| 3:41-2nd |  | 45 | 49 | 0.255 | 0.745 |
| 3:31-2nd |  | 48 | 49 | 0.309 | 0.691 |
| 3:19-2nd |  | 48 | 51 | 0.284 | 0.716 |
| 3:09-2nd |  | 48 | 51 | 0.264 | 0.736 |
| 3:07-2nd |  | 48 | 51 | 0.257 | 0.743 |
| 3:01-2nd |  | 48 | 51 | 0.278 | 0.722 |
| 3:00-2nd |  | 48 | 51 | 0.22 | 0.78 |
| 2:55-2nd |  | 48 | 51 | 0.287 | 0.713 |
| 2:44-2nd |  | 48 | 51 | 0.266 | 0.734 |
| 2:41-2nd |  | 48 | 51 | 0.259 | 0.741 |
| 2:37-2nd |  | 48 | 53 | 0.234 | 0.766 |
| 2:29-2nd |  | 48 | 53 | 0.214 | 0.786 |
| 2:25-2nd |  | 50 | 53 | 0.26 | 0.74 |
| 2:19-2nd |  | 50 | 55 | 0.234 | 0.766 |
| 2:10-2nd |  | 50 | 55 | 0.208 | 0.792 |
| 1:59-2nd |  | 50 | 55 | 0.208 | 0.792 |
| 1:52-2nd |  | 50 | 55 | 0.228 | 0.772 |
| 1:48-2nd |  | 50 | 55 | 0.235 | 0.765 |
| 1:37-2nd |  | 52 | 55 | 0.261 | 0.739 |
| 1:14-2nd |  | 52 | 55 | 0.284 | 0.716 |
| 1:11-2nd |  | 52 | 55 | 0.291 | 0.709 |
| 57.4-2nd |  | 52 | 55 | 0.27 | 0.73 |
| 56.3-2nd |  | 52 | 55 | 0.262 | 0.738 |
| 48.4-2nd |  | 52 | 59 | 0.188 | 0.812 |
| 32.6-2nd |  | 52 | 59 | 0.172 | 0.828 |
| 29.3-2nd |  | 52 | 59 | 0.166 | 0.834 |
| 10.9-2nd |  | 52 | 60 | 0.168 | 0.832 |
| 9.1-2nd |  | 52 | 60 | 0.147 | 0.853 |
| 2.3-2nd |  | 52 | 63 | 0.113 | 0.887 |
| 0.0-2nd |  | 52 | 63 | 0.106 | 0.894 |
| 12:00-3rd |  | 52 | 63 | 0.106 | 0.894 |
| 11:39-3rd |  | 54 | 63 | 0.126 | 0.874 |
| 11:23-3rd |  | 54 | 63 | 0.143 | 0.857 |
| 11:14-3rd |  | 54 | 63 | 0.13 | 0.87 |
| 11:13-3rd |  | 54 | 63 | 0.126 | 0.874 |
| 11:07-3rd |  | 54 | 63 | 0.139 | 0.861 |
| 11:03-3rd |  | 54 | 63 | 0.143 | 0.857 |
| 11:00-3rd |  | 55 | 63 | 0.145 | 0.855 |
| 10:58-3rd |  | 55 | 63 | 0.145 | 0.855 |
| 10:47-3rd |  | 55 | 63 | 0.145 | 0.855 |
| 10:39-3rd |  | 55 | 66 | 0.11 | 0.89 |
| 10:25-3rd |  | 55 | 66 | 0.094 | 0.906 |
| 10:16-3rd |  | 55 | 66 | 0.109 | 0.891 |
| 10:12-3rd |  | 55 | 66 | 0.097 | 0.903 |
| 10:10-3rd |  | 55 | 66 | 0.093 | 0.907 |
| 10:07-3rd |  | 55 | 66 | 0.105 | 0.895 |
| 10:04-3rd |  | 55 | 66 | 0.109 | 0.891 |
| 9:54-3rd |  | 57 | 66 | 0.124 | 0.876 |
| 9:34-3rd |  | 57 | 66 | 0.139 | 0.861 |
| 9:31-3rd |  | 57 | 66 | 0.124 | 0.876 |
| 9:27-3rd |  | 57 | 66 | 0.139 | 0.861 |
| 9:24-3rd |  | 57 | 66 | 0.144 | 0.856 |
| 9:17-3rd |  | 57 | 66 | 0.129 | 0.871 |
| 9:15-3rd |  | 57 | 66 | 0.123 | 0.877 |
| 9:02-3rd |  | 57 | 68 | 0.107 | 0.893 |
| 8:49-3rd |  | 57 | 68 | 0.094 | 0.906 |
| 8:47-3rd |  | 57 | 68 | 0.09 | 0.91 |
| 8:37-3rd |  | 57 | 68 | 0.102 | 0.898 |
| 8:34-3rd |  | 57 | 68 | 0.106 | 0.894 |
| 8:19-3rd |  | 57 | 68 | 0.093 | 0.907 |
| 8:16-3rd |  | 57 | 68 | 0.089 | 0.911 |
| 8:09-3rd |  | 57 | 71 | 0.063 | 0.937 |
| 7:59-3rd |  | 59 | 71 | 0.075 | 0.925 |
| 7:53-3rd |  | 59 | 71 | 0.088 | 0.912 |
| 7:45-3rd |  | 59 | 74 | 0.051 | 0.949 |
| 7:26-3rd |  | 59 | 74 | 0.044 | 0.956 |
| 7:23-3rd |  | 59 | 74 | 0.042 | 0.958 |
| 7:15-3rd |  | 59 | 76 | 0.034 | 0.966 |
| 7:14-3rd |  | 59 | 74 | 0.05 | 0.95 |
| 7:00-3rd |  | 61 | 76 | 0.041 | 0.959 |
| 6:46-3rd |  | 61 | 78 | 0.033 | 0.967 |
| 6:30-3rd |  | 63 | 78 | 0.04 | 0.96 |
| 6:21-3rd |  | 63 | 78 | 0.045 | 0.955 |
| 6:16-3rd |  | 63 | 78 | 0.047 | 0.953 |
| 6:03-3rd |  | 63 | 78 | 0.041 | 0.959 |
| 6:00-3rd |  | 63 | 78 | 0.039 | 0.961 |
| 5:49-3rd |  | 63 | 81 | 0.025 | 0.975 |
| 5:36-3rd |  | 63 | 81 | 0.02 | 0.98 |
| 5:34-3rd |  | 63 | 81 | 0.019 | 0.981 |
| 5:31-3rd |  | 63 | 81 | 0.023 | 0.977 |
| 5:27-3rd |  | 63 | 81 | 0.024 | 0.976 |
| 5:09-3rd |  | 65 | 81 | 0.03 | 0.97 |
| 4:51-3rd |  | 65 | 83 | 0.023 | 0.977 |
| 4:36-3rd |  | 65 | 83 | 0.018 | 0.982 |
| 4:33-3rd |  | 67 | 83 | 0.028 | 0.972 |
| 4:27-3rd |  | 67 | 86 | 0.017 | 0.983 |
| 4:15-3rd |  | 69 | 86 | 0.02 | 0.98 |
| 4:03-3rd |  | 69 | 86 | 0.021 | 0.979 |
| 3:51-3rd |  | 69 | 86 | 0.024 | 0.976 |
| 3:47-3rd |  | 69 | 86 | 0.026 | 0.974 |
| 3:36-3rd |  | 71 | 86 | 0.032 | 0.968 |
| 3:21-3rd |  | 71 | 89 | 0.02 | 0.98 |
| 3:06-3rd |  | 71 | 89 | 0.014 | 0.986 |
| 2:58-3rd |  | 71 | 89 | 0.019 | 0.981 |
| 2:50-3rd |  | 73 | 89 | 0.024 | 0.976 |
| 2:37-3rd |  | 73 | 89 | 0.028 | 0.972 |
| 2:32-3rd |  | 73 | 89 | 0.029 | 0.971 |
| 2:30-3rd |  | 73 | 89 | 0.023 | 0.977 |
| 2:26-3rd |  | 73 | 89 | 0.027 | 0.973 |
| 2:22-3rd |  | 73 | 89 | 0.028 | 0.972 |
| 2:13-3rd |  | 76 | 89 | 0.044 | 0.956 |
| 2:02-3rd |  | 76 | 89 | 0.031 | 0.969 |
| 1:50-3rd |  | 76 | 92 | 0.027 | 0.973 |
| 1:37-3rd |  | 76 | 92 | 0.038 | 0.962 |
| 1:30-3rd |  | 78 | 92 | 0.032 | 0.968 |
| 1:14-3rd |  | 78 | 94 | 0.025 | 0.975 |
| 1:02-3rd |  | 78 | 94 | 0.019 | 0.981 |
| 1:00-3rd |  | 78 | 94 | 0.017 | 0.983 |
| 50.0-3rd |  | 78 | 94 | 0.024 | 0.976 |
| 40.5-3rd |  | 80 | 94 | 0.029 | 0.971 |
| 26.3-3rd |  | 80 | 94 | 0.035 | 0.965 |
| 25.0-3rd |  | 80 | 96 | 0.022 | 0.978 |
| 5.6-3rd |  | 82 | 96 | 0.027 | 0.973 |
| 0.5-3rd |  | 82 | 96 | 0.029 | 0.971 |
| 0.0-3rd |  | 82 | 96 | 0.032 | 0.968 |
| 12:00-4th |  | 82 | 96 | 0.032 | 0.968 |
| 11:45-4th |  | 82 | 99 | 0.014 | 0.986 |
| 11:33-4th |  | 82 | 99 | 0.011 | 0.989 |
| 11:31-4th |  | 82 | 99 | 0.01 | 0.99 |
| 11:27-4th |  | 82 | 99 | 0.01 | 0.99 |
| 11:22-4th |  | 82 | 99 | 0.012 | 0.988 |
| 11:19-4th |  | 82 | 99 | 0.013 | 0.987 |
| 11:11-4th |  | 82 | 99 | 0.01 | 0.99 |
| 11:10-4th |  | 82 | 99 | 0.009 | 0.991 |
| 10:59-4th |  | 82 | 100 | 0.009 | 0.991 |
| 10:55-4th |  | 82 | 100 | 0.009 | 0.991 |
| 10:42-4th |  | 82 | 100 | 0.007 | 0.993 |
| 10:37-4th |  | 82 | 100 | 0.006 | 0.994 |
| 10:30-4th |  | 82 | 100 | 0.008 | 0.992 |
| 10:26-4th |  | 82 | 100 | 0.008 | 0.992 |
| 10:23-4th |  | 84 | 100 | 0.01 | 0.99 |
| 9:59-4th |  | 84 | 100 | 0.013 | 0.987 |
| 9:56-4th |  | 84 | 100 | 0.013 | 0.987 |
| 9:47-4th |  | 84 | 100 | 0.014 | 0.986 |
| 9:42-4th |  | 84 | 100 | 0.01 | 0.99 |
| 9:39-4th |  | 84 | 100 | 0.009 | 0.991 |
| 9:35-4th |  | 84 | 100 | 0.005 | 0.995 |
| 9:29-4th |  | 84 | 102 | 0.006 | 0.994 |
| 9:14-4th |  | 87 | 102 | 0.011 | 0.989 |
| 8:59-4th |  | 87 | 102 | 0.015 | 0.985 |
| 8:53-4th |  | 87 | 102 | 0.01 | 0.99 |
| 8:47-4th |  | 87 | 102 | 0.014 | 0.986 |
| 8:40-4th |  | 90 | 102 | 0.027 | 0.973 |
| 8:27-4th |  | 90 | 104 | 0.018 | 0.982 |
| 8:05-4th |  | 93 | 104 | 0.034 | 0.966 |
| 7:55-4th |  | 93 | 104 | 0.046 | 0.954 |
| 7:46-4th |  | 93 | 104 | 0.035 | 0.965 |
| 7:42-4th |  | 95 | 104 | 0.06 | 0.94 |
| 7:29-4th |  | 95 | 105 | 0.059 | 0.941 |
| 7:18-4th |  | 97 | 105 | 0.073 | 0.927 |
| 7:01-4th |  | 97 | 105 | 0.089 | 0.911 |
| 6:59-4th |  | 97 | 105 | 0.095 | 0.905 |
| 6:55-4th |  | 97 | 105 | 0.076 | 0.924 |
| 6:53-4th |  | 97 | 105 | 0.069 | 0.931 |
| 6:40-4th |  | 97 | 105 | 0.086 | 0.914 |
| 6:37-4th |  | 97 | 105 | 0.091 | 0.909 |
| 6:33-4th |  | 99 | 105 | 0.116 | 0.884 |
| 6:18-4th |  | 99 | 105 | 0.15 | 0.85 |
| 6:14-4th |  | 101 | 105 | 0.194 | 0.806 |
| 6:03-4th |  | 101 | 108 | 0.117 | 0.883 |
| 5:59-4th |  | 102 | 108 | 0.152 | 0.848 |
| 5:42-4th |  | 102 | 108 | 0.111 | 0.889 |
| 5:32-4th |  | 102 | 110 | 0.083 | 0.917 |
| 5:13-4th |  | 104 | 110 | 0.105 | 0.895 |
| 4:50-4th |  | 104 | 110 | 0.129 | 0.871 |
| 4:49-4th |  | 104 | 110 | 0.1 | 0.9 |
| 4:47-4th |  | 104 | 110 | 0.139 | 0.861 |
| 4:32-4th |  | 106 | 110 | 0.176 | 0.824 |
| 4:13-4th |  | 106 | 110 | 0.214 | 0.786 |
| 4:11-4th |  | 106 | 110 | 0.228 | 0.772 |
| 3:51-4th |  | 106 | 110 | 0.18 | 0.82 |
| 3:49-4th |  | 106 | 110 | 0.165 | 0.835 |
| 3:44-4th |  | 106 | 110 | 0.207 | 0.793 |
| 3:43-4th |  | 106 | 110 | 0.221 | 0.779 |
| 3:42-4th |  | 106 | 110 | 0.221 | 0.779 |
| 3:30-4th |  | 106 | 110 | 0.172 | 0.828 |
| 3:27-4th |  | 106 | 110 | 0.215 | 0.785 |
| 3:26-4th |  | 106 | 110 | 0.171 | 0.829 |
| 3:22-4th |  | 106 | 110 | 0.154 | 0.846 |
| 3:07-4th |  | 106 | 110 | 0.194 | 0.806 |
| 3:04-4th |  | 106 | 110 | 0.193 | 0.807 |
| 3:03-4th |  | 106 | 110 | 0.147 | 0.853 |
| 3:02-4th |  | 106 | 110 | 0.192 | 0.808 |
| 2:58-4th |  | 106 | 110 | 0.205 | 0.795 |
| 2:50-4th |  | 106 | 110 | 0.156 | 0.844 |
| 2:47-4th |  | 106 | 110 | 0.14 | 0.86 |
| 2:38-4th |  | 106 | 110 | 0.18 | 0.82 |
| 2:33-4th |  | 106 | 110 | 0.193 | 0.807 |
| 2:29-4th |  | 106 | 110 | 0.191 | 0.809 |
| 2:27-4th |  | 109 | 110 | 0.334 | 0.666 |
| 2:01-4th | TARGET | 109 | 113 | 0.177 | 0.823 |
| 1:49-4th |  | 109 | 113 | 0.128 | 0.872 |
| 1:46-4th |  | 109 | 113 | 0.113 | 0.887 |
| 1:32-4th |  | 109 | 115 | 0.074 | 0.926 |
| 1:19-4th |  | 109 | 115 | 0.082 | 0.918 |
| 1:16-4th |  | 109 | 115 | 0.081 | 0.919 |
| 1:10-4th |  | 109 | 115 | 0.053 | 0.947 |
| 1:08-4th |  | 109 | 115 | 0.044 | 0.956 |
| 55.0-4th |  | 109 | 117 | 0.022 | 0.978 |
| 43.3-4th |  | 109 | 117 | 0.01 | 0.99 |
| 38.9-4th |  | 109 | 117 | 0.006 | 0.994 |
| 21.5-4th |  | 109 | 117 | 0.007 | 0.993 |
| 19.4-4th |  | 109 | 117 | 0.008 | 0.992 |
| 16.5-4th |  | 111 | 117 | 0.011 | 0.989 |
| 15.3-4th |  | 111 | 119 | 0.005 | 0.995 |
| 7.9-4th |  | 111 | 119 | 0.002 | 0.998 |
| 4.8-4th |  | 111 | 119 | 0.001 | 0.999 |
| 0.0-4th |  | 111 | 119 | 0.0 | 1.0 |

Question

Which event most likely happened at the marked missing position?

Answer Choices

A. Player 3 (Team A) vs. Player 14 (Team B) (Player 12 (Team A) gains possession)
B. Player 5 (Team B) makes 26-foot three point jumper (Player 7 (Team B) assists)
C. Player 10 (Team B) makes driving layup
D. Player 11 (Team A) makes two point shot (Player 15 (Team B) assists)

Response Format

Return exactly one JSON object:

{
  "answer": "<A|B|C|D>",
  "rationale": "<brief evidence-based justification in 1-3 sentences>",
  "evidence_event_ids": [],
  "evidence_series_times": []
}

Use only event IDs and time labels that are provided above and that support the answer. Use an empty array when the corresponding evidence type is unavailable or unused. Return only the JSON object.
