Task

Reconstruct the missing event in this basketball game. Use the available numerical time-series evidence around the marked row to select the most likely event.

Game

Team A versus Team B, season 22-23.

Time Series

| Game time | Marker | Team A score | Team B score | Team A win probability | Team B win probability |
| --- | --- | --- | --- | --- | --- |
| 12:00-1st |  | 0 | 0 | 0.199 | 0.801 |
| 11:41-1st |  | 0 | 2 | 0.182 | 0.818 |
| 11:19-1st |  | 2 | 2 | 0.202 | 0.798 |
| 11:01-1st |  | 2 | 2 | 0.213 | 0.787 |
| 10:58-1st |  | 2 | 2 | 0.217 | 0.783 |
| 10:52-1st |  | 5 | 2 | 0.255 | 0.745 |
| 10:38-1st |  | 5 | 2 | 0.273 | 0.727 |
| 10:36-1st |  | 5 | 2 | 0.279 | 0.721 |
| 10:30-1st |  | 7 | 2 | 0.298 | 0.702 |
| 10:24-1st |  | 7 | 2 | 0.301 | 0.699 |
| 10:06-1st |  | 7 | 5 | 0.261 | 0.739 |
| 9:39-1st |  | 7 | 5 | 0.249 | 0.751 |
| 9:37-1st |  | 7 | 5 | 0.244 | 0.756 |
| 9:32-1st |  | 7 | 5 | 0.26 | 0.74 |
| 9:30-1st |  | 7 | 5 | 0.245 | 0.755 |
| 9:23-1st |  | 7 | 5 | 0.266 | 0.734 |
| 9:20-1st |  | 7 | 5 | 0.251 | 0.749 |
| 9:15-1st |  | 7 | 5 | 0.246 | 0.754 |
| 9:03-1st |  | 7 | 8 | 0.211 | 0.789 |
| 8:37-1st |  | 7 | 8 | 0.199 | 0.801 |
| 8:36-1st |  | 7 | 8 | 0.194 | 0.806 |
| 8:14-1st |  | 7 | 8 | 0.215 | 0.785 |
| 8:01-1st |  | 7 | 8 | 0.202 | 0.798 |
| 7:55-1st |  | 7 | 8 | 0.197 | 0.803 |
| 7:47-1st |  | 7 | 8 | 0.212 | 0.788 |
| 7:43-1st |  | 7 | 8 | 0.218 | 0.782 |
| 7:38-1st |  | 7 | 8 | 0.198 | 0.802 |
| 7:35-1st |  | 7 | 10 | 0.183 | 0.817 |
| 7:23-1st |  | 7 | 10 | 0.173 | 0.827 |
| 7:19-1st |  | 7 | 10 | 0.184 | 0.816 |
| 7:12-1st |  | 7 | 10 | 0.174 | 0.826 |
| 7:08-1st |  | 7 | 10 | 0.17 | 0.83 |
| 7:06-1st |  | 7 | 12 | 0.155 | 0.845 |
| 6:57-1st |  | 10 | 12 | 0.187 | 0.813 |
| 6:35-1st |  | 10 | 12 | 0.201 | 0.799 |
| 6:33-1st |  | 10 | 12 | 0.205 | 0.795 |
| 6:31-1st |  | 10 | 12 | 0.205 | 0.795 |
| 6:18-1st |  | 10 | 12 | 0.192 | 0.808 |
| 6:14-1st |  | 10 | 12 | 0.206 | 0.794 |
| 6:13-1st |  | 10 | 12 | 0.193 | 0.807 |
| 6:12-1st |  | 10 | 12 | 0.188 | 0.812 |
| 6:04-1st |  | 10 | 15 | 0.158 | 0.842 |
| 5:48-1st |  | 10 | 16 | 0.132 | 0.868 |
| 5:38-1st |  | 12 | 16 | 0.16 | 0.84 |
| 5:20-1st |  | 12 | 19 | 0.133 | 0.867 |
| 5:00-1st |  | 14 | 19 | 0.146 | 0.854 |
| 4:50-1st |  | 14 | 19 | 0.162 | 0.838 |
| 4:39-1st |  | 14 | 19 | 0.162 | 0.838 |
| 4:31-1st |  | 16 | 19 | 0.179 | 0.821 |
| 4:22-1st |  | 16 | 22 | 0.149 | 0.851 |
| 4:17-1st |  | 16 | 22 | 0.136 | 0.864 |
| 4:08-1st |  | 16 | 23 | 0.122 | 0.878 |
| 3:58-1st |  | 16 | 25 | 0.111 | 0.889 |
| 3:38-1st |  | 18 | 25 | 0.123 | 0.877 |
| 3:18-1st |  | 18 | 27 | 0.112 | 0.888 |
| 2:59-1st |  | 18 | 27 | 0.102 | 0.898 |
| 2:53-1st |  | 18 | 27 | 0.11 | 0.89 |
| 2:51-1st |  | 18 | 27 | 0.112 | 0.888 |
| 2:46-1st |  | 18 | 27 | 0.113 | 0.887 |
| 2:35-1st |  | 18 | 27 | 0.105 | 0.895 |
| 2:33-1st |  | 18 | 27 | 0.102 | 0.898 |
| 2:30-1st |  | 18 | 30 | 0.083 | 0.917 |
| 2:11-1st |  | 21 | 30 | 0.102 | 0.898 |
| 1:49-1st |  | 21 | 30 | 0.111 | 0.889 |
| 1:46-1st |  | 21 | 30 | 0.114 | 0.886 |
| 1:41-1st |  | 21 | 30 | 0.136 | 0.864 |
| 1:29-1st |  | 21 | 30 | 0.106 | 0.894 |
| 1:24-1st |  | 21 | 30 | 0.116 | 0.884 |
| 1:21-1st |  | 21 | 30 | 0.116 | 0.884 |
| 1:11-1st |  | 24 | 30 | 0.143 | 0.857 |
| 57.1-1st |  | 24 | 32 | 0.131 | 0.869 |
| 49.1-1st |  | 26 | 32 | 0.144 | 0.856 |
| 29.0-1st |  | 26 | 34 | 0.132 | 0.868 |
| 15.0-1st |  | 28 | 34 | 0.145 | 0.855 |
| 0.0-1st |  | 28 | 34 | 0.153 | 0.847 |
| 11:40-2nd |  | 28 | 34 | 0.146 | 0.854 |
| 11:32-2nd |  | 28 | 34 | 0.158 | 0.842 |
| 11:26-2nd |  | 28 | 36 | 0.132 | 0.868 |
| 11:15-2nd |  | 28 | 36 | 0.121 | 0.879 |
| 11:14-2nd |  | 28 | 36 | 0.133 | 0.867 |
| 11:13-2nd |  | 28 | 36 | 0.133 | 0.867 |
| 11:12-2nd |  | 30 | 36 | 0.147 | 0.853 |
| 10:53-2nd |  | 30 | 36 | 0.163 | 0.837 |
| 10:28-2nd |  | 30 | 36 | 0.151 | 0.849 |
| 10:25-2nd |  | 30 | 36 | 0.147 | 0.853 |
| 10:21-2nd |  | 30 | 39 | 0.12 | 0.88 |
| 9:57-2nd |  | 32 | 39 | 0.133 | 0.867 |
| 9:40-2nd |  | 32 | 39 | 0.146 | 0.854 |
| 9:38-2nd |  | 32 | 39 | 0.15 | 0.85 |
| 9:31-2nd |  | 32 | 39 | 0.138 | 0.862 |
| 9:29-2nd |  | 32 | 39 | 0.134 | 0.866 |
| 9:25-2nd |  | 32 | 39 | 0.15 | 0.85 |
| 9:12-2nd |  | 32 | 39 | 0.135 | 0.865 |
| 9:01-2nd |  | 32 | 42 | 0.108 | 0.892 |
| 8:48-2nd |  | 34 | 42 | 0.122 | 0.878 |
| 8:26-2nd |  | 34 | 44 | 0.109 | 0.891 |
| 8:07-2nd |  | 36 | 44 | 0.122 | 0.878 |
| 7:58-2nd |  | 36 | 46 | 0.109 | 0.891 |
| 7:50-2nd |  | 38 | 46 | 0.122 | 0.878 |
| 7:35-2nd |  | 38 | 48 | 0.109 | 0.891 |
| 7:19-2nd |  | 38 | 48 | 0.099 | 0.901 |
| 7:17-2nd |  | 38 | 48 | 0.096 | 0.904 |
| 7:10-2nd |  | 38 | 48 | 0.106 | 0.894 |
| 7:08-2nd |  | 38 | 48 | 0.11 | 0.89 |
| 6:53-2nd |  | 38 | 48 | 0.096 | 0.904 |
| 6:50-2nd |  | 38 | 50 | 0.086 | 0.914 |
| 6:27-2nd |  | 38 | 50 | 0.086 | 0.914 |
| 6:20-2nd |  | 38 | 50 | 0.078 | 0.922 |
| 6:19-2nd |  | 40 | 50 | 0.097 | 0.903 |
| 5:54-2nd |  | 40 | 50 | 0.107 | 0.893 |
| 5:53-2nd |  | 40 | 52 | 0.086 | 0.914 |
| 5:26-2nd |  | 40 | 52 | 0.078 | 0.922 |
| 5:24-2nd |  | 40 | 52 | 0.075 | 0.925 |
| 5:18-2nd |  | 40 | 52 | 0.086 | 0.914 |
| 5:05-2nd |  | 40 | 52 | 0.075 | 0.925 |
| 4:53-2nd |  | 40 | 52 | 0.084 | 0.916 |
| 4:50-2nd |  | 40 | 52 | 0.086 | 0.914 |
| 4:45-2nd |  | 40 | 52 | 0.078 | 0.922 |
| 4:43-2nd |  | 40 | 52 | 0.075 | 0.925 |
| 4:35-2nd |  | 40 | 52 | 0.084 | 0.916 |
| 4:32-2nd |  | 40 | 52 | 0.086 | 0.914 |
| 4:28-2nd |  | 43 | 52 | 0.111 | 0.889 |
| 4:14-2nd |  | 43 | 52 | 0.122 | 0.878 |
| 4:11-2nd |  | 43 | 52 | 0.126 | 0.874 |
| 4:06-2nd |  | 43 | 52 | 0.115 | 0.885 |
| 4:02-2nd |  | 43 | 52 | 0.111 | 0.889 |
| 3:58-2nd |  | 43 | 54 | 0.097 | 0.903 |
| 3:46-2nd |  | 45 | 54 | 0.111 | 0.889 |
| 3:30-2nd |  | 45 | 56 | 0.097 | 0.903 |
| 3:09-2nd |  | 45 | 56 | 0.088 | 0.912 |
| 3:06-2nd |  | 45 | 56 | 0.085 | 0.915 |
| 2:53-2nd |  | 45 | 59 | 0.066 | 0.934 |
| 2:30-2nd |  | 47 | 59 | 0.073 | 0.927 |
| 2:09-2nd |  | 47 | 59 | 0.082 | 0.918 |
| 2:06-2nd |  | 47 | 59 | 0.073 | 0.927 |
| 2:04-2nd |  | 47 | 59 | 0.082 | 0.918 |
| 2:03-2nd |  | 47 | 59 | 0.085 | 0.915 |
| 1:56-2nd |  | 49 | 59 | 0.099 | 0.901 |
| 1:55-2nd |  | 49 | 59 | 0.099 | 0.901 |
| 1:35-2nd |  | 49 | 59 | 0.109 | 0.891 |
| 1:32-2nd |  | 49 | 59 | 0.112 | 0.888 |
| 1:14-2nd |  | 49 | 59 | 0.103 | 0.897 |
| 1:13-2nd |  | 49 | 59 | 0.1 | 0.9 |
| 1:02-2nd |  | 49 | 61 | 0.085 | 0.915 |
| 53.1-2nd |  | 50 | 61 | 0.083 | 0.917 |
| 51.0-2nd |  | 50 | 61 | 0.083 | 0.917 |
| 37.2-2nd |  | 50 | 64 | 0.064 | 0.936 |
| 28.2-2nd |  | 52 | 64 | 0.072 | 0.928 |
| 9.2-2nd |  | 52 | 64 | 0.083 | 0.917 |
| 6.0-2nd |  | 52 | 64 | 0.087 | 0.913 |
| 0.1-2nd |  | 52 | 64 | 0.086 | 0.914 |
| 0.0-2nd |  | 52 | 64 | 0.079 | 0.921 |
| 11:41-3rd |  | 55 | 64 | 0.111 | 0.889 |
| 11:21-3rd |  | 55 | 64 | 0.126 | 0.874 |
| 11:17-3rd |  | 57 | 64 | 0.143 | 0.857 |
| 11:16-3rd |  | 57 | 64 | 0.143 | 0.857 |
| 10:51-3rd |  | 57 | 64 | 0.16 | 0.84 |
| 10:49-3rd |  | 57 | 64 | 0.165 | 0.835 |
| 10:42-3rd |  | 57 | 64 | 0.144 | 0.856 |
| 10:26-3rd |  | 57 | 64 | 0.16 | 0.84 |
| 10:19-3rd |  | 57 | 66 | 0.126 | 0.874 |
| 10:09-3rd |  | 59 | 66 | 0.144 | 0.856 |
| 9:55-3rd |  | 59 | 68 | 0.126 | 0.874 |
| 9:40-3rd |  | 59 | 68 | 0.114 | 0.886 |
| 9:34-3rd |  | 61 | 68 | 0.144 | 0.856 |
| 9:21-3rd |  | 61 | 68 | 0.161 | 0.839 |
| 9:16-3rd |  | 61 | 68 | 0.167 | 0.833 |
| 9:11-3rd |  | 64 | 68 | 0.216 | 0.784 |
| 8:54-3rd |  | 64 | 68 | 0.239 | 0.761 |
| 8:52-3rd |  | 64 | 68 | 0.217 | 0.783 |
| 8:51-3rd |  | 64 | 68 | 0.247 | 0.753 |
| 8:32-3rd |  | 64 | 68 | 0.225 | 0.775 |
| 8:28-3rd |  | 64 | 68 | 0.218 | 0.782 |
| 8:24-3rd |  | 64 | 68 | 0.219 | 0.781 |
| 8:17-3rd | TARGET | 64 | 71 | 0.168 | 0.832 |
| 7:58-3rd |  | 64 | 71 | 0.152 | 0.848 |
| 7:57-3rd |  | 64 | 71 | 0.169 | 0.831 |
| 7:56-3rd |  | 64 | 71 | 0.146 | 0.854 |
| 7:46-3rd |  | 64 | 73 | 0.127 | 0.873 |
| 7:27-3rd |  | 64 | 73 | 0.112 | 0.888 |
| 7:23-3rd |  | 64 | 73 | 0.107 | 0.893 |
| 7:20-3rd |  | 64 | 76 | 0.077 | 0.923 |
| 7:18-3rd |  | 64 | 76 | 0.077 | 0.923 |
| 6:54-3rd |  | 64 | 76 | 0.067 | 0.933 |
| 6:52-3rd |  | 64 | 76 | 0.064 | 0.936 |
| 6:50-3rd |  | 66 | 76 | 0.107 | 0.893 |
| 6:38-3rd |  | 66 | 76 | 0.107 | 0.893 |
| 6:28-3rd |  | 66 | 76 | 0.094 | 0.906 |
| 6:25-3rd |  | 66 | 76 | 0.09 | 0.91 |
| 6:15-3rd |  | 66 | 78 | 0.075 | 0.925 |
| 6:02-3rd |  | 66 | 78 | 0.065 | 0.935 |
| 6:00-3rd |  | 66 | 78 | 0.062 | 0.938 |
| 5:57-3rd |  | 66 | 81 | 0.042 | 0.958 |
| 5:41-3rd |  | 69 | 81 | 0.061 | 0.939 |
| 5:23-3rd |  | 69 | 84 | 0.041 | 0.959 |
| 5:03-3rd |  | 69 | 84 | 0.034 | 0.966 |
| 5:01-3rd |  | 69 | 84 | 0.032 | 0.968 |
| 5:00-3rd |  | 69 | 86 | 0.025 | 0.975 |
| 4:43-3rd |  | 69 | 86 | 0.021 | 0.979 |
| 4:39-3rd |  | 69 | 86 | 0.02 | 0.98 |
| 4:38-3rd |  | 69 | 86 | 0.025 | 0.975 |
| 4:34-3rd |  | 71 | 86 | 0.031 | 0.969 |
| 4:19-3rd |  | 71 | 88 | 0.024 | 0.976 |
| 4:02-3rd |  | 71 | 88 | 0.02 | 0.98 |
| 4:00-3rd |  | 71 | 88 | 0.019 | 0.981 |
| 3:52-3rd |  | 71 | 91 | 0.011 | 0.989 |
| 3:51-3rd |  | 71 | 91 | 0.011 | 0.989 |
| 3:37-3rd |  | 71 | 91 | 0.011 | 0.989 |
| 3:35-3rd |  | 71 | 91 | 0.011 | 0.989 |
| 3:19-3rd |  | 71 | 91 | 0.009 | 0.991 |
| 3:18-3rd |  | 71 | 91 | 0.008 | 0.992 |
| 3:02-3rd |  | 71 | 91 | 0.009 | 0.991 |
| 3:00-3rd |  | 71 | 91 | 0.01 | 0.99 |
| 2:46-3rd |  | 71 | 91 | 0.008 | 0.992 |
| 2:43-3rd |  | 71 | 91 | 0.007 | 0.993 |
| 2:34-3rd |  | 71 | 91 | 0.009 | 0.991 |
| 2:31-3rd |  | 71 | 91 | 0.009 | 0.991 |
| 2:17-3rd |  | 71 | 91 | 0.007 | 0.993 |
| 2:16-3rd |  | 71 | 91 | 0.009 | 0.991 |
| 2:14-3rd |  | 73 | 91 | 0.012 | 0.988 |
| 1:54-3rd |  | 73 | 91 | 0.014 | 0.986 |
| 1:52-3rd |  | 73 | 91 | 0.011 | 0.989 |
| 1:44-3rd |  | 73 | 91 | 0.014 | 0.986 |
| 1:40-3rd |  | 73 | 91 | 0.011 | 0.989 |
| 1:39-3rd |  | 73 | 91 | 0.013 | 0.987 |
| 1:37-3rd |  | 73 | 91 | 0.014 | 0.986 |
| 1:31-3rd |  | 73 | 91 | 0.011 | 0.989 |
| 1:29-3rd |  | 73 | 91 | 0.01 | 0.99 |
| 1:20-3rd |  | 73 | 91 | 0.014 | 0.986 |
| 1:04-3rd |  | 73 | 91 | 0.01 | 0.99 |
| 58.1-3rd |  | 73 | 91 | 0.013 | 0.987 |
| 55.1-3rd |  | 73 | 91 | 0.009 | 0.991 |
| 45.2-3rd |  | 73 | 91 | 0.011 | 0.989 |
| 45.0-3rd |  | 73 | 92 | 0.009 | 0.991 |
| 34.1-3rd |  | 73 | 92 | 0.007 | 0.993 |
| 31.2-3rd |  | 73 | 92 | 0.006 | 0.994 |
| 17.1-3rd |  | 73 | 92 | 0.009 | 0.991 |
| 0.0-3rd |  | 76 | 92 | 0.015 | 0.985 |
| 12:00-4th |  | 76 | 92 | 0.015 | 0.985 |
| 11:39-4th |  | 76 | 92 | 0.017 | 0.983 |
| 11:36-4th |  | 76 | 92 | 0.019 | 0.981 |
| 11:17-4th |  | 76 | 92 | 0.015 | 0.985 |
| 11:15-4th |  | 76 | 92 | 0.013 | 0.987 |
| 11:12-4th |  | 76 | 94 | 0.009 | 0.991 |
| 10:58-4th |  | 78 | 94 | 0.011 | 0.989 |
| 10:44-4th |  | 78 | 97 | 0.006 | 0.994 |
| 10:23-4th |  | 78 | 97 | 0.004 | 0.996 |
| 10:21-4th |  | 78 | 97 | 0.004 | 0.996 |
| 10:09-4th |  | 78 | 100 | 0.002 | 0.998 |
| 9:52-4th |  | 78 | 100 | 0.002 | 0.998 |
| 9:48-4th |  | 78 | 100 | 0.001 | 0.999 |
| 9:41-4th |  | 78 | 102 | 0.001 | 0.999 |
| 9:24-4th |  | 78 | 102 | 0.001 | 0.999 |
| 9:09-4th |  | 78 | 103 | 0.001 | 0.999 |
| 9:06-4th |  | 78 | 103 | 0.001 | 0.999 |
| 8:49-4th |  | 78 | 103 | 0.001 | 0.999 |
| 8:47-4th |  | 78 | 105 | 0.001 | 0.999 |
| 8:30-4th |  | 80 | 105 | 0.001 | 0.999 |
| 8:07-4th |  | 80 | 107 | 0.001 | 0.999 |
| 7:54-4th |  | 80 | 107 | 0.001 | 0.999 |
| 7:51-4th |  | 80 | 107 | 0.001 | 0.999 |
| 7:43-4th |  | 80 | 107 | 0.001 | 0.999 |
| 7:40-4th |  | 80 | 107 | 0.001 | 0.999 |
| 7:26-4th |  | 80 | 107 | 0.001 | 0.999 |
| 7:23-4th |  | 80 | 107 | 0.001 | 0.999 |
| 7:11-4th |  | 80 | 110 | 0.001 | 0.999 |
| 7:05-4th |  | 83 | 110 | 0.001 | 0.999 |
| 6:51-4th |  | 83 | 112 | 0.001 | 0.999 |
| 6:41-4th |  | 83 | 112 | 0.001 | 0.999 |
| 6:37-4th |  | 83 | 112 | 0.001 | 0.999 |
| 6:20-4th |  | 83 | 112 | 0.001 | 0.999 |
| 6:17-4th |  | 83 | 112 | 0.001 | 0.999 |
| 6:13-4th |  | 83 | 112 | 0.001 | 0.999 |
| 6:01-4th |  | 83 | 112 | 0.001 | 0.999 |
| 5:56-4th |  | 83 | 112 | 0.001 | 0.999 |
| 5:46-4th |  | 83 | 112 | 0.001 | 0.999 |
| 5:42-4th |  | 86 | 112 | 0.001 | 0.999 |
| 5:20-4th |  | 86 | 112 | 0.001 | 0.999 |
| 5:17-4th |  | 86 | 112 | 0.001 | 0.999 |
| 5:11-4th |  | 86 | 112 | 0.001 | 0.999 |
| 5:09-4th |  | 86 | 112 | 0.001 | 0.999 |
| 5:02-4th |  | 86 | 112 | 0.001 | 0.999 |
| 4:42-4th |  | 86 | 112 | 0.001 | 0.999 |
| 4:26-4th |  | 86 | 112 | 0.001 | 0.999 |
| 4:06-4th |  | 86 | 112 | 0.001 | 0.999 |
| 4:03-4th |  | 86 | 112 | 0.001 | 0.999 |
| 3:53-4th |  | 86 | 114 | 0.001 | 0.999 |
| 3:42-4th |  | 86 | 114 | 0.001 | 0.999 |
| 3:35-4th |  | 86 | 114 | 0.001 | 0.999 |
| 3:27-4th |  | 86 | 114 | 0.001 | 0.999 |
| 3:24-4th |  | 86 | 114 | 0.001 | 0.999 |
| 3:22-4th |  | 87 | 114 | 0.001 | 0.999 |
| 3:19-4th |  | 87 | 114 | 0.001 | 0.999 |
| 3:15-4th |  | 87 | 114 | 0.001 | 0.999 |
| 3:13-4th |  | 87 | 114 | 0.001 | 0.999 |
| 3:01-4th |  | 89 | 114 | 0.001 | 0.999 |
| 2:53-4th |  | 89 | 114 | 0.001 | 0.999 |
| 2:38-4th |  | 89 | 114 | 0.001 | 0.999 |
| 2:26-4th |  | 92 | 114 | 0.001 | 0.999 |
| 2:04-4th |  | 92 | 118 | 0.001 | 0.999 |
| 1:48-4th |  | 93 | 118 | 0.001 | 0.999 |
| 1:31-4th |  | 93 | 118 | 0.001 | 0.999 |
| 1:29-4th |  | 93 | 118 | 0.001 | 0.999 |
| 1:13-4th |  | 93 | 118 | 0.001 | 0.999 |
| 1:06-4th |  | 93 | 118 | 0.001 | 0.999 |
| 1:04-4th |  | 93 | 118 | 0.001 | 0.999 |
| 53.1-4th |  | 93 | 118 | 0.001 | 0.999 |
| 50.0-4th |  | 93 | 118 | 0.001 | 0.999 |
| 44.2-4th |  | 93 | 118 | 0.001 | 0.999 |
| 42.0-4th |  | 93 | 118 | 0.001 | 0.999 |
| 19.1-4th |  | 93 | 118 | 0.001 | 0.999 |
| 6.1-4th |  | 93 | 118 | 0.001 | 0.999 |
| 5.1-4th |  | 93 | 118 | 0.001 | 0.999 |
| 0.0-4th |  | 93 | 118 | 0.0 | 1.0 |

Question

Which event most likely happened at the marked missing position?

Answer Choices

A. Player 14 (Team A) makes layup (Player 6 (Team A) assists)
B. Player 8 (Team A) misses 21-foot pullup jump shot
C. Player 6 (Team B) makes 23-foot three point jumper (Player 4 (Team B) assists)
D. Dylan Windler kicked ball violation

Response Format

Return exactly one JSON object:

{
  "answer": "<A|B|C|D>",
  "rationale": "<brief evidence-based justification in 1-3 sentences>",
  "evidence_event_ids": [],
  "evidence_series_times": []
}

Use only event IDs and time labels that are provided above and that support the answer. Use an empty array when the corresponding evidence type is unavailable or unused. Return only the JSON object.
