Task

Reconstruct the missing event in this basketball game. Use the available numerical time-series evidence around the marked row to select the most likely event.

Game

Team A versus Team B, season 22-23.

Time Series

| Game time | Marker | Team A score | Team B score | Team A win probability | Team B win probability |
| --- | --- | --- | --- | --- | --- |
| 12:00-1st |  | 0 | 0 | 0.347 | 0.653 |
| 11:36-1st |  | 0 | 0 | 0.362 | 0.638 |
| 11:35-1st |  | 0 | 0 | 0.366 | 0.634 |
| 11:30-1st |  | 0 | 0 | 0.348 | 0.652 |
| 11:22-1st |  | 0 | 0 | 0.368 | 0.632 |
| 11:18-1st |  | 0 | 0 | 0.353 | 0.647 |
| 11:15-1st |  | 0 | 0 | 0.367 | 0.633 |
| 11:14-1st |  | 0 | 0 | 0.346 | 0.654 |
| 11:13-1st |  | 0 | 0 | 0.348 | 0.652 |
| 10:58-1st |  | 0 | 0 | 0.37 | 0.63 |
| 10:42-1st |  | 2 | 0 | 0.397 | 0.603 |
| 10:34-1st |  | 2 | 2 | 0.371 | 0.629 |
| 10:23-1st |  | 2 | 2 | 0.356 | 0.644 |
| 10:20-1st |  | 2 | 2 | 0.35 | 0.65 |
| 10:12-1st |  | 2 | 4 | 0.326 | 0.674 |
| 9:56-1st |  | 5 | 4 | 0.374 | 0.626 |
| 9:32-1st |  | 5 | 6 | 0.352 | 0.648 |
| 9:13-1st |  | 5 | 6 | 0.35 | 0.65 |
| 9:08-1st |  | 5 | 6 | 0.335 | 0.665 |
| 9:04-1st |  | 5 | 6 | 0.33 | 0.67 |
| 8:53-1st |  | 5 | 6 | 0.347 | 0.653 |
| 8:50-1st |  | 5 | 6 | 0.353 | 0.647 |
| 8:47-1st |  | 7 | 6 | 0.377 | 0.623 |
| 8:35-1st |  | 7 | 8 | 0.352 | 0.648 |
| 8:19-1st |  | 7 | 8 | 0.337 | 0.663 |
| 8:16-1st |  | 9 | 8 | 0.378 | 0.622 |
| 8:07-1st |  | 9 | 8 | 0.397 | 0.603 |
| 8:03-1st |  | 9 | 8 | 0.403 | 0.597 |
| 7:51-1st |  | 9 | 8 | 0.386 | 0.614 |
| 7:48-1st |  | 9 | 8 | 0.38 | 0.62 |
| 7:39-1st |  | 9 | 10 | 0.355 | 0.645 |
| 7:34-1st |  | 9 | 10 | 0.392 | 0.608 |
| 7:23-1st |  | 12 | 10 | 0.406 | 0.594 |
| 7:08-1st |  | 12 | 10 | 0.426 | 0.574 |
| 7:06-1st |  | 12 | 10 | 0.432 | 0.568 |
| 7:01-1st |  | 14 | 10 | 0.457 | 0.543 |
| 6:48-1st |  | 14 | 12 | 0.433 | 0.567 |
| 6:32-1st |  | 14 | 12 | 0.409 | 0.591 |
| 6:27-1st |  | 14 | 12 | 0.435 | 0.565 |
| 6:24-1st |  | 16 | 12 | 0.46 | 0.54 |
| 6:07-1st |  | 16 | 12 | 0.483 | 0.517 |
| 6:04-1st |  | 16 | 12 | 0.491 | 0.509 |
| 5:56-1st |  | 18 | 12 | 0.517 | 0.483 |
| 5:43-1st |  | 18 | 12 | 0.547 | 0.453 |
| 5:38-1st |  | 21 | 12 | 0.604 | 0.396 |
| 5:18-1st |  | 21 | 14 | 0.577 | 0.423 |
| 4:58-1st |  | 24 | 14 | 0.634 | 0.366 |
| 4:48-1st |  | 24 | 14 | 0.654 | 0.346 |
| 4:46-1st |  | 24 | 14 | 0.661 | 0.339 |
| 4:35-1st |  | 24 | 14 | 0.643 | 0.357 |
| 4:32-1st |  | 24 | 14 | 0.637 | 0.363 |
| 4:23-1st |  | 24 | 14 | 0.657 | 0.343 |
| 4:20-1st |  | 24 | 14 | 0.664 | 0.336 |
| 4:09-1st |  | 24 | 14 | 0.639 | 0.361 |
| 4:07-1st |  | 24 | 15 | 0.612 | 0.388 |
| 3:53-1st |  | 24 | 18 | 0.556 | 0.444 |
| 3:36-1st |  | 24 | 18 | 0.536 | 0.464 |
| 3:33-1st |  | 24 | 18 | 0.558 | 0.442 |
| 3:29-1st |  | 26 | 18 | 0.584 | 0.416 |
| 3:18-1st |  | 26 | 21 | 0.53 | 0.47 |
| 3:07-1st |  | 26 | 21 | 0.509 | 0.491 |
| 3:03-1st |  | 26 | 21 | 0.502 | 0.498 |
| 2:53-1st |  | 26 | 21 | 0.525 | 0.475 |
| 2:51-1st |  | 26 | 21 | 0.532 | 0.468 |
| 2:45-1st |  | 29 | 21 | 0.588 | 0.412 |
| 2:28-1st |  | 29 | 21 | 0.614 | 0.386 |
| 2:27-1st |  | 29 | 21 | 0.59 | 0.41 |
| 2:25-1st |  | 29 | 21 | 0.615 | 0.385 |
| 2:21-1st |  | 29 | 21 | 0.623 | 0.377 |
| 2:04-1st |  | 29 | 21 | 0.601 | 0.399 |
| 2:02-1st |  | 29 | 21 | 0.625 | 0.375 |
| 2:00-1st |  | 31 | 21 | 0.651 | 0.349 |
| 1:48-1st |  | 31 | 24 | 0.599 | 0.401 |
| 1:30-1st |  | 31 | 24 | 0.577 | 0.423 |
| 1:27-1st |  | 31 | 24 | 0.57 | 0.43 |
| 1:24-1st |  | 31 | 26 | 0.54 | 0.46 |
| 1:04-1st |  | 31 | 26 | 0.511 | 0.489 |
| 45.0-1st |  | 31 | 26 | 0.536 | 0.464 |
| 41.0-1st |  | 31 | 26 | 0.513 | 0.487 |
| 38.1-1st |  | 31 | 26 | 0.537 | 0.463 |
| 34.0-1st |  | 31 | 26 | 0.514 | 0.486 |
| 24.0-1st |  | 31 | 26 | 0.538 | 0.462 |
| 22.0-1st |  | 31 | 26 | 0.546 | 0.454 |
| 1.0-1st |  | 31 | 26 | 0.547 | 0.453 |
| 0.0-1st |  | 31 | 26 | 0.531 | 0.469 |
| 12:00-2nd |  | 31 | 26 | 0.531 | 0.469 |
| 11:47-2nd |  | 32 | 26 | 0.549 | 0.451 |
| 11:45-2nd |  | 32 | 26 | 0.549 | 0.451 |
| 11:31-2nd |  | 32 | 28 | 0.524 | 0.476 |
| 11:19-2nd |  | 32 | 28 | 0.493 | 0.507 |
| 11:13-2nd |  | 32 | 28 | 0.517 | 0.483 |
| 11:10-2nd |  | 32 | 28 | 0.525 | 0.475 |
| 10:58-2nd |  | 32 | 28 | 0.502 | 0.498 |
| 10:55-2nd |  | 32 | 28 | 0.495 | 0.505 |
| 10:41-2nd |  | 32 | 28 | 0.52 | 0.48 |
| 10:39-2nd |  | 32 | 28 | 0.496 | 0.504 |
| 10:33-2nd |  | 32 | 28 | 0.52 | 0.48 |
| 10:31-2nd |  | 32 | 28 | 0.529 | 0.471 |
| 10:09-2nd |  | 32 | 28 | 0.506 | 0.494 |
| 10:06-2nd |  | 32 | 28 | 0.498 | 0.502 |
| 9:56-2nd |  | 32 | 30 | 0.471 | 0.529 |
| 9:44-2nd |  | 34 | 30 | 0.5 | 0.5 |
| 9:34-2nd |  | 34 | 30 | 0.501 | 0.499 |
| 9:28-2nd |  | 34 | 30 | 0.502 | 0.498 |
| 9:19-2nd |  | 34 | 30 | 0.527 | 0.473 |
| 9:16-2nd |  | 34 | 30 | 0.535 | 0.465 |
| 9:07-2nd |  | 34 | 30 | 0.511 | 0.489 |
| 9:02-2nd |  | 34 | 30 | 0.536 | 0.464 |
| 8:55-2nd |  | 34 | 30 | 0.504 | 0.496 |
| 8:48-2nd |  | 34 | 30 | 0.529 | 0.471 |
| 8:45-2nd |  | 34 | 30 | 0.538 | 0.462 |
| 8:40-2nd |  | 36 | 30 | 0.566 | 0.434 |
| 8:26-2nd |  | 36 | 32 | 0.539 | 0.461 |
| 8:19-2nd |  | 38 | 32 | 0.568 | 0.432 |
| 7:59-2nd |  | 38 | 32 | 0.593 | 0.407 |
| 7:57-2nd |  | 38 | 32 | 0.57 | 0.43 |
| 7:56-2nd |  | 38 | 34 | 0.542 | 0.458 |
| 7:38-2nd |  | 38 | 34 | 0.519 | 0.481 |
| 7:37-2nd |  | 39 | 34 | 0.542 | 0.458 |
| 7:35-2nd |  | 39 | 34 | 0.542 | 0.458 |
| 7:20-2nd |  | 39 | 36 | 0.509 | 0.491 |
| 6:58-2nd |  | 39 | 36 | 0.488 | 0.512 |
| 6:56-2nd |  | 39 | 36 | 0.48 | 0.52 |
| 6:53-2nd |  | 39 | 36 | 0.481 | 0.519 |
| 6:35-2nd |  | 39 | 36 | 0.514 | 0.486 |
| 6:15-2nd |  | 39 | 36 | 0.492 | 0.508 |
| 6:12-2nd |  | 39 | 36 | 0.485 | 0.515 |
| 6:04-2nd |  | 39 | 36 | 0.509 | 0.491 |
| 6:02-2nd |  | 39 | 36 | 0.486 | 0.514 |
| 6:00-2nd |  | 39 | 36 | 0.486 | 0.514 |
| 5:58-2nd |  | 39 | 36 | 0.517 | 0.483 |
| 5:42-2nd |  | 39 | 36 | 0.495 | 0.505 |
| 5:40-2nd |  | 39 | 36 | 0.487 | 0.513 |
| 5:27-2nd |  | 39 | 38 | 0.456 | 0.544 |
| 5:16-2nd |  | 41 | 38 | 0.489 | 0.511 |
| 5:01-2nd |  | 41 | 38 | 0.514 | 0.486 |
| 4:59-2nd |  | 41 | 38 | 0.522 | 0.478 |
| 4:46-2nd |  | 41 | 38 | 0.499 | 0.501 |
| 4:41-2nd |  | 41 | 38 | 0.524 | 0.476 |
| 4:40-2nd |  | 41 | 38 | 0.5 | 0.5 |
| 4:38-2nd |  | 41 | 38 | 0.492 | 0.508 |
| 4:31-2nd |  | 41 | 40 | 0.46 | 0.54 |
| 4:15-2nd |  | 43 | 40 | 0.494 | 0.506 |
| 4:02-2nd |  | 43 | 43 | 0.432 | 0.568 |
| 3:45-2nd |  | 43 | 43 | 0.406 | 0.594 |
| 3:41-2nd |  | 43 | 43 | 0.433 | 0.567 |
| 3:33-2nd |  | 43 | 43 | 0.407 | 0.593 |
| 3:30-2nd |  | 43 | 43 | 0.433 | 0.567 |
| 3:29-2nd |  | 45 | 43 | 0.464 | 0.536 |
| 3:20-2nd |  | 45 | 45 | 0.434 | 0.566 |
| 3:14-2nd |  | 45 | 45 | 0.408 | 0.592 |
| 3:11-2nd |  | 45 | 45 | 0.399 | 0.601 |
| 3:04-2nd |  | 45 | 47 | 0.368 | 0.632 |
| 3:03-2nd |  | 45 | 47 | 0.435 | 0.565 |
| 2:49-2nd |  | 45 | 47 | 0.338 | 0.662 |
| 2:38-2nd |  | 45 | 47 | 0.362 | 0.638 |
| 2:35-2nd |  | 45 | 47 | 0.37 | 0.63 |
| 2:28-2nd |  | 48 | 47 | 0.434 | 0.566 |
| 2:09-2nd |  | 48 | 49 | 0.402 | 0.598 |
| 1:53-2nd |  | 51 | 49 | 0.472 | 0.528 |
| 1:37-2nd |  | 51 | 51 | 0.439 | 0.561 |
| 1:23-2nd |  | 51 | 51 | 0.414 | 0.586 |
| 1:22-2nd |  | 51 | 51 | 0.405 | 0.595 |
| 1:16-2nd |  | 51 | 53 | 0.373 | 0.627 |
| 1:03-2nd |  | 54 | 53 | 0.438 | 0.562 |
| 59.1-2nd |  | 54 | 53 | 0.473 | 0.527 |
| 57.1-2nd |  | 54 | 53 | 0.474 | 0.526 |
| 37.2-2nd |  | 54 | 53 | 0.448 | 0.552 |
| 35.1-2nd |  | 54 | 53 | 0.475 | 0.525 |
| 34.1-2nd |  | 56 | 53 | 0.516 | 0.484 |
| 30.1-2nd |  | 56 | 55 | 0.475 | 0.525 |
| 12.1-2nd |  | 56 | 55 | 0.443 | 0.557 |
| 4.1-2nd |  | 56 | 57 | 0.408 | 0.592 |
| 0.0-2nd |  | 56 | 57 | 0.393 | 0.607 |
| 12:00-3rd |  | 56 | 57 | 0.393 | 0.607 |
| 11:46-3rd |  | 56 | 57 | 0.383 | 0.617 |
| 11:43-3rd |  | 56 | 57 | 0.375 | 0.625 |
| 11:34-3rd |  | 56 | 59 | 0.343 | 0.657 |
| 11:14-3rd |  | 58 | 59 | 0.376 | 0.624 |
| 10:50-3rd |  | 58 | 62 | 0.314 | 0.686 |
| 10:27-3rd |  | 61 | 62 | 0.378 | 0.622 |
| 10:07-3rd |  | 61 | 62 | 0.404 | 0.596 |
| 10:06-3rd |  | 61 | 62 | 0.412 | 0.588 |
| 9:52-3rd |  | 63 | 62 | 0.453 | 0.547 |
| 9:35-3rd |  | 63 | 62 | 0.454 | 0.546 |
| 9:26-3rd |  | 63 | 62 | 0.481 | 0.519 |
| 9:20-3rd |  | 63 | 62 | 0.455 | 0.545 |
| 9:19-3rd |  | 63 | 64 | 0.415 | 0.585 |
| 9:12-3rd |  | 66 | 64 | 0.491 | 0.509 |
| 9:03-3rd |  | 66 | 64 | 0.521 | 0.479 |
| 9:01-3rd |  | 66 | 64 | 0.491 | 0.509 |
| 9:00-3rd |  | 66 | 66 | 0.455 | 0.545 |
| 8:50-3rd |  | 66 | 66 | 0.455 | 0.545 |
| 8:46-3rd |  | 66 | 66 | 0.417 | 0.583 |
| 8:21-3rd |  | 66 | 66 | 0.448 | 0.552 |
| 8:19-3rd |  | 66 | 66 | 0.458 | 0.542 |
| 8:16-3rd |  | 66 | 66 | 0.427 | 0.573 |
| 8:14-3rd |  | 66 | 66 | 0.417 | 0.583 |
| 8:09-3rd |  | 66 | 68 | 0.382 | 0.618 |
| 7:58-3rd |  | 66 | 68 | 0.346 | 0.654 |
| 7:53-3rd |  | 66 | 70 | 0.313 | 0.687 |
| 7:51-3rd |  | 67 | 70 | 0.311 | 0.689 |
| 7:38-3rd |  | 67 | 70 | 0.311 | 0.689 |
| 7:32-3rd |  | 67 | 72 | 0.279 | 0.721 |
| 7:17-3rd |  | 67 | 72 | 0.256 | 0.744 |
| 7:15-3rd |  | 67 | 72 | 0.248 | 0.752 |
| 7:07-3rd |  | 67 | 72 | 0.271 | 0.729 |
| 7:02-3rd |  | 67 | 72 | 0.247 | 0.753 |
| 7:01-3rd |  | 67 | 72 | 0.27 | 0.73 |
| 7:00-3rd |  | 67 | 74 | 0.217 | 0.783 |
| 6:44-3rd |  | 69 | 74 | 0.246 | 0.754 |
| 6:22-3rd |  | 69 | 76 | 0.214 | 0.786 |
| 6:08-3rd |  | 69 | 76 | 0.184 | 0.816 |
| 6:01-3rd |  | 69 | 76 | 0.212 | 0.788 |
| 5:56-3rd |  | 72 | 76 | 0.276 | 0.724 |
| 5:41-3rd |  | 72 | 78 | 0.244 | 0.756 |
| 5:25-3rd |  | 75 | 78 | 0.31 | 0.69 |
| 5:02-3rd |  | 75 | 80 | 0.277 | 0.723 |
| 4:47-3rd |  | 77 | 80 | 0.31 | 0.69 |
| 4:23-3rd |  | 77 | 80 | 0.337 | 0.663 |
| 4:20-3rd |  | 77 | 80 | 0.346 | 0.654 |
| 4:08-3rd |  | 80 | 80 | 0.43 | 0.57 |
| 3:49-3rd |  | 80 | 80 | 0.473 | 0.527 |
| 3:47-3rd |  | 80 | 80 | 0.431 | 0.569 |
| 3:35-3rd |  | 80 | 80 | 0.463 | 0.537 |
| 3:33-3rd |  | 80 | 80 | 0.431 | 0.569 |
| 3:27-3rd |  | 80 | 82 | 0.389 | 0.611 |
| 3:11-3rd |  | 82 | 82 | 0.432 | 0.568 |
| 2:47-3rd |  | 82 | 84 | 0.389 | 0.611 |
| 2:24-3rd |  | 82 | 84 | 0.358 | 0.642 |
| 2:22-3rd |  | 82 | 84 | 0.389 | 0.611 |
| 2:21-3rd |  | 84 | 84 | 0.435 | 0.565 |
| 2:05-3rd |  | 84 | 86 | 0.39 | 0.61 |
| 1:52-3rd |  | 84 | 86 | 0.347 | 0.653 |
| 1:43-3rd |  | 84 | 86 | 0.39 | 0.61 |
| 1:33-3rd |  | 84 | 88 | 0.305 | 0.695 |
| 1:14-3rd |  | 84 | 88 | 0.272 | 0.728 |
| 1:12-3rd |  | 84 | 88 | 0.261 | 0.739 |
| 54.0-3rd |  | 84 | 88 | 0.292 | 0.708 |
| 52.1-3rd |  | 84 | 88 | 0.303 | 0.697 |
| 44.1-3rd |  | 84 | 88 | 0.27 | 0.73 |
| 40.1-3rd |  | 84 | 88 | 0.258 | 0.742 |
| 33.1-3rd |  | 84 | 88 | 0.291 | 0.709 |
| 31.1-3rd |  | 84 | 88 | 0.302 | 0.698 |
| 13.1-3rd |  | 86 | 88 | 0.342 | 0.658 |
| 1.1-3rd |  | 86 | 91 | 0.258 | 0.742 |
| 0.0-3rd |  | 89 | 91 | 0.364 | 0.636 |
| 12:00-4th |  | 89 | 91 | 0.364 | 0.636 |
| 11:38-4th |  | 89 | 91 | 0.387 | 0.613 |
| 11:32-4th |  | 92 | 91 | 0.486 | 0.514 |
| 11:18-4th |  | 92 | 91 | 0.527 | 0.473 |
| 11:15-4th |  | 92 | 91 | 0.541 | 0.459 |
| 11:06-4th |  | 92 | 91 | 0.501 | 0.499 |
| 11:03-4th |  | 92 | 91 | 0.488 | 0.512 |
| 10:56-4th |  | 92 | 91 | 0.476 | 0.524 |
| 10:49-4th |  | 92 | 91 | 0.527 | 0.473 |
| 10:48-4th |  | 92 | 91 | 0.484 | 0.516 |
| 10:41-4th |  | 92 | 94 | 0.384 | 0.616 |
| 10:12-4th |  | 92 | 94 | 0.345 | 0.655 |
| 10:10-4th |  | 92 | 94 | 0.384 | 0.616 |
| 10:09-4th |  | 92 | 94 | 0.345 | 0.655 |
| 10:08-4th |  | 92 | 94 | 0.384 | 0.616 |
| 10:07-4th |  | 92 | 94 | 0.345 | 0.655 |
| 10:05-4th |  | 92 | 94 | 0.332 | 0.668 |
| 10:03-4th |  | 92 | 97 | 0.237 | 0.763 |
| 9:40-4th |  | 92 | 97 | 0.182 | 0.818 |
| 9:18-4th |  | 92 | 97 | 0.226 | 0.774 |
| 9:08-4th |  | 92 | 97 | 0.19 | 0.81 |
| 8:55-4th |  | 92 | 97 | 0.231 | 0.769 |
| 8:49-4th |  | 94 | 97 | 0.265 | 0.735 |
| 8:24-4th |  | 94 | 97 | 0.304 | 0.696 |
| 8:23-4th |  | 94 | 97 | 0.326 | 0.674 |
| 8:05-4th |  | 97 | 97 | 0.432 | 0.568 |
| 7:49-4th |  | 97 | 97 | 0.479 | 0.521 |
| 7:47-4th |  | 97 | 97 | 0.495 | 0.505 |
| 7:19-4th |  | 99 | 97 | 0.556 | 0.444 |
| 6:59-4th |  | 99 | 100 | 0.437 | 0.563 |
| 6:38-4th |  | 99 | 100 | 0.379 | 0.621 |
| 6:36-4th |  | 99 | 100 | 0.438 | 0.562 |
| 6:32-4th |  | 99 | 100 | 0.371 | 0.629 |
| 6:27-4th |  | 99 | 103 | 0.253 | 0.747 |
| 6:16-4th |  | 99 | 103 | 0.202 | 0.798 |
| 6:10-4th |  | 101 | 103 | 0.291 | 0.709 |
| 5:48-4th |  | 101 | 105 | 0.237 | 0.763 |
| 5:25-4th |  | 101 | 105 | 0.24 | 0.76 |
| 5:17-4th |  | 103 | 105 | 0.286 | 0.714 |
| 4:56-4th |  | 103 | 105 | 0.335 | 0.665 |
| 4:55-4th |  | 103 | 105 | 0.286 | 0.714 |
| 4:46-4th |  | 103 | 105 | 0.299 | 0.701 |
| 4:44-4th |  | 103 | 105 | 0.351 | 0.649 |
| 4:41-4th |  | 106 | 105 | 0.49 | 0.51 |
| 4:23-4th |  | 106 | 105 | 0.572 | 0.428 |
| 4:05-4th |  | 109 | 105 | 0.712 | 0.288 |
| 3:54-4th |  | 109 | 107 | 0.648 | 0.352 |
| 3:43-4th |  | 109 | 107 | 0.578 | 0.422 |
| 3:35-4th |  | 109 | 107 | 0.636 | 0.364 |
| 3:30-4th |  | 109 | 107 | 0.637 | 0.363 |
| 3:28-4th |  | 109 | 107 | 0.657 | 0.343 |
| 3:26-4th |  | 111 | 107 | 0.725 | 0.275 |
| 3:11-4th |  | 111 | 107 | 0.782 | 0.218 |
| 3:08-4th |  | 111 | 107 | 0.8 | 0.2 |
| 2:52-4th |  | 111 | 107 | 0.756 | 0.244 |
| 2:49-4th |  | 111 | 107 | 0.741 | 0.259 |
| 2:38-4th |  | 111 | 109 | 0.678 | 0.322 |
| 2:15-4th | TARGET | 114 | 109 | 0.831 | 0.169 |
| 1:56-4th |  | 114 | 109 | 0.881 | 0.119 |
| 1:55-4th |  | 114 | 109 | 0.894 | 0.106 |
| 1:38-4th |  | 114 | 109 | 0.851 | 0.149 |
| 1:20-4th |  | 114 | 109 | 0.899 | 0.101 |
| 1:18-4th |  | 114 | 109 | 0.913 | 0.087 |
| 1:02-4th |  | 114 | 109 | 0.882 | 0.118 |
| 59.1-4th |  | 114 | 109 | 0.871 | 0.129 |
| 54.0-4th |  | 114 | 109 | 0.92 | 0.08 |
| 52.0-4th |  | 114 | 109 | 0.884 | 0.116 |
| 50.0-4th |  | 114 | 109 | 0.916 | 0.084 |
| 47.2-4th |  | 114 | 109 | 0.93 | 0.07 |
| 25.1-4th |  | 114 | 109 | 0.915 | 0.085 |
| 23.0-4th |  | 114 | 109 | 0.91 | 0.09 |
| 15.1-4th |  | 114 | 109 | 0.961 | 0.039 |
| 13.1-4th |  | 114 | 109 | 0.975 | 0.025 |
| 12.1-4th |  | 114 | 109 | 0.996 | 0.004 |
| 8.1-4th |  | 115 | 109 | 0.988 | 0.012 |
| 3.1-4th |  | 115 | 109 | 0.999 | 0.001 |
| 0.0-4th |  | 115 | 109 | 1.0 | 0.0 |

Question

Which event most likely happened at the marked missing position?

Answer Choices

A. Player 3 (Team A) makes 26-foot three point jumper (Player 5 (Team A) assists)
B. Player 4 (Team B) makes 18-foot pullup jump shot (Player 4 (Team A) assists)
C. Player 4 (Team B) misses 2-foot two point shot
D. Player 9 (Team B) double dribble turnover

Response Format

Return exactly one JSON object:

{
  "answer": "<A|B|C|D>",
  "rationale": "<brief evidence-based justification in 1-3 sentences>",
  "evidence_event_ids": [],
  "evidence_series_times": []
}

Use only event IDs and time labels that are provided above and that support the answer. Use an empty array when the corresponding evidence type is unavailable or unused. Return only the JSON object.
