Task

Reconstruct the missing event in this basketball game. Use the available numerical time-series evidence around the marked row to select the most likely event.

Game

Team A versus Team B, season 22-23.

Time Series

| Game time | Marker | Team A score | Team B score | Team A win probability | Team B win probability |
| --- | --- | --- | --- | --- | --- |
| 12:00-1st |  | 0 | 0 | 0.712 | 0.288 |
| 11:48-1st |  | 0 | 2 | 0.686 | 0.314 |
| 11:34-1st |  | 2 | 2 | 0.71 | 0.29 |
| 11:15-1st |  | 2 | 4 | 0.684 | 0.316 |
| 11:05-1st |  | 5 | 4 | 0.726 | 0.274 |
| 10:50-1st |  | 5 | 4 | 0.743 | 0.257 |
| 10:47-1st |  | 5 | 4 | 0.749 | 0.251 |
| 10:40-1st |  | 5 | 4 | 0.73 | 0.27 |
| 10:36-1st |  | 5 | 4 | 0.724 | 0.276 |
| 10:31-1st |  | 5 | 6 | 0.704 | 0.296 |
| 10:19-1st |  | 5 | 6 | 0.683 | 0.317 |
| 10:15-1st |  | 5 | 6 | 0.703 | 0.297 |
| 10:14-1st |  | 5 | 6 | 0.683 | 0.317 |
| 10:09-1st |  | 5 | 6 | 0.676 | 0.324 |
| 10:00-1st |  | 5 | 9 | 0.635 | 0.365 |
| 9:45-1st |  | 5 | 9 | 0.612 | 0.388 |
| 9:42-1st |  | 5 | 9 | 0.633 | 0.367 |
| 9:41-1st |  | 8 | 9 | 0.674 | 0.326 |
| 9:23-1st |  | 8 | 9 | 0.693 | 0.307 |
| 9:21-1st |  | 8 | 9 | 0.672 | 0.328 |
| 9:20-1st |  | 8 | 9 | 0.699 | 0.301 |
| 9:17-1st |  | 9 | 9 | 0.698 | 0.302 |
| 8:59-1st |  | 9 | 11 | 0.674 | 0.326 |
| 8:44-1st |  | 9 | 11 | 0.655 | 0.345 |
| 8:42-1st |  | 9 | 11 | 0.648 | 0.352 |
| 8:35-1st |  | 9 | 11 | 0.666 | 0.334 |
| 8:32-1st |  | 9 | 11 | 0.672 | 0.328 |
| 8:28-1st |  | 9 | 11 | 0.653 | 0.347 |
| 8:24-1st |  | 9 | 11 | 0.647 | 0.353 |
| 8:17-1st |  | 9 | 11 | 0.665 | 0.335 |
| 8:13-1st |  | 10 | 11 | 0.671 | 0.329 |
| 8:10-1st |  | 10 | 11 | 0.671 | 0.329 |
| 8:02-1st |  | 10 | 11 | 0.687 | 0.313 |
| 7:58-1st |  | 10 | 11 | 0.692 | 0.308 |
| 7:51-1st |  | 13 | 11 | 0.734 | 0.266 |
| 7:34-1st |  | 13 | 11 | 0.748 | 0.252 |
| 7:30-1st |  | 13 | 11 | 0.753 | 0.247 |
| 7:26-1st |  | 16 | 11 | 0.791 | 0.209 |
| 7:25-1st |  | 16 | 11 | 0.791 | 0.209 |
| 7:06-1st |  | 16 | 11 | 0.804 | 0.196 |
| 7:01-1st |  | 16 | 11 | 0.808 | 0.192 |
| 6:50-1st |  | 16 | 11 | 0.794 | 0.206 |
| 6:47-1st |  | 16 | 11 | 0.79 | 0.21 |
| 6:41-1st |  | 16 | 11 | 0.803 | 0.197 |
| 6:38-1st |  | 16 | 11 | 0.789 | 0.211 |
| 6:36-1st |  | 16 | 11 | 0.8 | 0.2 |
| 6:35-1st |  | 16 | 11 | 0.804 | 0.196 |
| 6:21-1st |  | 18 | 11 | 0.823 | 0.177 |
| 6:03-1st |  | 18 | 13 | 0.806 | 0.194 |
| 5:51-1st |  | 18 | 13 | 0.792 | 0.208 |
| 5:48-1st |  | 18 | 13 | 0.787 | 0.213 |
| 5:39-1st |  | 18 | 15 | 0.768 | 0.232 |
| 5:19-1st |  | 21 | 15 | 0.804 | 0.196 |
| 5:04-1st |  | 21 | 17 | 0.785 | 0.215 |
| 4:51-1st |  | 21 | 17 | 0.786 | 0.214 |
| 4:40-1st |  | 21 | 17 | 0.765 | 0.235 |
| 4:16-1st |  | 21 | 17 | 0.779 | 0.221 |
| 4:13-1st |  | 21 | 17 | 0.783 | 0.217 |
| 4:07-1st |  | 21 | 17 | 0.81 | 0.19 |
| 4:00-1st |  | 23 | 17 | 0.801 | 0.199 |
| 3:36-1st |  | 23 | 17 | 0.82 | 0.18 |
| 3:24-1st |  | 23 | 17 | 0.8 | 0.2 |
| 3:14-1st |  | 23 | 19 | 0.783 | 0.217 |
| 3:02-1st |  | 26 | 19 | 0.818 | 0.182 |
| 2:46-1st |  | 26 | 19 | 0.818 | 0.182 |
| 2:36-1st |  | 29 | 19 | 0.851 | 0.149 |
| 2:14-1st |  | 29 | 19 | 0.862 | 0.138 |
| 2:12-1st |  | 29 | 19 | 0.866 | 0.134 |
| 2:08-1st |  | 32 | 19 | 0.89 | 0.11 |
| 1:52-1st |  | 32 | 21 | 0.876 | 0.124 |
| 1:40-1st |  | 32 | 21 | 0.867 | 0.133 |
| 1:35-1st |  | 32 | 21 | 0.876 | 0.124 |
| 1:31-1st |  | 32 | 21 | 0.863 | 0.137 |
| 1:29-1st |  | 32 | 23 | 0.849 | 0.151 |
| 1:17-1st |  | 34 | 23 | 0.862 | 0.138 |
| 1:14-1st |  | 34 | 23 | 0.862 | 0.138 |
| 1:04-1st |  | 34 | 23 | 0.874 | 0.126 |
| 1:00-1st |  | 34 | 23 | 0.862 | 0.138 |
| 59.0-1st |  | 34 | 23 | 0.874 | 0.126 |
| 56.1-1st |  | 34 | 23 | 0.877 | 0.123 |
| 51.1-1st |  | 34 | 23 | 0.862 | 0.138 |
| 32.2-1st |  | 34 | 26 | 0.833 | 0.167 |
| 16.1-1st |  | 34 | 26 | 0.813 | 0.187 |
| 5.0-1st |  | 34 | 26 | 0.827 | 0.173 |
| 3.1-1st |  | 34 | 26 | 0.813 | 0.187 |
| 2.1-1st |  | 34 | 28 | 0.792 | 0.208 |
| 0.0-1st |  | 34 | 28 | 0.783 | 0.217 |
| 12:00-2nd |  | 34 | 28 | 0.783 | 0.217 |
| 11:42-2nd |  | 34 | 28 | 0.779 | 0.221 |
| 11:37-2nd |  | 34 | 28 | 0.773 | 0.227 |
| 11:27-2nd |  | 34 | 28 | 0.79 | 0.21 |
| 11:22-2nd |  | 34 | 28 | 0.795 | 0.205 |
| 11:09-2nd |  | 34 | 28 | 0.778 | 0.222 |
| 11:06-2nd |  | 34 | 28 | 0.772 | 0.228 |
| 10:58-2nd |  | 34 | 28 | 0.772 | 0.228 |
| 10:52-2nd |  | 34 | 28 | 0.788 | 0.212 |
| 10:48-2nd |  | 34 | 28 | 0.794 | 0.206 |
| 10:43-2nd |  | 34 | 28 | 0.777 | 0.223 |
| 10:39-2nd |  | 34 | 28 | 0.771 | 0.229 |
| 10:30-2nd |  | 34 | 28 | 0.788 | 0.212 |
| 10:26-2nd |  | 34 | 28 | 0.771 | 0.229 |
| 10:25-2nd |  | 34 | 30 | 0.75 | 0.25 |
| 10:10-2nd |  | 34 | 30 | 0.73 | 0.27 |
| 10:07-2nd |  | 34 | 30 | 0.724 | 0.276 |
| 9:57-2nd |  | 34 | 30 | 0.742 | 0.258 |
| 9:53-2nd |  | 34 | 30 | 0.748 | 0.252 |
| 9:52-2nd |  | 36 | 30 | 0.791 | 0.209 |
| 9:38-2nd |  | 36 | 30 | 0.807 | 0.193 |
| 9:35-2nd |  | 36 | 30 | 0.812 | 0.188 |
| 9:26-2nd |  | 36 | 30 | 0.795 | 0.205 |
| 9:23-2nd |  | 36 | 30 | 0.79 | 0.21 |
| 9:11-2nd |  | 36 | 30 | 0.806 | 0.194 |
| 9:08-2nd |  | 36 | 30 | 0.811 | 0.189 |
| 9:05-2nd |  | 39 | 30 | 0.846 | 0.154 |
| 8:50-2nd |  | 39 | 30 | 0.858 | 0.142 |
| 8:46-2nd |  | 39 | 30 | 0.862 | 0.138 |
| 8:37-2nd |  | 39 | 30 | 0.85 | 0.15 |
| 8:34-2nd |  | 39 | 30 | 0.846 | 0.154 |
| 8:24-2nd |  | 39 | 30 | 0.858 | 0.142 |
| 8:22-2nd |  | 39 | 30 | 0.862 | 0.138 |
| 8:15-2nd |  | 39 | 30 | 0.85 | 0.15 |
| 8:11-2nd |  | 39 | 30 | 0.846 | 0.154 |
| 7:58-2nd |  | 39 | 32 | 0.829 | 0.171 |
| 7:53-2nd |  | 39 | 32 | 0.829 | 0.171 |
| 7:44-2nd |  | 39 | 32 | 0.829 | 0.171 |
| 7:37-2nd |  | 39 | 32 | 0.813 | 0.187 |
| 7:34-2nd |  | 39 | 32 | 0.808 | 0.192 |
| 7:14-2nd |  | 39 | 32 | 0.823 | 0.177 |
| 7:10-2nd |  | 39 | 32 | 0.807 | 0.193 |
| 7:08-2nd |  | 39 | 35 | 0.765 | 0.235 |
| 6:56-2nd |  | 39 | 35 | 0.746 | 0.254 |
| 6:53-2nd |  | 39 | 35 | 0.765 | 0.235 |
| 6:46-2nd |  | 41 | 35 | 0.786 | 0.214 |
| 6:26-2nd |  | 41 | 35 | 0.807 | 0.193 |
| 6:19-2nd |  | 44 | 35 | 0.846 | 0.154 |
| 5:51-2nd |  | 44 | 35 | 0.858 | 0.142 |
| 5:46-2nd |  | 44 | 35 | 0.845 | 0.155 |
| 5:45-2nd |  | 44 | 35 | 0.862 | 0.138 |
| 5:39-2nd |  | 46 | 35 | 0.878 | 0.122 |
| 5:11-2nd |  | 46 | 38 | 0.846 | 0.154 |
| 4:57-2nd |  | 49 | 38 | 0.879 | 0.121 |
| 4:32-2nd |  | 49 | 38 | 0.89 | 0.11 |
| 4:28-2nd |  | 49 | 38 | 0.894 | 0.106 |
| 4:14-2nd |  | 49 | 38 | 0.883 | 0.117 |
| 4:10-2nd |  | 49 | 38 | 0.879 | 0.121 |
| 4:04-2nd |  | 49 | 38 | 0.891 | 0.109 |
| 4:01-2nd |  | 49 | 38 | 0.894 | 0.106 |
| 3:56-2nd |  | 51 | 38 | 0.879 | 0.121 |
| 3:48-2nd |  | 51 | 38 | 0.921 | 0.079 |
| 3:44-2nd |  | 54 | 38 | 0.94 | 0.06 |
| 3:26-2nd |  | 53 | 38 | 0.938 | 0.062 |
| 3:23-2nd |  | 53 | 38 | 0.941 | 0.059 |
| 3:22-2nd |  | 53 | 38 | 0.933 | 0.067 |
| 3:21-2nd |  | 53 | 38 | 0.93 | 0.07 |
| 3:06-2nd |  | 53 | 38 | 0.939 | 0.061 |
| 3:03-2nd |  | 53 | 38 | 0.941 | 0.059 |
| 2:54-2nd |  | 53 | 38 | 0.934 | 0.066 |
| 2:50-2nd |  | 53 | 38 | 0.931 | 0.069 |
| 2:34-2nd |  | 53 | 40 | 0.922 | 0.078 |
| 2:25-2nd |  | 53 | 40 | 0.909 | 0.091 |
| 2:18-2nd |  | 53 | 40 | 0.919 | 0.081 |
| 2:15-2nd |  | 53 | 40 | 0.91 | 0.09 |
| 2:14-2nd |  | 53 | 40 | 0.919 | 0.081 |
| 2:11-2nd |  | 53 | 40 | 0.923 | 0.077 |
| 2:05-2nd |  | 56 | 40 | 0.943 | 0.057 |
| 1:48-2nd |  | 56 | 42 | 0.933 | 0.067 |
| 1:33-2nd |  | 56 | 42 | 0.925 | 0.075 |
| 1:31-2nd |  | 56 | 42 | 0.922 | 0.078 |
| 1:26-2nd |  | 56 | 42 | 0.923 | 0.077 |
| 1:19-2nd |  | 56 | 42 | 0.931 | 0.069 |
| 1:12-2nd |  | 56 | 42 | 0.923 | 0.077 |
| 1:10-2nd |  | 57 | 44 | 0.925 | 0.075 |
| 53.1-2nd |  | 56 | 45 | 0.881 | 0.119 |
| 32.1-2nd |  | 57 | 46 | 0.899 | 0.101 |
| 16.0-2nd |  | 59 | 46 | 0.912 | 0.088 |
| 1.1-2nd |  | 59 | 48 | 0.899 | 0.101 |
| 0.0-2nd |  | 59 | 48 | 0.889 | 0.111 |
| 12:00-3rd |  | 59 | 48 | 0.889 | 0.111 |
| 11:43-3rd |  | 59 | 48 | 0.881 | 0.119 |
| 11:26-3rd |  | 59 | 50 | 0.868 | 0.132 |
| 11:10-3rd |  | 59 | 50 | 0.869 | 0.131 |
| 10:55-3rd |  | 59 | 50 | 0.865 | 0.135 |
| 10:53-3rd |  | 59 | 50 | 0.851 | 0.149 |
| 10:52-3rd |  | 59 | 50 | 0.864 | 0.136 |
| 10:50-3rd |  | 59 | 50 | 0.869 | 0.131 |
| 10:45-3rd |  | 59 | 50 | 0.868 | 0.132 |
| 10:39-3rd |  | 59 | 50 | 0.854 | 0.146 |
| 10:34-3rd |  | 59 | 50 | 0.849 | 0.151 |
| 10:25-3rd |  | 59 | 52 | 0.83 | 0.17 |
| 10:12-3rd |  | 61 | 52 | 0.849 | 0.151 |
| 9:59-3rd |  | 61 | 55 | 0.806 | 0.194 |
| 9:50-3rd |  | 61 | 55 | 0.785 | 0.215 |
| 9:48-3rd |  | 61 | 55 | 0.778 | 0.222 |
| 9:34-3rd |  | 61 | 55 | 0.799 | 0.201 |
| 9:30-3rd |  | 61 | 55 | 0.806 | 0.194 |
| 9:28-3rd |  | 62 | 55 | 0.805 | 0.195 |
| 9:06-3rd |  | 62 | 57 | 0.779 | 0.221 |
| 8:54-3rd |  | 62 | 57 | 0.757 | 0.243 |
| 8:51-3rd |  | 62 | 57 | 0.749 | 0.251 |
| 8:34-3rd |  | 62 | 59 | 0.72 | 0.28 |
| 8:19-3rd |  | 63 | 59 | 0.72 | 0.28 |
| 8:01-3rd |  | 63 | 59 | 0.742 | 0.258 |
| 7:57-3rd |  | 63 | 59 | 0.75 | 0.25 |
| 7:51-3rd |  | 63 | 59 | 0.727 | 0.273 |
| 7:49-3rd |  | 63 | 59 | 0.719 | 0.281 |
| 7:41-3rd |  | 63 | 59 | 0.742 | 0.258 |
| 7:37-3rd |  | 63 | 59 | 0.719 | 0.281 |
| 7:36-3rd |  | 63 | 61 | 0.685 | 0.315 |
| 7:31-3rd |  | 66 | 61 | 0.748 | 0.252 |
| 7:14-3rd |  | 66 | 61 | 0.748 | 0.252 |
| 7:07-3rd |  | 66 | 63 | 0.718 | 0.282 |
| 6:56-3rd |  | 66 | 63 | 0.691 | 0.309 |
| 6:53-3rd |  | 66 | 63 | 0.682 | 0.318 |
| 6:51-3rd |  | 66 | 63 | 0.709 | 0.291 |
| 6:48-3rd |  | 66 | 63 | 0.682 | 0.318 |
| 6:46-3rd |  | 66 | 63 | 0.717 | 0.283 |
| 6:45-3rd |  | 68 | 63 | 0.748 | 0.252 |
| 6:44-3rd |  | 67 | 63 | 0.772 | 0.228 |
| 6:31-3rd |  | 67 | 65 | 0.684 | 0.316 |
| 6:21-3rd |  | 70 | 65 | 0.748 | 0.252 |
| 6:12-3rd |  | 70 | 68 | 0.683 | 0.317 |
| 6:00-3rd |  | 72 | 68 | 0.716 | 0.284 |
| 5:49-3rd |  | 72 | 68 | 0.741 | 0.259 |
| 5:44-3rd |  | 72 | 68 | 0.749 | 0.251 |
| 5:40-3rd |  | 75 | 68 | 0.81 | 0.19 |
| 5:12-3rd |  | 75 | 70 | 0.781 | 0.219 |
| 4:52-3rd |  | 75 | 70 | 0.757 | 0.243 |
| 4:49-3rd |  | 75 | 70 | 0.749 | 0.251 |
| 4:42-3rd |  | 75 | 70 | 0.774 | 0.226 |
| 4:41-3rd |  | 75 | 70 | 0.782 | 0.218 |
| 4:25-3rd |  | 75 | 70 | 0.757 | 0.243 |
| 4:23-3rd |  | 75 | 70 | 0.749 | 0.251 |
| 4:14-3rd |  | 75 | 70 | 0.774 | 0.226 |
| 4:10-3rd |  | 75 | 70 | 0.783 | 0.217 |
| 4:06-3rd |  | 75 | 70 | 0.783 | 0.217 |
| 3:59-3rd |  | 77 | 70 | 0.813 | 0.187 |
| 3:45-3rd |  | 77 | 70 | 0.812 | 0.188 |
| 3:39-3rd |  | 77 | 73 | 0.751 | 0.249 |
| 3:26-3rd |  | 77 | 73 | 0.724 | 0.276 |
| 3:23-3rd |  | 77 | 73 | 0.715 | 0.285 |
| 3:15-3rd |  | 77 | 73 | 0.752 | 0.248 |
| 3:03-3rd |  | 80 | 73 | 0.815 | 0.185 |
| 2:46-3rd |  | 80 | 76 | 0.754 | 0.246 |
| 2:25-3rd |  | 80 | 76 | 0.725 | 0.275 |
| 2:20-3rd |  | 80 | 76 | 0.755 | 0.245 |
| 2:19-3rd |  | 80 | 76 | 0.716 | 0.284 |
| 2:12-3rd |  | 80 | 76 | 0.755 | 0.245 |
| 1:54-3rd |  | 83 | 76 | 0.819 | 0.181 |
| 1:34-3rd |  | 83 | 76 | 0.844 | 0.156 |
| 1:31-3rd |  | 83 | 76 | 0.821 | 0.179 |
| 1:28-3rd |  | 83 | 76 | 0.821 | 0.179 |
| 1:21-3rd |  | 83 | 76 | 0.844 | 0.156 |
| 1:17-3rd |  | 83 | 76 | 0.822 | 0.178 |
| 1:16-3rd |  | 83 | 76 | 0.845 | 0.155 |
| 1:14-3rd |  | 83 | 76 | 0.822 | 0.178 |
| 1:11-3rd |  | 83 | 76 | 0.822 | 0.178 |
| 57.1-3rd |  | 83 | 79 | 0.759 | 0.241 |
| 46.0-3rd |  | 83 | 79 | 0.717 | 0.283 |
| 30.0-3rd |  | 83 | 79 | 0.75 | 0.25 |
| 27.1-3rd |  | 83 | 79 | 0.761 | 0.239 |
| 7.1-3rd |  | 83 | 79 | 0.73 | 0.27 |
| 4.0-3rd |  | 83 | 79 | 0.721 | 0.279 |
| 1.1-3rd |  | 83 | 80 | 0.718 | 0.282 |
| 0.0-3rd |  | 83 | 80 | 0.699 | 0.301 |
| 12:00-4th |  | 83 | 80 | 0.699 | 0.301 |
| 11:47-4th |  | 83 | 82 | 0.628 | 0.372 |
| 11:31-4th |  | 83 | 82 | 0.59 | 0.41 |
| 11:28-4th |  | 83 | 82 | 0.577 | 0.423 |
| 11:15-4th |  | 83 | 82 | 0.615 | 0.385 |
| 11:09-4th |  | 83 | 82 | 0.576 | 0.424 |
| 11:07-4th |  | 83 | 82 | 0.615 | 0.385 |
| 11:05-4th |  | 83 | 82 | 0.628 | 0.372 |
| 11:04-4th |  | 83 | 82 | 0.589 | 0.411 |
| 10:59-4th |  | 83 | 82 | 0.576 | 0.424 |
| 10:49-4th |  | 83 | 84 | 0.531 | 0.469 |
| 10:25-4th |  | 83 | 84 | 0.487 | 0.513 |
| 10:20-4th |  | 83 | 84 | 0.473 | 0.527 |
| 10:18-4th |  | 83 | 84 | 0.456 | 0.544 |
| 10:09-4th |  | 83 | 84 | 0.505 | 0.495 |
| 10:05-4th |  | 83 | 84 | 0.463 | 0.537 |
| 10:04-4th |  | 83 | 86 | 0.411 | 0.589 |
| 9:56-4th |  | 86 | 86 | 0.515 | 0.485 |
| 9:39-4th |  | 86 | 86 | 0.495 | 0.505 |
| 9:28-4th |  | 86 | 88 | 0.45 | 0.55 |
| 9:16-4th |  | 88 | 88 | 0.502 | 0.498 |
| 8:48-4th |  | 88 | 88 | 0.545 | 0.455 |
| 8:45-4th |  | 88 | 88 | 0.56 | 0.44 |
| 8:39-4th |  | 91 | 88 | 0.665 | 0.335 |
| 8:20-4th |  | 91 | 88 | 0.645 | 0.355 |
| 8:16-4th |  | 91 | 90 | 0.596 | 0.404 |
| 7:59-4th |  | 94 | 90 | 0.7 | 0.3 |
| 7:39-4th |  | 94 | 90 | 0.739 | 0.261 |
| 7:36-4th |  | 94 | 90 | 0.752 | 0.248 |
| 7:23-4th |  | 94 | 90 | 0.706 | 0.294 |
| 7:16-4th |  | 94 | 92 | 0.652 | 0.348 |
| 6:59-4th |  | 97 | 92 | 0.762 | 0.238 |
| 6:57-4th |  | 97 | 92 | 0.762 | 0.238 |
| 6:44-4th |  | 97 | 92 | 0.8 | 0.2 |
| 6:41-4th |  | 97 | 92 | 0.813 | 0.187 |
| 6:37-4th |  | 97 | 92 | 0.778 | 0.222 |
| 6:34-4th |  | 97 | 92 | 0.814 | 0.186 |
| 6:33-4th |  | 97 | 92 | 0.779 | 0.221 |
| 6:29-4th |  | 97 | 92 | 0.767 | 0.233 |
| 6:18-4th |  | 97 | 92 | 0.806 | 0.194 |
| 6:17-4th |  | 97 | 94 | 0.72 | 0.28 |
| 6:04-4th |  | 99 | 94 | 0.772 | 0.228 |
| 5:41-4th |  | 99 | 97 | 0.661 | 0.339 |
| 5:19-4th |  | 101 | 97 | 0.727 | 0.273 |
| 5:03-4th |  | 101 | 98 | 0.733 | 0.267 |
| 4:53-4th | TARGET | 101 | 100 | 0.546 | 0.454 |
| 4:48-4th |  | 101 | 100 | 0.527 | 0.473 |
| 4:39-4th |  | 101 | 100 | 0.604 | 0.396 |
| 4:37-4th |  | 101 | 100 | 0.604 | 0.396 |
| 4:20-4th |  | 103 | 100 | 0.668 | 0.332 |
| 3:58-4th |  | 103 | 100 | 0.726 | 0.274 |
| 3:56-4th |  | 103 | 100 | 0.671 | 0.329 |
| 3:55-4th |  | 103 | 100 | 0.727 | 0.273 |
| 3:53-4th |  | 103 | 100 | 0.746 | 0.254 |
| 3:44-4th |  | 103 | 100 | 0.693 | 0.307 |
| 3:40-4th |  | 103 | 100 | 0.675 | 0.325 |
| 3:27-4th |  | 103 | 102 | 0.608 | 0.392 |
| 3:19-4th |  | 103 | 102 | 0.609 | 0.391 |
| 3:14-4th |  | 105 | 102 | 0.683 | 0.317 |
| 3:00-4th |  | 105 | 102 | 0.74 | 0.26 |
| 2:58-4th |  | 105 | 102 | 0.687 | 0.313 |
| 2:57-4th |  | 105 | 104 | 0.614 | 0.386 |
| 2:37-4th |  | 108 | 104 | 0.763 | 0.237 |
| 2:16-4th |  | 108 | 106 | 0.705 | 0.295 |
| 2:03-4th |  | 108 | 106 | 0.618 | 0.382 |
| 1:53-4th |  | 108 | 106 | 0.714 | 0.286 |
| 1:38-4th |  | 108 | 106 | 0.642 | 0.358 |
| 1:35-4th |  | 108 | 106 | 0.721 | 0.279 |
| 1:24-4th |  | 111 | 106 | 0.864 | 0.136 |
| 1:17-4th |  | 111 | 106 | 0.917 | 0.083 |
| 1:10-4th |  | 113 | 106 | 0.95 | 0.05 |
| 52.1-4th |  | 113 | 106 | 0.981 | 0.019 |
| 48.1-4th |  | 115 | 106 | 0.991 | 0.009 |
| 38.1-4th |  | 115 | 108 | 0.989 | 0.011 |
| 35.0-4th |  | 115 | 108 | 0.973 | 0.027 |
| 30.1-4th |  | 115 | 111 | 0.917 | 0.083 |
| 29.1-4th |  | 115 | 111 | 0.919 | 0.081 |
| 25.1-4th |  | 117 | 111 | 0.961 | 0.039 |
| 12.2-4th |  | 117 | 111 | 0.99 | 0.01 |
| 9.1-4th |  | 117 | 111 | 0.996 | 0.004 |
| 1.0-4th |  | 117 | 111 | 0.999 | 0.001 |
| 0.0-4th |  | 117 | 111 | 1.0 | 0.0 |

Question

Which event most likely happened at the marked missing position?

Answer Choices

A. Player 10 (Team A) lost ball turnover (Player 17 (Team A) steals)
B. Player 20 (Team B) blocks Player 6 (Team A)'s driving layup
C. Player 4 (Team A) misses 26-foot three point jumper
D. Player 5 (Team B) misses 24-foot three point jumper

Response Format

Return exactly one JSON object:

{
  "answer": "<A|B|C|D>",
  "rationale": "<brief evidence-based justification in 1-3 sentences>",
  "evidence_event_ids": [],
  "evidence_series_times": []
}

Use only event IDs and time labels that are provided above and that support the answer. Use an empty array when the corresponding evidence type is unavailable or unused. Return only the JSON object.
