Task

Reconstruct the missing event in this basketball game. Use the available numerical time-series evidence around the marked row to select the most likely event.

Game

Team A versus Team B, season 22-23.

Time Series

| Game time | Marker | Team A score | Team B score | Team A win probability | Team B win probability |
| --- | --- | --- | --- | --- | --- |
| 12:00-1st |  | 0 | 0 | 0.28 | 0.72 |
| 11:44-1st |  | 0 | 0 | 0.269 | 0.731 |
| 11:42-1st |  | 0 | 0 | 0.266 | 0.734 |
| 11:38-1st |  | 0 | 0 | 0.278 | 0.722 |
| 11:37-1st |  | 0 | 0 | 0.282 | 0.718 |
| 11:30-1st |  | 0 | 0 | 0.266 | 0.734 |
| 11:11-1st |  | 0 | 0 | 0.284 | 0.716 |
| 11:06-1st |  | 0 | 0 | 0.272 | 0.728 |
| 11:05-1st |  | 0 | 0 | 0.268 | 0.732 |
| 11:00-1st |  | 0 | 3 | 0.229 | 0.771 |
| 10:49-1st |  | 0 | 3 | 0.21 | 0.79 |
| 10:31-1st |  | 0 | 5 | 0.197 | 0.803 |
| 10:21-1st |  | 0 | 5 | 0.185 | 0.815 |
| 10:18-1st |  | 0 | 5 | 0.181 | 0.819 |
| 10:11-1st |  | 0 | 5 | 0.181 | 0.819 |
| 10:06-1st |  | 0 | 7 | 0.165 | 0.835 |
| 9:59-1st |  | 0 | 7 | 0.166 | 0.834 |
| 9:48-1st |  | 0 | 7 | 0.152 | 0.848 |
| 9:47-1st |  | 0 | 9 | 0.139 | 0.861 |
| 9:33-1st |  | 3 | 9 | 0.167 | 0.833 |
| 9:15-1st |  | 3 | 9 | 0.179 | 0.821 |
| 9:11-1st |  | 3 | 9 | 0.183 | 0.817 |
| 9:06-1st |  | 5 | 9 | 0.199 | 0.801 |
| 8:55-1st |  | 5 | 9 | 0.2 | 0.8 |
| 8:46-1st |  | 5 | 11 | 0.185 | 0.815 |
| 8:33-1st |  | 7 | 11 | 0.201 | 0.799 |
| 8:24-1st |  | 7 | 12 | 0.201 | 0.799 |
| 8:14-1st |  | 9 | 12 | 0.22 | 0.78 |
| 7:56-1st |  | 9 | 12 | 0.235 | 0.765 |
| 7:53-1st |  | 9 | 12 | 0.239 | 0.761 |
| 7:41-1st |  | 9 | 12 | 0.226 | 0.774 |
| 7:38-1st |  | 9 | 12 | 0.222 | 0.778 |
| 7:27-1st |  | 9 | 15 | 0.188 | 0.812 |
| 7:15-1st |  | 9 | 15 | 0.175 | 0.825 |
| 7:12-1st |  | 9 | 15 | 0.171 | 0.829 |
| 7:01-1st |  | 9 | 17 | 0.157 | 0.843 |
| 6:47-1st |  | 9 | 17 | 0.147 | 0.853 |
| 6:43-1st |  | 9 | 17 | 0.143 | 0.857 |
| 6:38-1st |  | 9 | 17 | 0.154 | 0.846 |
| 6:34-1st |  | 9 | 19 | 0.13 | 0.87 |
| 6:30-1st |  | 10 | 19 | 0.13 | 0.87 |
| 6:16-1st |  | 10 | 19 | 0.141 | 0.859 |
| 6:13-1st |  | 10 | 19 | 0.144 | 0.856 |
| 5:58-1st |  | 12 | 19 | 0.158 | 0.842 |
| 5:39-1st |  | 12 | 19 | 0.17 | 0.83 |
| 5:37-1st |  | 12 | 19 | 0.17 | 0.83 |
| 5:35-1st |  | 12 | 20 | 0.16 | 0.84 |
| 5:33-1st |  | 12 | 20 | 0.16 | 0.84 |
| 5:20-1st |  | 14 | 20 | 0.174 | 0.826 |
| 4:57-1st |  | 14 | 20 | 0.188 | 0.812 |
| 4:56-1st |  | 14 | 20 | 0.175 | 0.825 |
| 4:55-1st |  | 14 | 20 | 0.188 | 0.812 |
| 4:53-1st |  | 14 | 20 | 0.175 | 0.825 |
| 4:51-1st |  | 14 | 20 | 0.188 | 0.812 |
| 4:49-1st |  | 14 | 20 | 0.193 | 0.807 |
| 4:43-1st |  | 16 | 20 | 0.21 | 0.79 |
| 4:32-1st |  | 16 | 23 | 0.176 | 0.824 |
| 4:17-1st |  | 16 | 23 | 0.164 | 0.836 |
| 4:15-1st |  | 16 | 23 | 0.159 | 0.841 |
| 4:11-1st |  | 16 | 26 | 0.132 | 0.868 |
| 3:48-1st |  | 18 | 26 | 0.146 | 0.854 |
| 3:29-1st |  | 18 | 26 | 0.159 | 0.841 |
| 3:27-1st |  | 18 | 26 | 0.163 | 0.837 |
| 3:22-1st |  | 18 | 26 | 0.15 | 0.85 |
| 3:19-1st |  | 18 | 26 | 0.146 | 0.854 |
| 3:12-1st |  | 18 | 26 | 0.163 | 0.837 |
| 2:57-1st |  | 18 | 26 | 0.146 | 0.854 |
| 2:52-1st |  | 18 | 29 | 0.12 | 0.88 |
| 2:50-1st |  | 18 | 29 | 0.12 | 0.88 |
| 2:36-1st |  | 18 | 29 | 0.108 | 0.892 |
| 2:33-1st |  | 18 | 31 | 0.097 | 0.903 |
| 2:21-1st |  | 20 | 31 | 0.108 | 0.892 |
| 1:58-1st |  | 20 | 31 | 0.118 | 0.882 |
| 1:56-1st |  | 20 | 31 | 0.121 | 0.879 |
| 1:48-1st |  | 20 | 31 | 0.111 | 0.889 |
| 1:46-1st |  | 20 | 31 | 0.108 | 0.892 |
| 1:39-1st |  | 20 | 33 | 0.097 | 0.903 |
| 1:12-1st |  | 20 | 33 | 0.089 | 0.911 |
| 1:10-1st |  | 20 | 33 | 0.086 | 0.914 |
| 1:04-1st |  | 20 | 35 | 0.076 | 0.924 |
| 50.1-1st |  | 20 | 35 | 0.07 | 0.93 |
| 48.1-1st |  | 20 | 35 | 0.067 | 0.933 |
| 32.1-1st |  | 20 | 35 | 0.074 | 0.926 |
| 29.2-1st |  | 20 | 35 | 0.076 | 0.924 |
| 27.1-1st |  | 22 | 35 | 0.086 | 0.914 |
| 5.1-1st |  | 22 | 35 | 0.098 | 0.902 |
| 2.1-1st |  | 24 | 35 | 0.109 | 0.891 |
| 0.0-1st |  | 24 | 35 | 0.115 | 0.885 |
| 12:00-2nd |  | 24 | 35 | 0.115 | 0.885 |
| 11:40-2nd |  | 24 | 35 | 0.117 | 0.883 |
| 11:39-2nd |  | 24 | 35 | 0.12 | 0.88 |
| 11:29-2nd |  | 24 | 35 | 0.111 | 0.889 |
| 11:26-2nd |  | 24 | 35 | 0.109 | 0.891 |
| 11:17-2nd |  | 24 | 35 | 0.11 | 0.89 |
| 11:10-2nd |  | 24 | 35 | 0.118 | 0.882 |
| 11:07-2nd |  | 24 | 35 | 0.12 | 0.88 |
| 10:59-2nd |  | 24 | 35 | 0.112 | 0.888 |
| 10:56-2nd |  | 24 | 35 | 0.109 | 0.891 |
| 10:44-2nd |  | 24 | 35 | 0.118 | 0.882 |
| 10:41-2nd |  | 24 | 35 | 0.12 | 0.88 |
| 10:29-2nd |  | 24 | 35 | 0.112 | 0.888 |
| 10:27-2nd |  | 24 | 35 | 0.109 | 0.891 |
| 10:16-2nd |  | 24 | 38 | 0.085 | 0.915 |
| 9:58-2nd |  | 26 | 38 | 0.095 | 0.905 |
| 9:34-2nd |  | 26 | 38 | 0.105 | 0.895 |
| 9:31-2nd |  | 26 | 38 | 0.108 | 0.892 |
| 9:24-2nd |  | 26 | 38 | 0.099 | 0.901 |
| 9:21-2nd |  | 26 | 38 | 0.095 | 0.905 |
| 9:16-2nd |  | 26 | 40 | 0.085 | 0.915 |
| 8:58-2nd |  | 28 | 40 | 0.096 | 0.904 |
| 8:49-2nd |  | 28 | 40 | 0.096 | 0.904 |
| 8:34-2nd |  | 28 | 40 | 0.106 | 0.894 |
| 8:33-2nd |  | 28 | 40 | 0.106 | 0.894 |
| 8:32-2nd |  | 28 | 40 | 0.096 | 0.904 |
| 8:25-2nd |  | 28 | 40 | 0.105 | 0.895 |
| 8:22-2nd |  | 28 | 40 | 0.109 | 0.891 |
| 8:15-2nd |  | 30 | 40 | 0.121 | 0.879 |
| 7:59-2nd |  | 30 | 42 | 0.108 | 0.892 |
| 7:41-2nd |  | 30 | 42 | 0.099 | 0.901 |
| 7:38-2nd |  | 30 | 42 | 0.108 | 0.892 |
| 7:34-2nd |  | 32 | 42 | 0.12 | 0.88 |
| 7:05-2nd |  | 32 | 42 | 0.132 | 0.868 |
| 7:02-2nd |  | 32 | 42 | 0.136 | 0.864 |
| 6:57-2nd |  | 34 | 42 | 0.152 | 0.848 |
| 6:56-2nd |  | 34 | 42 | 0.152 | 0.848 |
| 6:41-2nd |  | 34 | 42 | 0.166 | 0.834 |
| 6:38-2nd |  | 34 | 42 | 0.171 | 0.829 |
| 6:25-2nd |  | 36 | 42 | 0.191 | 0.809 |
| 5:58-2nd |  | 36 | 42 | 0.207 | 0.793 |
| 5:56-2nd |  | 36 | 42 | 0.212 | 0.788 |
| 5:36-2nd |  | 36 | 42 | 0.197 | 0.803 |
| 5:33-2nd |  | 36 | 42 | 0.192 | 0.808 |
| 5:27-2nd |  | 36 | 42 | 0.213 | 0.787 |
| 5:10-2nd |  | 38 | 42 | 0.235 | 0.765 |
| 4:54-2nd |  | 38 | 42 | 0.254 | 0.746 |
| 4:51-2nd |  | 38 | 42 | 0.261 | 0.739 |
| 4:38-2nd |  | 38 | 42 | 0.243 | 0.757 |
| 4:36-2nd |  | 38 | 42 | 0.236 | 0.764 |
| 4:22-2nd |  | 38 | 42 | 0.256 | 0.744 |
| 4:20-2nd |  | 38 | 42 | 0.261 | 0.739 |
| 4:14-2nd |  | 38 | 42 | 0.243 | 0.757 |
| 4:10-2nd |  | 38 | 42 | 0.237 | 0.763 |
| 4:05-2nd |  | 38 | 45 | 0.192 | 0.808 |
| 3:48-2nd |  | 40 | 45 | 0.214 | 0.786 |
| 3:30-2nd |  | 40 | 45 | 0.238 | 0.762 |
| 3:24-2nd |  | 40 | 45 | 0.22 | 0.78 |
| 3:23-2nd |  | 42 | 45 | 0.261 | 0.739 |
| 3:03-2nd |  | 42 | 45 | 0.284 | 0.716 |
| 3:01-2nd |  | 42 | 45 | 0.291 | 0.709 |
| 2:48-2nd |  | 45 | 45 | 0.35 | 0.65 |
| 2:22-2nd |  | 45 | 45 | 0.377 | 0.623 |
| 2:21-2nd |  | 45 | 45 | 0.385 | 0.615 |
| 2:13-2nd |  | 45 | 45 | 0.361 | 0.639 |
| 2:12-2nd |  | 45 | 45 | 0.353 | 0.647 |
| 2:03-2nd |  | 45 | 47 | 0.323 | 0.677 |
| 1:39-2nd | TARGET | 48 | 47 | 0.386 | 0.614 |
| 1:25-2nd |  | 48 | 50 | 0.325 | 0.675 |
| 1:01-2nd |  | 48 | 50 | 0.299 | 0.701 |
| 51.0-2nd |  | 48 | 50 | 0.328 | 0.672 |
| 49.1-2nd |  | 48 | 50 | 0.328 | 0.672 |
| 48.1-2nd |  | 49 | 50 | 0.33 | 0.67 |
| 36.1-2nd |  | 49 | 52 | 0.295 | 0.705 |
| 28.0-2nd |  | 49 | 52 | 0.275 | 0.725 |
| 23.1-2nd |  | 49 | 52 | 0.269 | 0.731 |
| 3.1-2nd |  | 49 | 52 | 0.295 | 0.705 |
| 1.2-2nd |  | 49 | 52 | 0.303 | 0.697 |
| 0.0-2nd |  | 49 | 52 | 0.289 | 0.711 |
| 12:00-3rd |  | 49 | 52 | 0.289 | 0.711 |
| 11:47-3rd |  | 49 | 54 | 0.242 | 0.758 |
| 11:22-3rd |  | 49 | 54 | 0.224 | 0.776 |
| 11:20-3rd |  | 49 | 54 | 0.219 | 0.781 |
| 11:01-3rd |  | 49 | 54 | 0.237 | 0.763 |
| 11:00-3rd |  | 49 | 54 | 0.243 | 0.757 |
| 10:50-3rd |  | 49 | 54 | 0.225 | 0.775 |
| 10:49-3rd |  | 49 | 54 | 0.219 | 0.781 |
| 10:42-3rd |  | 49 | 54 | 0.218 | 0.782 |
| 10:32-3rd |  | 49 | 56 | 0.192 | 0.808 |
| 10:25-3rd |  | 49 | 56 | 0.168 | 0.832 |
| 10:11-3rd |  | 49 | 56 | 0.171 | 0.829 |
| 10:03-3rd |  | 49 | 59 | 0.13 | 0.87 |
| 9:51-3rd |  | 51 | 59 | 0.148 | 0.852 |
| 9:40-3rd |  | 51 | 59 | 0.165 | 0.835 |
| 9:37-3rd |  | 51 | 59 | 0.17 | 0.83 |
| 9:33-3rd |  | 53 | 59 | 0.196 | 0.804 |
| 9:19-3rd |  | 53 | 61 | 0.171 | 0.829 |
| 9:17-3rd |  | 53 | 61 | 0.171 | 0.829 |
| 9:12-3rd |  | 53 | 61 | 0.154 | 0.846 |
| 9:10-3rd |  | 53 | 61 | 0.171 | 0.829 |
| 9:09-3rd |  | 53 | 61 | 0.154 | 0.846 |
| 9:07-3rd |  | 53 | 61 | 0.149 | 0.851 |
| 8:59-3rd |  | 53 | 63 | 0.129 | 0.871 |
| 8:48-3rd |  | 53 | 63 | 0.13 | 0.87 |
| 8:46-3rd |  | 53 | 63 | 0.111 | 0.889 |
| 8:31-3rd |  | 53 | 66 | 0.08 | 0.92 |
| 8:08-3rd |  | 53 | 66 | 0.069 | 0.931 |
| 8:06-3rd |  | 53 | 66 | 0.066 | 0.934 |
| 7:50-3rd |  | 53 | 69 | 0.046 | 0.954 |
| 7:32-3rd |  | 55 | 69 | 0.054 | 0.946 |
| 7:12-3rd |  | 55 | 71 | 0.044 | 0.956 |
| 6:54-3rd |  | 55 | 71 | 0.037 | 0.963 |
| 6:52-3rd |  | 55 | 71 | 0.034 | 0.966 |
| 6:48-3rd |  | 55 | 73 | 0.029 | 0.971 |
| 6:37-3rd |  | 55 | 73 | 0.024 | 0.976 |
| 6:35-3rd |  | 55 | 73 | 0.028 | 0.972 |
| 6:34-3rd |  | 57 | 73 | 0.034 | 0.966 |
| 6:19-3rd |  | 57 | 73 | 0.042 | 0.958 |
| 5:56-3rd |  | 57 | 73 | 0.034 | 0.966 |
| 5:52-3rd |  | 57 | 73 | 0.032 | 0.968 |
| 5:45-3rd |  | 57 | 73 | 0.038 | 0.962 |
| 5:42-3rd |  | 57 | 73 | 0.04 | 0.96 |
| 5:37-3rd |  | 57 | 73 | 0.033 | 0.967 |
| 5:35-3rd |  | 57 | 73 | 0.04 | 0.96 |
| 5:24-3rd |  | 57 | 73 | 0.033 | 0.967 |
| 5:18-3rd |  | 57 | 73 | 0.033 | 0.967 |
| 5:17-3rd |  | 57 | 73 | 0.03 | 0.97 |
| 5:14-3rd |  | 57 | 75 | 0.025 | 0.975 |
| 4:55-3rd |  | 57 | 75 | 0.02 | 0.98 |
| 4:53-3rd |  | 57 | 75 | 0.018 | 0.982 |
| 4:46-3rd |  | 57 | 77 | 0.015 | 0.985 |
| 4:40-3rd |  | 58 | 77 | 0.014 | 0.986 |
| 4:29-3rd |  | 58 | 79 | 0.011 | 0.989 |
| 4:20-3rd |  | 61 | 79 | 0.017 | 0.983 |
| 3:58-3rd |  | 61 | 81 | 0.013 | 0.987 |
| 3:44-3rd |  | 61 | 81 | 0.01 | 0.99 |
| 3:40-3rd |  | 61 | 81 | 0.009 | 0.991 |
| 3:26-3rd |  | 61 | 81 | 0.012 | 0.988 |
| 3:19-3rd |  | 63 | 81 | 0.015 | 0.985 |
| 3:09-3rd |  | 63 | 83 | 0.012 | 0.988 |
| 2:59-3rd |  | 63 | 83 | 0.009 | 0.991 |
| 2:56-3rd |  | 63 | 83 | 0.008 | 0.992 |
| 2:42-3rd |  | 63 | 83 | 0.01 | 0.99 |
| 2:40-3rd |  | 63 | 83 | 0.011 | 0.989 |
| 2:36-3rd |  | 66 | 83 | 0.018 | 0.982 |
| 2:26-3rd |  | 66 | 83 | 0.018 | 0.982 |
| 2:19-3rd |  | 66 | 83 | 0.021 | 0.979 |
| 2:16-3rd |  | 66 | 83 | 0.023 | 0.977 |
| 2:14-3rd |  | 66 | 83 | 0.017 | 0.983 |
| 2:04-3rd |  | 66 | 85 | 0.013 | 0.987 |
| 1:45-3rd |  | 66 | 85 | 0.009 | 0.991 |
| 1:29-3rd |  | 66 | 87 | 0.007 | 0.993 |
| 1:18-3rd |  | 68 | 87 | 0.008 | 0.992 |
| 50.0-3rd |  | 68 | 87 | 0.01 | 0.99 |
| 49.1-3rd |  | 68 | 89 | 0.006 | 0.994 |
| 39.0-3rd |  | 69 | 89 | 0.005 | 0.995 |
| 37.1-3rd |  | 69 | 89 | 0.007 | 0.993 |
| 29.2-3rd |  | 72 | 89 | 0.012 | 0.988 |
| 8.1-3rd |  | 72 | 91 | 0.009 | 0.991 |
| 0.1-3rd |  | 74 | 91 | 0.013 | 0.987 |
| 0.0-3rd |  | 74 | 91 | 0.014 | 0.986 |
| 12:00-4th |  | 74 | 91 | 0.014 | 0.986 |
| 11:41-4th |  | 74 | 91 | 0.011 | 0.989 |
| 11:40-4th |  | 74 | 91 | 0.01 | 0.99 |
| 11:31-4th |  | 74 | 94 | 0.005 | 0.995 |
| 11:13-4th |  | 74 | 94 | 0.004 | 0.996 |
| 11:09-4th |  | 74 | 94 | 0.004 | 0.996 |
| 11:06-4th |  | 74 | 95 | 0.004 | 0.996 |
| 11:04-4th |  | 74 | 95 | 0.004 | 0.996 |
| 10:45-4th |  | 74 | 95 | 0.003 | 0.997 |
| 10:41-4th |  | 74 | 95 | 0.002 | 0.998 |
| 10:36-4th |  | 74 | 98 | 0.001 | 0.999 |
| 10:16-4th |  | 76 | 98 | 0.002 | 0.998 |
| 9:58-4th |  | 76 | 98 | 0.002 | 0.998 |
| 9:55-4th |  | 76 | 98 | 0.002 | 0.998 |
| 9:50-4th |  | 78 | 98 | 0.003 | 0.997 |
| 9:28-4th |  | 78 | 98 | 0.003 | 0.997 |
| 9:26-4th |  | 78 | 98 | 0.003 | 0.997 |
| 9:12-4th |  | 80 | 98 | 0.004 | 0.996 |
| 8:49-4th |  | 80 | 100 | 0.003 | 0.997 |
| 8:25-4th |  | 80 | 100 | 0.002 | 0.998 |
| 8:24-4th |  | 80 | 100 | 0.002 | 0.998 |
| 8:05-4th |  | 80 | 102 | 0.001 | 0.999 |
| 7:51-4th |  | 80 | 102 | 0.001 | 0.999 |
| 7:48-4th |  | 80 | 104 | 0.001 | 0.999 |
| 7:47-4th |  | 80 | 104 | 0.001 | 0.999 |
| 7:40-4th |  | 83 | 104 | 0.001 | 0.999 |
| 7:15-4th |  | 83 | 106 | 0.001 | 0.999 |
| 6:57-4th |  | 85 | 106 | 0.001 | 0.999 |
| 6:32-4th |  | 85 | 108 | 0.001 | 0.999 |
| 6:22-4th |  | 85 | 108 | 0.001 | 0.999 |
| 6:19-4th |  | 85 | 108 | 0.001 | 0.999 |
| 6:08-4th |  | 85 | 108 | 0.001 | 0.999 |
| 5:53-4th |  | 85 | 108 | 0.001 | 0.999 |
| 5:50-4th |  | 85 | 108 | 0.001 | 0.999 |
| 5:37-4th |  | 85 | 108 | 0.001 | 0.999 |
| 5:36-4th |  | 85 | 108 | 0.001 | 0.999 |
| 5:29-4th |  | 88 | 108 | 0.001 | 0.999 |
| 4:59-4th |  | 88 | 110 | 0.001 | 0.999 |
| 4:47-4th |  | 90 | 110 | 0.001 | 0.999 |
| 4:26-4th |  | 90 | 112 | 0.001 | 0.999 |
| 4:18-4th |  | 92 | 112 | 0.001 | 0.999 |
| 4:00-4th |  | 92 | 112 | 0.001 | 0.999 |
| 3:52-4th |  | 92 | 115 | 0.001 | 0.999 |
| 3:42-4th |  | 92 | 115 | 0.001 | 0.999 |
| 3:40-4th |  | 92 | 115 | 0.001 | 0.999 |
| 3:31-4th |  | 95 | 115 | 0.001 | 0.999 |
| 3:17-4th |  | 95 | 115 | 0.001 | 0.999 |
| 3:15-4th |  | 95 | 115 | 0.001 | 0.999 |
| 3:02-4th |  | 96 | 115 | 0.001 | 0.999 |
| 2:41-4th |  | 96 | 117 | 0.001 | 0.999 |
| 2:27-4th |  | 98 | 117 | 0.001 | 0.999 |
| 2:06-4th |  | 98 | 118 | 0.001 | 0.999 |
| 2:04-4th |  | 98 | 118 | 0.001 | 0.999 |
| 1:50-4th |  | 98 | 118 | 0.001 | 0.999 |
| 1:47-4th |  | 98 | 118 | 0.001 | 0.999 |
| 1:40-4th |  | 98 | 118 | 0.001 | 0.999 |
| 1:36-4th |  | 98 | 118 | 0.001 | 0.999 |
| 1:27-4th |  | 100 | 118 | 0.001 | 0.999 |
| 1:14-4th |  | 100 | 118 | 0.001 | 0.999 |
| 1:07-4th |  | 102 | 118 | 0.001 | 0.999 |
| 52.0-4th |  | 102 | 118 | 0.001 | 0.999 |
| 50.0-4th |  | 102 | 118 | 0.001 | 0.999 |
| 44.1-4th |  | 102 | 118 | 0.001 | 0.999 |
| 41.1-4th |  | 102 | 118 | 0.001 | 0.999 |
| 34.1-4th |  | 102 | 118 | 0.001 | 0.999 |
| 20.0-4th |  | 102 | 118 | 0.001 | 0.999 |
| 18.1-4th |  | 102 | 118 | 0.001 | 0.999 |
| 0.0-4th |  | 102 | 118 | 0.0 | 1.0 |

Question

Which event most likely happened at the marked missing position?

Answer Choices

A. Player 21 (Team A) makes 25-foot three point jumper (Player 12 (Team A) assists)
B. Player 1 (Team B) makes 25-foot running pullup jump shot
C. Derrick Rose enters the game for Player 13 (Team B)
D. Player 20 (Team A) vs. Player 6 (Team A) (Player 18 (Team B) gains possession)

Response Format

Return exactly one JSON object:

{
  "answer": "<A|B|C|D>",
  "rationale": "<brief evidence-based justification in 1-3 sentences>",
  "evidence_event_ids": [],
  "evidence_series_times": []
}

Use only event IDs and time labels that are provided above and that support the answer. Use an empty array when the corresponding evidence type is unavailable or unused. Return only the JSON object.
