Task

Reconstruct the missing event in this basketball game. Use the available numerical time-series evidence around the marked row to select the most likely event.

Game

Team A versus Team B, season 22-23.

Time Series

| Game time | Marker | Team A score | Team B score | Team A win probability | Team B win probability |
| --- | --- | --- | --- | --- | --- |
| 12:00-1st |  | 0 | 0 | 0.785 | 0.215 |
| 11:41-1st |  | 0 | 0 | 0.773 | 0.227 |
| 11:40-1st |  | 0 | 0 | 0.769 | 0.231 |
| 11:34-1st |  | 0 | 0 | 0.779 | 0.221 |
| 11:33-1st |  | 0 | 0 | 0.783 | 0.217 |
| 11:22-1st |  | 2 | 0 | 0.801 | 0.199 |
| 11:05-1st |  | 2 | 2 | 0.781 | 0.219 |
| 10:45-1st |  | 4 | 2 | 0.799 | 0.201 |
| 10:35-1st |  | 4 | 2 | 0.813 | 0.187 |
| 10:30-1st |  | 6 | 2 | 0.827 | 0.173 |
| 10:16-1st |  | 6 | 2 | 0.838 | 0.162 |
| 10:15-1st |  | 6 | 2 | 0.827 | 0.173 |
| 10:14-1st |  | 6 | 4 | 0.812 | 0.188 |
| 10:03-1st |  | 9 | 4 | 0.84 | 0.16 |
| 9:42-1st |  | 9 | 6 | 0.826 | 0.174 |
| 9:31-1st |  | 9 | 6 | 0.814 | 0.186 |
| 9:30-1st |  | 9 | 6 | 0.81 | 0.19 |
| 9:24-1st |  | 9 | 6 | 0.825 | 0.175 |
| 9:18-1st |  | 9 | 6 | 0.813 | 0.187 |
| 9:16-1st |  | 9 | 6 | 0.824 | 0.176 |
| 9:12-1st |  | 9 | 6 | 0.812 | 0.188 |
| 9:11-1st |  | 9 | 6 | 0.809 | 0.191 |
| 9:02-1st |  | 9 | 6 | 0.82 | 0.18 |
| 9:01-1st |  | 9 | 6 | 0.808 | 0.192 |
| 8:48-1st |  | 9 | 6 | 0.819 | 0.181 |
| 8:47-1st |  | 9 | 6 | 0.823 | 0.177 |
| 8:28-1st |  | 11 | 6 | 0.836 | 0.164 |
| 8:10-1st |  | 11 | 6 | 0.846 | 0.154 |
| 8:09-1st |  | 11 | 6 | 0.85 | 0.15 |
| 8:00-1st |  | 13 | 6 | 0.863 | 0.137 |
| 7:39-1st |  | 13 | 8 | 0.849 | 0.151 |
| 7:26-1st |  | 13 | 8 | 0.833 | 0.167 |
| 7:20-1st |  | 13 | 8 | 0.848 | 0.152 |
| 7:16-1st |  | 13 | 8 | 0.833 | 0.167 |
| 7:14-1st |  | 13 | 10 | 0.818 | 0.182 |
| 6:57-1st |  | 13 | 10 | 0.816 | 0.184 |
| 6:48-1st |  | 13 | 10 | 0.804 | 0.196 |
| 6:47-1st |  | 13 | 10 | 0.8 | 0.2 |
| 6:40-1st |  | 13 | 12 | 0.781 | 0.219 |
| 6:25-1st |  | 13 | 12 | 0.761 | 0.239 |
| 6:21-1st |  | 13 | 13 | 0.761 | 0.239 |
| 6:20-1st |  | 13 | 13 | 0.76 | 0.24 |
| 6:07-1st |  | 13 | 13 | 0.741 | 0.259 |
| 5:59-1st |  | 13 | 15 | 0.718 | 0.282 |
| 5:45-1st |  | 15 | 15 | 0.739 | 0.261 |
| 5:29-1st |  | 15 | 18 | 0.692 | 0.308 |
| 5:16-1st |  | 15 | 18 | 0.673 | 0.327 |
| 5:15-1st |  | 15 | 18 | 0.668 | 0.332 |
| 5:05-1st |  | 15 | 18 | 0.683 | 0.317 |
| 5:04-1st |  | 15 | 18 | 0.689 | 0.311 |
| 4:55-1st |  | 15 | 18 | 0.665 | 0.335 |
| 4:49-1st |  | 15 | 18 | 0.687 | 0.313 |
| 4:30-1st |  | 17 | 18 | 0.709 | 0.291 |
| 4:14-1st |  | 17 | 18 | 0.731 | 0.269 |
| 4:05-1st |  | 17 | 18 | 0.713 | 0.287 |
| 4:03-1st |  | 17 | 18 | 0.707 | 0.293 |
| 3:50-1st |  | 17 | 18 | 0.723 | 0.277 |
| 3:49-1st |  | 17 | 20 | 0.682 | 0.318 |
| 3:36-1st |  | 17 | 20 | 0.662 | 0.338 |
| 3:34-1st |  | 17 | 20 | 0.681 | 0.319 |
| 3:29-1st |  | 20 | 20 | 0.728 | 0.272 |
| 3:02-1st |  | 20 | 20 | 0.745 | 0.255 |
| 2:52-1st |  | 23 | 20 | 0.785 | 0.215 |
| 2:30-1st |  | 23 | 22 | 0.765 | 0.235 |
| 2:17-1st |  | 26 | 22 | 0.802 | 0.198 |
| 1:58-1st |  | 26 | 25 | 0.763 | 0.237 |
| 1:57-1st |  | 26 | 25 | 0.781 | 0.219 |
| 1:45-1st |  | 26 | 25 | 0.739 | 0.261 |
| 1:32-1st |  | 26 | 25 | 0.755 | 0.245 |
| 1:31-1st |  | 26 | 25 | 0.738 | 0.262 |
| 1:25-1st |  | 26 | 25 | 0.76 | 0.24 |
| 1:22-1st |  | 28 | 25 | 0.779 | 0.221 |
| 1:08-1st |  | 28 | 28 | 0.737 | 0.263 |
| 47.1-1st |  | 30 | 28 | 0.759 | 0.241 |
| 31.0-1st |  | 30 | 31 | 0.712 | 0.288 |
| 10.1-1st |  | 30 | 31 | 0.689 | 0.311 |
| 6.1-1st |  | 30 | 31 | 0.682 | 0.318 |
| 1.0-1st |  | 30 | 31 | 0.7 | 0.3 |
| 0.0-1st |  | 30 | 31 | 0.695 | 0.305 |
| 12:00-2nd |  | 30 | 31 | 0.695 | 0.305 |
| 11:44-2nd |  | 30 | 31 | 0.7 | 0.3 |
| 11:42-2nd |  | 30 | 31 | 0.678 | 0.322 |
| 11:31-2nd |  | 30 | 31 | 0.699 | 0.301 |
| 11:30-2nd |  | 30 | 31 | 0.706 | 0.294 |
| 11:22-2nd |  | 30 | 31 | 0.683 | 0.317 |
| 11:20-2nd |  | 30 | 31 | 0.676 | 0.324 |
| 11:13-2nd |  | 30 | 31 | 0.704 | 0.296 |
| 10:52-2nd |  | 30 | 31 | 0.681 | 0.319 |
| 10:51-2nd |  | 30 | 31 | 0.673 | 0.327 |
| 10:41-2nd |  | 30 | 31 | 0.694 | 0.306 |
| 10:39-2nd |  | 30 | 31 | 0.701 | 0.299 |
| 10:33-2nd |  | 32 | 31 | 0.722 | 0.278 |
| 10:14-2nd |  | 32 | 31 | 0.74 | 0.26 |
| 10:13-2nd |  | 32 | 31 | 0.747 | 0.253 |
| 10:07-2nd |  | 34 | 31 | 0.765 | 0.235 |
| 9:51-2nd |  | 34 | 31 | 0.782 | 0.218 |
| 9:50-2nd |  | 34 | 31 | 0.787 | 0.213 |
| 9:40-2nd |  | 36 | 31 | 0.805 | 0.195 |
| 9:32-2nd |  | 36 | 31 | 0.805 | 0.195 |
| 9:21-2nd |  | 36 | 31 | 0.824 | 0.176 |
| 9:11-2nd |  | 36 | 31 | 0.824 | 0.176 |
| 9:05-2nd |  | 39 | 31 | 0.857 | 0.143 |
| 8:43-2nd |  | 39 | 31 | 0.872 | 0.128 |
| 8:38-2nd |  | 41 | 31 | 0.885 | 0.115 |
| 8:25-2nd |  | 41 | 33 | 0.871 | 0.129 |
| 8:01-2nd |  | 41 | 33 | 0.859 | 0.141 |
| 8:00-2nd |  | 41 | 33 | 0.871 | 0.129 |
| 7:56-2nd |  | 43 | 33 | 0.884 | 0.116 |
| 7:43-2nd |  | 43 | 36 | 0.856 | 0.144 |
| 7:19-2nd |  | 45 | 36 | 0.87 | 0.13 |
| 7:02-2nd |  | 45 | 37 | 0.87 | 0.13 |
| 6:48-2nd |  | 45 | 37 | 0.857 | 0.143 |
| 6:47-2nd |  | 45 | 37 | 0.869 | 0.131 |
| 6:46-2nd |  | 46 | 37 | 0.868 | 0.132 |
| 6:45-2nd |  | 46 | 37 | 0.868 | 0.132 |
| 6:28-2nd |  | 46 | 40 | 0.835 | 0.165 |
| 6:15-2nd |  | 48 | 40 | 0.853 | 0.147 |
| 5:56-2nd |  | 48 | 43 | 0.815 | 0.185 |
| 5:31-2nd |  | 51 | 43 | 0.852 | 0.148 |
| 5:20-2nd |  | 51 | 45 | 0.833 | 0.167 |
| 5:04-2nd |  | 51 | 45 | 0.818 | 0.182 |
| 5:03-2nd |  | 51 | 45 | 0.813 | 0.187 |
| 4:47-2nd |  | 51 | 45 | 0.813 | 0.187 |
| 4:39-2nd |  | 51 | 45 | 0.832 | 0.168 |
| 4:27-2nd |  | 51 | 45 | 0.817 | 0.183 |
| 4:26-2nd |  | 51 | 45 | 0.812 | 0.188 |
| 4:18-2nd |  | 51 | 45 | 0.827 | 0.173 |
| 4:16-2nd |  | 51 | 45 | 0.832 | 0.168 |
| 4:11-2nd |  | 51 | 45 | 0.817 | 0.183 |
| 4:10-2nd |  | 51 | 45 | 0.832 | 0.168 |
| 4:09-2nd |  | 53 | 45 | 0.851 | 0.149 |
| 3:51-2nd |  | 53 | 47 | 0.831 | 0.169 |
| 3:40-2nd |  | 53 | 47 | 0.816 | 0.184 |
| 3:39-2nd |  | 53 | 47 | 0.811 | 0.189 |
| 3:26-2nd |  | 53 | 47 | 0.826 | 0.174 |
| 3:25-2nd |  | 53 | 47 | 0.81 | 0.19 |
| 3:24-2nd |  | 53 | 47 | 0.826 | 0.174 |
| 3:23-2nd |  | 53 | 49 | 0.79 | 0.21 |
| 3:18-2nd |  | 53 | 49 | 0.789 | 0.211 |
| 3:04-2nd |  | 55 | 49 | 0.81 | 0.19 |
| 2:49-2nd |  | 55 | 49 | 0.825 | 0.175 |
| 2:48-2nd |  | 55 | 49 | 0.809 | 0.191 |
| 2:45-2nd |  | 55 | 49 | 0.825 | 0.175 |
| 2:43-2nd |  | 55 | 49 | 0.83 | 0.17 |
| 2:35-2nd |  | 55 | 49 | 0.814 | 0.186 |
| 2:34-2nd |  | 55 | 49 | 0.809 | 0.191 |
| 2:26-2nd |  | 55 | 49 | 0.825 | 0.175 |
| 2:23-2nd |  | 55 | 49 | 0.83 | 0.17 |
| 2:19-2nd |  | 57 | 49 | 0.849 | 0.151 |
| 2:04-2nd |  | 57 | 49 | 0.867 | 0.133 |
| 1:58-2nd |  | 57 | 49 | 0.849 | 0.151 |
| 1:57-2nd |  | 57 | 50 | 0.85 | 0.15 |
| 1:55-2nd |  | 57 | 50 | 0.85 | 0.15 |
| 1:52-2nd |  | 57 | 50 | 0.874 | 0.126 |
| 1:41-2nd |  | 57 | 50 | 0.834 | 0.166 |
| 1:40-2nd |  | 57 | 50 | 0.829 | 0.171 |
| 1:32-2nd |  | 57 | 52 | 0.808 | 0.192 |
| 1:17-2nd |  | 57 | 52 | 0.789 | 0.211 |
| 1:16-2nd |  | 57 | 52 | 0.783 | 0.217 |
| 54.1-2nd |  | 57 | 54 | 0.76 | 0.24 |
| 44.0-2nd |  | 57 | 54 | 0.74 | 0.26 |
| 43.1-2nd |  | 57 | 54 | 0.76 | 0.24 |
| 42.1-2nd |  | 59 | 54 | 0.781 | 0.219 |
| 31.0-2nd |  | 59 | 54 | 0.8 | 0.2 |
| 29.1-2nd |  | 59 | 54 | 0.781 | 0.219 |
| 27.1-2nd |  | 59 | 56 | 0.759 | 0.241 |
| 20.1-2nd |  | 59 | 56 | 0.737 | 0.263 |
| 19.1-2nd |  | 59 | 56 | 0.757 | 0.243 |
| 18.1-2nd |  | 59 | 56 | 0.736 | 0.264 |
| 17.1-2nd |  | 59 | 56 | 0.73 | 0.27 |
| 0.0-2nd |  | 59 | 56 | 0.738 | 0.262 |
| 12:00-3rd |  | 59 | 56 | 0.738 | 0.262 |
| 11:39-3rd |  | 59 | 56 | 0.755 | 0.245 |
| 11:33-3rd |  | 59 | 56 | 0.733 | 0.267 |
| 11:31-3rd |  | 59 | 56 | 0.754 | 0.246 |
| 11:30-3rd |  | 59 | 56 | 0.733 | 0.267 |
| 11:29-3rd |  | 59 | 56 | 0.726 | 0.274 |
| 11:17-3rd |  | 59 | 56 | 0.747 | 0.253 |
| 11:16-3rd |  | 59 | 56 | 0.754 | 0.246 |
| 11:10-3rd |  | 60 | 56 | 0.752 | 0.248 |
| 11:02-3rd |  | 60 | 57 | 0.754 | 0.246 |
| 10:45-3rd |  | 62 | 57 | 0.779 | 0.221 |
| 10:31-3rd |  | 62 | 59 | 0.752 | 0.248 |
| 10:13-3rd |  | 62 | 59 | 0.728 | 0.272 |
| 10:11-3rd |  | 62 | 59 | 0.72 | 0.28 |
| 10:05-3rd |  | 62 | 59 | 0.743 | 0.257 |
| 10:04-3rd |  | 62 | 59 | 0.751 | 0.249 |
| 9:58-3rd |  | 65 | 59 | 0.802 | 0.198 |
| 9:40-3rd |  | 65 | 59 | 0.821 | 0.179 |
| 9:39-3rd |  | 65 | 59 | 0.827 | 0.173 |
| 9:31-3rd |  | 65 | 59 | 0.802 | 0.198 |
| 9:23-3rd |  | 65 | 62 | 0.749 | 0.251 |
| 9:14-3rd |  | 65 | 62 | 0.717 | 0.283 |
| 9:10-3rd |  | 65 | 62 | 0.717 | 0.283 |
| 9:04-3rd |  | 65 | 62 | 0.741 | 0.259 |
| 9:03-3rd |  | 65 | 62 | 0.748 | 0.252 |
| 8:50-3rd |  | 65 | 62 | 0.724 | 0.276 |
| 8:48-3rd |  | 65 | 62 | 0.716 | 0.284 |
| 8:35-3rd |  | 65 | 62 | 0.739 | 0.261 |
| 8:34-3rd |  | 65 | 62 | 0.747 | 0.253 |
| 8:20-3rd |  | 65 | 62 | 0.714 | 0.286 |
| 8:16-3rd |  | 65 | 62 | 0.738 | 0.262 |
| 8:14-3rd |  | 65 | 62 | 0.714 | 0.286 |
| 8:08-3rd |  | 65 | 62 | 0.746 | 0.254 |
| 8:01-3rd |  | 65 | 62 | 0.721 | 0.279 |
| 8:00-3rd |  | 65 | 62 | 0.713 | 0.287 |
| 7:47-3rd |  | 65 | 65 | 0.646 | 0.354 |
| 7:27-3rd |  | 67 | 65 | 0.677 | 0.323 |
| 7:13-3rd |  | 67 | 68 | 0.605 | 0.395 |
| 6:58-3rd |  | 67 | 68 | 0.564 | 0.436 |
| 6:34-3rd |  | 67 | 68 | 0.591 | 0.409 |
| 6:33-3rd |  | 67 | 68 | 0.561 | 0.439 |
| 6:30-3rd |  | 67 | 71 | 0.478 | 0.522 |
| 6:16-3rd |  | 67 | 71 | 0.434 | 0.566 |
| 6:07-3rd |  | 67 | 71 | 0.464 | 0.536 |
| 6:06-3rd |  | 67 | 71 | 0.474 | 0.526 |
| 5:51-3rd |  | 67 | 71 | 0.471 | 0.529 |
| 5:40-3rd |  | 67 | 71 | 0.467 | 0.533 |
| 5:31-3rd |  | 68 | 71 | 0.512 | 0.488 |
| 5:25-3rd |  | 71 | 71 | 0.59 | 0.41 |
| 5:17-3rd |  | 71 | 71 | 0.591 | 0.409 |
| 5:12-3rd |  | 71 | 71 | 0.62 | 0.38 |
| 5:11-3rd |  | 71 | 71 | 0.63 | 0.37 |
| 5:01-3rd |  | 71 | 71 | 0.598 | 0.402 |
| 5:00-3rd |  | 71 | 71 | 0.588 | 0.412 |
| 4:52-3rd |  | 71 | 74 | 0.505 | 0.495 |
| 4:42-3rd |  | 71 | 74 | 0.458 | 0.542 |
| 4:28-3rd |  | 71 | 74 | 0.49 | 0.51 |
| 4:26-3rd |  | 73 | 74 | 0.542 | 0.458 |
| 4:08-3rd |  | 73 | 76 | 0.498 | 0.502 |
| 3:51-3rd |  | 76 | 76 | 0.581 | 0.419 |
| 3:36-3rd |  | 76 | 76 | 0.579 | 0.421 |
| 3:33-3rd |  | 76 | 78 | 0.534 | 0.466 |
| 3:21-3rd |  | 78 | 78 | 0.578 | 0.422 |
| 2:59-3rd |  | 78 | 78 | 0.607 | 0.393 |
| 2:56-3rd |  | 78 | 78 | 0.617 | 0.383 |
| 2:49-3rd |  | 81 | 78 | 0.7 | 0.3 |
| 2:39-3rd |  | 81 | 78 | 0.699 | 0.301 |
| 2:30-3rd |  | 81 | 81 | 0.614 | 0.386 |
| 2:11-3rd |  | 81 | 81 | 0.571 | 0.429 |
| 1:56-3rd |  | 81 | 81 | 0.6 | 0.4 |
| 1:54-3rd |  | 81 | 81 | 0.569 | 0.431 |
| 1:53-3rd |  | 81 | 83 | 0.521 | 0.479 |
| 1:50-3rd |  | 81 | 83 | 0.472 | 0.528 |
| 1:36-3rd |  | 81 | 83 | 0.482 | 0.518 |
| 1:35-3rd |  | 81 | 83 | 0.518 | 0.482 |
| 1:32-3rd |  | 81 | 83 | 0.518 | 0.482 |
| 1:31-3rd |  | 83 | 83 | 0.567 | 0.433 |
| 1:13-3rd |  | 83 | 83 | 0.606 | 0.394 |
| 1:02-3rd |  | 84 | 83 | 0.607 | 0.393 |
| 1:00-3rd |  | 84 | 83 | 0.655 | 0.345 |
| 56.1-3rd |  | 84 | 83 | 0.619 | 0.381 |
| 55.1-3rd |  | 84 | 83 | 0.606 | 0.394 |
| 45.1-3rd |  | 84 | 83 | 0.642 | 0.358 |
| 43.1-3rd |  | 84 | 83 | 0.655 | 0.345 |
| 36.0-3rd |  | 84 | 83 | 0.617 | 0.383 |
| 35.1-3rd |  | 84 | 83 | 0.654 | 0.346 |
| 31.0-3rd |  | 84 | 83 | 0.641 | 0.359 |
| 29.1-3rd |  | 84 | 83 | 0.604 | 0.396 |
| 26.1-3rd | TARGET | 84 | 86 | 0.508 | 0.492 |
| 9.0-3rd |  | 85 | 86 | 0.506 | 0.494 |
| 0.1-3rd |  | 85 | 86 | 0.504 | 0.496 |
| 0.0-3rd |  | 85 | 86 | 0.527 | 0.473 |
| 12:00-4th |  | 85 | 86 | 0.527 | 0.473 |
| 11:46-4th |  | 85 | 86 | 0.517 | 0.483 |
| 11:45-4th |  | 85 | 86 | 0.504 | 0.496 |
| 11:29-4th |  | 85 | 88 | 0.452 | 0.548 |
| 11:15-4th |  | 87 | 88 | 0.499 | 0.501 |
| 10:57-4th |  | 87 | 90 | 0.445 | 0.555 |
| 10:36-4th |  | 87 | 90 | 0.395 | 0.605 |
| 10:35-4th |  | 87 | 90 | 0.379 | 0.621 |
| 10:24-4th |  | 87 | 92 | 0.326 | 0.674 |
| 10:11-4th |  | 89 | 92 | 0.376 | 0.624 |
| 9:55-4th |  | 89 | 92 | 0.417 | 0.583 |
| 9:54-4th |  | 89 | 92 | 0.431 | 0.569 |
| 9:44-4th |  | 89 | 92 | 0.37 | 0.63 |
| 9:33-4th |  | 89 | 92 | 0.412 | 0.588 |
| 9:32-4th |  | 89 | 92 | 0.427 | 0.573 |
| 9:28-4th |  | 89 | 92 | 0.366 | 0.634 |
| 9:20-4th |  | 89 | 94 | 0.315 | 0.685 |
| 9:17-4th |  | 89 | 94 | 0.314 | 0.686 |
| 9:02-4th |  | 89 | 94 | 0.273 | 0.727 |
| 9:01-4th |  | 89 | 94 | 0.272 | 0.728 |
| 9:00-4th |  | 89 | 94 | 0.26 | 0.74 |
| 8:40-4th |  | 89 | 94 | 0.292 | 0.708 |
| 8:37-4th |  | 89 | 94 | 0.254 | 0.746 |
| 8:35-4th |  | 89 | 96 | 0.202 | 0.798 |
| 8:19-4th |  | 89 | 96 | 0.155 | 0.845 |
| 8:02-4th |  | 89 | 98 | 0.122 | 0.878 |
| 7:52-4th |  | 89 | 98 | 0.089 | 0.911 |
| 7:50-4th |  | 89 | 100 | 0.067 | 0.933 |
| 7:49-4th |  | 89 | 100 | 0.066 | 0.934 |
| 7:36-4th |  | 89 | 100 | 0.051 | 0.949 |
| 7:35-4th |  | 89 | 100 | 0.046 | 0.954 |
| 7:21-4th |  | 89 | 102 | 0.032 | 0.968 |
| 7:02-4th |  | 92 | 102 | 0.055 | 0.945 |
| 6:46-4th |  | 92 | 102 | 0.068 | 0.932 |
| 6:45-4th |  | 92 | 102 | 0.074 | 0.926 |
| 6:38-4th |  | 92 | 102 | 0.051 | 0.949 |
| 6:34-4th |  | 92 | 104 | 0.038 | 0.962 |
| 6:14-4th |  | 92 | 104 | 0.024 | 0.976 |
| 6:10-4th |  | 92 | 104 | 0.023 | 0.977 |
| 6:08-4th |  | 92 | 104 | 0.031 | 0.969 |
| 6:07-4th |  | 92 | 104 | 0.034 | 0.966 |
| 6:01-4th |  | 92 | 104 | 0.022 | 0.978 |
| 5:52-4th |  | 92 | 105 | 0.021 | 0.979 |
| 5:37-4th |  | 92 | 105 | 0.013 | 0.987 |
| 5:33-4th |  | 92 | 107 | 0.008 | 0.992 |
| 5:21-4th |  | 94 | 107 | 0.012 | 0.988 |
| 5:03-4th |  | 94 | 110 | 0.004 | 0.996 |
| 4:44-4th |  | 94 | 110 | 0.002 | 0.998 |
| 4:24-4th |  | 94 | 110 | 0.002 | 0.998 |
| 4:23-4th |  | 94 | 112 | 0.001 | 0.999 |
| 4:22-4th |  | 94 | 112 | 0.001 | 0.999 |
| 4:17-4th |  | 94 | 112 | 0.001 | 0.999 |
| 4:16-4th |  | 94 | 112 | 0.001 | 0.999 |
| 4:02-4th |  | 96 | 112 | 0.001 | 0.999 |
| 3:42-4th |  | 96 | 114 | 0.001 | 0.999 |
| 3:22-4th |  | 96 | 114 | 0.001 | 0.999 |
| 3:21-4th |  | 96 | 114 | 0.001 | 0.999 |
| 3:17-4th |  | 96 | 114 | 0.001 | 0.999 |
| 3:16-4th |  | 96 | 114 | 0.001 | 0.999 |
| 3:11-4th |  | 96 | 114 | 0.001 | 0.999 |
| 3:10-4th |  | 96 | 114 | 0.001 | 0.999 |
| 3:09-4th |  | 97 | 114 | 0.001 | 0.999 |
| 2:56-4th |  | 97 | 114 | 0.001 | 0.999 |
| 2:47-4th |  | 97 | 114 | 0.001 | 0.999 |
| 2:46-4th |  | 97 | 114 | 0.001 | 0.999 |
| 2:40-4th |  | 97 | 114 | 0.001 | 0.999 |
| 2:39-4th |  | 97 | 114 | 0.001 | 0.999 |
| 2:21-4th |  | 97 | 114 | 0.001 | 0.999 |
| 2:16-4th |  | 99 | 114 | 0.001 | 0.999 |
| 1:55-4th |  | 99 | 117 | 0.001 | 0.999 |
| 1:48-4th |  | 101 | 117 | 0.001 | 0.999 |
| 1:30-4th |  | 101 | 119 | 0.001 | 0.999 |
| 1:18-4th |  | 103 | 119 | 0.001 | 0.999 |
| 58.0-4th |  | 103 | 122 | 0.001 | 0.999 |
| 50.1-4th |  | 103 | 122 | 0.001 | 0.999 |
| 48.1-4th |  | 103 | 122 | 0.001 | 0.999 |
| 28.1-4th |  | 103 | 124 | 0.001 | 0.999 |
| 19.1-4th |  | 103 | 124 | 0.001 | 0.999 |
| 0.0-4th |  | 103 | 124 | 0.0 | 1.0 |

Question

Which event most likely happened at the marked missing position?

Answer Choices

A. Player 5 (Team B) makes two point shot | Player 8 (Team A) shooting foul | Player 7 (Team B) enters the game for Player 1 (Team B) | Player 3 (Team A) enters the game for Player 14 (Team A) | Player 5 (Team B) makes free throw 1 of 1
B. Player 14 (Team B) blocks Player 13 (Team A)'s layup
C. Player 2 (Team A) blocks Player 6 (Team B)'s driving layup
D. Player 12 (Team A) makes 13-foot jumper (Player 14 (Team A) assists)

Response Format

Return exactly one JSON object:

{
  "answer": "<A|B|C|D>",
  "rationale": "<brief evidence-based justification in 1-3 sentences>",
  "evidence_event_ids": [],
  "evidence_series_times": []
}

Use only event IDs and time labels that are provided above and that support the answer. Use an empty array when the corresponding evidence type is unavailable or unused. Return only the JSON object.
