Task

Reconstruct the missing event in this basketball game. Use the available numerical time-series evidence around the marked row to select the most likely event.

Game

Team A versus Team B, season 22-23.

Time Series

| Game time | Marker | Team A score | Team B score | Team A win probability | Team B win probability |
| --- | --- | --- | --- | --- | --- |
| 12:00-1st |  | 0 | 0 | 0.18 | 0.82 |
| 11:42-1st |  | 0 | 0 | 0.172 | 0.828 |
| 11:40-1st |  | 0 | 0 | 0.17 | 0.83 |
| 11:26-1st |  | 0 | 2 | 0.155 | 0.845 |
| 11:13-1st |  | 0 | 2 | 0.144 | 0.856 |
| 11:00-1st |  | 0 | 4 | 0.133 | 0.867 |
| 10:42-1st |  | 2 | 4 | 0.146 | 0.854 |
| 10:22-1st |  | 2 | 4 | 0.156 | 0.844 |
| 10:20-1st |  | 2 | 4 | 0.16 | 0.84 |
| 10:09-1st |  | 2 | 4 | 0.151 | 0.849 |
| 10:06-1st |  | 2 | 4 | 0.148 | 0.852 |
| 10:01-1st |  | 2 | 7 | 0.124 | 0.876 |
| 9:38-1st |  | 4 | 7 | 0.136 | 0.864 |
| 9:22-1st |  | 4 | 7 | 0.148 | 0.852 |
| 9:17-1st |  | 4 | 7 | 0.151 | 0.849 |
| 9:08-1st |  | 4 | 7 | 0.141 | 0.859 |
| 9:06-1st |  | 4 | 7 | 0.152 | 0.848 |
| 9:02-1st |  | 7 | 7 | 0.182 | 0.818 |
| 8:46-1st |  | 7 | 10 | 0.153 | 0.847 |
| 8:21-1st |  | 7 | 10 | 0.144 | 0.856 |
| 8:20-1st |  | 7 | 10 | 0.155 | 0.845 |
| 8:16-1st |  | 7 | 10 | 0.144 | 0.856 |
| 8:13-1st |  | 7 | 10 | 0.141 | 0.859 |
| 8:09-1st |  | 7 | 10 | 0.152 | 0.848 |
| 8:07-1st |  | 7 | 10 | 0.156 | 0.844 |
| 7:54-1st |  | 9 | 10 | 0.17 | 0.83 |
| 7:34-1st |  | 9 | 10 | 0.184 | 0.816 |
| 7:33-1st |  | 9 | 10 | 0.188 | 0.812 |
| 7:21-1st |  | 9 | 10 | 0.177 | 0.823 |
| 7:19-1st |  | 9 | 10 | 0.173 | 0.827 |
| 7:15-1st |  | 9 | 10 | 0.185 | 0.815 |
| 7:11-1st |  | 9 | 10 | 0.19 | 0.81 |
| 6:59-1st |  | 9 | 10 | 0.178 | 0.822 |
| 6:57-1st |  | 9 | 10 | 0.174 | 0.826 |
| 6:50-1st |  | 9 | 11 | 0.175 | 0.825 |
| 6:31-1st |  | 11 | 11 | 0.192 | 0.808 |
| 6:14-1st |  | 11 | 13 | 0.178 | 0.822 |
| 5:52-1st |  | 13 | 13 | 0.195 | 0.805 |
| 5:30-1st |  | 13 | 15 | 0.181 | 0.819 |
| 5:18-1st |  | 13 | 15 | 0.17 | 0.83 |
| 5:16-1st |  | 13 | 15 | 0.166 | 0.834 |
| 5:09-1st |  | 13 | 15 | 0.179 | 0.821 |
| 5:07-1st |  | 13 | 15 | 0.183 | 0.817 |
| 4:59-1st |  | 13 | 15 | 0.171 | 0.829 |
| 4:58-1st |  | 13 | 15 | 0.167 | 0.833 |
| 4:53-1st |  | 13 | 17 | 0.154 | 0.846 |
| 4:36-1st |  | 15 | 17 | 0.169 | 0.831 |
| 4:20-1st |  | 15 | 20 | 0.142 | 0.858 |
| 4:19-1st |  | 15 | 20 | 0.142 | 0.858 |
| 3:59-1st |  | 15 | 20 | 0.128 | 0.872 |
| 3:47-1st |  | 15 | 20 | 0.14 | 0.86 |
| 3:44-1st |  | 15 | 20 | 0.144 | 0.856 |
| 3:38-1st |  | 17 | 20 | 0.158 | 0.842 |
| 3:24-1st |  | 17 | 20 | 0.17 | 0.83 |
| 3:22-1st |  | 17 | 20 | 0.173 | 0.827 |
| 3:09-1st |  | 19 | 20 | 0.192 | 0.808 |
| 2:54-1st |  | 19 | 21 | 0.194 | 0.806 |
| 2:52-1st |  | 19 | 21 | 0.194 | 0.806 |
| 2:45-1st |  | 19 | 21 | 0.177 | 0.823 |
| 2:38-1st |  | 19 | 21 | 0.177 | 0.823 |
| 2:36-1st |  | 19 | 24 | 0.146 | 0.854 |
| 2:24-1st |  | 19 | 24 | 0.136 | 0.864 |
| 2:22-1st |  | 19 | 24 | 0.133 | 0.867 |
| 2:11-1st |  | 19 | 25 | 0.134 | 0.866 |
| 1:58-1st |  | 21 | 25 | 0.149 | 0.851 |
| 1:43-1st |  | 21 | 25 | 0.161 | 0.839 |
| 1:40-1st |  | 21 | 25 | 0.165 | 0.835 |
| 1:34-1st |  | 21 | 25 | 0.15 | 0.85 |
| 1:19-1st | TARGET | 21 | 25 | 0.221 | 0.779 |
| 1:05-1st |  | 21 | 25 | 0.163 | 0.837 |
| 1:02-1st |  | 21 | 25 | 0.223 | 0.777 |
| 56.0-1st |  | 21 | 25 | 0.201 | 0.799 |
| 54.0-1st |  | 21 | 27 | 0.186 | 0.814 |
| 45.1-1st |  | 21 | 27 | 0.125 | 0.875 |
| 32.1-1st |  | 21 | 27 | 0.183 | 0.817 |
| 28.1-1st |  | 21 | 27 | 0.17 | 0.83 |
| 24.1-1st |  | 21 | 30 | 0.14 | 0.86 |
| 6.1-1st |  | 21 | 30 | 0.091 | 0.909 |
| 2.0-1st |  | 21 | 32 | 0.083 | 0.917 |
| 0.0-1st |  | 21 | 32 | 0.109 | 0.891 |
| 12:00-2nd |  | 21 | 32 | 0.109 | 0.891 |
| 11:46-2nd |  | 21 | 32 | 0.079 | 0.921 |
| 11:43-2nd |  | 21 | 32 | 0.081 | 0.919 |
| 11:28-2nd |  | 21 | 32 | 0.074 | 0.926 |
| 11:07-2nd |  | 21 | 34 | 0.065 | 0.935 |
| 10:55-2nd |  | 21 | 34 | 0.06 | 0.94 |
| 10:53-2nd |  | 21 | 34 | 0.058 | 0.942 |
| 10:39-2nd |  | 21 | 36 | 0.05 | 0.95 |
| 10:19-2nd |  | 24 | 36 | 0.064 | 0.936 |
| 9:51-2nd |  | 24 | 36 | 0.072 | 0.928 |
| 9:48-2nd |  | 24 | 36 | 0.074 | 0.926 |
| 9:45-2nd |  | 24 | 36 | 0.065 | 0.935 |
| 9:38-2nd |  | 24 | 39 | 0.05 | 0.95 |
| 9:26-2nd |  | 24 | 39 | 0.046 | 0.954 |
| 9:23-2nd |  | 24 | 39 | 0.05 | 0.95 |
| 9:21-2nd |  | 24 | 39 | 0.046 | 0.954 |
| 9:18-2nd |  | 24 | 39 | 0.044 | 0.956 |
| 9:11-2nd |  | 24 | 39 | 0.049 | 0.951 |
| 9:09-2nd |  | 24 | 39 | 0.05 | 0.95 |
| 8:55-2nd |  | 24 | 39 | 0.046 | 0.954 |
| 8:52-2nd |  | 24 | 39 | 0.044 | 0.956 |
| 8:50-2nd |  | 24 | 42 | 0.034 | 0.966 |
| 8:38-2nd |  | 24 | 42 | 0.03 | 0.97 |
| 8:35-2nd |  | 24 | 42 | 0.029 | 0.971 |
| 8:25-2nd |  | 24 | 43 | 0.03 | 0.97 |
| 8:10-2nd |  | 24 | 43 | 0.026 | 0.974 |
| 8:07-2nd |  | 24 | 43 | 0.025 | 0.975 |
| 7:57-2nd |  | 24 | 43 | 0.028 | 0.972 |
| 7:55-2nd |  | 24 | 43 | 0.026 | 0.974 |
| 7:49-2nd |  | 24 | 43 | 0.03 | 0.97 |
| 7:32-2nd |  | 24 | 43 | 0.025 | 0.975 |
| 7:24-2nd |  | 24 | 45 | 0.021 | 0.979 |
| 7:11-2nd |  | 24 | 45 | 0.021 | 0.979 |
| 7:06-2nd |  | 26 | 45 | 0.025 | 0.975 |
| 6:57-2nd |  | 26 | 47 | 0.022 | 0.978 |
| 6:44-2nd |  | 26 | 47 | 0.019 | 0.981 |
| 6:42-2nd |  | 26 | 47 | 0.018 | 0.982 |
| 6:38-2nd |  | 26 | 47 | 0.021 | 0.979 |
| 6:18-2nd |  | 26 | 47 | 0.018 | 0.982 |
| 6:16-2nd |  | 26 | 47 | 0.018 | 0.982 |
| 6:12-2nd |  | 26 | 49 | 0.015 | 0.985 |
| 6:11-2nd |  | 26 | 49 | 0.015 | 0.985 |
| 5:59-2nd |  | 26 | 49 | 0.012 | 0.988 |
| 5:54-2nd |  | 26 | 51 | 0.01 | 0.99 |
| 5:42-2nd |  | 27 | 51 | 0.01 | 0.99 |
| 5:40-2nd |  | 27 | 51 | 0.012 | 0.988 |
| 5:36-2nd |  | 27 | 51 | 0.011 | 0.989 |
| 5:34-2nd |  | 27 | 51 | 0.016 | 0.984 |
| 5:28-2nd |  | 29 | 51 | 0.015 | 0.985 |
| 5:16-2nd |  | 29 | 51 | 0.017 | 0.983 |
| 5:11-2nd |  | 31 | 51 | 0.02 | 0.98 |
| 4:54-2nd |  | 31 | 53 | 0.017 | 0.983 |
| 4:39-2nd |  | 31 | 53 | 0.014 | 0.986 |
| 4:25-2nd |  | 31 | 55 | 0.012 | 0.988 |
| 4:13-2nd |  | 33 | 55 | 0.014 | 0.986 |
| 3:54-2nd |  | 33 | 55 | 0.016 | 0.984 |
| 3:52-2nd |  | 33 | 55 | 0.017 | 0.983 |
| 3:46-2nd |  | 35 | 55 | 0.02 | 0.98 |
| 3:37-2nd |  | 35 | 55 | 0.023 | 0.977 |
| 3:33-2nd |  | 37 | 55 | 0.028 | 0.972 |
| 3:13-2nd |  | 37 | 55 | 0.031 | 0.969 |
| 3:10-2nd |  | 37 | 55 | 0.032 | 0.968 |
| 2:59-2nd |  | 39 | 55 | 0.036 | 0.964 |
| 2:45-2nd |  | 39 | 57 | 0.032 | 0.968 |
| 2:31-2nd |  | 39 | 57 | 0.028 | 0.972 |
| 2:29-2nd |  | 39 | 57 | 0.027 | 0.973 |
| 2:20-2nd |  | 39 | 57 | 0.03 | 0.97 |
| 2:17-2nd |  | 39 | 57 | 0.031 | 0.969 |
| 2:12-2nd |  | 41 | 57 | 0.036 | 0.964 |
| 1:56-2nd |  | 41 | 57 | 0.041 | 0.959 |
| 1:54-2nd |  | 41 | 57 | 0.043 | 0.957 |
| 1:49-2nd |  | 41 | 57 | 0.037 | 0.963 |
| 1:46-2nd |  | 41 | 57 | 0.035 | 0.965 |
| 1:39-2nd |  | 41 | 59 | 0.031 | 0.969 |
| 1:24-2nd |  | 41 | 59 | 0.027 | 0.973 |
| 1:20-2nd |  | 41 | 61 | 0.021 | 0.979 |
| 54.1-2nd |  | 41 | 61 | 0.019 | 0.981 |
| 53.1-2nd |  | 41 | 61 | 0.018 | 0.982 |
| 33.0-2nd |  | 41 | 61 | 0.019 | 0.981 |
| 29.0-2nd |  | 41 | 61 | 0.02 | 0.98 |
| 9.1-2nd |  | 43 | 61 | 0.026 | 0.974 |
| 0.1-2nd |  | 43 | 63 | 0.021 | 0.979 |
| 0.0-2nd |  | 43 | 63 | 0.019 | 0.981 |
| 12:00-3rd |  | 43 | 63 | 0.019 | 0.981 |
| 11:50-3rd |  | 43 | 63 | 0.019 | 0.981 |
| 11:33-3rd |  | 45 | 63 | 0.023 | 0.977 |
| 11:29-3rd |  | 45 | 63 | 0.023 | 0.977 |
| 11:11-3rd |  | 45 | 65 | 0.018 | 0.982 |
| 10:54-3rd |  | 47 | 65 | 0.022 | 0.978 |
| 10:32-3rd |  | 47 | 65 | 0.027 | 0.973 |
| 10:20-3rd |  | 49 | 65 | 0.032 | 0.968 |
| 9:54-3rd |  | 49 | 66 | 0.032 | 0.968 |
| 9:52-3rd |  | 49 | 66 | 0.032 | 0.968 |
| 9:37-3rd |  | 52 | 66 | 0.045 | 0.955 |
| 9:21-3rd |  | 52 | 66 | 0.051 | 0.949 |
| 9:20-3rd |  | 52 | 66 | 0.054 | 0.946 |
| 9:11-3rd |  | 52 | 66 | 0.047 | 0.953 |
| 9:07-3rd |  | 52 | 66 | 0.044 | 0.956 |
| 9:02-3rd |  | 52 | 69 | 0.031 | 0.969 |
| 8:50-3rd |  | 54 | 69 | 0.037 | 0.963 |
| 8:30-3rd |  | 54 | 71 | 0.03 | 0.97 |
| 8:11-3rd |  | 56 | 71 | 0.036 | 0.964 |
| 7:53-3rd |  | 56 | 74 | 0.024 | 0.976 |
| 7:43-3rd |  | 56 | 74 | 0.02 | 0.98 |
| 7:42-3rd |  | 56 | 74 | 0.019 | 0.981 |
| 7:36-3rd |  | 56 | 74 | 0.022 | 0.978 |
| 7:35-3rd |  | 56 | 74 | 0.019 | 0.981 |
| 7:28-3rd |  | 56 | 76 | 0.015 | 0.985 |
| 7:04-3rd |  | 58 | 76 | 0.018 | 0.982 |
| 6:51-3rd |  | 58 | 78 | 0.015 | 0.985 |
| 6:38-3rd |  | 58 | 78 | 0.015 | 0.985 |
| 6:34-3rd |  | 58 | 78 | 0.011 | 0.989 |
| 6:18-3rd |  | 58 | 80 | 0.009 | 0.991 |
| 5:59-3rd |  | 60 | 80 | 0.011 | 0.989 |
| 5:35-3rd |  | 60 | 80 | 0.013 | 0.987 |
| 5:15-3rd |  | 60 | 80 | 0.011 | 0.989 |
| 5:13-3rd |  | 60 | 80 | 0.01 | 0.99 |
| 5:05-3rd |  | 60 | 83 | 0.006 | 0.994 |
| 4:42-3rd |  | 60 | 83 | 0.005 | 0.995 |
| 4:39-3rd |  | 60 | 83 | 0.004 | 0.996 |
| 4:29-3rd |  | 60 | 83 | 0.005 | 0.995 |
| 4:25-3rd |  | 61 | 83 | 0.005 | 0.995 |
| 4:07-3rd |  | 61 | 85 | 0.004 | 0.996 |
| 3:46-3rd |  | 61 | 85 | 0.003 | 0.997 |
| 3:37-3rd |  | 61 | 85 | 0.003 | 0.997 |
| 3:34-3rd |  | 61 | 85 | 0.003 | 0.997 |
| 3:30-3rd |  | 64 | 85 | 0.006 | 0.994 |
| 3:13-3rd |  | 64 | 85 | 0.007 | 0.993 |
| 3:11-3rd |  | 64 | 85 | 0.007 | 0.993 |
| 3:06-3rd |  | 67 | 85 | 0.013 | 0.987 |
| 2:49-3rd |  | 67 | 85 | 0.015 | 0.985 |
| 2:47-3rd |  | 67 | 85 | 0.016 | 0.984 |
| 2:45-3rd |  | 68 | 85 | 0.016 | 0.984 |
| 2:34-3rd |  | 68 | 85 | 0.02 | 0.98 |
| 2:30-3rd |  | 69 | 85 | 0.019 | 0.981 |
| 2:17-3rd |  | 69 | 85 | 0.025 | 0.975 |
| 2:08-3rd |  | 71 | 85 | 0.03 | 0.97 |
| 1:50-3rd |  | 71 | 85 | 0.036 | 0.964 |
| 1:48-3rd |  | 71 | 85 | 0.038 | 0.962 |
| 1:41-3rd |  | 71 | 85 | 0.031 | 0.969 |
| 1:38-3rd |  | 71 | 85 | 0.028 | 0.972 |
| 1:25-3rd |  | 71 | 88 | 0.018 | 0.982 |
| 1:06-3rd |  | 71 | 88 | 0.012 | 0.988 |
| 53.0-3rd |  | 71 | 88 | 0.015 | 0.985 |
| 50.2-3rd |  | 71 | 88 | 0.016 | 0.984 |
| 41.1-3rd |  | 71 | 88 | 0.012 | 0.988 |
| 39.0-3rd |  | 71 | 88 | 0.011 | 0.989 |
| 34.1-3rd |  | 71 | 91 | 0.006 | 0.994 |
| 17.0-3rd |  | 71 | 91 | 0.004 | 0.996 |
| 15.0-3rd |  | 71 | 91 | 0.004 | 0.996 |
| 1.2-3rd |  | 71 | 94 | 0.002 | 0.998 |
| 0.0-3rd |  | 71 | 94 | 0.002 | 0.998 |
| 12:00-4th |  | 71 | 94 | 0.002 | 0.998 |
| 11:37-4th |  | 71 | 94 | 0.002 | 0.998 |
| 11:35-4th |  | 71 | 94 | 0.001 | 0.999 |
| 11:28-4th |  | 71 | 94 | 0.002 | 0.998 |
| 11:21-4th |  | 71 | 94 | 0.001 | 0.999 |
| 11:10-4th |  | 71 | 94 | 0.002 | 0.998 |
| 11:07-4th |  | 71 | 94 | 0.002 | 0.998 |
| 10:55-4th |  | 73 | 94 | 0.002 | 0.998 |
| 10:38-4th |  | 73 | 94 | 0.003 | 0.997 |
| 10:35-4th |  | 73 | 94 | 0.003 | 0.997 |
| 10:26-4th |  | 73 | 94 | 0.002 | 0.998 |
| 10:25-4th |  | 73 | 94 | 0.002 | 0.998 |
| 10:19-4th |  | 73 | 97 | 0.001 | 0.999 |
| 10:05-4th |  | 75 | 97 | 0.001 | 0.999 |
| 9:41-4th |  | 75 | 99 | 0.001 | 0.999 |
| 9:25-4th |  | 76 | 99 | 0.001 | 0.999 |
| 9:23-4th |  | 76 | 99 | 0.001 | 0.999 |
| 9:10-4th |  | 76 | 99 | 0.001 | 0.999 |
| 9:07-4th |  | 76 | 99 | 0.001 | 0.999 |
| 9:02-4th |  | 78 | 99 | 0.001 | 0.999 |
| 8:51-4th |  | 78 | 101 | 0.001 | 0.999 |
| 8:36-4th |  | 78 | 101 | 0.001 | 0.999 |
| 8:32-4th |  | 78 | 101 | 0.001 | 0.999 |
| 8:29-4th |  | 78 | 103 | 0.001 | 0.999 |
| 8:17-4th |  | 78 | 103 | 0.001 | 0.999 |
| 7:57-4th |  | 78 | 105 | 0.001 | 0.999 |
| 7:43-4th |  | 80 | 105 | 0.001 | 0.999 |
| 7:29-4th |  | 80 | 107 | 0.001 | 0.999 |
| 7:19-4th |  | 80 | 107 | 0.001 | 0.999 |
| 7:18-4th |  | 80 | 107 | 0.001 | 0.999 |
| 7:00-4th |  | 80 | 107 | 0.001 | 0.999 |
| 6:58-4th |  | 80 | 107 | 0.001 | 0.999 |
| 6:57-4th |  | 80 | 107 | 0.001 | 0.999 |
| 6:48-4th |  | 80 | 107 | 0.001 | 0.999 |
| 6:30-4th |  | 80 | 107 | 0.001 | 0.999 |
| 6:29-4th |  | 80 | 107 | 0.001 | 0.999 |
| 6:28-4th |  | 80 | 109 | 0.001 | 0.999 |
| 6:15-4th |  | 80 | 109 | 0.001 | 0.999 |
| 6:08-4th |  | 83 | 109 | 0.001 | 0.999 |
| 5:47-4th |  | 83 | 109 | 0.001 | 0.999 |
| 5:45-4th |  | 83 | 111 | 0.001 | 0.999 |
| 5:32-4th |  | 85 | 111 | 0.001 | 0.999 |
| 5:17-4th |  | 85 | 113 | 0.001 | 0.999 |
| 4:57-4th |  | 87 | 113 | 0.001 | 0.999 |
| 4:41-4th |  | 87 | 115 | 0.001 | 0.999 |
| 4:29-4th |  | 87 | 115 | 0.001 | 0.999 |
| 4:28-4th |  | 87 | 115 | 0.001 | 0.999 |
| 4:17-4th |  | 87 | 118 | 0.001 | 0.999 |
| 4:16-4th |  | 87 | 118 | 0.001 | 0.999 |
| 3:59-4th |  | 87 | 118 | 0.001 | 0.999 |
| 3:47-4th |  | 87 | 119 | 0.001 | 0.999 |
| 3:45-4th |  | 87 | 119 | 0.001 | 0.999 |
| 3:32-4th |  | 87 | 119 | 0.001 | 0.999 |
| 3:30-4th |  | 87 | 119 | 0.001 | 0.999 |
| 3:21-4th |  | 87 | 119 | 0.001 | 0.999 |
| 3:19-4th |  | 87 | 119 | 0.001 | 0.999 |
| 3:18-4th |  | 87 | 121 | 0.001 | 0.999 |
| 3:01-4th |  | 89 | 121 | 0.001 | 0.999 |
| 2:48-4th |  | 89 | 121 | 0.001 | 0.999 |
| 2:44-4th |  | 89 | 121 | 0.001 | 0.999 |
| 2:40-4th |  | 90 | 121 | 0.001 | 0.999 |
| 2:30-4th |  | 90 | 121 | 0.001 | 0.999 |
| 2:26-4th |  | 90 | 121 | 0.001 | 0.999 |
| 2:19-4th |  | 92 | 121 | 0.001 | 0.999 |
| 2:01-4th |  | 92 | 123 | 0.001 | 0.999 |
| 1:53-4th |  | 92 | 123 | 0.001 | 0.999 |
| 1:51-4th |  | 92 | 123 | 0.001 | 0.999 |
| 1:41-4th |  | 92 | 125 | 0.001 | 0.999 |
| 1:32-4th |  | 92 | 125 | 0.001 | 0.999 |
| 1:18-4th |  | 92 | 125 | 0.001 | 0.999 |
| 1:17-4th |  | 94 | 125 | 0.001 | 0.999 |
| 56.0-4th |  | 94 | 125 | 0.001 | 0.999 |
| 53.1-4th |  | 94 | 125 | 0.001 | 0.999 |
| 47.1-4th |  | 96 | 125 | 0.001 | 0.999 |
| 29.0-4th |  | 96 | 125 | 0.001 | 0.999 |
| 28.1-4th |  | 96 | 125 | 0.001 | 0.999 |
| 26.1-4th |  | 96 | 128 | 0.001 | 0.999 |
| 11.1-4th |  | 98 | 128 | 0.001 | 0.999 |
| 0.0-4th |  | 98 | 128 | 0.0 | 1.0 |

Question

Which event most likely happened at the marked missing position?

Answer Choices

A. Player 1 (Team B) lost ball turnover (Daniel Theis steals)
B. Player 9 (Team A) kicked ball violation
C. Player 4 (Team B) misses 8-foot hook shot
D. Player 17 (Team B) bad pass (Player 15 (Team B) steals)

Response Format

Return exactly one JSON object:

{
  "answer": "<A|B|C|D>",
  "rationale": "<brief evidence-based justification in 1-3 sentences>",
  "evidence_event_ids": [],
  "evidence_series_times": []
}

Use only event IDs and time labels that are provided above and that support the answer. Use an empty array when the corresponding evidence type is unavailable or unused. Return only the JSON object.
