Task

Reconstruct the missing event in this basketball game. Use the available numerical time-series evidence around the marked row to select the most likely event.

Game

Team A versus Team B, season 22-23.

Time Series

| Game time | Marker | Team A score | Team B score | Team A win probability | Team B win probability |
| --- | --- | --- | --- | --- | --- |
| 12:00-1st |  | 0.0 | 0.0 | 0.217 | 0.783 |
| 11:40-1st |  | 0.0 | 2.0 | 0.199 | 0.801 |
| 11:20-1st |  | 2.0 | 2.0 | 0.22 | 0.78 |
| 11:11-1st |  | 2.0 | 5.0 | 0.187 | 0.813 |
| 10:52-1st |  | 2.0 | 5.0 | 0.176 | 0.824 |
| 10:48-1st |  | 2.0 | 5.0 | 0.172 | 0.828 |
| 10:40-1st |  | 2.0 | 5.0 | 0.185 | 0.815 |
| 10:35-1st |  | 2.0 | 5.0 | 0.189 | 0.811 |
| 10:25-1st |  | 2.0 | 5.0 | 0.19 | 0.81 |
| 10:13-1st |  | 2.0 | 5.0 | 0.178 | 0.822 |
| 10:10-1st |  | 2.0 | 5.0 | 0.174 | 0.826 |
| 10:05-1st |  | 2.0 | 5.0 | 0.187 | 0.813 |
| 10:02-1st |  | 2.0 | 5.0 | 0.191 | 0.809 |
| 9:59-1st |  | 4.0 | 5.0 | 0.207 | 0.793 |
| 9:45-1st |  | 4.0 | 7.0 | 0.192 | 0.808 |
| 9:25-1st |  | 4.0 | 7.0 | 0.181 | 0.819 |
| 9:21-1st |  | 4.0 | 7.0 | 0.177 | 0.823 |
| 9:17-1st |  | 4.0 | 9.0 | 0.163 | 0.837 |
| 8:59-1st |  | 4.0 | 9.0 | 0.15 | 0.85 |
| 8:53-1st |  | 4.0 | 11.0 | 0.137 | 0.863 |
| 8:34-1st |  | 4.0 | 11.0 | 0.128 | 0.872 |
| 8:31-1st |  | 4.0 | 11.0 | 0.126 | 0.874 |
| 8:28-1st |  | 4.0 | 11.0 | 0.138 | 0.862 |
| 8:10-1st |  | 4.0 | 11.0 | 0.129 | 0.871 |
| 8:07-1st |  | 4.0 | 11.0 | 0.127 | 0.873 |
| 8:02-1st |  | 4.0 | 11.0 | 0.136 | 0.864 |
| 7:59-1st |  | 4.0 | 11.0 | 0.139 | 0.861 |
| 7:55-1st |  | 4.0 | 11.0 | 0.127 | 0.873 |
| 7:51-1st |  | 4.0 | 13.0 | 0.114 | 0.886 |
| 7:38-1st |  | 6.0 | 13.0 | 0.128 | 0.872 |
| 7:18-1st |  | 6.0 | 16.0 | 0.105 | 0.895 |
| 7:08-1st |  | 6.0 | 16.0 | 0.105 | 0.895 |
| 6:57-1st |  | 6.0 | 16.0 | 0.098 | 0.902 |
| 6:56-1st |  | 6.0 | 16.0 | 0.096 | 0.904 |
| 6:35-1st |  | 6.0 | 19.0 | 0.077 | 0.923 |
| 6:22-1st |  | 8.0 | 19.0 | 0.086 | 0.914 |
| 6:08-1st |  | 8.0 | 21.0 | 0.077 | 0.923 |
| 5:52-1st |  | 11.0 | 21.0 | 0.097 | 0.903 |
| 5:37-1st |  | 11.0 | 23.0 | 0.087 | 0.913 |
| 5:15-1st |  | 14.0 | 23.0 | 0.108 | 0.892 |
| 4:58-1st |  | 14.0 | 23.0 | 0.116 | 0.884 |
| 4:56-1st |  | 14.0 | 23.0 | 0.119 | 0.881 |
| 4:48-1st |  | 14.0 | 23.0 | 0.108 | 0.892 |
| 4:39-1st |  | 14.0 | 23.0 | 0.117 | 0.883 |
| 4:37-1st |  | 14.0 | 23.0 | 0.12 | 0.88 |
| 4:33-1st |  | 17.0 | 23.0 | 0.145 | 0.855 |
| 4:18-1st |  | 17.0 | 25.0 | 0.133 | 0.867 |
| 3:56-1st |  | 17.0 | 25.0 | 0.134 | 0.866 |
| 3:51-1st |  | 19.0 | 25.0 | 0.146 | 0.854 |
| 3:38-1st |  | 19.0 | 28.0 | 0.121 | 0.879 |
| 3:26-1st |  | 19.0 | 28.0 | 0.113 | 0.887 |
| 3:23-1st |  | 19.0 | 28.0 | 0.11 | 0.89 |
| 3:11-1st |  | 19.0 | 31.0 | 0.089 | 0.911 |
| 2:55-1st |  | 19.0 | 31.0 | 0.089 | 0.911 |
| 2:46-1st |  | 19.0 | 31.0 | 0.089 | 0.911 |
| 2:38-1st |  | 21.0 | 31.0 | 0.099 | 0.901 |
| 2:25-1st |  | 21.0 | 33.0 | 0.089 | 0.911 |
| 2:07-1st |  | 24.0 | 33.0 | 0.111 | 0.889 |
| 1:56-1st |  | 24.0 | 33.0 | 0.095 | 0.905 |
| 1:47-1st |  | 24.0 | 33.0 | 0.12 | 0.88 |
| 1:45-1st |  | 24.0 | 33.0 | 0.124 | 0.876 |
| 1:34-1st |  | 26.0 | 33.0 | 0.137 | 0.863 |
| 1:22-1st |  | 26.0 | 33.0 | 0.153 | 0.847 |
| 1:13-1st |  | 28.0 | 33.0 | 0.171 | 0.829 |
| 1:00-1st |  | 28.0 | 35.0 | 0.154 | 0.846 |
| 47.2-1st |  | 28.0 | 35.0 | 0.142 | 0.858 |
| 45.1-1st |  | 28.0 | 35.0 | 0.138 | 0.862 |
| 41.0-1st |  | 28.0 | 37.0 | 0.126 | 0.874 |
| 26.1-1st |  | 28.0 | 37.0 | 0.116 | 0.884 |
| 23.1-1st |  | 28.0 | 37.0 | 0.112 | 0.888 |
| 9.1-1st |  | 28.0 | 38.0 | 0.114 | 0.886 |
| 8.0-1st |  | 28.0 | 38.0 | 0.114 | 0.886 |
| 0.2-1st |  | 28.0 | 38.0 | 0.107 | 0.893 |
| 0.1-1st |  | 29.0 | 38.0 | 0.114 | 0.886 |
| 0.0-1st |  | 29.0 | 38.0 | 0.121 | 0.879 |
| 12:00-2nd |  | 29.0 | 38.0 | 0.121 | 0.879 |
| 11:40-2nd |  | 29.0 | 38.0 | 0.117 | 0.883 |
| 11:37-2nd |  | 29.0 | 38.0 | 0.114 | 0.886 |
| 11:29-2nd |  | 29.0 | 38.0 | 0.124 | 0.876 |
| 11:27-2nd |  | 29.0 | 38.0 | 0.127 | 0.873 |
| 11:22-2nd |  | 31.0 | 38.0 | 0.141 | 0.859 |
| 11:05-2nd |  | 31.0 | 40.0 | 0.127 | 0.873 |
| 11:04-2nd |  | 31.0 | 40.0 | 0.127 | 0.873 |
| 10:46-2nd |  | 31.0 | 40.0 | 0.115 | 0.885 |
| 10:43-2nd |  | 31.0 | 43.0 | 0.092 | 0.908 |
| 10:30-2nd |  | 31.0 | 43.0 | 0.08 | 0.92 |
| 10:22-2nd |  | 31.0 | 45.0 | 0.072 | 0.928 |
| 10:10-2nd |  | 31.0 | 45.0 | 0.063 | 0.937 |
| 9:59-2nd |  | 31.0 | 46.0 | 0.063 | 0.937 |
| 9:52-2nd |  | 31.0 | 46.0 | 0.055 | 0.945 |
| 9:40-2nd |  | 31.0 | 46.0 | 0.061 | 0.939 |
| 9:37-2nd |  | 31.0 | 46.0 | 0.063 | 0.937 |
| 9:23-2nd |  | 31.0 | 46.0 | 0.055 | 0.945 |
| 9:21-2nd |  | 31.0 | 46.0 | 0.057 | 0.943 |
| 9:17-2nd |  | 31.0 | 49.0 | 0.043 | 0.957 |
| 9:05-2nd |  | 33.0 | 49.0 | 0.048 | 0.952 |
| 8:50-2nd |  | 33.0 | 49.0 | 0.055 | 0.945 |
| 8:47-2nd |  | 33.0 | 49.0 | 0.057 | 0.943 |
| 8:42-2nd |  | 33.0 | 49.0 | 0.056 | 0.944 |
| 8:31-2nd |  | 36.0 | 49.0 | 0.074 | 0.926 |
| 8:16-2nd |  | 36.0 | 49.0 | 0.082 | 0.918 |
| 8:05-2nd |  | 39.0 | 49.0 | 0.105 | 0.895 |
| 7:50-2nd |  | 39.0 | 49.0 | 0.118 | 0.882 |
| 7:38-2nd |  | 39.0 | 49.0 | 0.108 | 0.892 |
| 7:36-2nd |  | 39.0 | 49.0 | 0.105 | 0.895 |
| 7:30-2nd |  | 39.0 | 49.0 | 0.115 | 0.885 |
| 7:27-2nd |  | 39.0 | 49.0 | 0.105 | 0.895 |
| 7:16-2nd |  | 39.0 | 51.0 | 0.093 | 0.907 |
| 7:08-2nd |  | 39.0 | 51.0 | 0.082 | 0.918 |
| 6:56-2nd |  | 39.0 | 54.0 | 0.063 | 0.937 |
| 6:41-2nd |  | 40.0 | 54.0 | 0.063 | 0.937 |
| 6:39-2nd |  | 40.0 | 54.0 | 0.063 | 0.937 |
| 6:29-2nd |  | 40.0 | 54.0 | 0.069 | 0.931 |
| 6:27-2nd |  | 40.0 | 56.0 | 0.055 | 0.945 |
| 6:10-2nd |  | 40.0 | 56.0 | 0.049 | 0.951 |
| 6:06-2nd |  | 40.0 | 56.0 | 0.054 | 0.946 |
| 6:05-2nd |  | 40.0 | 56.0 | 0.049 | 0.951 |
| 6:02-2nd |  | 40.0 | 56.0 | 0.047 | 0.953 |
| 5:58-2nd |  | 40.0 | 58.0 | 0.04 | 0.96 |
| 5:47-2nd |  | 43.0 | 58.0 | 0.053 | 0.947 |
| 5:24-2nd |  | 43.0 | 58.0 | 0.06 | 0.94 |
| 5:21-2nd |  | 43.0 | 58.0 | 0.062 | 0.938 |
| 5:15-2nd |  | 45.0 | 58.0 | 0.071 | 0.929 |
| 4:52-2nd |  | 45.0 | 58.0 | 0.079 | 0.921 |
| 4:49-2nd |  | 45.0 | 58.0 | 0.081 | 0.919 |
| 4:33-2nd |  | 47.0 | 58.0 | 0.092 | 0.908 |
| 4:17-2nd |  | 47.0 | 61.0 | 0.07 | 0.93 |
| 3:59-2nd |  | 47.0 | 61.0 | 0.06 | 0.94 |
| 3:44-2nd |  | 47.0 | 61.0 | 0.068 | 0.932 |
| 3:41-2nd |  | 47.0 | 61.0 | 0.07 | 0.93 |
| 3:29-2nd |  | 50.0 | 61.0 | 0.092 | 0.908 |
| 3:18-2nd |  | 50.0 | 61.0 | 0.102 | 0.898 |
| 3:17-2nd |  | 50.0 | 61.0 | 0.105 | 0.895 |
| 3:15-2nd |  | 50.0 | 61.0 | 0.105 | 0.895 |
| 3:04-2nd |  | 50.0 | 61.0 | 0.095 | 0.905 |
| 3:00-2nd |  | 52.0 | 61.0 | 0.119 | 0.881 |
| 2:54-2nd |  | 52.0 | 61.0 | 0.119 | 0.881 |
| 2:43-2nd |  | 52.0 | 61.0 | 0.135 | 0.865 |
| 2:34-2nd |  | 53.0 | 61.0 | 0.137 | 0.863 |
| 2:33-2nd |  | 53.0 | 63.0 | 0.119 | 0.881 |
| 2:16-2nd |  | 53.0 | 63.0 | 0.108 | 0.892 |
| 2:13-2nd |  | 53.0 | 63.0 | 0.104 | 0.896 |
| 1:56-2nd |  | 53.0 | 65.0 | 0.09 | 0.91 |
| 1:38-2nd |  | 53.0 | 65.0 | 0.077 | 0.923 |
| 1:23-2nd |  | 53.0 | 65.0 | 0.086 | 0.914 |
| 1:20-2nd |  | 53.0 | 65.0 | 0.089 | 0.911 |
| 58.0-2nd |  | 55.0 | 65.0 | 0.103 | 0.897 |
| 41.1-2nd |  | 55.0 | 66.0 | 0.105 | 0.895 |
| 39.1-2nd |  | 55.0 | 66.0 | 0.105 | 0.895 |
| 29.1-2nd |  | 55.0 | 66.0 | 0.093 | 0.907 |
| 27.1-2nd |  | 55.0 | 66.0 | 0.088 | 0.912 |
| 11.2-2nd |  | 55.0 | 69.0 | 0.067 | 0.933 |
| 1.1-2nd |  | 55.0 | 69.0 | 0.067 | 0.933 |
| 0.0-2nd |  | 55.0 | 69.0 | 0.062 | 0.938 |
| 12:00-3rd |  | 55.0 | 69.0 | 0.062 | 0.938 |
| 11:45-3rd |  | 55.0 | 69.0 | 0.058 | 0.942 |
| 11:41-3rd |  | 55.0 | 69.0 | 0.056 | 0.944 |
| 11:28-3rd |  | 55.0 | 69.0 | 0.064 | 0.936 |
| 11:25-3rd |  | 55.0 | 69.0 | 0.055 | 0.945 |
| 11:22-3rd |  | 55.0 | 71.0 | 0.046 | 0.954 |
| 11:09-3rd |  | 57.0 | 71.0 | 0.055 | 0.945 |
| 10:47-3rd |  | 57.0 | 71.0 | 0.065 | 0.935 |
| 10:44-3rd |  | 57.0 | 71.0 | 0.064 | 0.936 |
| 10:39-3rd |  | 57.0 | 71.0 | 0.064 | 0.936 |
| 10:24-3rd |  | 59.0 | 71.0 | 0.074 | 0.926 |
| 10:00-3rd |  | 59.0 | 71.0 | 0.083 | 0.917 |
| 9:56-3rd |  | 59.0 | 71.0 | 0.086 | 0.914 |
| 9:49-3rd |  | 62.0 | 71.0 | 0.116 | 0.884 |
| 9:28-3rd |  | 62.0 | 71.0 | 0.129 | 0.871 |
| 9:25-3rd |  | 62.0 | 71.0 | 0.115 | 0.885 |
| 9:23-3rd |  | 62.0 | 73.0 | 0.099 | 0.901 |
| 9:08-3rd |  | 62.0 | 73.0 | 0.088 | 0.912 |
| 9:06-3rd |  | 62.0 | 73.0 | 0.099 | 0.901 |
| 9:01-3rd |  | 64.0 | 73.0 | 0.115 | 0.885 |
| 8:44-3rd |  | 64.0 | 75.0 | 0.098 | 0.902 |
| 8:35-3rd |  | 64.0 | 75.0 | 0.124 | 0.876 |
| 8:23-3rd |  | 64.0 | 75.0 | 0.082 | 0.918 |
| 8:10-3rd |  | 64.0 | 75.0 | 0.093 | 0.907 |
| 8:08-3rd |  | 64.0 | 75.0 | 0.097 | 0.903 |
| 7:51-3rd |  | 65.0 | 75.0 | 0.097 | 0.903 |
| 7:32-3rd |  | 65.0 | 77.0 | 0.083 | 0.917 |
| 7:17-3rd |  | 65.0 | 77.0 | 0.069 | 0.931 |
| 7:12-3rd |  | 65.0 | 77.0 | 0.078 | 0.922 |
| 7:09-3rd |  | 65.0 | 77.0 | 0.082 | 0.918 |
| 6:53-3rd |  | 66.0 | 77.0 | 0.078 | 0.922 |
| 6:48-3rd |  | 66.0 | 77.0 | 0.094 | 0.906 |
| 6:45-3rd |  | 68.0 | 77.0 | 0.112 | 0.888 |
| 6:25-3rd |  | 68.0 | 77.0 | 0.111 | 0.889 |
| 6:18-3rd |  | 68.0 | 77.0 | 0.125 | 0.875 |
| 6:15-3rd |  | 68.0 | 77.0 | 0.129 | 0.871 |
| 6:12-3rd |  | 68.0 | 77.0 | 0.115 | 0.885 |
| 6:11-3rd |  | 68.0 | 77.0 | 0.11 | 0.89 |
| 5:53-3rd |  | 68.0 | 79.0 | 0.093 | 0.907 |
| 5:32-3rd |  | 71.0 | 79.0 | 0.128 | 0.872 |
| 5:16-3rd |  | 71.0 | 82.0 | 0.092 | 0.908 |
| 5:06-3rd |  | 73.0 | 82.0 | 0.107 | 0.893 |
| 4:49-3rd |  | 73.0 | 82.0 | 0.122 | 0.878 |
| 4:45-3rd |  | 73.0 | 82.0 | 0.106 | 0.894 |
| 4:42-3rd |  | 73.0 | 82.0 | 0.127 | 0.873 |
| 4:38-3rd |  | 75.0 | 82.0 | 0.147 | 0.853 |
| 4:20-3rd |  | 75.0 | 82.0 | 0.172 | 0.828 |
| 4:14-3rd |  | 75.0 | 82.0 | 0.153 | 0.847 |
| 4:11-3rd |  | 75.0 | 82.0 | 0.146 | 0.854 |
| 4:02-3rd |  | 75.0 | 85.0 | 0.105 | 0.895 |
| 3:53-3rd |  | 75.0 | 85.0 | 0.087 | 0.913 |
| 3:49-3rd |  | 75.0 | 85.0 | 0.1 | 0.9 |
| 3:47-3rd |  | 75.0 | 85.0 | 0.104 | 0.896 |
| 3:42-3rd |  | 77.0 | 85.0 | 0.124 | 0.876 |
| 3:20-3rd |  | 77.0 | 85.0 | 0.139 | 0.861 |
| 3:17-3rd |  | 77.0 | 85.0 | 0.122 | 0.878 |
| 3:11-3rd |  | 77.0 | 85.0 | 0.138 | 0.862 |
| 3:08-3rd |  | 77.0 | 85.0 | 0.143 | 0.857 |
| 3:05-3rd |  | 77.0 | 85.0 | 0.122 | 0.878 |
| 2:58-3rd |  | 77.0 | 87.0 | 0.101 | 0.899 |
| 2:36-3rd |  | 80.0 | 87.0 | 0.142 | 0.858 |
| 2:19-3rd |  | 80.0 | 90.0 | 0.098 | 0.902 |
| 2:08-3rd |  | 83.0 | 90.0 | 0.141 | 0.859 |
| 1:45-3rd |  | 83.0 | 92.0 | 0.118 | 0.882 |
| 1:25-3rd |  | 86.0 | 92.0 | 0.164 | 0.836 |
| 1:10-3rd |  | 86.0 | 95.0 | 0.116 | 0.884 |
| 52.0-3rd |  | 86.0 | 95.0 | 0.091 | 0.909 |
| 33.1-3rd |  | 86.0 | 95.0 | 0.107 | 0.893 |
| 32.1-3rd |  | 86.0 | 97.0 | 0.075 | 0.925 |
| 21.2-3rd |  | 88.0 | 97.0 | 0.089 | 0.911 |
| 3.1-3rd |  | 88.0 | 97.0 | 0.109 | 0.891 |
| 2.0-3rd |  | 88.0 | 97.0 | 0.109 | 0.891 |
| 0.1-3rd |  | 88.0 | 97.0 | 0.094 | 0.906 |
| 0.0-3rd |  | 88.0 | 97.0 | 0.1 | 0.9 |
| 12:00-4th |  | 88.0 | 97.0 | 0.1 | 0.9 |
| 11:40-4th |  | 88.0 | 99.0 | 0.067 | 0.933 |
| 11:26-4th |  | 88.0 | 99.0 | 0.051 | 0.949 |
| 11:16-4th |  | 88.0 | 99.0 | 0.061 | 0.939 |
| 11:14-4th |  | 88.0 | 99.0 | 0.065 | 0.935 |
| 11:10-4th |  | 89.0 | 99.0 | 0.067 | 0.933 |
| 11:00-4th |  | 89.0 | 101.0 | 0.052 | 0.948 |
| 10:37-4th |  | 89.0 | 101.0 | 0.039 | 0.961 |
| 10:23-4th |  | 89.0 | 103.0 | 0.029 | 0.971 |
| 10:11-4th |  | 92.0 | 103.0 | 0.047 | 0.953 |
| 9:48-4th |  | 92.0 | 103.0 | 0.056 | 0.944 |
| 9:46-4th |  | 92.0 | 103.0 | 0.06 | 0.94 |
| 9:40-4th |  | 92.0 | 103.0 | 0.044 | 0.956 |
| 9:17-4th |  | 92.0 | 103.0 | 0.053 | 0.947 |
| 9:15-4th |  | 92.0 | 103.0 | 0.057 | 0.943 |
| 9:04-4th |  | 92.0 | 103.0 | 0.041 | 0.959 |
| 8:58-4th |  | 92.0 | 103.0 | 0.052 | 0.948 |
| 8:55-4th |  | 92.0 | 103.0 | 0.055 | 0.945 |
| 8:45-4th |  | 94.0 | 103.0 | 0.071 | 0.929 |
| 8:22-4th |  | 94.0 | 103.0 | 0.071 | 0.929 |
| 8:17-4th |  | 94.0 | 103.0 | 0.084 | 0.916 |
| 8:15-4th |  | 94.0 | 103.0 | 0.09 | 0.91 |
| 8:10-4th |  | 96.0 | 103.0 | 0.111 | 0.889 |
| 8:03-4th |  | 96.0 | 103.0 | 0.111 | 0.889 |
| 7:52-4th |  | 96.0 | 103.0 | 0.103 | 0.897 |
| 7:44-4th |  | 96.0 | 103.0 | 0.137 | 0.863 |
| 7:43-4th |  | 96.0 | 103.0 | 0.099 | 0.901 |
| 7:33-4th |  | 96.0 | 103.0 | 0.124 | 0.876 |
| 7:29-4th |  | 96.0 | 103.0 | 0.131 | 0.869 |
| 7:25-4th |  | 96.0 | 103.0 | 0.099 | 0.901 |
| 7:07-4th |  | 96.0 | 105.0 | 0.075 | 0.925 |
| 6:51-4th |  | 96.0 | 105.0 | 0.075 | 0.925 |
| 6:47-4th |  | 96.0 | 105.0 | 0.052 | 0.948 |
| 6:36-4th |  | 96.0 | 105.0 | 0.047 | 0.953 |
| 6:27-4th |  | 96.0 | 105.0 | 0.062 | 0.938 |
| 6:25-4th |  | 96.0 | 105.0 | 0.048 | 0.952 |
| 6:17-4th |  | 96.0 | 107.0 | 0.034 | 0.966 |
| 6:06-4th |  | 96.0 | 107.0 | 0.033 | 0.967 |
| 6:01-4th |  | 99.0 | 107.0 | 0.061 | 0.939 |
| 5:39-4th |  | 99.0 | 107.0 | 0.075 | 0.925 |
| 5:36-4th |  | 99.0 | 107.0 | 0.08 | 0.92 |
| 5:24-4th |  | 99.0 | 107.0 | 0.061 | 0.939 |
| 5:22-4th |  | 99.0 | 107.0 | 0.077 | 0.923 |
| 5:14-4th |  | 99.0 | 107.0 | 0.059 | 0.941 |
| 5:12-4th |  | 99.0 | 107.0 | 0.053 | 0.947 |
| 4:54-4th |  | 99.0 | 109.0 | 0.036 | 0.964 |
| 4:53-4th |  | 99.0 | 109.0 | 0.036 | 0.964 |
| 4:39-4th |  | 101.0 | 109.0 | 0.048 | 0.952 |
| 4:19-4th |  | 101.0 | 109.0 | 0.06 | 0.94 |
| 4:16-4th |  | 101.0 | 109.0 | 0.065 | 0.935 |
| 4:02-4th |  | 101.0 | 109.0 | 0.042 | 0.958 |
| 3:51-4th |  | 101.0 | 111.0 | 0.026 | 0.974 |
| 3:39-4th |  | 101.0 | 111.0 | 0.014 | 0.986 |
| 3:36-4th |  | 101.0 | 113.0 | 0.009 | 0.991 |
| 3:24-4th |  | 103.0 | 113.0 | 0.013 | 0.987 |
| 3:08-4th |  | 103.0 | 113.0 | 0.018 | 0.982 |
| 3:06-4th |  | 103.0 | 114.0 | 0.012 | 0.988 |
| 2:51-4th |  | 103.0 | 114.0 | 0.006 | 0.994 |
| 2:36-4th |  | 103.0 | 114.0 | 0.008 | 0.992 |
| 2:33-4th |  | 103.0 | 114.0 | 0.009 | 0.991 |
| 2:25-4th |  | 103.0 | 114.0 | 0.005 | 0.995 |
| 2:23-4th |  | 103.0 | 114.0 | 0.008 | 0.992 |
| 2:21-4th |  | 106.0 | 114.0 | 0.022 | 0.978 |
| 1:52-4th |  | 106.0 | 114.0 | 0.026 | 0.974 |
| 1:50-4th |  | 106.0 | 114.0 | 0.028 | 0.972 |
| 1:45-4th |  | 106.0 | 114.0 | 0.019 | 0.981 |
| 1:41-4th |  | 106.0 | 114.0 | 0.026 | 0.974 |
| 1:39-4th | TARGET | 109.0 | 114.0 | 0.082 | 0.918 |
| 1:24-4th |  | 109.0 | 114.0 | 0.128 | 0.872 |
| 1:19-4th |  | 109.0 | 114.0 | 0.089 | 0.911 |
| 1:16-4th |  | 109.0 | 114.0 | 0.126 | 0.874 |
| 1:03-4th |  | 109.0 | 114.0 | 0.084 | 0.916 |
| 58.1-4th |  | 109.0 | 114.0 | 0.069 | 0.931 |
| 48.1-4th |  | 109.0 | 117.0 | 0.02 | 0.98 |
| 48.0-4th |  | 109.0 | 117.0 | 0.02 | 0.98 |
| 44.1-4th |  | 109.0 | 117.0 | 0.01 | 0.99 |
| 39.1-4th |  | 109.0 | 119.0 | 0.004 | 0.996 |
| 35.1-4th |  | 110.0 | 119.0 | 0.002 | 0.998 |
| 33.2-4th |  | 110.0 | 119.0 | 0.002 | 0.998 |
| 24.0-4th |  | 110.0 | 121.0 | 0.001 | 0.999 |
| 17.1-4th |  | 112.0 | 121.0 | 0.001 | 0.999 |
| 11.1-4th |  | 112.0 | 122.0 | 0.001 | 0.999 |
| 10.1-4th |  | 114.0 | 122.0 | 0.001 | 0.999 |
| 7.0-4th |  | 114.0 | 124.0 | 0.001 | 0.999 |
| 1.1-4th |  | 114.0 | 124.0 | 0.001 | 0.999 |
| 0.0-4th |  | 114.0 | 124.0 | 0.0 | 1.0 |

Question

Which event most likely happened at the marked missing position?

Answer Choices

A. Player 19 (Team A) makes driving layup (Player 10 (Team B) assists)
B. Player 12 (Team B) makes three point jumper (Player 1 (Team B) assists)
C. Player 7 (Team A) makes 1-foot layup (Player 6 (Team A) assists) | Player 2 (Team B) shooting foul | Player 7 (Team A) makes free throw 1 of 1
D. Player 16 (Team B) makes 26-foot step back jumpshot

Response Format

Return exactly one JSON object:

{
  "answer": "<A|B|C|D>",
  "rationale": "<brief evidence-based justification in 1-3 sentences>",
  "evidence_event_ids": [],
  "evidence_series_times": []
}

Use only event IDs and time labels that are provided above and that support the answer. Use an empty array when the corresponding evidence type is unavailable or unused. Return only the JSON object.
