Task

Reconstruct the missing event in this basketball game. Use the available numerical time-series evidence around the marked row to select the most likely event.

Game

Team A versus Team B, season 22-23.

Time Series

| Game time | Marker | Team A score | Team B score | Team A win probability | Team B win probability |
| --- | --- | --- | --- | --- | --- |
| 12:00-1st |  | 0 | 0 | 0.461 | 0.539 |
| 11:31-1st |  | 0 | 0 | 0.447 | 0.553 |
| 11:28-1st |  | 0 | 0 | 0.442 | 0.558 |
| 11:25-1st |  | 0 | 2 | 0.414 | 0.586 |
| 11:04-1st |  | 0 | 2 | 0.391 | 0.609 |
| 10:51-1st |  | 0 | 4 | 0.369 | 0.631 |
| 10:33-1st |  | 0 | 4 | 0.348 | 0.652 |
| 10:31-1st |  | 0 | 4 | 0.341 | 0.659 |
| 10:26-1st |  | 0 | 6 | 0.317 | 0.683 |
| 10:05-1st |  | 0 | 6 | 0.301 | 0.699 |
| 10:01-1st |  | 0 | 6 | 0.296 | 0.704 |
| 9:57-1st |  | 0 | 6 | 0.295 | 0.705 |
| 9:48-1st |  | 0 | 6 | 0.312 | 0.688 |
| 9:45-1st |  | 0 | 6 | 0.317 | 0.683 |
| 9:35-1st |  | 3 | 6 | 0.365 | 0.635 |
| 9:22-1st |  | 3 | 9 | 0.318 | 0.682 |
| 9:09-1st |  | 5 | 9 | 0.342 | 0.658 |
| 8:53-1st |  | 5 | 9 | 0.362 | 0.638 |
| 8:50-1st |  | 5 | 9 | 0.369 | 0.631 |
| 8:48-1st |  | 8 | 9 | 0.412 | 0.588 |
| 8:32-1st |  | 8 | 11 | 0.393 | 0.607 |
| 8:23-1st |  | 10 | 11 | 0.412 | 0.588 |
| 8:11-1st |  | 10 | 11 | 0.436 | 0.564 |
| 8:07-1st |  | 10 | 11 | 0.444 | 0.556 |
| 8:01-1st |  | 10 | 11 | 0.418 | 0.582 |
| 7:50-1st |  | 10 | 11 | 0.436 | 0.564 |
| 7:48-1st |  | 10 | 11 | 0.413 | 0.587 |
| 7:47-1st |  | 10 | 11 | 0.416 | 0.584 |
| 7:41-1st |  | 10 | 11 | 0.437 | 0.563 |
| 7:39-1st |  | 10 | 11 | 0.415 | 0.585 |
| 7:38-1st |  | 10 | 13 | 0.392 | 0.608 |
| 7:28-1st |  | 12 | 13 | 0.415 | 0.585 |
| 7:21-1st |  | 12 | 13 | 0.445 | 0.555 |
| 7:06-1st |  | 14 | 13 | 0.469 | 0.531 |
| 6:49-1st |  | 14 | 16 | 0.419 | 0.581 |
| 6:37-1st |  | 14 | 16 | 0.393 | 0.607 |
| 6:34-1st |  | 14 | 16 | 0.418 | 0.582 |
| 6:12-1st |  | 16 | 16 | 0.444 | 0.556 |
| 5:59-1st |  | 16 | 19 | 0.391 | 0.609 |
| 5:45-1st |  | 16 | 19 | 0.372 | 0.628 |
| 5:43-1st |  | 16 | 19 | 0.366 | 0.634 |
| 5:36-1st |  | 16 | 19 | 0.385 | 0.615 |
| 5:34-1st |  | 16 | 19 | 0.392 | 0.608 |
| 5:19-1st |  | 16 | 19 | 0.366 | 0.634 |
| 5:10-1st |  | 16 | 19 | 0.385 | 0.615 |
| 5:07-1st |  | 16 | 19 | 0.392 | 0.608 |
| 5:05-1st |  | 18 | 19 | 0.419 | 0.581 |
| 4:51-1st |  | 18 | 22 | 0.367 | 0.633 |
| 4:43-1st |  | 19 | 22 | 0.365 | 0.635 |
| 4:40-1st |  | 19 | 22 | 0.365 | 0.635 |
| 4:31-1st |  | 19 | 25 | 0.317 | 0.683 |
| 4:18-1st |  | 19 | 25 | 0.299 | 0.701 |
| 4:16-1st |  | 19 | 25 | 0.293 | 0.707 |
| 4:11-1st |  | 19 | 28 | 0.248 | 0.752 |
| 3:55-1st |  | 21 | 28 | 0.268 | 0.732 |
| 3:30-1st |  | 21 | 28 | 0.294 | 0.706 |
| 3:23-1st |  | 21 | 28 | 0.274 | 0.726 |
| 3:20-1st |  | 21 | 28 | 0.267 | 0.733 |
| 3:16-1st |  | 21 | 31 | 0.225 | 0.775 |
| 3:04-1st |  | 24 | 31 | 0.267 | 0.733 |
| 2:55-1st |  | 24 | 31 | 0.268 | 0.732 |
| 2:50-1st |  | 24 | 31 | 0.292 | 0.708 |
| 2:35-1st |  | 26 | 31 | 0.313 | 0.687 |
| 2:21-1st |  | 26 | 33 | 0.291 | 0.709 |
| 2:05-1st |  | 26 | 33 | 0.327 | 0.673 |
| 1:57-1st |  | 28 | 33 | 0.313 | 0.687 |
| 1:44-1st |  | 28 | 33 | 0.332 | 0.668 |
| 1:40-1st |  | 28 | 33 | 0.312 | 0.688 |
| 1:33-1st |  | 28 | 36 | 0.267 | 0.733 |
| 1:21-1st |  | 28 | 36 | 0.267 | 0.733 |
| 1:06-1st |  | 28 | 36 | 0.244 | 0.756 |
| 55.1-1st |  | 28 | 36 | 0.261 | 0.739 |
| 52.1-1st |  | 28 | 36 | 0.267 | 0.733 |
| 40.1-1st |  | 30 | 36 | 0.288 | 0.712 |
| 26.1-1st |  | 30 | 36 | 0.306 | 0.694 |
| 23.1-1st |  | 30 | 36 | 0.312 | 0.688 |
| 19.1-1st |  | 30 | 36 | 0.294 | 0.706 |
| 17.0-1st |  | 30 | 36 | 0.312 | 0.688 |
| 6.0-1st |  | 33 | 36 | 0.367 | 0.633 |
| 2.1-1st |  | 33 | 36 | 0.328 | 0.672 |
| 0.1-1st |  | 33 | 36 | 0.393 | 0.607 |
| 0.0-1st |  | 33 | 36 | 0.377 | 0.623 |
| 12:00-2nd |  | 33 | 36 | 0.377 | 0.623 |
| 11:49-2nd |  | 33 | 36 | 0.365 | 0.635 |
| 11:39-2nd |  | 33 | 36 | 0.385 | 0.615 |
| 11:31-2nd |  | 33 | 36 | 0.385 | 0.615 |
| 11:30-2nd |  | 33 | 36 | 0.392 | 0.608 |
| 11:19-2nd |  | 33 | 36 | 0.363 | 0.637 |
| 11:06-2nd |  | 33 | 36 | 0.393 | 0.607 |
| 10:54-2nd |  | 35 | 36 | 0.421 | 0.579 |
| 10:53-2nd |  | 35 | 36 | 0.45 | 0.55 |
| 10:40-2nd |  | 35 | 36 | 0.421 | 0.579 |
| 10:33-2nd |  | 35 | 37 | 0.422 | 0.578 |
| 10:30-2nd |  | 35 | 37 | 0.422 | 0.578 |
| 10:18-2nd |  | 35 | 37 | 0.4 | 0.6 |
| 10:15-2nd |  | 35 | 37 | 0.393 | 0.607 |
| 10:09-2nd |  | 35 | 37 | 0.394 | 0.606 |
| 9:59-2nd |  | 35 | 39 | 0.367 | 0.633 |
| 9:48-2nd |  | 37 | 39 | 0.393 | 0.607 |
| 9:38-2nd |  | 37 | 41 | 0.367 | 0.633 |
| 9:17-2nd |  | 37 | 41 | 0.344 | 0.656 |
| 9:15-2nd |  | 37 | 41 | 0.337 | 0.663 |
| 9:03-2nd |  | 37 | 41 | 0.359 | 0.641 |
| 8:58-2nd |  | 37 | 41 | 0.366 | 0.634 |
| 8:53-2nd |  | 39 | 41 | 0.392 | 0.608 |
| 8:43-2nd |  | 39 | 43 | 0.366 | 0.634 |
| 8:34-2nd |  | 39 | 43 | 0.344 | 0.656 |
| 8:31-2nd |  | 39 | 43 | 0.337 | 0.663 |
| 8:24-2nd |  | 39 | 43 | 0.358 | 0.642 |
| 8:20-2nd |  | 39 | 45 | 0.31 | 0.69 |
| 7:56-2nd |  | 39 | 45 | 0.29 | 0.71 |
| 7:52-2nd |  | 39 | 45 | 0.283 | 0.717 |
| 7:40-2nd |  | 39 | 45 | 0.302 | 0.698 |
| 7:37-2nd |  | 39 | 45 | 0.309 | 0.691 |
| 7:23-2nd |  | 39 | 45 | 0.288 | 0.712 |
| 7:19-2nd |  | 39 | 45 | 0.282 | 0.718 |
| 7:11-2nd |  | 39 | 45 | 0.301 | 0.699 |
| 7:08-2nd |  | 39 | 45 | 0.308 | 0.692 |
| 7:07-2nd |  | 41 | 45 | 0.335 | 0.665 |
| 7:04-2nd |  | 41 | 45 | 0.335 | 0.665 |
| 6:49-2nd |  | 41 | 47 | 0.307 | 0.693 |
| 6:39-2nd |  | 41 | 47 | 0.307 | 0.693 |
| 6:32-2nd |  | 41 | 47 | 0.287 | 0.713 |
| 6:29-2nd |  | 41 | 47 | 0.28 | 0.72 |
| 6:23-2nd |  | 41 | 47 | 0.306 | 0.694 |
| 6:17-2nd |  | 44 | 47 | 0.365 | 0.635 |
| 5:59-2nd |  | 44 | 49 | 0.332 | 0.668 |
| 5:47-2nd |  | 44 | 49 | 0.311 | 0.689 |
| 5:44-2nd |  | 44 | 49 | 0.304 | 0.696 |
| 5:39-2nd |  | 44 | 49 | 0.332 | 0.668 |
| 5:28-2nd |  | 44 | 49 | 0.311 | 0.689 |
| 5:23-2nd |  | 44 | 49 | 0.303 | 0.697 |
| 5:16-2nd |  | 44 | 50 | 0.305 | 0.695 |
| 5:14-2nd |  | 44 | 50 | 0.305 | 0.695 |
| 4:57-2nd |  | 44 | 50 | 0.305 | 0.695 |
| 4:53-2nd |  | 47 | 50 | 0.365 | 0.635 |
| 4:46-2nd |  | 47 | 50 | 0.387 | 0.613 |
| 4:45-2nd |  | 47 | 50 | 0.395 | 0.605 |
| 4:33-2nd |  | 47 | 50 | 0.372 | 0.628 |
| 4:30-2nd |  | 47 | 50 | 0.364 | 0.636 |
| 4:24-2nd |  | 47 | 50 | 0.387 | 0.613 |
| 4:21-2nd |  | 47 | 50 | 0.394 | 0.606 |
| 4:09-2nd |  | 47 | 50 | 0.372 | 0.628 |
| 4:06-2nd |  | 47 | 50 | 0.394 | 0.606 |
| 3:57-2nd |  | 50 | 50 | 0.455 | 0.545 |
| 3:54-2nd |  | 50 | 50 | 0.455 | 0.545 |
| 3:34-2nd |  | 50 | 50 | 0.481 | 0.519 |
| 3:30-2nd |  | 50 | 50 | 0.456 | 0.544 |
| 3:27-2nd |  | 50 | 50 | 0.481 | 0.519 |
| 3:25-2nd |  | 50 | 50 | 0.49 | 0.51 |
| 3:11-2nd |  | 53 | 50 | 0.556 | 0.444 |
| 2:58-2nd |  | 53 | 50 | 0.584 | 0.416 |
| 2:54-2nd |  | 53 | 50 | 0.594 | 0.406 |
| 2:45-2nd |  | 56 | 50 | 0.653 | 0.347 |
| 2:34-2nd |  | 56 | 52 | 0.625 | 0.375 |
| 2:21-2nd |  | 56 | 52 | 0.591 | 0.409 |
| 2:06-2nd |  | 56 | 54 | 0.559 | 0.441 |
| 1:55-2nd |  | 56 | 54 | 0.542 | 0.458 |
| 1:46-2nd |  | 58 | 54 | 0.59 | 0.41 |
| 1:35-2nd |  | 58 | 54 | 0.629 | 0.371 |
| 1:25-2nd |  | 58 | 54 | 0.591 | 0.409 |
| 1:12-2nd |  | 58 | 54 | 0.621 | 0.379 |
| 1:07-2nd |  | 58 | 54 | 0.631 | 0.369 |
| 57.1-2nd |  | 58 | 54 | 0.602 | 0.398 |
| 55.0-2nd |  | 58 | 54 | 0.632 | 0.368 |
| 51.1-2nd |  | 60 | 54 | 0.659 | 0.341 |
| 45.1-2nd |  | 60 | 54 | 0.685 | 0.315 |
| 41.1-2nd |  | 60 | 54 | 0.693 | 0.307 |
| 31.1-2nd |  | 60 | 54 | 0.669 | 0.331 |
| 27.1-2nd |  | 60 | 54 | 0.661 | 0.339 |
| 7.0-2nd |  | 60 | 56 | 0.631 | 0.369 |
| 0.0-2nd |  | 60 | 56 | 0.61 | 0.39 |
| 12:00-3rd |  | 60 | 56 | 0.61 | 0.39 |
| 11:36-3rd |  | 60 | 56 | 0.628 | 0.372 |
| 11:33-3rd |  | 60 | 56 | 0.638 | 0.362 |
| 11:19-3rd |  | 60 | 56 | 0.609 | 0.391 |
| 11:15-3rd |  | 60 | 56 | 0.6 | 0.4 |
| 11:01-3rd |  | 60 | 58 | 0.568 | 0.432 |
| 10:54-3rd |  | 60 | 58 | 0.568 | 0.432 |
| 10:45-3rd |  | 60 | 58 | 0.541 | 0.459 |
| 10:42-3rd |  | 60 | 58 | 0.531 | 0.469 |
| 10:31-3rd |  | 60 | 61 | 0.458 | 0.542 |
| 10:14-3rd |  | 60 | 61 | 0.458 | 0.542 |
| 10:12-3rd |  | 60 | 61 | 0.459 | 0.541 |
| 10:10-3rd |  | 62 | 61 | 0.498 | 0.502 |
| 9:58-3rd |  | 62 | 61 | 0.535 | 0.465 |
| 9:52-3rd |  | 64 | 61 | 0.57 | 0.43 |
| 9:40-3rd |  | 64 | 63 | 0.534 | 0.466 |
| 9:19-3rd |  | 64 | 63 | 0.507 | 0.493 |
| 9:18-3rd |  | 64 | 63 | 0.535 | 0.465 |
| 9:16-3rd |  | 66 | 63 | 0.571 | 0.429 |
| 9:06-3rd |  | 66 | 63 | 0.601 | 0.399 |
| 9:04-3rd |  | 66 | 63 | 0.61 | 0.39 |
| 8:53-3rd |  | 66 | 63 | 0.582 | 0.418 |
| 8:50-3rd |  | 66 | 63 | 0.573 | 0.427 |
| 8:43-3rd |  | 66 | 65 | 0.535 | 0.465 |
| 8:41-3rd |  | 67 | 65 | 0.574 | 0.426 |
| 8:18-3rd |  | 69 | 65 | 0.614 | 0.386 |
| 8:10-3rd |  | 69 | 68 | 0.537 | 0.463 |
| 7:56-3rd |  | 71 | 68 | 0.576 | 0.424 |
| 7:50-3rd |  | 71 | 68 | 0.606 | 0.394 |
| 7:46-3rd |  | 71 | 68 | 0.616 | 0.384 |
| 7:36-3rd |  | 74 | 68 | 0.687 | 0.313 |
| 7:23-3rd |  | 74 | 68 | 0.716 | 0.284 |
| 7:20-3rd |  | 74 | 68 | 0.726 | 0.274 |
| 7:14-3rd |  | 76 | 68 | 0.758 | 0.242 |
| 6:59-3rd |  | 76 | 70 | 0.729 | 0.271 |
| 6:47-3rd |  | 76 | 70 | 0.693 | 0.307 |
| 6:44-3rd |  | 76 | 70 | 0.731 | 0.269 |
| 6:34-3rd |  | 76 | 70 | 0.704 | 0.296 |
| 6:30-3rd |  | 76 | 70 | 0.695 | 0.305 |
| 6:27-3rd |  | 76 | 70 | 0.733 | 0.267 |
| 6:22-3rd |  | 78 | 70 | 0.765 | 0.235 |
| 6:07-3rd |  | 78 | 70 | 0.789 | 0.211 |
| 6:04-3rd |  | 78 | 70 | 0.767 | 0.233 |
| 6:02-3rd |  | 78 | 70 | 0.79 | 0.21 |
| 5:59-3rd |  | 78 | 70 | 0.798 | 0.202 |
| 5:51-3rd |  | 78 | 70 | 0.769 | 0.231 |
| 5:46-3rd |  | 78 | 72 | 0.738 | 0.262 |
| 5:34-3rd |  | 80 | 72 | 0.771 | 0.229 |
| 5:20-3rd |  | 80 | 75 | 0.705 | 0.295 |
| 5:06-3rd |  | 82 | 75 | 0.743 | 0.257 |
| 4:46-3rd |  | 82 | 77 | 0.709 | 0.291 |
| 4:37-3rd |  | 83 | 77 | 0.709 | 0.291 |
| 4:25-3rd |  | 83 | 77 | 0.737 | 0.263 |
| 4:20-3rd |  | 83 | 79 | 0.671 | 0.329 |
| 4:06-3rd |  | 83 | 79 | 0.643 | 0.357 |
| 4:03-3rd |  | 83 | 79 | 0.673 | 0.327 |
| 4:01-3rd |  | 83 | 79 | 0.633 | 0.367 |
| 3:53-3rd |  | 83 | 81 | 0.594 | 0.406 |
| 3:33-3rd |  | 85 | 81 | 0.636 | 0.364 |
| 3:21-3rd |  | 85 | 81 | 0.668 | 0.332 |
| 3:18-3rd |  | 85 | 81 | 0.679 | 0.321 |
| 3:15-3rd |  | 87 | 81 | 0.718 | 0.282 |
| 3:04-3rd |  | 87 | 81 | 0.748 | 0.252 |
| 3:01-3rd |  | 87 | 81 | 0.759 | 0.241 |
| 2:57-3rd |  | 87 | 81 | 0.73 | 0.27 |
| 2:55-3rd |  | 87 | 81 | 0.721 | 0.279 |
| 2:52-3rd |  | 87 | 83 | 0.683 | 0.317 |
| 2:41-3rd |  | 89 | 83 | 0.72 | 0.28 |
| 2:38-3rd |  | 89 | 83 | 0.72 | 0.28 |
| 2:29-3rd |  | 89 | 84 | 0.725 | 0.275 |
| 2:18-3rd |  | 89 | 84 | 0.692 | 0.308 |
| 2:17-3rd |  | 89 | 84 | 0.68 | 0.32 |
| 2:12-3rd |  | 89 | 86 | 0.644 | 0.356 |
| 2:10-3rd |  | 89 | 86 | 0.645 | 0.355 |
| 1:56-3rd |  | 89 | 86 | 0.612 | 0.388 |
| 1:53-3rd |  | 89 | 86 | 0.646 | 0.354 |
| 1:48-3rd |  | 91 | 86 | 0.683 | 0.317 |
| 1:33-3rd |  | 92 | 86 | 0.728 | 0.272 |
| 1:22-3rd |  | 92 | 88 | 0.695 | 0.305 |
| 1:05-3rd |  | 95 | 88 | 0.771 | 0.229 |
| 44.1-3rd |  | 95 | 90 | 0.739 | 0.261 |
| 33.0-3rd |  | 98 | 90 | 0.815 | 0.185 |
| 13.1-3rd |  | 98 | 90 | 0.849 | 0.151 |
| 1.0-3rd |  | 99 | 90 | 0.852 | 0.148 |
| 0.0-3rd |  | 99 | 90 | 0.864 | 0.136 |
| 12:00-4th |  | 99 | 90 | 0.864 | 0.136 |
| 11:38-4th |  | 99 | 90 | 0.864 | 0.136 |
| 11:36-4th |  | 99 | 90 | 0.857 | 0.143 |
| 11:16-4th |  | 99 | 92 | 0.833 | 0.167 |
| 11:02-4th |  | 99 | 92 | 0.806 | 0.194 |
| 10:59-4th |  | 99 | 92 | 0.797 | 0.203 |
| 10:55-4th |  | 99 | 92 | 0.827 | 0.173 |
| 10:54-4th |  | 99 | 92 | 0.787 | 0.213 |
| 10:51-4th |  | 99 | 93 | 0.789 | 0.211 |
| 10:48-4th |  | 99 | 93 | 0.79 | 0.21 |
| 10:32-4th |  | 101 | 93 | 0.827 | 0.173 |
| 10:20-4th |  | 101 | 93 | 0.856 | 0.144 |
| 10:19-4th |  | 101 | 93 | 0.829 | 0.171 |
| 10:11-4th |  | 101 | 93 | 0.858 | 0.142 |
| 10:06-4th |  | 101 | 93 | 0.868 | 0.132 |
| 9:49-4th |  | 101 | 93 | 0.844 | 0.156 |
| 9:44-4th |  | 103 | 93 | 0.896 | 0.104 |
| 9:28-4th |  | 103 | 93 | 0.916 | 0.084 |
| 9:27-4th |  | 103 | 93 | 0.899 | 0.101 |
| 9:24-4th |  | 103 | 93 | 0.923 | 0.077 |
| 9:08-4th |  | 105 | 93 | 0.943 | 0.057 |
| 8:53-4th |  | 105 | 95 | 0.928 | 0.072 |
| 8:39-4th |  | 105 | 95 | 0.907 | 0.093 |
| 8:31-4th |  | 105 | 97 | 0.88 | 0.12 |
| 8:12-4th |  | 105 | 97 | 0.857 | 0.143 |
| 8:09-4th |  | 105 | 97 | 0.848 | 0.152 |
| 8:05-4th |  | 105 | 97 | 0.849 | 0.151 |
| 8:03-4th |  | 105 | 99 | 0.814 | 0.186 |
| 7:45-4th |  | 105 | 99 | 0.787 | 0.213 |
| 7:42-4th |  | 105 | 99 | 0.82 | 0.18 |
| 7:39-4th |  | 107 | 99 | 0.856 | 0.144 |
| 7:28-4th |  | 107 | 99 | 0.885 | 0.115 |
| 7:24-4th |  | 107 | 99 | 0.895 | 0.105 |
| 7:15-4th |  | 107 | 100 | 0.866 | 0.134 |
| 7:08-4th |  | 107 | 100 | 0.868 | 0.132 |
| 7:01-4th |  | 107 | 100 | 0.84 | 0.16 |
| 6:58-4th |  | 107 | 100 | 0.83 | 0.17 |
| 6:55-4th |  | 107 | 103 | 0.742 | 0.258 |
| 6:34-4th |  | 107 | 103 | 0.694 | 0.306 |
| 6:27-4th |  | 107 | 103 | 0.75 | 0.25 |
| 6:07-4th |  | 107 | 103 | 0.716 | 0.284 |
| 6:03-4th |  | 107 | 103 | 0.757 | 0.243 |
| 5:59-4th |  | 107 | 104 | 0.705 | 0.295 |
| 5:46-4th |  | 107 | 106 | 0.568 | 0.432 |
| 5:21-4th |  | 109 | 106 | 0.633 | 0.367 |
| 5:00-4th |  | 109 | 108 | 0.574 | 0.426 |
| 4:45-4th |  | 111 | 108 | 0.64 | 0.36 |
| 4:39-4th |  | 111 | 108 | 0.715 | 0.285 |
| 4:24-4th |  | 111 | 108 | 0.663 | 0.337 |
| 4:22-4th |  | 111 | 108 | 0.72 | 0.28 |
| 4:14-4th | TARGET | 111 | 110 | 0.58 | 0.42 |
| 3:54-4th |  | 113 | 110 | 0.651 | 0.349 |
| 3:33-4th |  | 113 | 110 | 0.735 | 0.265 |
| 3:15-4th |  | 115 | 110 | 0.802 | 0.198 |
| 3:03-4th |  | 115 | 110 | 0.86 | 0.14 |
| 2:45-4th |  | 115 | 110 | 0.83 | 0.17 |
| 2:44-4th |  | 115 | 110 | 0.818 | 0.182 |
| 2:33-4th |  | 115 | 112 | 0.763 | 0.237 |
| 2:10-4th |  | 117 | 112 | 0.837 | 0.163 |
| 1:57-4th |  | 117 | 112 | 0.882 | 0.118 |
| 1:55-4th |  | 117 | 112 | 0.895 | 0.105 |
| 1:45-4th |  | 117 | 112 | 0.862 | 0.138 |
| 1:42-4th |  | 117 | 112 | 0.851 | 0.149 |
| 1:35-4th |  | 117 | 114 | 0.799 | 0.201 |
| 1:11-4th |  | 117 | 114 | 0.814 | 0.186 |
| 1:04-4th |  | 117 | 114 | 0.794 | 0.206 |
| 1:00-4th |  | 117 | 114 | 0.822 | 0.178 |
| 48.0-4th |  | 119 | 114 | 0.884 | 0.116 |
| 41.1-4th |  | 119 | 114 | 0.928 | 0.072 |
| 38.0-4th |  | 119 | 114 | 0.943 | 0.057 |
| 22.1-4th |  | 122 | 114 | 0.992 | 0.008 |
| 18.1-4th |  | 122 | 114 | 0.998 | 0.002 |
| 13.0-4th |  | 122 | 114 | 0.997 | 0.003 |
| 10.0-4th |  | 122 | 114 | 0.999 | 0.001 |
| 7.2-4th |  | 122 | 114 | 0.999 | 0.001 |
| 7.1-4th |  | 122 | 116 | 0.997 | 0.003 |
| 5.0-4th |  | 123 | 116 | 0.998 | 0.002 |
| 4.1-4th |  | 123 | 116 | 0.998 | 0.002 |
| 0.0-4th |  | 123 | 116 | 1.0 | 0.0 |

Question

Which event most likely happened at the marked missing position?

Answer Choices

A. Player 13 (Team A) makes 2-foot driving dunk (Player 11 (Team A) assists)
B. Player 2 (Team B) enters the game for Player 8 (Team B)
C. Player 5 (Team A) bad pass (Player 4 (Team B) steals) | Player 4 (Team A) shooting foul | Player 4 (Team B) makes free throw 1 of 2 | Team A Full timeout | Player 4 (Team B) makes free throw 2 of 2
D. Player 17 (Team B) makes 7-foot two point shot

Response Format

Return exactly one JSON object:

{
  "answer": "<A|B|C|D>",
  "rationale": "<brief evidence-based justification in 1-3 sentences>",
  "evidence_event_ids": [],
  "evidence_series_times": []
}

Use only event IDs and time labels that are provided above and that support the answer. Use an empty array when the corresponding evidence type is unavailable or unused. Return only the JSON object.
