Task

Reconstruct the missing event in this basketball game. Use the available numerical time-series evidence around the marked row to select the most likely event.

Game

Team A versus Team B, season 22-23.

Time Series

| Game time | Marker | Team A score | Team B score | Team A win probability | Team B win probability |
| --- | --- | --- | --- | --- | --- |
| 12:00-1st |  | 0.0 | 0.0 | 0.31 | 0.69 |
| 11:40-1st |  | 2.0 | 0.0 | 0.337 | 0.663 |
| 11:15-1st |  | 2.0 | 2.0 | 0.313 | 0.687 |
| 11:00-1st |  | 4.0 | 2.0 | 0.34 | 0.66 |
| 10:43-1st |  | 4.0 | 3.0 | 0.34 | 0.66 |
| 10:41-1st |  | 4.0 | 3.0 | 0.34 | 0.66 |
| 10:26-1st |  | 6.0 | 3.0 | 0.363 | 0.637 |
| 10:12-1st |  | 6.0 | 5.0 | 0.342 | 0.658 |
| 9:52-1st |  | 6.0 | 5.0 | 0.327 | 0.673 |
| 9:49-1st |  | 6.0 | 5.0 | 0.321 | 0.679 |
| 9:45-1st |  | 6.0 | 8.0 | 0.278 | 0.722 |
| 9:28-1st |  | 9.0 | 8.0 | 0.322 | 0.678 |
| 9:16-1st |  | 9.0 | 10.0 | 0.302 | 0.698 |
| 8:57-1st |  | 9.0 | 10.0 | 0.285 | 0.715 |
| 8:56-1st |  | 9.0 | 10.0 | 0.279 | 0.721 |
| 8:45-1st |  | 9.0 | 10.0 | 0.298 | 0.702 |
| 8:42-1st |  | 9.0 | 10.0 | 0.304 | 0.696 |
| 8:34-1st |  | 9.0 | 10.0 | 0.28 | 0.72 |
| 8:22-1st |  | 9.0 | 13.0 | 0.243 | 0.757 |
| 8:05-1st |  | 9.0 | 13.0 | 0.229 | 0.771 |
| 8:01-1st |  | 9.0 | 13.0 | 0.244 | 0.756 |
| 7:59-1st |  | 9.0 | 13.0 | 0.224 | 0.776 |
| 7:51-1st |  | 9.0 | 13.0 | 0.239 | 0.761 |
| 7:47-1st |  | 9.0 | 13.0 | 0.244 | 0.756 |
| 7:41-1st |  | 9.0 | 13.0 | 0.23 | 0.77 |
| 7:37-1st |  | 11.0 | 13.0 | 0.265 | 0.735 |
| 7:25-1st |  | 11.0 | 13.0 | 0.281 | 0.719 |
| 7:22-1st |  | 11.0 | 13.0 | 0.286 | 0.714 |
| 7:16-1st |  | 11.0 | 13.0 | 0.286 | 0.714 |
| 7:12-1st |  | 11.0 | 13.0 | 0.287 | 0.713 |
| 7:06-1st |  | 14.0 | 13.0 | 0.332 | 0.668 |
| 6:56-1st |  | 14.0 | 13.0 | 0.333 | 0.667 |
| 6:42-1st |  | 14.0 | 13.0 | 0.351 | 0.649 |
| 6:40-1st |  | 14.0 | 13.0 | 0.357 | 0.643 |
| 6:26-1st |  | 16.0 | 13.0 | 0.385 | 0.615 |
| 6:04-1st |  | 16.0 | 13.0 | 0.406 | 0.594 |
| 6:00-1st |  | 16.0 | 13.0 | 0.413 | 0.587 |
| 5:53-1st |  | 16.0 | 13.0 | 0.394 | 0.606 |
| 5:48-1st |  | 16.0 | 13.0 | 0.388 | 0.612 |
| 5:36-1st |  | 16.0 | 15.0 | 0.362 | 0.638 |
| 5:25-1st |  | 18.0 | 15.0 | 0.39 | 0.61 |
| 5:14-1st |  | 18.0 | 15.0 | 0.415 | 0.585 |
| 5:08-1st |  | 21.0 | 15.0 | 0.471 | 0.529 |
| 4:46-1st |  | 21.0 | 15.0 | 0.5 | 0.5 |
| 4:34-1st |  | 21.0 | 15.0 | 0.481 | 0.519 |
| 4:29-1st |  | 21.0 | 15.0 | 0.475 | 0.525 |
| 4:18-1st |  | 21.0 | 15.0 | 0.497 | 0.503 |
| 4:14-1st |  | 21.0 | 15.0 | 0.504 | 0.496 |
| 4:01-1st |  | 24.0 | 15.0 | 0.56 | 0.44 |
| 3:42-1st |  | 24.0 | 18.0 | 0.508 | 0.492 |
| 3:17-1st |  | 24.0 | 18.0 | 0.49 | 0.51 |
| 3:14-1st |  | 24.0 | 18.0 | 0.483 | 0.517 |
| 3:03-1st |  | 24.0 | 18.0 | 0.505 | 0.495 |
| 3:02-1st |  | 24.0 | 18.0 | 0.512 | 0.488 |
| 2:59-1st |  | 24.0 | 18.0 | 0.492 | 0.508 |
| 2:57-1st |  | 24.0 | 18.0 | 0.513 | 0.487 |
| 2:56-1st |  | 24.0 | 18.0 | 0.492 | 0.508 |
| 2:53-1st |  | 24.0 | 18.0 | 0.485 | 0.515 |
| 2:46-1st |  | 24.0 | 18.0 | 0.514 | 0.486 |
| 2:41-1st |  | 24.0 | 18.0 | 0.507 | 0.493 |
| 2:38-1st |  | 24.0 | 18.0 | 0.515 | 0.485 |
| 2:25-1st |  | 27.0 | 18.0 | 0.572 | 0.428 |
| 2:10-1st |  | 27.0 | 20.0 | 0.549 | 0.451 |
| 1:47-1st |  | 27.0 | 20.0 | 0.528 | 0.472 |
| 1:44-1st |  | 27.0 | 20.0 | 0.521 | 0.479 |
| 1:28-1st |  | 27.0 | 23.0 | 0.467 | 0.533 |
| 1:08-1st |  | 30.0 | 23.0 | 0.525 | 0.475 |
| 56.8-1st |  | 30.0 | 23.0 | 0.557 | 0.443 |
| 44.3-1st |  | 30.0 | 23.0 | 0.536 | 0.464 |
| 41.5-1st |  | 30.0 | 23.0 | 0.559 | 0.441 |
| 39.9-1st |  | 33.0 | 23.0 | 0.617 | 0.383 |
| 31.2-1st |  | 33.0 | 23.0 | 0.642 | 0.358 |
| 28.8-1st |  | 33.0 | 23.0 | 0.65 | 0.35 |
| 10.6-1st |  | 35.0 | 23.0 | 0.676 | 0.324 |
| 0.4-1st |  | 35.0 | 23.0 | 0.678 | 0.322 |
| 0.0-1st |  | 35.0 | 23.0 | 0.692 | 0.308 |
| 12:00-2nd |  | 35.0 | 23.0 | 0.692 | 0.308 |
| 11:38-2nd |  | 35.0 | 23.0 | 0.717 | 0.283 |
| 11:30-2nd |  | 37.0 | 23.0 | 0.739 | 0.261 |
| 11:07-2nd |  | 37.0 | 23.0 | 0.742 | 0.258 |
| 10:58-2nd |  | 37.0 | 23.0 | 0.765 | 0.235 |
| 10:56-2nd |  | 37.0 | 23.0 | 0.766 | 0.234 |
| 10:38-2nd |  | 37.0 | 23.0 | 0.752 | 0.248 |
| 10:34-2nd |  | 37.0 | 23.0 | 0.747 | 0.253 |
| 10:20-2nd |  | 37.0 | 23.0 | 0.765 | 0.235 |
| 10:18-2nd |  | 37.0 | 23.0 | 0.771 | 0.229 |
| 10:04-2nd |  | 37.0 | 23.0 | 0.756 | 0.244 |
| 10:02-2nd |  | 37.0 | 23.0 | 0.751 | 0.249 |
| 9:46-2nd |  | 37.0 | 23.0 | 0.77 | 0.23 |
| 9:42-2nd |  | 37.0 | 23.0 | 0.776 | 0.224 |
| 9:36-2nd |  | 37.0 | 23.0 | 0.755 | 0.245 |
| 9:27-2nd |  | 37.0 | 25.0 | 0.728 | 0.272 |
| 9:06-2nd |  | 37.0 | 25.0 | 0.712 | 0.288 |
| 9:05-2nd |  | 37.0 | 25.0 | 0.705 | 0.295 |
| 8:58-2nd |  | 37.0 | 25.0 | 0.726 | 0.274 |
| 8:53-2nd |  | 37.0 | 25.0 | 0.733 | 0.267 |
| 8:37-2nd |  | 37.0 | 25.0 | 0.715 | 0.285 |
| 8:34-2nd |  | 37.0 | 25.0 | 0.709 | 0.291 |
| 8:27-2nd |  | 37.0 | 25.0 | 0.729 | 0.271 |
| 8:25-2nd |  | 37.0 | 25.0 | 0.736 | 0.264 |
| 8:22-2nd |  | 37.0 | 25.0 | 0.711 | 0.289 |
| 8:06-2nd |  | 37.0 | 27.0 | 0.688 | 0.312 |
| 7:58-2nd |  | 37.0 | 27.0 | 0.656 | 0.344 |
| 7:45-2nd |  | 37.0 | 29.0 | 0.627 | 0.373 |
| 7:25-2nd |  | 37.0 | 29.0 | 0.595 | 0.405 |
| 7:19-2nd |  | 37.0 | 29.0 | 0.601 | 0.399 |
| 7:02-2nd |  | 37.0 | 29.0 | 0.626 | 0.374 |
| 6:58-2nd |  | 37.0 | 29.0 | 0.601 | 0.399 |
| 6:56-2nd |  | 37.0 | 29.0 | 0.627 | 0.373 |
| 6:54-2nd |  | 37.0 | 29.0 | 0.635 | 0.365 |
| 6:47-2nd |  | 37.0 | 29.0 | 0.611 | 0.389 |
| 6:42-2nd |  | 39.0 | 29.0 | 0.667 | 0.333 |
| 6:22-2nd |  | 39.0 | 31.0 | 0.64 | 0.36 |
| 6:06-2nd |  | 41.0 | 31.0 | 0.672 | 0.328 |
| 5:46-2nd |  | 41.0 | 31.0 | 0.698 | 0.302 |
| 5:45-2nd |  | 41.0 | 31.0 | 0.706 | 0.294 |
| 5:29-2nd |  | 41.0 | 31.0 | 0.685 | 0.315 |
| 5:27-2nd |  | 41.0 | 31.0 | 0.707 | 0.293 |
| 5:13-2nd |  | 43.0 | 31.0 | 0.737 | 0.263 |
| 4:56-2nd |  | 43.0 | 31.0 | 0.696 | 0.304 |
| 4:43-2nd |  | 43.0 | 34.0 | 0.682 | 0.318 |
| 4:33-2nd |  | 43.0 | 34.0 | 0.655 | 0.345 |
| 4:29-2nd |  | 43.0 | 34.0 | 0.677 | 0.323 |
| 4:25-2nd |  | 43.0 | 34.0 | 0.685 | 0.315 |
| 4:23-2nd |  | 43.0 | 34.0 | 0.656 | 0.344 |
| 4:20-2nd |  | 43.0 | 34.0 | 0.678 | 0.322 |
| 4:19-2nd |  | 43.0 | 34.0 | 0.657 | 0.343 |
| 4:08-2nd |  | 43.0 | 37.0 | 0.591 | 0.409 |
| 4:06-2nd |  | 43.0 | 37.0 | 0.591 | 0.409 |
| 3:49-2nd |  | 45.0 | 37.0 | 0.629 | 0.371 |
| 3:36-2nd |  | 45.0 | 38.0 | 0.632 | 0.368 |
| 3:26-2nd |  | 45.0 | 38.0 | 0.607 | 0.393 |
| 3:24-2nd |  | 45.0 | 38.0 | 0.599 | 0.401 |
| 3:18-2nd |  | 45.0 | 38.0 | 0.626 | 0.374 |
| 3:15-2nd |  | 45.0 | 38.0 | 0.6 | 0.4 |
| 3:01-2nd |  | 45.0 | 38.0 | 0.628 | 0.372 |
| 2:59-2nd |  | 45.0 | 38.0 | 0.602 | 0.398 |
| 2:56-2nd |  | 45.0 | 38.0 | 0.629 | 0.371 |
| 2:54-2nd |  | 45.0 | 38.0 | 0.603 | 0.397 |
| 2:52-2nd |  | 45.0 | 38.0 | 0.639 | 0.361 |
| 2:50-2nd |  | 45.0 | 38.0 | 0.603 | 0.397 |
| 2:40-2nd |  | 45.0 | 38.0 | 0.614 | 0.386 |
| 2:38-2nd |  | 45.0 | 38.0 | 0.605 | 0.395 |
| 2:20-2nd |  | 45.0 | 41.0 | 0.54 | 0.46 |
| 2:10-2nd |  | 45.0 | 41.0 | 0.514 | 0.486 |
| 2:07-2nd |  | 45.0 | 41.0 | 0.506 | 0.494 |
| 1:52-2nd |  | 45.0 | 43.0 | 0.473 | 0.527 |
| 1:36-2nd |  | 47.0 | 43.0 | 0.545 | 0.455 |
| 1:25-2nd |  | 47.0 | 45.0 | 0.475 | 0.525 |
| 1:07-2nd |  | 47.0 | 45.0 | 0.452 | 0.548 |
| 1:05-2nd |  | 47.0 | 45.0 | 0.443 | 0.557 |
| 1:00-2nd |  | 47.0 | 47.0 | 0.408 | 0.592 |
| 39.4-2nd |  | 47.0 | 47.0 | 0.378 | 0.622 |
| 20.9-2nd |  | 47.0 | 47.0 | 0.412 | 0.588 |
| 4.3-2nd |  | 50.0 | 47.0 | 0.481 | 0.519 |
| 0.0-2nd |  | 50.0 | 47.0 | 0.498 | 0.502 |
| 12:00-3rd |  | 50.0 | 47.0 | 0.498 | 0.502 |
| 11:36-3rd |  | 50.0 | 49.0 | 0.452 | 0.548 |
| 11:24-3rd |  | 51.0 | 49.0 | 0.489 | 0.511 |
| 11:13-3rd |  | 51.0 | 49.0 | 0.464 | 0.536 |
| 11:10-3rd |  | 51.0 | 49.0 | 0.456 | 0.544 |
| 11:07-3rd |  | 51.0 | 49.0 | 0.49 | 0.51 |
| 10:54-3rd |  | 53.0 | 49.0 | 0.525 | 0.475 |
| 10:39-3rd |  | 53.0 | 49.0 | 0.558 | 0.442 |
| 10:36-3rd |  | 53.0 | 49.0 | 0.569 | 0.431 |
| 10:33-3rd |  | 56.0 | 49.0 | 0.643 | 0.357 |
| 10:14-3rd |  | 56.0 | 49.0 | 0.684 | 0.316 |
| 10:10-3rd |  | 58.0 | 49.0 | 0.716 | 0.284 |
| 9:56-3rd |  | 58.0 | 49.0 | 0.749 | 0.251 |
| 9:46-3rd |  | 58.0 | 49.0 | 0.728 | 0.272 |
| 9:44-3rd |  | 58.0 | 49.0 | 0.751 | 0.249 |
| 9:36-3rd |  | 58.0 | 49.0 | 0.721 | 0.279 |
| 9:20-3rd |  | 58.0 | 49.0 | 0.747 | 0.253 |
| 9:17-3rd |  | 58.0 | 49.0 | 0.756 | 0.244 |
| 9:12-3rd |  | 61.0 | 49.0 | 0.815 | 0.185 |
| 8:46-3rd |  | 61.0 | 49.0 | 0.836 | 0.164 |
| 8:45-3rd |  | 61.0 | 49.0 | 0.842 | 0.158 |
| 8:31-3rd |  | 61.0 | 49.0 | 0.842 | 0.158 |
| 8:23-3rd |  | 64.0 | 49.0 | 0.89 | 0.11 |
| 8:10-3rd |  | 64.0 | 51.0 | 0.872 | 0.128 |
| 8:02-3rd |  | 64.0 | 51.0 | 0.855 | 0.145 |
| 8:00-3rd |  | 64.0 | 51.0 | 0.872 | 0.128 |
| 7:49-3rd |  | 64.0 | 51.0 | 0.857 | 0.143 |
| 7:45-3rd |  | 64.0 | 51.0 | 0.851 | 0.149 |
| 7:37-3rd |  | 64.0 | 53.0 | 0.827 | 0.173 |
| 7:15-3rd |  | 64.0 | 53.0 | 0.812 | 0.188 |
| 7:14-3rd |  | 64.0 | 53.0 | 0.832 | 0.168 |
| 7:12-3rd |  | 64.0 | 53.0 | 0.81 | 0.19 |
| 7:11-3rd |  | 64.0 | 53.0 | 0.831 | 0.169 |
| 7:09-3rd |  | 64.0 | 53.0 | 0.813 | 0.187 |
| 7:08-3rd |  | 64.0 | 53.0 | 0.833 | 0.167 |
| 7:07-3rd |  | 64.0 | 53.0 | 0.813 | 0.187 |
| 7:04-3rd |  | 64.0 | 53.0 | 0.807 | 0.193 |
| 6:59-3rd |  | 64.0 | 55.0 | 0.779 | 0.221 |
| 6:31-3rd |  | 64.0 | 55.0 | 0.749 | 0.251 |
| 6:27-3rd |  | 64.0 | 57.0 | 0.718 | 0.282 |
| 6:17-3rd |  | 64.0 | 57.0 | 0.692 | 0.308 |
| 6:13-3rd |  | 64.0 | 57.0 | 0.683 | 0.317 |
| 6:07-3rd |  | 64.0 | 57.0 | 0.722 | 0.278 |
| 5:52-3rd |  | 66.0 | 57.0 | 0.755 | 0.245 |
| 5:33-3rd |  | 66.0 | 59.0 | 0.727 | 0.273 |
| 5:23-3rd |  | 66.0 | 59.0 | 0.692 | 0.308 |
| 5:07-3rd |  | 66.0 | 59.0 | 0.723 | 0.277 |
| 5:05-3rd |  | 66.0 | 59.0 | 0.695 | 0.305 |
| 5:04-3rd |  | 66.0 | 61.0 | 0.655 | 0.345 |
| 4:43-3rd |  | 66.0 | 61.0 | 0.627 | 0.373 |
| 4:41-3rd |  | 66.0 | 61.0 | 0.617 | 0.383 |
| 4:35-3rd |  | 66.0 | 63.0 | 0.577 | 0.423 |
| 4:24-3rd |  | 68.0 | 63.0 | 0.619 | 0.381 |
| 4:06-3rd |  | 68.0 | 63.0 | 0.665 | 0.335 |
| 3:56-3rd |  | 68.0 | 63.0 | 0.634 | 0.366 |
| 3:52-3rd |  | 68.0 | 63.0 | 0.624 | 0.376 |
| 3:47-3rd |  | 68.0 | 63.0 | 0.658 | 0.342 |
| 3:45-3rd |  | 68.0 | 63.0 | 0.669 | 0.331 |
| 3:43-3rd |  | 68.0 | 63.0 | 0.626 | 0.374 |
| 3:29-3rd |  | 68.0 | 63.0 | 0.661 | 0.339 |
| 3:27-3rd |  | 68.0 | 65.0 | 0.587 | 0.413 |
| 3:06-3rd |  | 71.0 | 65.0 | 0.675 | 0.325 |
| 2:42-3rd |  | 71.0 | 65.0 | 0.713 | 0.287 |
| 2:40-3rd |  | 71.0 | 65.0 | 0.724 | 0.276 |
| 2:33-3rd |  | 71.0 | 65.0 | 0.681 | 0.319 |
| 2:16-3rd |  | 71.0 | 67.0 | 0.645 | 0.355 |
| 2:01-3rd |  | 71.0 | 67.0 | 0.711 | 0.289 |
| 1:56-3rd |  | 71.0 | 67.0 | 0.612 | 0.388 |
| 1:52-3rd |  | 71.0 | 67.0 | 0.601 | 0.399 |
| 1:45-3rd |  | 71.0 | 69.0 | 0.556 | 0.444 |
| 1:36-3rd |  | 74.0 | 69.0 | 0.647 | 0.353 |
| 1:21-3rd |  | 74.0 | 69.0 | 0.685 | 0.315 |
| 1:18-3rd |  | 74.0 | 69.0 | 0.697 | 0.303 |
| 1:11-3rd |  | 75.0 | 69.0 | 0.697 | 0.303 |
| 1:08-3rd |  | 75.0 | 69.0 | 0.697 | 0.303 |
| 53.4-3rd |  | 75.0 | 70.0 | 0.703 | 0.297 |
| 44.7-3rd |  | 75.0 | 70.0 | 0.651 | 0.349 |
| 36.4-3rd |  | 75.0 | 72.0 | 0.614 | 0.386 |
| 28.7-3rd |  | 76.0 | 72.0 | 0.615 | 0.385 |
| 11.7-3rd |  | 76.0 | 72.0 | 0.656 | 0.344 |
| 10.4-3rd |  | 76.0 | 74.0 | 0.574 | 0.426 |
| 0.2-3rd |  | 78.0 | 74.0 | 0.62 | 0.38 |
| 0.0-3rd |  | 78.0 | 74.0 | 0.645 | 0.355 |
| 12:00-4th |  | 78.0 | 74.0 | 0.645 | 0.355 |
| 11:45-4th |  | 78.0 | 74.0 | 0.636 | 0.364 |
| 11:41-4th |  | 78.0 | 74.0 | 0.623 | 0.377 |
| 11:33-4th |  | 78.0 | 74.0 | 0.613 | 0.387 |
| 11:21-4th |  | 78.0 | 76.0 | 0.572 | 0.428 |
| 11:04-4th |  | 78.0 | 76.0 | 0.534 | 0.466 |
| 11:01-4th |  | 78.0 | 76.0 | 0.521 | 0.479 |
| 10:57-4th |  | 78.0 | 78.0 | 0.473 | 0.527 |
| 10:46-4th |  | 78.0 | 78.0 | 0.492 | 0.508 |
| 10:32-4th |  | 78.0 | 78.0 | 0.426 | 0.574 |
| 10:21-4th |  | 78.0 | 78.0 | 0.47 | 0.53 |
| 10:18-4th |  | 78.0 | 78.0 | 0.485 | 0.515 |
| 10:11-4th |  | 80.0 | 78.0 | 0.533 | 0.467 |
| 9:54-4th |  | 80.0 | 80.0 | 0.487 | 0.513 |
| 9:45-4th |  | 82.0 | 80.0 | 0.537 | 0.463 |
| 9:34-4th |  | 82.0 | 80.0 | 0.584 | 0.416 |
| 9:33-4th |  | 82.0 | 80.0 | 0.599 | 0.401 |
| 9:31-4th |  | 82.0 | 80.0 | 0.599 | 0.401 |
| 9:21-4th |  | 84.0 | 80.0 | 0.652 | 0.348 |
| 9:03-4th |  | 84.0 | 83.0 | 0.547 | 0.453 |
| 8:38-4th |  | 84.0 | 83.0 | 0.505 | 0.495 |
| 8:35-4th |  | 84.0 | 83.0 | 0.491 | 0.509 |
| 8:30-4th |  | 84.0 | 83.0 | 0.536 | 0.464 |
| 8:28-4th |  | 84.0 | 83.0 | 0.567 | 0.433 |
| 8:19-4th |  | 84.0 | 83.0 | 0.515 | 0.485 |
| 8:16-4th |  | 84.0 | 83.0 | 0.499 | 0.501 |
| 8:07-4th |  | 84.0 | 83.0 | 0.5 | 0.5 |
| 8:05-4th |  | 84.0 | 83.0 | 0.563 | 0.437 |
| 7:58-4th |  | 84.0 | 83.0 | 0.517 | 0.483 |
| 7:55-4th |  | 84.0 | 83.0 | 0.501 | 0.499 |
| 7:48-4th |  | 84.0 | 86.0 | 0.39 | 0.61 |
| 7:23-4th |  | 84.0 | 86.0 | 0.327 | 0.673 |
| 6:59-4th |  | 84.0 | 89.0 | 0.222 | 0.778 |
| 6:34-4th |  | 86.0 | 89.0 | 0.265 | 0.735 |
| 6:05-4th |  | 86.0 | 89.0 | 0.305 | 0.695 |
| 6:04-4th |  | 86.0 | 89.0 | 0.319 | 0.681 |
| 5:49-4th |  | 86.0 | 89.0 | 0.257 | 0.743 |
| 5:27-4th |  | 86.0 | 92.0 | 0.158 | 0.842 |
| 5:15-4th |  | 88.0 | 92.0 | 0.199 | 0.801 |
| 4:58-4th |  | 88.0 | 94.0 | 0.151 | 0.849 |
| 4:42-4th |  | 90.0 | 94.0 | 0.192 | 0.808 |
| 4:28-4th |  | 90.0 | 94.0 | 0.18 | 0.82 |
| 4:19-4th |  | 90.0 | 94.0 | 0.168 | 0.832 |
| 4:06-4th |  | 90.0 | 96.0 | 0.133 | 0.867 |
| 3:45-4th |  | 92.0 | 96.0 | 0.169 | 0.831 |
| 3:21-4th |  | 92.0 | 96.0 | 0.205 | 0.795 |
| 3:19-4th |  | 92.0 | 96.0 | 0.219 | 0.781 |
| 3:14-4th |  | 92.0 | 96.0 | 0.172 | 0.828 |
| 3:10-4th |  | 92.0 | 96.0 | 0.156 | 0.844 |
| 2:55-4th |  | 92.0 | 98.0 | 0.108 | 0.892 |
| 2:44-4th |  | 92.0 | 98.0 | 0.077 | 0.923 |
| 2:43-4th |  | 92.0 | 98.0 | 0.103 | 0.897 |
| 2:40-4th |  | 92.0 | 98.0 | 0.076 | 0.924 |
| 2:37-4th |  | 92.0 | 98.0 | 0.066 | 0.934 |
| 2:26-4th |  | 92.0 | 98.0 | 0.088 | 0.912 |
| 2:24-4th |  | 92.0 | 98.0 | 0.062 | 0.938 |
| 2:15-4th |  | 92.0 | 98.0 | 0.084 | 0.916 |
| 2:12-4th |  | 92.0 | 98.0 | 0.091 | 0.909 |
| 2:07-4th |  | 94.0 | 98.0 | 0.128 | 0.872 |
| 1:49-4th |  | 94.0 | 100.0 | 0.082 | 0.918 |
| 1:34-4th |  | 96.0 | 100.0 | 0.112 | 0.888 |
| 1:10-4th |  | 96.0 | 100.0 | 0.153 | 0.847 |
| 1:07-4th |  | 96.0 | 100.0 | 0.17 | 0.83 |
| 58.6-4th |  | 98.0 | 100.0 | 0.202 | 0.798 |
| 35.5-4th | TARGET | 98.0 | 103.0 | 0.089 | 0.911 |
| 29.2-4th |  | 100.0 | 103.0 | 0.113 | 0.887 |
| 9.5-4th |  | 100.0 | 103.0 | 0.126 | 0.874 |
| 6.7-4th |  | 100.0 | 103.0 | 0.103 | 0.897 |
| 3.1-4th |  | 100.0 | 103.0 | 0.048 | 0.952 |
| 0.9-4th |  | 100.0 | 103.0 | 0.009 | 0.991 |
| 0.7-4th |  | 100.0 | 103.0 | 0.011 | 0.989 |
| 0.2-4th |  | 100.0 | 103.0 | 0.002 | 0.998 |
| 0.1-4th |  | 100.0 | 103.0 | 0.002 | 0.998 |
| 0.0-4th |  | 100.0 | 103.0 | 0.0 | 1.0 |

Question

Which event most likely happened at the marked missing position?

Answer Choices

A. Player 5 (Team B) makes three point jumper (Player 2 (Team B) assists) | Team A Full timeout
B. Player 5 (Team B) bad pass (Player 17 (Team B) steals)
C. Player 15 (Team B) blocks Player 8 (Team A) 's 2-foot layup
D. Player 6 (Team A) makes 24-foot three point jumper (Player 11 (Team A) assists)

Response Format

Return exactly one JSON object:

{
  "answer": "<A|B|C|D>",
  "rationale": "<brief evidence-based justification in 1-3 sentences>",
  "evidence_event_ids": [],
  "evidence_series_times": []
}

Use only event IDs and time labels that are provided above and that support the answer. Use an empty array when the corresponding evidence type is unavailable or unused. Return only the JSON object.
