Task

Reconstruct the missing event in this basketball game. Use the available numerical time-series evidence around the marked row to select the most likely event.

Game

Team A versus Team B, season 22-23.

Time Series

| Game time | Marker | Team A score | Team B score | Team A win probability | Team B win probability |
| --- | --- | --- | --- | --- | --- |
| 12:00-1st |  | 0 | 0 | 0.162 | 0.838 |
| 11:48-1st |  | 0 | 0 | 0.159 | 0.841 |
| 11:45-1st |  | 0 | 0 | 0.162 | 0.838 |
| 11:24-1st |  | 2 | 0 | 0.18 | 0.82 |
| 11:07-1st |  | 2 | 2 | 0.166 | 0.834 |
| 10:47-1st |  | 4 | 2 | 0.183 | 0.817 |
| 10:32-1st |  | 4 | 4 | 0.17 | 0.83 |
| 10:22-1st |  | 4 | 4 | 0.16 | 0.84 |
| 10:18-1st |  | 4 | 4 | 0.157 | 0.843 |
| 10:13-1st |  | 4 | 4 | 0.168 | 0.832 |
| 10:10-1st |  | 4 | 4 | 0.172 | 0.828 |
| 9:55-1st |  | 4 | 4 | 0.162 | 0.838 |
| 9:51-1st |  | 4 | 4 | 0.159 | 0.841 |
| 9:34-1st |  | 4 | 4 | 0.171 | 0.829 |
| 9:32-1st |  | 4 | 4 | 0.175 | 0.825 |
| 9:16-1st |  | 4 | 4 | 0.165 | 0.835 |
| 9:13-1st |  | 4 | 4 | 0.162 | 0.838 |
| 9:08-1st |  | 4 | 4 | 0.173 | 0.827 |
| 9:04-1st |  | 4 | 4 | 0.178 | 0.822 |
| 9:01-1st |  | 4 | 4 | 0.177 | 0.823 |
| 8:52-1st |  | 7 | 4 | 0.211 | 0.789 |
| 8:35-1st |  | 7 | 6 | 0.195 | 0.805 |
| 8:25-1st |  | 7 | 6 | 0.185 | 0.815 |
| 8:22-1st |  | 7 | 6 | 0.197 | 0.803 |
| 8:21-1st |  | 9 | 6 | 0.215 | 0.785 |
| 8:10-1st |  | 9 | 9 | 0.182 | 0.818 |
| 7:46-1st |  | 11 | 9 | 0.2 | 0.8 |
| 7:31-1st |  | 11 | 11 | 0.185 | 0.815 |
| 7:20-1st |  | 13 | 11 | 0.203 | 0.797 |
| 7:16-1st |  | 13 | 11 | 0.203 | 0.797 |
| 7:12-1st |  | 13 | 11 | 0.221 | 0.779 |
| 7:05-1st |  | 13 | 11 | 0.209 | 0.791 |
| 7:01-1st |  | 13 | 11 | 0.205 | 0.795 |
| 6:59-1st |  | 13 | 13 | 0.188 | 0.812 |
| 6:43-1st |  | 15 | 13 | 0.206 | 0.794 |
| 6:32-1st |  | 15 | 13 | 0.221 | 0.779 |
| 6:28-1st |  | 15 | 13 | 0.226 | 0.774 |
| 6:21-1st |  | 15 | 13 | 0.209 | 0.791 |
| 6:16-1st |  | 15 | 16 | 0.177 | 0.823 |
| 6:04-1st |  | 16 | 16 | 0.177 | 0.823 |
| 5:42-1st |  | 16 | 16 | 0.191 | 0.809 |
| 5:39-1st |  | 16 | 16 | 0.179 | 0.821 |
| 5:36-1st |  | 16 | 16 | 0.195 | 0.805 |
| 5:33-1st |  | 16 | 16 | 0.196 | 0.804 |
| 5:28-1st |  | 18 | 16 | 0.214 | 0.786 |
| 5:18-1st |  | 18 | 16 | 0.233 | 0.767 |
| 4:59-1st |  | 21 | 16 | 0.276 | 0.724 |
| 4:49-1st |  | 21 | 16 | 0.295 | 0.705 |
| 4:47-1st |  | 21 | 16 | 0.301 | 0.699 |
| 4:40-1st |  | 21 | 16 | 0.285 | 0.715 |
| 4:36-1st |  | 21 | 16 | 0.279 | 0.721 |
| 4:28-1st |  | 21 | 18 | 0.26 | 0.74 |
| 4:13-1st |  | 21 | 18 | 0.247 | 0.753 |
| 4:09-1st |  | 21 | 18 | 0.242 | 0.758 |
| 4:08-1st |  | 21 | 20 | 0.225 | 0.775 |
| 3:58-1st |  | 24 | 20 | 0.264 | 0.736 |
| 3:37-1st |  | 24 | 20 | 0.289 | 0.711 |
| 3:26-1st |  | 24 | 20 | 0.269 | 0.731 |
| 3:22-1st |  | 24 | 20 | 0.292 | 0.708 |
| 3:04-1st |  | 24 | 20 | 0.277 | 0.723 |
| 3:00-1st |  | 24 | 20 | 0.272 | 0.728 |
| 2:52-1st |  | 24 | 22 | 0.251 | 0.749 |
| 2:29-1st |  | 24 | 22 | 0.239 | 0.761 |
| 2:27-1st |  | 24 | 22 | 0.234 | 0.766 |
| 2:10-1st |  | 24 | 22 | 0.251 | 0.749 |
| 2:09-1st |  | 24 | 22 | 0.257 | 0.743 |
| 1:53-1st |  | 24 | 22 | 0.243 | 0.757 |
| 1:50-1st |  | 24 | 22 | 0.238 | 0.762 |
| 1:34-1st |  | 24 | 22 | 0.256 | 0.744 |
| 1:31-1st |  | 24 | 22 | 0.262 | 0.738 |
| 1:24-1st |  | 24 | 22 | 0.247 | 0.753 |
| 1:21-1st |  | 24 | 22 | 0.263 | 0.737 |
| 1:19-1st |  | 26 | 22 | 0.287 | 0.713 |
| 1:03-1st |  | 26 | 24 | 0.266 | 0.734 |
| 52.8-1st |  | 26 | 24 | 0.251 | 0.749 |
| 49.9-1st |  | 26 | 24 | 0.246 | 0.754 |
| 45.1-1st |  | 26 | 27 | 0.205 | 0.795 |
| 31.9-1st |  | 27 | 27 | 0.208 | 0.792 |
| 6.9-1st |  | 27 | 27 | 0.224 | 0.776 |
| 3.0-1st |  | 27 | 27 | 0.23 | 0.77 |
| 0.0-1st |  | 27 | 27 | 0.22 | 0.78 |
| 12:00-2nd |  | 27 | 27 | 0.22 | 0.78 |
| 11:35-2nd |  | 29 | 27 | 0.255 | 0.745 |
| 11:18-2nd |  | 29 | 27 | 0.275 | 0.725 |
| 11:15-2nd |  | 29 | 27 | 0.281 | 0.719 |
| 11:10-2nd |  | 29 | 27 | 0.258 | 0.742 |
| 10:57-2nd |  | 29 | 27 | 0.283 | 0.717 |
| 10:44-2nd |  | 29 | 27 | 0.267 | 0.733 |
| 10:42-2nd |  | 29 | 27 | 0.261 | 0.739 |
| 10:38-2nd |  | 29 | 27 | 0.261 | 0.739 |
| 10:28-2nd |  | 29 | 27 | 0.286 | 0.714 |
| 10:15-2nd |  | 31 | 27 | 0.313 | 0.687 |
| 9:56-2nd |  | 31 | 27 | 0.316 | 0.684 |
| 9:45-2nd |  | 31 | 27 | 0.339 | 0.661 |
| 9:44-2nd |  | 31 | 29 | 0.291 | 0.709 |
| 9:31-2nd |  | 34 | 29 | 0.346 | 0.654 |
| 9:27-2nd |  | 34 | 29 | 0.375 | 0.625 |
| 9:15-2nd |  | 36 | 29 | 0.407 | 0.593 |
| 8:57-2nd |  | 36 | 29 | 0.434 | 0.566 |
| 8:54-2nd |  | 36 | 29 | 0.411 | 0.589 |
| 8:52-2nd |  | 36 | 29 | 0.435 | 0.565 |
| 8:49-2nd |  | 36 | 29 | 0.443 | 0.557 |
| 8:37-2nd |  | 36 | 29 | 0.415 | 0.585 |
| 8:28-2nd |  | 36 | 29 | 0.447 | 0.553 |
| 8:23-2nd |  | 36 | 29 | 0.425 | 0.575 |
| 8:21-2nd |  | 36 | 29 | 0.418 | 0.582 |
| 8:17-2nd |  | 36 | 31 | 0.387 | 0.613 |
| 7:58-2nd |  | 36 | 31 | 0.391 | 0.609 |
| 7:53-2nd |  | 36 | 31 | 0.363 | 0.637 |
| 7:40-2nd |  | 36 | 31 | 0.387 | 0.613 |
| 7:38-2nd |  | 36 | 31 | 0.395 | 0.605 |
| 7:26-2nd |  | 36 | 31 | 0.375 | 0.625 |
| 7:23-2nd |  | 36 | 31 | 0.368 | 0.632 |
| 7:15-2nd |  | 36 | 34 | 0.312 | 0.688 |
| 7:04-2nd |  | 39 | 34 | 0.371 | 0.629 |
| 6:56-2nd |  | 39 | 37 | 0.315 | 0.685 |
| 6:27-2nd |  | 39 | 37 | 0.3 | 0.7 |
| 6:26-2nd |  | 39 | 37 | 0.293 | 0.707 |
| 6:24-2nd |  | 39 | 37 | 0.32 | 0.68 |
| 6:21-2nd |  | 39 | 37 | 0.301 | 0.699 |
| 6:19-2nd |  | 39 | 37 | 0.294 | 0.706 |
| 6:14-2nd |  | 39 | 40 | 0.244 | 0.756 |
| 6:12-2nd |  | 39 | 40 | 0.245 | 0.755 |
| 5:52-2nd |  | 39 | 41 | 0.202 | 0.798 |
| 5:40-2nd |  | 39 | 41 | 0.225 | 0.775 |
| 5:22-2nd |  | 39 | 41 | 0.205 | 0.795 |
| 5:11-2nd |  | 39 | 41 | 0.223 | 0.777 |
| 5:09-2nd |  | 39 | 41 | 0.229 | 0.771 |
| 4:59-2nd |  | 39 | 41 | 0.212 | 0.788 |
| 4:58-2nd |  | 39 | 41 | 0.206 | 0.794 |
| 4:54-2nd |  | 39 | 43 | 0.187 | 0.813 |
| 4:34-2nd |  | 39 | 43 | 0.189 | 0.811 |
| 4:28-2nd |  | 42 | 43 | 0.232 | 0.768 |
| 4:06-2nd |  | 42 | 46 | 0.191 | 0.809 |
| 3:55-2nd |  | 42 | 46 | 0.172 | 0.828 |
| 3:54-2nd |  | 42 | 48 | 0.154 | 0.846 |
| 3:31-2nd |  | 44 | 48 | 0.174 | 0.826 |
| 3:17-2nd |  | 44 | 50 | 0.155 | 0.845 |
| 3:05-2nd |  | 47 | 50 | 0.196 | 0.804 |
| 2:50-2nd |  | 47 | 53 | 0.157 | 0.843 |
| 2:36-2nd |  | 47 | 53 | 0.144 | 0.856 |
| 2:34-2nd |  | 49 | 53 | 0.176 | 0.824 |
| 2:23-2nd |  | 49 | 53 | 0.197 | 0.803 |
| 2:06-2nd |  | 52 | 53 | 0.247 | 0.753 |
| 1:51-2nd |  | 52 | 55 | 0.224 | 0.776 |
| 1:34-2nd |  | 55 | 55 | 0.276 | 0.724 |
| 1:24-2nd |  | 55 | 56 | 0.278 | 0.722 |
| 1:05-2nd |  | 55 | 56 | 0.26 | 0.74 |
| 1:03-2nd |  | 55 | 56 | 0.28 | 0.72 |
| 1:01-2nd |  | 57 | 56 | 0.309 | 0.691 |
| 47.8-2nd |  | 57 | 59 | 0.252 | 0.748 |
| 42.3-2nd |  | 59 | 59 | 0.281 | 0.719 |
| 33.9-2nd |  | 59 | 59 | 0.282 | 0.718 |
| 27.3-2nd |  | 59 | 62 | 0.227 | 0.773 |
| 7.2-2nd |  | 59 | 62 | 0.209 | 0.791 |
| 3.7-2nd |  | 59 | 62 | 0.233 | 0.767 |
| 0.0-2nd |  | 59 | 62 | 0.222 | 0.778 |
| 12:00-3rd |  | 59 | 62 | 0.222 | 0.778 |
| 11:39-3rd |  | 59 | 62 | 0.214 | 0.786 |
| 11:36-3rd |  | 59 | 62 | 0.208 | 0.792 |
| 11:26-3rd |  | 59 | 62 | 0.228 | 0.772 |
| 11:23-3rd |  | 59 | 62 | 0.209 | 0.791 |
| 11:17-3rd |  | 59 | 62 | 0.235 | 0.765 |
| 11:11-3rd |  | 59 | 62 | 0.216 | 0.784 |
| 11:08-3rd |  | 59 | 62 | 0.21 | 0.79 |
| 11:04-3rd |  | 59 | 64 | 0.188 | 0.812 |
| 10:51-3rd |  | 61 | 64 | 0.212 | 0.788 |
| 10:41-3rd |  | 61 | 66 | 0.189 | 0.811 |
| 10:24-3rd |  | 63 | 66 | 0.213 | 0.787 |
| 10:09-3rd |  | 63 | 66 | 0.234 | 0.766 |
| 10:04-3rd |  | 63 | 66 | 0.241 | 0.759 |
| 9:51-3rd |  | 63 | 66 | 0.222 | 0.778 |
| 9:50-3rd |  | 66 | 66 | 0.3 | 0.7 |
| 9:37-3rd |  | 66 | 66 | 0.327 | 0.673 |
| 9:35-3rd |  | 66 | 66 | 0.336 | 0.664 |
| 9:30-3rd |  | 68 | 66 | 0.369 | 0.631 |
| 9:08-3rd |  | 68 | 69 | 0.306 | 0.694 |
| 8:46-3rd |  | 68 | 69 | 0.285 | 0.715 |
| 8:44-3rd |  | 68 | 69 | 0.277 | 0.723 |
| 8:38-3rd |  | 68 | 69 | 0.277 | 0.723 |
| 8:31-3rd |  | 68 | 69 | 0.303 | 0.697 |
| 8:29-3rd |  | 68 | 69 | 0.311 | 0.689 |
| 8:18-3rd |  | 68 | 69 | 0.288 | 0.712 |
| 8:16-3rd |  | 68 | 69 | 0.28 | 0.72 |
| 8:10-3rd |  | 68 | 69 | 0.305 | 0.695 |
| 8:08-3rd |  | 68 | 69 | 0.282 | 0.718 |
| 7:57-3rd |  | 68 | 69 | 0.308 | 0.692 |
| 7:55-3rd |  | 68 | 69 | 0.316 | 0.684 |
| 7:43-3rd |  | 68 | 69 | 0.293 | 0.707 |
| 7:41-3rd |  | 68 | 69 | 0.284 | 0.716 |
| 7:26-3rd |  | 68 | 71 | 0.255 | 0.745 |
| 7:14-3rd |  | 68 | 71 | 0.234 | 0.766 |
| 7:12-3rd |  | 68 | 71 | 0.256 | 0.744 |
| 7:10-3rd |  | 68 | 71 | 0.234 | 0.766 |
| 7:08-3rd |  | 68 | 71 | 0.227 | 0.773 |
| 6:59-3rd |  | 68 | 73 | 0.201 | 0.799 |
| 6:45-3rd |  | 70 | 73 | 0.228 | 0.772 |
| 6:21-3rd |  | 70 | 73 | 0.252 | 0.748 |
| 6:19-3rd |  | 70 | 73 | 0.26 | 0.74 |
| 6:12-3rd |  | 70 | 73 | 0.229 | 0.771 |
| 6:00-3rd |  | 70 | 75 | 0.203 | 0.797 |
| 5:38-3rd |  | 70 | 75 | 0.184 | 0.816 |
| 5:37-3rd |  | 70 | 75 | 0.177 | 0.823 |
| 5:30-3rd |  | 70 | 77 | 0.152 | 0.848 |
| 5:14-3rd |  | 70 | 77 | 0.136 | 0.864 |
| 5:12-3rd |  | 70 | 77 | 0.131 | 0.869 |
| 5:00-3rd |  | 70 | 80 | 0.094 | 0.906 |
| 4:58-3rd |  | 70 | 80 | 0.152 | 0.848 |
| 4:41-3rd |  | 70 | 80 | 0.082 | 0.918 |
| 4:38-3rd |  | 70 | 80 | 0.078 | 0.922 |
| 4:21-3rd |  | 70 | 80 | 0.089 | 0.911 |
| 4:19-3rd |  | 70 | 80 | 0.093 | 0.907 |
| 4:06-3rd |  | 70 | 80 | 0.093 | 0.907 |
| 3:57-3rd |  | 70 | 80 | 0.081 | 0.919 |
| 3:54-3rd |  | 70 | 80 | 0.077 | 0.923 |
| 3:43-3rd |  | 70 | 83 | 0.052 | 0.948 |
| 3:23-3rd |  | 70 | 83 | 0.043 | 0.957 |
| 3:16-3rd |  | 70 | 83 | 0.04 | 0.96 |
| 3:15-3rd |  | 70 | 83 | 0.05 | 0.95 |
| 3:10-3rd |  | 72 | 83 | 0.06 | 0.94 |
| 2:54-3rd |  | 72 | 83 | 0.07 | 0.93 |
| 2:52-3rd |  | 72 | 83 | 0.074 | 0.926 |
| 2:51-3rd |  | 72 | 83 | 0.074 | 0.926 |
| 2:39-3rd |  | 74 | 83 | 0.088 | 0.912 |
| 2:25-3rd |  | 74 | 86 | 0.059 | 0.941 |
| 2:24-3rd |  | 75 | 86 | 0.072 | 0.928 |
| 2:23-3rd |  | 75 | 86 | 0.072 | 0.928 |
| 2:10-3rd |  | 75 | 86 | 0.057 | 0.943 |
| 1:57-3rd |  | 75 | 86 | 0.067 | 0.933 |
| 1:55-3rd |  | 75 | 86 | 0.071 | 0.929 |
| 1:43-3rd |  | 78 | 86 | 0.104 | 0.896 |
| 1:17-3rd |  | 78 | 87 | 0.104 | 0.896 |
| 1:04-3rd |  | 78 | 87 | 0.088 | 0.912 |
| 1:01-3rd |  | 78 | 87 | 0.083 | 0.917 |
| 51.2-3rd |  | 78 | 87 | 0.097 | 0.903 |
| 49.0-3rd |  | 78 | 87 | 0.102 | 0.898 |
| 41.5-3rd |  | 80 | 87 | 0.123 | 0.877 |
| 26.5-3rd |  | 80 | 87 | 0.143 | 0.857 |
| 24.5-3rd |  | 80 | 87 | 0.149 | 0.851 |
| 4.3-3rd |  | 81 | 87 | 0.146 | 0.854 |
| 0.1-3rd |  | 81 | 87 | 0.148 | 0.852 |
| 0.0-3rd |  | 81 | 87 | 0.162 | 0.838 |
| 12:00-4th |  | 81 | 87 | 0.162 | 0.838 |
| 11:39-4th |  | 81 | 89 | 0.117 | 0.883 |
| 11:20-4th |  | 81 | 89 | 0.099 | 0.901 |
| 11:18-4th |  | 81 | 89 | 0.093 | 0.907 |
| 11:06-4th |  | 81 | 89 | 0.109 | 0.891 |
| 11:01-4th |  | 81 | 89 | 0.115 | 0.885 |
| 10:47-4th |  | 81 | 89 | 0.097 | 0.903 |
| 10:45-4th |  | 81 | 89 | 0.091 | 0.909 |
| 10:39-4th |  | 81 | 89 | 0.108 | 0.892 |
| 10:37-4th |  | 81 | 89 | 0.113 | 0.887 |
| 10:30-4th |  | 81 | 89 | 0.09 | 0.91 |
| 10:11-4th |  | 81 | 89 | 0.106 | 0.894 |
| 10:10-4th |  | 81 | 89 | 0.111 | 0.889 |
| 9:50-4th |  | 83 | 89 | 0.138 | 0.862 |
| 9:31-4th |  | 83 | 91 | 0.109 | 0.891 |
| 9:21-4th |  | 85 | 91 | 0.137 | 0.863 |
| 9:04-4th |  | 85 | 91 | 0.16 | 0.84 |
| 9:01-4th |  | 85 | 91 | 0.167 | 0.833 |
| 8:57-4th |  | 88 | 91 | 0.245 | 0.755 |
| 8:41-4th |  | 88 | 91 | 0.296 | 0.704 |
| 8:39-4th |  | 91 | 91 | 0.402 | 0.598 |
| 8:28-4th |  | 91 | 91 | 0.386 | 0.614 |
| 8:12-4th |  | 91 | 91 | 0.46 | 0.54 |
| 7:58-4th |  | 91 | 91 | 0.415 | 0.585 |
| 7:56-4th |  | 91 | 91 | 0.4 | 0.6 |
| 7:46-4th |  | 91 | 91 | 0.448 | 0.552 |
| 7:39-4th |  | 91 | 91 | 0.465 | 0.535 |
| 7:36-4th |  | 94 | 91 | 0.583 | 0.417 |
| 7:19-4th |  | 94 | 91 | 0.653 | 0.347 |
| 7:16-4th |  | 96 | 91 | 0.709 | 0.291 |
| 6:56-4th |  | 96 | 93 | 0.662 | 0.338 |
| 6:36-4th |  | 96 | 93 | 0.603 | 0.397 |
| 6:25-4th |  | 96 | 95 | 0.545 | 0.455 |
| 6:05-4th |  | 98 | 95 | 0.614 | 0.386 |
| 5:48-4th |  | 98 | 95 | 0.671 | 0.329 |
| 5:46-4th |  | 98 | 95 | 0.688 | 0.312 |
| 5:30-4th |  | 98 | 95 | 0.694 | 0.306 |
| 5:15-4th |  | 98 | 97 | 0.562 | 0.438 |
| 4:50-4th |  | 98 | 97 | 0.513 | 0.487 |
| 4:47-4th |  | 98 | 97 | 0.495 | 0.505 |
| 4:44-4th |  | 98 | 97 | 0.552 | 0.448 |
| 4:39-4th |  | 98 | 97 | 0.572 | 0.428 |
| 4:32-4th |  | 98 | 97 | 0.517 | 0.483 |
| 4:28-4th |  | 98 | 97 | 0.574 | 0.426 |
| 4:24-4th |  | 100 | 97 | 0.648 | 0.352 |
| 4:03-4th |  | 100 | 97 | 0.726 | 0.274 |
| 3:58-4th |  | 100 | 97 | 0.675 | 0.325 |
| 3:54-4th |  | 100 | 97 | 0.73 | 0.27 |
| 3:53-4th |  | 102 | 97 | 0.791 | 0.209 |
| 3:42-4th |  | 102 | 99 | 0.737 | 0.263 |
| 3:22-4th |  | 102 | 99 | 0.691 | 0.309 |
| 3:20-4th |  | 102 | 99 | 0.673 | 0.327 |
| 3:13-4th |  | 102 | 100 | 0.675 | 0.325 |
| 2:57-4th |  | 102 | 100 | 0.621 | 0.379 |
| 2:55-4th |  | 102 | 100 | 0.601 | 0.399 |
| 2:35-4th |  | 102 | 102 | 0.523 | 0.477 |
| 2:21-4th |  | 102 | 102 | 0.531 | 0.469 |
| 2:09-4th |  | 104 | 102 | 0.621 | 0.379 |
| 1:52-4th |  | 104 | 102 | 0.703 | 0.297 |
| 1:49-4th |  | 104 | 102 | 0.729 | 0.271 |
| 1:37-4th |  | 104 | 102 | 0.673 | 0.327 |
| 1:33-4th |  | 104 | 102 | 0.745 | 0.255 |
| 1:32-4th |  | 104 | 102 | 0.679 | 0.321 |
| 1:30-4th |  | 104 | 102 | 0.659 | 0.341 |
| 1:21-4th |  | 104 | 105 | 0.498 | 0.502 |
| 1:09-4th |  | 106 | 105 | 0.503 | 0.497 |
| 57.2-4th |  | 106 | 105 | 0.619 | 0.381 |
| 54.5-4th |  | 106 | 105 | 0.663 | 0.337 |
| 36.8-4th |  | 108 | 105 | 0.789 | 0.211 |
| 36.5-4th |  | 108 | 105 | 0.789 | 0.211 |
| 29.1-4th |  | 108 | 107 | 0.714 | 0.286 |
| 19.1-4th |  | 108 | 107 | 0.76 | 0.24 |
| 5.6-4th |  | 110 | 107 | 0.921 | 0.079 |
| 5.1-4th |  | 110 | 107 | 0.928 | 0.072 |
| 2.3-4th | TARGET | 110 | 110 | 0.509 | 0.491 |
| 0.7-4th |  | 110 | 110 | 0.496 | 0.504 |
| 0.0-4th |  | 110 | 110 | 0.5 | 0.5 |
| 5:00-OT |  | 110 | 110 | 0.5 | 0.5 |
| 4:44-OT |  | 110 | 110 | 0.467 | 0.533 |
| 4:29-OT |  | 110 | 110 | 0.517 | 0.483 |
| 4:27-OT |  | 110 | 110 | 0.534 | 0.466 |
| 4:09-OT |  | 110 | 110 | 0.483 | 0.517 |
| 4:06-OT |  | 110 | 110 | 0.466 | 0.534 |
| 3:53-OT |  | 110 | 112 | 0.383 | 0.617 |
| 3:35-OT |  | 112 | 112 | 0.463 | 0.537 |
| 3:12-OT |  | 112 | 112 | 0.521 | 0.479 |
| 3:09-OT |  | 112 | 112 | 0.541 | 0.459 |
| 2:57-OT |  | 114 | 112 | 0.628 | 0.372 |
| 2:38-OT |  | 114 | 112 | 0.695 | 0.305 |
| 2:36-OT |  | 114 | 112 | 0.633 | 0.367 |
| 2:34-OT |  | 114 | 114 | 0.545 | 0.455 |
| 2:19-OT |  | 114 | 114 | 0.455 | 0.545 |
| 1:59-OT |  | 114 | 114 | 0.524 | 0.476 |
| 1:56-OT |  | 114 | 114 | 0.547 | 0.453 |
| 1:45-OT |  | 116 | 114 | 0.652 | 0.348 |
| 1:29-OT |  | 116 | 114 | 0.737 | 0.263 |
| 1:25-OT |  | 116 | 114 | 0.764 | 0.236 |
| 1:04-OT |  | 116 | 114 | 0.683 | 0.317 |
| 1:02-OT |  | 116 | 116 | 0.493 | 0.507 |
| 40.0-OT |  | 118 | 116 | 0.651 | 0.349 |
| 33.3-OT |  | 118 | 116 | 0.75 | 0.25 |
| 30.9-OT |  | 118 | 116 | 0.784 | 0.216 |
| 24.4-OT |  | 118 | 116 | 0.799 | 0.201 |
| 9.4-OT |  | 120 | 116 | 0.912 | 0.088 |
| 2.5-OT |  | 120 | 116 | 0.991 | 0.009 |
| 0.0-OT |  | 120 | 116 | 1.0 | 0.0 |

Question

Which event most likely happened at the marked missing position?

Answer Choices

A. Player 17 (Team B) enters the game for Player 14 (Team A)
B. Player 2 (Team B) makes 30-foot three pointer (Player 3 (Team B) assists)
C. Player 14 (Team A) makes 25-foot three point jumper (Player 9 (Team A) assists)
D. Player 15 (Team A) misses 25-foot three point shot

Response Format

Return exactly one JSON object:

{
  "answer": "<A|B|C|D>",
  "rationale": "<brief evidence-based justification in 1-3 sentences>",
  "evidence_event_ids": [],
  "evidence_series_times": []
}

Use only event IDs and time labels that are provided above and that support the answer. Use an empty array when the corresponding evidence type is unavailable or unused. Return only the JSON object.
