Task

Reconstruct the missing event in this basketball game. Use the available numerical time-series evidence around the marked row to select the most likely event.

Game

Team A versus Team B, season 22-23.

Time Series

| Game time | Marker | Team A score | Team B score | Team A win probability | Team B win probability |
| --- | --- | --- | --- | --- | --- |
| 12:00-1st |  | 0.0 | 0.0 | 0.252 | 0.748 |
| 11:39-1st |  | 0.0 | 2.0 | 0.232 | 0.768 |
| 11:31-1st |  | 0.0 | 2.0 | 0.232 | 0.768 |
| 11:23-1st |  | 0.0 | 2.0 | 0.233 | 0.767 |
| 11:15-1st |  | 0.0 | 2.0 | 0.22 | 0.78 |
| 11:12-1st |  | 0.0 | 2.0 | 0.215 | 0.785 |
| 11:08-1st |  | 0.0 | 2.0 | 0.234 | 0.766 |
| 11:06-1st |  | 0.0 | 2.0 | 0.234 | 0.766 |
| 10:52-1st |  | 0.0 | 2.0 | 0.221 | 0.779 |
| 10:50-1st |  | 0.0 | 2.0 | 0.235 | 0.765 |
| 10:45-1st |  | 2.0 | 2.0 | 0.254 | 0.746 |
| 10:36-1st |  | 2.0 | 2.0 | 0.27 | 0.73 |
| 10:33-1st |  | 2.0 | 2.0 | 0.276 | 0.724 |
| 10:29-1st |  | 2.0 | 2.0 | 0.255 | 0.745 |
| 10:26-1st |  | 2.0 | 2.0 | 0.276 | 0.724 |
| 10:13-1st |  | 5.0 | 2.0 | 0.321 | 0.679 |
| 9:59-1st |  | 5.0 | 4.0 | 0.299 | 0.701 |
| 9:51-1st |  | 8.0 | 4.0 | 0.346 | 0.654 |
| 9:30-1st |  | 8.0 | 4.0 | 0.366 | 0.634 |
| 9:27-1st |  | 8.0 | 4.0 | 0.372 | 0.628 |
| 9:20-1st |  | 8.0 | 4.0 | 0.355 | 0.645 |
| 9:18-1st |  | 8.0 | 4.0 | 0.349 | 0.651 |
| 9:11-1st |  | 8.0 | 6.0 | 0.326 | 0.674 |
| 8:56-1st |  | 8.0 | 6.0 | 0.31 | 0.69 |
| 8:54-1st |  | 8.0 | 6.0 | 0.305 | 0.695 |
| 8:45-1st |  | 8.0 | 9.0 | 0.263 | 0.737 |
| 8:33-1st |  | 10.0 | 9.0 | 0.285 | 0.715 |
| 8:26-1st |  | 10.0 | 11.0 | 0.265 | 0.735 |
| 8:13-1st |  | 10.0 | 11.0 | 0.251 | 0.749 |
| 8:09-1st |  | 10.0 | 11.0 | 0.246 | 0.754 |
| 7:58-1st |  | 10.0 | 11.0 | 0.262 | 0.738 |
| 7:55-1st |  | 10.0 | 11.0 | 0.267 | 0.733 |
| 7:46-1st |  | 11.0 | 11.0 | 0.267 | 0.733 |
| 7:44-1st |  | 11.0 | 11.0 | 0.268 | 0.732 |
| 7:36-1st |  | 11.0 | 11.0 | 0.24 | 0.76 |
| 7:21-1st |  | 11.0 | 11.0 | 0.286 | 0.714 |
| 7:18-1st |  | 11.0 | 11.0 | 0.291 | 0.709 |
| 7:11-1st |  | 11.0 | 11.0 | 0.271 | 0.729 |
| 6:58-1st |  | 11.0 | 12.0 | 0.271 | 0.729 |
| 6:47-1st |  | 11.0 | 12.0 | 0.256 | 0.744 |
| 6:44-1st |  | 11.0 | 12.0 | 0.272 | 0.728 |
| 6:40-1st |  | 13.0 | 12.0 | 0.295 | 0.705 |
| 6:19-1st |  | 13.0 | 14.0 | 0.274 | 0.726 |
| 6:14-1st |  | 13.0 | 14.0 | 0.253 | 0.747 |
| 5:53-1st |  | 13.0 | 14.0 | 0.27 | 0.73 |
| 5:50-1st |  | 13.0 | 14.0 | 0.276 | 0.724 |
| 5:43-1st |  | 15.0 | 14.0 | 0.299 | 0.701 |
| 5:39-1st |  | 15.0 | 16.0 | 0.275 | 0.725 |
| 5:29-1st |  | 15.0 | 16.0 | 0.259 | 0.741 |
| 5:23-1st |  | 15.0 | 16.0 | 0.254 | 0.746 |
| 5:19-1st |  | 15.0 | 18.0 | 0.236 | 0.764 |
| 5:03-1st |  | 15.0 | 18.0 | 0.219 | 0.781 |
| 4:58-1st |  | 15.0 | 18.0 | 0.238 | 0.762 |
| 4:49-1st | TARGET | 15.0 | 21.0 | 0.184 | 0.816 |
| 4:34-1st |  | 15.0 | 21.0 | 0.172 | 0.828 |
| 4:32-1st |  | 15.0 | 21.0 | 0.168 | 0.832 |
| 4:26-1st |  | 15.0 | 23.0 | 0.155 | 0.845 |
| 4:24-1st |  | 15.0 | 23.0 | 0.155 | 0.845 |
| 4:07-1st |  | 15.0 | 23.0 | 0.144 | 0.856 |
| 4:05-1st |  | 15.0 | 23.0 | 0.156 | 0.844 |
| 4:03-1st |  | 17.0 | 23.0 | 0.169 | 0.831 |
| 3:56-1st |  | 17.0 | 25.0 | 0.156 | 0.844 |
| 3:50-1st |  | 19.0 | 25.0 | 0.169 | 0.831 |
| 3:34-1st |  | 19.0 | 25.0 | 0.183 | 0.817 |
| 3:31-1st |  | 19.0 | 25.0 | 0.187 | 0.813 |
| 3:29-1st |  | 21.0 | 25.0 | 0.204 | 0.796 |
| 3:17-1st |  | 21.0 | 27.0 | 0.188 | 0.812 |
| 3:09-1st |  | 21.0 | 27.0 | 0.171 | 0.829 |
| 3:05-1st |  | 21.0 | 29.0 | 0.157 | 0.843 |
| 2:44-1st |  | 21.0 | 29.0 | 0.145 | 0.855 |
| 2:41-1st |  | 21.0 | 29.0 | 0.141 | 0.859 |
| 2:34-1st |  | 21.0 | 29.0 | 0.154 | 0.846 |
| 2:33-1st |  | 21.0 | 29.0 | 0.158 | 0.842 |
| 2:27-1st |  | 21.0 | 29.0 | 0.145 | 0.855 |
| 2:19-1st |  | 23.0 | 29.0 | 0.172 | 0.828 |
| 2:03-1st |  | 23.0 | 29.0 | 0.186 | 0.814 |
| 1:58-1st |  | 23.0 | 31.0 | 0.159 | 0.841 |
| 1:40-1st |  | 26.0 | 31.0 | 0.192 | 0.808 |
| 1:27-1st |  | 26.0 | 31.0 | 0.206 | 0.794 |
| 1:24-1st |  | 26.0 | 31.0 | 0.211 | 0.789 |
| 1:19-1st |  | 26.0 | 31.0 | 0.197 | 0.803 |
| 1:17-1st |  | 26.0 | 31.0 | 0.193 | 0.807 |
| 1:14-1st |  | 26.0 | 34.0 | 0.16 | 0.84 |
| 1:09-1st |  | 26.0 | 34.0 | 0.16 | 0.84 |
| 55.0-1st |  | 28.0 | 34.0 | 0.175 | 0.825 |
| 42.1-1st |  | 28.0 | 36.0 | 0.16 | 0.84 |
| 37.1-1st |  | 30.0 | 36.0 | 0.175 | 0.825 |
| 30.1-1st |  | 30.0 | 39.0 | 0.143 | 0.857 |
| 12.0-1st |  | 30.0 | 39.0 | 0.132 | 0.868 |
| 8.1-1st |  | 30.0 | 39.0 | 0.144 | 0.856 |
| 6.1-1st |  | 30.0 | 39.0 | 0.132 | 0.868 |
| 2.0-1st |  | 32.0 | 39.0 | 0.158 | 0.842 |
| 1.1-1st |  | 32.0 | 39.0 | 0.176 | 0.824 |
| 0.0-1st |  | 32.0 | 39.0 | 0.168 | 0.832 |
| 12:00-2nd |  | 32.0 | 39.0 | 0.168 | 0.832 |
| 11:47-2nd |  | 33.0 | 39.0 | 0.194 | 0.806 |
| 11:39-2nd |  | 33.0 | 39.0 | 0.181 | 0.819 |
| 11:34-2nd |  | 35.0 | 39.0 | 0.212 | 0.788 |
| 11:24-2nd |  | 35.0 | 40.0 | 0.193 | 0.807 |
| 11:10-2nd |  | 35.0 | 40.0 | 0.215 | 0.785 |
| 11:00-2nd |  | 35.0 | 40.0 | 0.194 | 0.806 |
| 10:53-2nd |  | 35.0 | 42.0 | 0.178 | 0.822 |
| 10:40-2nd |  | 35.0 | 42.0 | 0.178 | 0.822 |
| 10:31-2nd |  | 35.0 | 42.0 | 0.165 | 0.835 |
| 10:30-2nd |  | 35.0 | 42.0 | 0.178 | 0.822 |
| 10:17-2nd |  | 35.0 | 42.0 | 0.16 | 0.84 |
| 9:54-2nd |  | 35.0 | 45.0 | 0.13 | 0.87 |
| 9:46-2nd |  | 35.0 | 45.0 | 0.119 | 0.881 |
| 9:43-2nd |  | 35.0 | 45.0 | 0.116 | 0.884 |
| 9:29-2nd |  | 35.0 | 45.0 | 0.116 | 0.884 |
| 9:23-2nd |  | 35.0 | 47.0 | 0.104 | 0.896 |
| 8:58-2nd |  | 35.0 | 47.0 | 0.095 | 0.905 |
| 8:52-2nd |  | 35.0 | 47.0 | 0.092 | 0.908 |
| 8:48-2nd |  | 35.0 | 50.0 | 0.071 | 0.929 |
| 8:31-2nd |  | 35.0 | 50.0 | 0.064 | 0.936 |
| 8:27-2nd |  | 35.0 | 50.0 | 0.062 | 0.938 |
| 8:23-2nd |  | 35.0 | 53.0 | 0.047 | 0.953 |
| 8:06-2nd |  | 35.0 | 53.0 | 0.04 | 0.96 |
| 7:59-2nd |  | 35.0 | 53.0 | 0.045 | 0.955 |
| 7:55-2nd |  | 35.0 | 53.0 | 0.046 | 0.954 |
| 7:47-2nd |  | 37.0 | 53.0 | 0.054 | 0.946 |
| 7:32-2nd |  | 37.0 | 53.0 | 0.059 | 0.941 |
| 7:31-2nd |  | 37.0 | 53.0 | 0.061 | 0.939 |
| 7:12-2nd |  | 37.0 | 53.0 | 0.055 | 0.945 |
| 7:09-2nd |  | 37.0 | 53.0 | 0.053 | 0.947 |
| 6:58-2nd |  | 37.0 | 56.0 | 0.039 | 0.961 |
| 6:57-2nd |  | 37.0 | 56.0 | 0.039 | 0.961 |
| 6:43-2nd |  | 37.0 | 56.0 | 0.035 | 0.965 |
| 6:40-2nd |  | 37.0 | 56.0 | 0.033 | 0.967 |
| 6:36-2nd |  | 37.0 | 58.0 | 0.028 | 0.972 |
| 6:29-2nd |  | 37.0 | 58.0 | 0.023 | 0.977 |
| 6:24-2nd |  | 37.0 | 58.0 | 0.024 | 0.976 |
| 6:10-2nd |  | 37.0 | 59.0 | 0.024 | 0.976 |
| 6:03-2nd |  | 37.0 | 59.0 | 0.024 | 0.976 |
| 5:58-2nd |  | 37.0 | 59.0 | 0.021 | 0.979 |
| 5:54-2nd |  | 37.0 | 59.0 | 0.02 | 0.98 |
| 5:49-2nd |  | 37.0 | 59.0 | 0.023 | 0.977 |
| 5:44-2nd |  | 37.0 | 61.0 | 0.016 | 0.984 |
| 5:39-2nd |  | 37.0 | 61.0 | 0.014 | 0.986 |
| 5:36-2nd |  | 37.0 | 61.0 | 0.014 | 0.986 |
| 5:28-2nd |  | 37.0 | 62.0 | 0.014 | 0.986 |
| 5:16-2nd |  | 39.0 | 62.0 | 0.016 | 0.984 |
| 5:02-2nd |  | 39.0 | 65.0 | 0.011 | 0.989 |
| 4:52-2nd |  | 39.0 | 65.0 | 0.009 | 0.991 |
| 4:50-2nd |  | 39.0 | 65.0 | 0.009 | 0.991 |
| 4:42-2nd |  | 39.0 | 67.0 | 0.007 | 0.993 |
| 4:31-2nd |  | 39.0 | 67.0 | 0.006 | 0.994 |
| 4:28-2nd |  | 39.0 | 67.0 | 0.007 | 0.993 |
| 4:25-2nd |  | 41.0 | 67.0 | 0.009 | 0.991 |
| 4:06-2nd |  | 41.0 | 67.0 | 0.011 | 0.989 |
| 3:48-2nd |  | 41.0 | 67.0 | 0.008 | 0.992 |
| 3:44-2nd |  | 41.0 | 69.0 | 0.007 | 0.993 |
| 3:23-2nd |  | 41.0 | 69.0 | 0.006 | 0.994 |
| 3:13-2nd |  | 41.0 | 69.0 | 0.006 | 0.994 |
| 3:09-2nd |  | 41.0 | 69.0 | 0.007 | 0.993 |
| 3:05-2nd |  | 43.0 | 69.0 | 0.008 | 0.992 |
| 2:51-2nd |  | 43.0 | 69.0 | 0.009 | 0.991 |
| 2:50-2nd |  | 43.0 | 69.0 | 0.013 | 0.987 |
| 2:43-2nd |  | 43.0 | 69.0 | 0.008 | 0.992 |
| 2:39-2nd |  | 43.0 | 69.0 | 0.01 | 0.99 |
| 2:36-2nd |  | 44.0 | 69.0 | 0.009 | 0.991 |
| 2:29-2nd |  | 44.0 | 71.0 | 0.008 | 0.992 |
| 2:11-2nd |  | 44.0 | 71.0 | 0.006 | 0.994 |
| 2:04-2nd |  | 44.0 | 71.0 | 0.007 | 0.993 |
| 2:01-2nd |  | 44.0 | 71.0 | 0.008 | 0.992 |
| 1:53-2nd |  | 46.0 | 71.0 | 0.009 | 0.991 |
| 1:31-2nd |  | 46.0 | 71.0 | 0.01 | 0.99 |
| 1:29-2nd |  | 46.0 | 71.0 | 0.011 | 0.989 |
| 1:23-2nd |  | 48.0 | 71.0 | 0.013 | 0.987 |
| 1:07-2nd |  | 48.0 | 71.0 | 0.016 | 0.984 |
| 1:05-2nd |  | 48.0 | 71.0 | 0.017 | 0.983 |
| 1:00-2nd |  | 50.0 | 71.0 | 0.018 | 0.982 |
| 49.1-2nd |  | 50.0 | 71.0 | 0.021 | 0.979 |
| 47.2-2nd |  | 50.0 | 71.0 | 0.018 | 0.982 |
| 41.1-2nd |  | 50.0 | 74.0 | 0.012 | 0.988 |
| 36.0-2nd |  | 53.0 | 74.0 | 0.018 | 0.982 |
| 25.0-2nd |  | 53.0 | 77.0 | 0.012 | 0.988 |
| 5.1-2nd |  | 55.0 | 77.0 | 0.014 | 0.986 |
| 0.1-2nd |  | 55.0 | 80.0 | 0.01 | 0.99 |
| 0.0-2nd |  | 55.0 | 77.0 | 0.016 | 0.984 |
| 12:00-3rd |  | 55.0 | 80.0 | 0.016 | 0.984 |
| 11:45-3rd |  | 57.0 | 80.0 | 0.01 | 0.99 |
| 11:15-3rd |  | 57.0 | 80.0 | 0.012 | 0.988 |
| 11:13-3rd |  | 57.0 | 80.0 | 0.013 | 0.987 |
| 11:03-3rd |  | 57.0 | 80.0 | 0.011 | 0.989 |
| 11:02-3rd |  | 57.0 | 80.0 | 0.01 | 0.99 |
| 10:48-3rd |  | 57.0 | 80.0 | 0.012 | 0.988 |
| 10:45-3rd |  | 57.0 | 80.0 | 0.012 | 0.988 |
| 10:44-3rd |  | 57.0 | 80.0 | 0.01 | 0.99 |
| 10:28-3rd |  | 57.0 | 82.0 | 0.008 | 0.992 |
| 10:15-3rd |  | 57.0 | 82.0 | 0.006 | 0.994 |
| 10:13-3rd |  | 57.0 | 82.0 | 0.006 | 0.994 |
| 9:51-3rd |  | 57.0 | 82.0 | 0.007 | 0.993 |
| 9:27-3rd |  | 57.0 | 82.0 | 0.005 | 0.995 |
| 9:18-3rd |  | 57.0 | 85.0 | 0.003 | 0.997 |
| 9:09-3rd |  | 57.0 | 85.0 | 0.003 | 0.997 |
| 9:07-3rd |  | 57.0 | 85.0 | 0.003 | 0.997 |
| 9:01-3rd |  | 57.0 | 85.0 | 0.003 | 0.997 |
| 8:57-3rd |  | 57.0 | 85.0 | 0.003 | 0.997 |
| 8:53-3rd |  | 59.0 | 85.0 | 0.004 | 0.996 |
| 8:39-3rd |  | 59.0 | 85.0 | 0.005 | 0.995 |
| 8:33-3rd |  | 59.0 | 85.0 | 0.004 | 0.996 |
| 8:29-3rd |  | 59.0 | 85.0 | 0.005 | 0.995 |
| 8:27-3rd |  | 59.0 | 85.0 | 0.003 | 0.997 |
| 8:06-3rd |  | 59.0 | 87.0 | 0.003 | 0.997 |
| 7:49-3rd |  | 62.0 | 87.0 | 0.004 | 0.996 |
| 7:27-3rd |  | 62.0 | 89.0 | 0.003 | 0.997 |
| 7:14-3rd |  | 64.0 | 89.0 | 0.004 | 0.996 |
| 7:01-3rd |  | 64.0 | 89.0 | 0.005 | 0.995 |
| 6:59-3rd |  | 64.0 | 89.0 | 0.005 | 0.995 |
| 6:52-3rd |  | 64.0 | 89.0 | 0.004 | 0.996 |
| 6:49-3rd |  | 64.0 | 89.0 | 0.004 | 0.996 |
| 6:40-3rd |  | 64.0 | 89.0 | 0.004 | 0.996 |
| 6:29-3rd |  | 64.0 | 91.0 | 0.003 | 0.997 |
| 6:03-3rd |  | 64.0 | 91.0 | 0.002 | 0.998 |
| 5:58-3rd |  | 66.0 | 91.0 | 0.004 | 0.996 |
| 5:54-3rd |  | 66.0 | 93.0 | 0.003 | 0.997 |
| 5:46-3rd |  | 66.0 | 93.0 | 0.003 | 0.997 |
| 5:39-3rd |  | 68.0 | 93.0 | 0.003 | 0.997 |
| 5:19-3rd |  | 68.0 | 93.0 | 0.004 | 0.996 |
| 5:15-3rd |  | 68.0 | 93.0 | 0.004 | 0.996 |
| 5:11-3rd |  | 71.0 | 93.0 | 0.007 | 0.993 |
| 4:57-3rd |  | 71.0 | 93.0 | 0.008 | 0.992 |
| 4:56-3rd |  | 71.0 | 93.0 | 0.008 | 0.992 |
| 4:39-3rd |  | 73.0 | 93.0 | 0.011 | 0.989 |
| 4:18-3rd |  | 73.0 | 93.0 | 0.013 | 0.987 |
| 4:07-3rd |  | 73.0 | 93.0 | 0.01 | 0.99 |
| 4:03-3rd |  | 73.0 | 93.0 | 0.01 | 0.99 |
| 3:48-3rd |  | 73.0 | 93.0 | 0.011 | 0.989 |
| 3:45-3rd |  | 73.0 | 93.0 | 0.012 | 0.988 |
| 3:34-3rd |  | 73.0 | 93.0 | 0.01 | 0.99 |
| 3:31-3rd |  | 73.0 | 93.0 | 0.009 | 0.991 |
| 3:25-3rd |  | 73.0 | 95.0 | 0.007 | 0.993 |
| 3:14-3rd |  | 73.0 | 95.0 | 0.005 | 0.995 |
| 3:12-3rd |  | 73.0 | 95.0 | 0.005 | 0.995 |
| 3:02-3rd |  | 73.0 | 95.0 | 0.006 | 0.994 |
| 2:59-3rd |  | 73.0 | 95.0 | 0.006 | 0.994 |
| 2:57-3rd |  | 76.0 | 95.0 | 0.011 | 0.989 |
| 2:32-3rd |  | 76.0 | 95.0 | 0.013 | 0.987 |
| 2:29-3rd |  | 76.0 | 95.0 | 0.014 | 0.986 |
| 2:27-3rd |  | 78.0 | 95.0 | 0.016 | 0.984 |
| 2:15-3rd |  | 78.0 | 95.0 | 0.02 | 0.98 |
| 2:12-3rd |  | 78.0 | 95.0 | 0.022 | 0.978 |
| 2:04-3rd |  | 80.0 | 95.0 | 0.027 | 0.973 |
| 1:39-3rd |  | 80.0 | 98.0 | 0.016 | 0.984 |
| 1:24-3rd |  | 80.0 | 98.0 | 0.012 | 0.988 |
| 1:21-3rd |  | 80.0 | 98.0 | 0.011 | 0.989 |
| 1:17-3rd |  | 80.0 | 101.0 | 0.006 | 0.994 |
| 1:06-3rd |  | 80.0 | 101.0 | 0.005 | 0.995 |
| 1:04-3rd |  | 80.0 | 101.0 | 0.006 | 0.994 |
| 1:01-3rd |  | 83.0 | 101.0 | 0.01 | 0.99 |
| 47.1-3rd |  | 83.0 | 101.0 | 0.013 | 0.987 |
| 33.1-3rd |  | 83.0 | 101.0 | 0.01 | 0.99 |
| 30.1-3rd |  | 83.0 | 101.0 | 0.009 | 0.991 |
| 7.1-3rd |  | 83.0 | 101.0 | 0.011 | 0.989 |
| 5.1-3rd |  | 83.0 | 101.0 | 0.012 | 0.988 |
| 0.0-3rd |  | 83.0 | 101.0 | 0.01 | 0.99 |
| 12:00-4th |  | 83.0 | 101.0 | 0.01 | 0.99 |
| 11:47-4th |  | 83.0 | 101.0 | 0.01 | 0.99 |
| 11:43-4th |  | 83.0 | 101.0 | 0.011 | 0.989 |
| 11:35-4th |  | 83.0 | 101.0 | 0.008 | 0.992 |
| 11:33-4th |  | 83.0 | 101.0 | 0.008 | 0.992 |
| 11:24-4th |  | 83.0 | 101.0 | 0.01 | 0.99 |
| 11:21-4th |  | 85.0 | 101.0 | 0.014 | 0.986 |
| 11:03-4th |  | 85.0 | 101.0 | 0.016 | 0.984 |
| 11:01-4th |  | 85.0 | 101.0 | 0.017 | 0.983 |
| 10:56-4th |  | 85.0 | 101.0 | 0.013 | 0.987 |
| 10:30-4th |  | 85.0 | 103.0 | 0.009 | 0.991 |
| 10:08-4th |  | 88.0 | 103.0 | 0.015 | 0.985 |
| 9:49-4th |  | 88.0 | 103.0 | 0.018 | 0.982 |
| 9:46-4th |  | 88.0 | 103.0 | 0.019 | 0.981 |
| 9:41-4th |  | 88.0 | 103.0 | 0.015 | 0.985 |
| 9:38-4th |  | 88.0 | 103.0 | 0.013 | 0.987 |
| 9:28-4th |  | 88.0 | 105.0 | 0.01 | 0.99 |
| 9:18-4th |  | 89.0 | 105.0 | 0.01 | 0.99 |
| 9:03-4th |  | 89.0 | 108.0 | 0.005 | 0.995 |
| 8:55-4th |  | 89.0 | 108.0 | 0.004 | 0.996 |
| 8:52-4th |  | 89.0 | 108.0 | 0.003 | 0.997 |
| 8:49-4th |  | 89.0 | 110.0 | 0.002 | 0.998 |
| 8:38-4th |  | 89.0 | 110.0 | 0.002 | 0.998 |
| 8:35-4th |  | 89.0 | 110.0 | 0.001 | 0.999 |
| 8:28-4th |  | 89.0 | 110.0 | 0.002 | 0.998 |
| 8:26-4th |  | 89.0 | 110.0 | 0.002 | 0.998 |
| 8:21-4th |  | 89.0 | 110.0 | 0.002 | 0.998 |
| 8:19-4th |  | 89.0 | 110.0 | 0.001 | 0.999 |
| 8:01-4th |  | 89.0 | 110.0 | 0.002 | 0.998 |
| 7:56-4th |  | 89.0 | 110.0 | 0.002 | 0.998 |
| 7:45-4th |  | 89.0 | 110.0 | 0.001 | 0.999 |
| 7:35-4th |  | 89.0 | 110.0 | 0.001 | 0.999 |
| 7:27-4th |  | 89.0 | 112.0 | 0.001 | 0.999 |
| 7:17-4th |  | 91.0 | 112.0 | 0.001 | 0.999 |
| 6:56-4th |  | 91.0 | 115.0 | 0.001 | 0.999 |
| 6:48-4th |  | 91.0 | 115.0 | 0.001 | 0.999 |
| 6:37-4th |  | 91.0 | 117.0 | 0.001 | 0.999 |
| 6:19-4th |  | 91.0 | 117.0 | 0.001 | 0.999 |
| 6:15-4th |  | 91.0 | 117.0 | 0.001 | 0.999 |
| 6:11-4th |  | 91.0 | 117.0 | 0.001 | 0.999 |
| 6:00-4th |  | 91.0 | 117.0 | 0.001 | 0.999 |
| 5:57-4th |  | 91.0 | 117.0 | 0.001 | 0.999 |
| 5:42-4th |  | 91.0 | 117.0 | 0.001 | 0.999 |
| 5:40-4th |  | 91.0 | 117.0 | 0.001 | 0.999 |
| 5:33-4th |  | 91.0 | 117.0 | 0.001 | 0.999 |
| 5:24-4th |  | 91.0 | 117.0 | 0.001 | 0.999 |
| 5:21-4th |  | 91.0 | 117.0 | 0.001 | 0.999 |
| 5:16-4th |  | 91.0 | 117.0 | 0.001 | 0.999 |
| 5:12-4th |  | 91.0 | 117.0 | 0.001 | 0.999 |
| 5:08-4th |  | 91.0 | 117.0 | 0.001 | 0.999 |
| 4:54-4th |  | 91.0 | 117.0 | 0.001 | 0.999 |
| 4:47-4th |  | 91.0 | 117.0 | 0.001 | 0.999 |
| 4:43-4th |  | 93.0 | 117.0 | 0.001 | 0.999 |
| 4:33-4th |  | 93.0 | 117.0 | 0.001 | 0.999 |
| 4:28-4th |  | 93.0 | 120.0 | 0.001 | 0.999 |
| 4:14-4th |  | 93.0 | 120.0 | 0.001 | 0.999 |
| 4:04-4th |  | 95.0 | 120.0 | 0.001 | 0.999 |
| 3:49-4th |  | 95.0 | 120.0 | 0.001 | 0.999 |
| 3:46-4th |  | 95.0 | 120.0 | 0.001 | 0.999 |
| 3:32-4th |  | 95.0 | 120.0 | 0.001 | 0.999 |
| 3:28-4th |  | 97.0 | 120.0 | 0.001 | 0.999 |
| 3:14-4th |  | 97.0 | 120.0 | 0.001 | 0.999 |
| 3:11-4th |  | 97.0 | 120.0 | 0.001 | 0.999 |
| 2:56-4th |  | 100.0 | 120.0 | 0.001 | 0.999 |
| 2:41-4th |  | 100.0 | 120.0 | 0.001 | 0.999 |
| 2:38-4th |  | 100.0 | 120.0 | 0.001 | 0.999 |
| 2:30-4th |  | 103.0 | 120.0 | 0.001 | 0.999 |
| 2:14-4th |  | 103.0 | 120.0 | 0.001 | 0.999 |
| 1:53-4th |  | 103.0 | 120.0 | 0.001 | 0.999 |
| 1:48-4th |  | 103.0 | 120.0 | 0.001 | 0.999 |
| 1:32-4th |  | 103.0 | 120.0 | 0.001 | 0.999 |
| 1:30-4th |  | 103.0 | 120.0 | 0.001 | 0.999 |
| 1:24-4th |  | 103.0 | 120.0 | 0.001 | 0.999 |
| 1:20-4th |  | 103.0 | 120.0 | 0.001 | 0.999 |
| 1:01-4th |  | 103.0 | 123.0 | 0.001 | 0.999 |
| 49.0-4th |  | 103.0 | 123.0 | 0.001 | 0.999 |
| 46.0-4th |  | 103.0 | 123.0 | 0.001 | 0.999 |
| 25.2-4th |  | 103.0 | 123.0 | 0.001 | 0.999 |
| 23.0-4th |  | 103.0 | 123.0 | 0.001 | 0.999 |
| 21.2-4th |  | 103.0 | 123.0 | 0.001 | 0.999 |
| 20.2-4th |  | 103.0 | 123.0 | 0.001 | 0.999 |
| 5.1-4th |  | 103.0 | 123.0 | 0.001 | 0.999 |
| 3.1-4th |  | 103.0 | 123.0 | 0.001 | 0.999 |
| 0.0-4th |  | 103.0 | 123.0 | 0.0 | 1.0 |

Question

Which event most likely happened at the marked missing position?

Answer Choices

A. Player 10 (Team A) misses 26-foot three point shot
B. Player 8 (Team B) makes 26-foot three point jumper (Player 3 (Team B) assists)
C. Player 6 (Team B) bad pass (Player 15 (Team A) steals)
D. Player 3 (Team B) makes 27-foot three point jumper (Player 7 (Team A) assists)

Response Format

Return exactly one JSON object:

{
  "answer": "<A|B|C|D>",
  "rationale": "<brief evidence-based justification in 1-3 sentences>",
  "evidence_event_ids": [],
  "evidence_series_times": []
}

Use only event IDs and time labels that are provided above and that support the answer. Use an empty array when the corresponding evidence type is unavailable or unused. Return only the JSON object.
