Task

Reconstruct the missing event in this basketball game. Use the available numerical time-series evidence around the marked row to select the most likely event.

Game

Team A versus Team B, season 22-23.

Time Series

| Game time | Marker | Team A score | Team B score | Team A win probability | Team B win probability |
| --- | --- | --- | --- | --- | --- |
| 12:00-1st |  | 0 | 0 | 0.413 | 0.587 |
| 11:45-1st |  | 2 | 0 | 0.442 | 0.558 |
| 11:30-1st |  | 2 | 0 | 0.466 | 0.534 |
| 11:20-1st |  | 2 | 0 | 0.449 | 0.551 |
| 11:17-1st |  | 2 | 0 | 0.443 | 0.557 |
| 11:08-1st |  | 2 | 0 | 0.461 | 0.539 |
| 11:06-1st |  | 2 | 0 | 0.467 | 0.533 |
| 11:01-1st |  | 2 | 0 | 0.449 | 0.551 |
| 11:00-1st |  | 2 | 0 | 0.444 | 0.556 |
| 10:54-1st |  | 2 | 2 | 0.415 | 0.585 |
| 10:45-1st |  | 2 | 2 | 0.401 | 0.599 |
| 10:43-1st |  | 2 | 2 | 0.396 | 0.604 |
| 10:21-1st |  | 2 | 4 | 0.369 | 0.631 |
| 10:04-1st |  | 5 | 4 | 0.419 | 0.581 |
| 9:50-1st |  | 5 | 6 | 0.396 | 0.604 |
| 9:40-1st |  | 7 | 6 | 0.42 | 0.58 |
| 9:31-1st |  | 7 | 6 | 0.443 | 0.557 |
| 9:29-1st |  | 7 | 6 | 0.451 | 0.549 |
| 9:24-1st |  | 7 | 6 | 0.447 | 0.553 |
| 9:16-1st |  | 9 | 6 | 0.473 | 0.527 |
| 9:00-1st |  | 9 | 8 | 0.45 | 0.55 |
| 8:50-1st |  | 9 | 8 | 0.421 | 0.579 |
| 8:45-1st |  | 9 | 11 | 0.372 | 0.628 |
| 8:31-1st |  | 11 | 11 | 0.398 | 0.602 |
| 8:19-1st |  | 11 | 11 | 0.416 | 0.584 |
| 8:17-1st |  | 11 | 11 | 0.422 | 0.578 |
| 8:13-1st |  | 11 | 11 | 0.404 | 0.596 |
| 8:11-1st |  | 11 | 11 | 0.422 | 0.578 |
| 8:07-1st |  | 11 | 11 | 0.398 | 0.602 |
| 8:06-1st |  | 11 | 11 | 0.398 | 0.602 |
| 7:57-1st |  | 11 | 11 | 0.417 | 0.583 |
| 7:55-1st |  | 11 | 11 | 0.423 | 0.577 |
| 7:49-1st |  | 11 | 11 | 0.405 | 0.595 |
| 7:47-1st |  | 11 | 11 | 0.399 | 0.601 |
| 7:37-1st |  | 11 | 11 | 0.423 | 0.577 |
| 7:31-1st |  | 13 | 11 | 0.45 | 0.55 |
| 7:13-1st |  | 13 | 14 | 0.4 | 0.6 |
| 7:00-1st |  | 13 | 14 | 0.399 | 0.601 |
| 6:49-1st |  | 13 | 14 | 0.382 | 0.618 |
| 6:48-1st |  | 13 | 14 | 0.376 | 0.624 |
| 6:42-1st |  | 13 | 14 | 0.401 | 0.599 |
| 6:38-1st |  | 15 | 14 | 0.426 | 0.574 |
| 6:22-1st |  | 15 | 17 | 0.376 | 0.624 |
| 6:04-1st |  | 18 | 17 | 0.427 | 0.573 |
| 5:50-1st |  | 18 | 19 | 0.402 | 0.598 |
| 5:43-1st |  | 18 | 19 | 0.383 | 0.617 |
| 5:36-1st |  | 18 | 19 | 0.383 | 0.617 |
| 5:34-1st |  | 18 | 19 | 0.376 | 0.624 |
| 5:22-1st |  | 18 | 22 | 0.327 | 0.673 |
| 5:12-1st |  | 18 | 22 | 0.309 | 0.691 |
| 5:09-1st |  | 18 | 22 | 0.303 | 0.697 |
| 5:01-1st |  | 18 | 24 | 0.282 | 0.718 |
| 4:52-1st |  | 21 | 24 | 0.328 | 0.672 |
| 4:33-1st |  | 21 | 24 | 0.347 | 0.653 |
| 4:31-1st |  | 21 | 24 | 0.353 | 0.647 |
| 4:28-1st |  | 21 | 24 | 0.335 | 0.665 |
| 4:26-1st |  | 21 | 24 | 0.329 | 0.671 |
| 4:08-1st |  | 21 | 26 | 0.304 | 0.696 |
| 3:56-1st |  | 21 | 26 | 0.28 | 0.72 |
| 3:48-1st |  | 21 | 28 | 0.261 | 0.739 |
| 3:37-1st |  | 21 | 28 | 0.237 | 0.763 |
| 3:34-1st |  | 21 | 28 | 0.255 | 0.745 |
| 3:31-1st |  | 21 | 28 | 0.26 | 0.74 |
| 3:21-1st |  | 21 | 28 | 0.243 | 0.757 |
| 3:20-1st |  | 21 | 28 | 0.293 | 0.707 |
| 3:12-1st |  | 21 | 28 | 0.244 | 0.756 |
| 3:10-1st |  | 21 | 28 | 0.26 | 0.74 |
| 3:08-1st |  | 23 | 28 | 0.28 | 0.72 |
| 2:53-1st |  | 23 | 28 | 0.299 | 0.701 |
| 2:51-1st |  | 23 | 28 | 0.305 | 0.695 |
| 2:46-1st |  | 25 | 28 | 0.33 | 0.67 |
| 2:22-1st |  | 25 | 31 | 0.281 | 0.719 |
| 2:10-1st |  | 25 | 31 | 0.264 | 0.736 |
| 2:08-1st |  | 25 | 31 | 0.281 | 0.719 |
| 2:05-1st |  | 25 | 31 | 0.264 | 0.736 |
| 2:04-1st |  | 25 | 31 | 0.258 | 0.742 |
| 1:52-1st |  | 25 | 31 | 0.276 | 0.724 |
| 1:49-1st |  | 25 | 31 | 0.281 | 0.719 |
| 1:35-1st |  | 25 | 31 | 0.264 | 0.736 |
| 1:32-1st |  | 25 | 31 | 0.258 | 0.742 |
| 1:15-1st |  | 25 | 31 | 0.275 | 0.725 |
| 1:13-1st |  | 25 | 31 | 0.281 | 0.719 |
| 1:09-1st |  | 27 | 31 | 0.272 | 0.728 |
| 51.1-1st |  | 27 | 31 | 0.324 | 0.676 |
| 49.1-1st |  | 27 | 31 | 0.33 | 0.67 |
| 45.1-1st |  | 29 | 31 | 0.357 | 0.643 |
| 31.1-1st |  | 29 | 31 | 0.376 | 0.624 |
| 28.1-1st |  | 29 | 31 | 0.383 | 0.617 |
| 8.1-1st |  | 32 | 31 | 0.442 | 0.558 |
| 0.0-1st |  | 32 | 31 | 0.458 | 0.542 |
| 12:00-2nd |  | 32 | 31 | 0.458 | 0.542 |
| 11:43-2nd |  | 32 | 33 | 0.415 | 0.585 |
| 11:29-2nd |  | 35 | 33 | 0.473 | 0.527 |
| 11:15-2nd |  | 35 | 33 | 0.496 | 0.504 |
| 11:13-2nd |  | 35 | 33 | 0.504 | 0.496 |
| 11:09-2nd |  | 35 | 33 | 0.481 | 0.519 |
| 11:06-2nd |  | 35 | 33 | 0.474 | 0.526 |
| 10:54-2nd |  | 35 | 33 | 0.497 | 0.503 |
| 10:52-2nd |  | 35 | 33 | 0.504 | 0.496 |
| 10:42-2nd |  | 37 | 33 | 0.535 | 0.465 |
| 10:29-2nd |  | 37 | 36 | 0.477 | 0.523 |
| 10:11-2nd |  | 40 | 36 | 0.536 | 0.464 |
| 9:52-2nd |  | 40 | 36 | 0.561 | 0.439 |
| 9:49-2nd |  | 40 | 36 | 0.569 | 0.431 |
| 9:42-2nd |  | 43 | 36 | 0.626 | 0.374 |
| 9:34-2nd |  | 43 | 36 | 0.657 | 0.343 |
| 9:25-2nd |  | 43 | 36 | 0.635 | 0.365 |
| 9:22-2nd |  | 43 | 36 | 0.658 | 0.342 |
| 9:18-2nd |  | 45 | 36 | 0.686 | 0.314 |
| 9:09-2nd |  | 45 | 36 | 0.687 | 0.313 |
| 9:04-2nd |  | 45 | 38 | 0.66 | 0.34 |
| 8:55-2nd |  | 45 | 38 | 0.637 | 0.363 |
| 8:51-2nd |  | 45 | 38 | 0.661 | 0.339 |
| 8:50-2nd |  | 45 | 38 | 0.63 | 0.37 |
| 8:43-2nd |  | 45 | 40 | 0.601 | 0.399 |
| 8:26-2nd |  | 45 | 40 | 0.578 | 0.422 |
| 8:25-2nd |  | 45 | 40 | 0.602 | 0.398 |
| 8:16-2nd |  | 45 | 40 | 0.579 | 0.421 |
| 8:14-2nd |  | 45 | 40 | 0.571 | 0.429 |
| 8:00-2nd |  | 45 | 40 | 0.595 | 0.405 |
| 7:58-2nd |  | 45 | 40 | 0.603 | 0.397 |
| 7:53-2nd |  | 45 | 40 | 0.58 | 0.42 |
| 7:51-2nd |  | 45 | 40 | 0.574 | 0.426 |
| 7:39-2nd |  | 45 | 43 | 0.512 | 0.488 |
| 7:14-2nd |  | 45 | 43 | 0.492 | 0.508 |
| 7:11-2nd |  | 45 | 43 | 0.484 | 0.516 |
| 6:59-2nd |  | 45 | 45 | 0.455 | 0.545 |
| 6:45-2nd |  | 45 | 45 | 0.455 | 0.545 |
| 6:37-2nd |  | 47 | 45 | 0.486 | 0.514 |
| 6:10-2nd |  | 47 | 47 | 0.456 | 0.544 |
| 5:56-2nd |  | 49 | 47 | 0.488 | 0.512 |
| 5:43-2nd |  | 49 | 49 | 0.457 | 0.543 |
| 5:28-2nd |  | 51 | 49 | 0.489 | 0.511 |
| 5:18-2nd |  | 51 | 49 | 0.492 | 0.508 |
| 5:16-2nd |  | 51 | 49 | 0.513 | 0.487 |
| 5:14-2nd |  | 51 | 49 | 0.521 | 0.479 |
| 5:05-2nd |  | 51 | 49 | 0.498 | 0.502 |
| 5:03-2nd |  | 51 | 49 | 0.521 | 0.479 |
| 5:00-2nd |  | 54 | 49 | 0.585 | 0.415 |
| 4:57-2nd |  | 54 | 49 | 0.586 | 0.414 |
| 4:42-2nd |  | 54 | 49 | 0.611 | 0.389 |
| 4:39-2nd |  | 54 | 49 | 0.619 | 0.381 |
| 4:29-2nd |  | 54 | 49 | 0.596 | 0.404 |
| 4:27-2nd |  | 54 | 49 | 0.62 | 0.38 |
| 4:20-2nd |  | 56 | 49 | 0.653 | 0.347 |
| 4:05-2nd |  | 56 | 51 | 0.622 | 0.378 |
| 3:57-2nd |  | 56 | 51 | 0.598 | 0.402 |
| 3:53-2nd |  | 56 | 51 | 0.59 | 0.41 |
| 3:46-2nd |  | 56 | 51 | 0.616 | 0.384 |
| 3:44-2nd |  | 56 | 51 | 0.624 | 0.376 |
| 3:36-2nd |  | 58 | 51 | 0.657 | 0.343 |
| 3:20-2nd |  | 58 | 51 | 0.681 | 0.319 |
| 3:18-2nd |  | 58 | 51 | 0.688 | 0.312 |
| 3:11-2nd |  | 60 | 51 | 0.719 | 0.281 |
| 2:54-2nd |  | 60 | 53 | 0.69 | 0.31 |
| 2:42-2nd |  | 62 | 53 | 0.722 | 0.278 |
| 2:28-2nd |  | 62 | 55 | 0.696 | 0.304 |
| 2:14-2nd |  | 62 | 55 | 0.698 | 0.302 |
| 2:11-2nd |  | 62 | 55 | 0.699 | 0.301 |
| 2:00-2nd |  | 64 | 55 | 0.728 | 0.272 |
| 1:44-2nd |  | 64 | 55 | 0.748 | 0.252 |
| 1:42-2nd |  | 64 | 55 | 0.73 | 0.27 |
| 1:40-2nd |  | 64 | 58 | 0.668 | 0.332 |
| 1:23-2nd |  | 64 | 58 | 0.644 | 0.356 |
| 1:21-2nd |  | 64 | 58 | 0.635 | 0.365 |
| 1:04-2nd |  | 64 | 60 | 0.606 | 0.394 |
| 55.0-2nd |  | 66 | 60 | 0.637 | 0.363 |
| 44.1-2nd |  | 66 | 62 | 0.607 | 0.393 |
| 32.1-2nd |  | 66 | 62 | 0.581 | 0.419 |
| 29.1-2nd |  | 66 | 62 | 0.573 | 0.427 |
| 22.1-2nd |  | 66 | 65 | 0.504 | 0.496 |
| 5.2-2nd |  | 69 | 65 | 0.573 | 0.427 |
| 1.1-2nd |  | 69 | 65 | 0.603 | 0.397 |
| 0.0-2nd |  | 69 | 65 | 0.592 | 0.408 |
| 11:46-3rd |  | 69 | 65 | 0.614 | 0.386 |
| 11:38-3rd |  | 72 | 65 | 0.683 | 0.317 |
| 11:18-3rd |  | 72 | 65 | 0.711 | 0.289 |
| 11:17-3rd |  | 72 | 65 | 0.685 | 0.315 |
| 11:12-3rd |  | 72 | 67 | 0.648 | 0.352 |
| 10:57-3rd |  | 72 | 67 | 0.626 | 0.374 |
| 10:55-3rd |  | 72 | 67 | 0.619 | 0.381 |
| 10:49-3rd |  | 72 | 70 | 0.545 | 0.455 |
| 10:29-3rd |  | 74 | 70 | 0.58 | 0.42 |
| 10:11-3rd |  | 74 | 72 | 0.548 | 0.452 |
| 9:55-3rd |  | 74 | 72 | 0.522 | 0.478 |
| 9:52-3rd |  | 74 | 72 | 0.513 | 0.487 |
| 9:47-3rd |  | 74 | 72 | 0.511 | 0.489 |
| 9:44-3rd |  | 74 | 72 | 0.541 | 0.459 |
| 9:41-3rd |  | 74 | 72 | 0.512 | 0.488 |
| 9:39-3rd |  | 74 | 72 | 0.541 | 0.459 |
| 9:36-3rd |  | 74 | 72 | 0.551 | 0.449 |
| 9:27-3rd |  | 74 | 72 | 0.523 | 0.477 |
| 9:26-3rd |  | 74 | 72 | 0.513 | 0.487 |
| 9:06-3rd |  | 74 | 72 | 0.543 | 0.457 |
| 9:04-3rd |  | 74 | 72 | 0.514 | 0.486 |
| 9:02-3rd |  | 74 | 74 | 0.48 | 0.52 |
| 8:48-3rd |  | 74 | 74 | 0.449 | 0.551 |
| 8:46-3rd |  | 74 | 74 | 0.438 | 0.562 |
| 8:38-3rd |  | 74 | 74 | 0.47 | 0.53 |
| 8:36-3rd |  | 74 | 74 | 0.481 | 0.519 |
| 8:27-3rd |  | 74 | 74 | 0.438 | 0.562 |
| 8:09-3rd |  | 74 | 76 | 0.403 | 0.597 |
| 7:53-3rd |  | 76 | 76 | 0.439 | 0.561 |
| 7:37-3rd |  | 76 | 76 | 0.471 | 0.529 |
| 7:36-3rd |  | 76 | 76 | 0.44 | 0.56 |
| 7:35-3rd |  | 76 | 78 | 0.403 | 0.597 |
| 7:26-3rd |  | 78 | 78 | 0.44 | 0.56 |
| 7:07-3rd |  | 78 | 80 | 0.403 | 0.597 |
| 6:58-3rd |  | 78 | 80 | 0.374 | 0.626 |
| 6:57-3rd |  | 78 | 80 | 0.364 | 0.636 |
| 6:50-3rd |  | 78 | 80 | 0.403 | 0.597 |
| 6:46-3rd |  | 78 | 80 | 0.374 | 0.626 |
| 6:44-3rd |  | 78 | 80 | 0.403 | 0.597 |
| 6:42-3rd |  | 80 | 80 | 0.441 | 0.559 |
| 6:33-3rd |  | 80 | 80 | 0.441 | 0.559 |
| 6:27-3rd |  | 80 | 80 | 0.442 | 0.558 |
| 6:18-3rd |  | 80 | 82 | 0.403 | 0.597 |
| 6:01-3rd |  | 83 | 82 | 0.484 | 0.516 |
| 5:46-3rd |  | 83 | 82 | 0.517 | 0.483 |
| 5:43-3rd |  | 83 | 82 | 0.485 | 0.515 |
| 5:34-3rd |  | 83 | 84 | 0.445 | 0.555 |
| 5:22-3rd |  | 83 | 84 | 0.413 | 0.587 |
| 5:20-3rd |  | 83 | 84 | 0.403 | 0.597 |
| 5:08-3rd |  | 83 | 87 | 0.327 | 0.673 |
| 4:41-3rd |  | 83 | 87 | 0.297 | 0.703 |
| 4:40-3rd |  | 83 | 87 | 0.288 | 0.712 |
| 4:27-3rd |  | 83 | 89 | 0.254 | 0.746 |
| 4:18-3rd |  | 83 | 89 | 0.251 | 0.749 |
| 4:11-3rd |  | 83 | 89 | 0.225 | 0.775 |
| 4:09-3rd |  | 83 | 89 | 0.217 | 0.783 |
| 3:47-3rd |  | 83 | 89 | 0.172 | 0.828 |
| 3:43-3rd |  | 83 | 89 | 0.241 | 0.759 |
| 3:41-3rd |  | 83 | 89 | 0.251 | 0.749 |
| 3:34-3rd |  | 83 | 89 | 0.212 | 0.788 |
| 3:28-3rd |  | 85 | 89 | 0.284 | 0.716 |
| 3:19-3rd |  | 85 | 91 | 0.249 | 0.751 |
| 3:01-3rd |  | 85 | 91 | 0.219 | 0.781 |
| 2:59-3rd |  | 85 | 91 | 0.247 | 0.753 |
| 2:57-3rd |  | 87 | 91 | 0.282 | 0.718 |
| 2:44-3rd |  | 87 | 93 | 0.246 | 0.754 |
| 2:42-3rd |  | 87 | 93 | 0.246 | 0.754 |
| 2:25-3rd |  | 87 | 93 | 0.215 | 0.785 |
| 2:23-3rd |  | 87 | 93 | 0.205 | 0.795 |
| 2:14-3rd |  | 87 | 93 | 0.234 | 0.766 |
| 2:12-3rd |  | 87 | 93 | 0.243 | 0.757 |
| 2:02-3rd |  | 87 | 93 | 0.213 | 0.787 |
| 1:59-3rd |  | 87 | 93 | 0.203 | 0.797 |
| 1:53-3rd |  | 87 | 95 | 0.173 | 0.827 |
| 1:43-3rd |  | 89 | 95 | 0.201 | 0.799 |
| 1:31-3rd |  | 89 | 97 | 0.17 | 0.83 |
| 1:20-3rd |  | 91 | 97 | 0.198 | 0.802 |
| 1:09-3rd |  | 91 | 99 | 0.168 | 0.832 |
| 57.0-3rd |  | 91 | 99 | 0.139 | 0.861 |
| 35.2-3rd |  | 91 | 99 | 0.157 | 0.843 |
| 32.1-3rd |  | 91 | 99 | 0.164 | 0.836 |
| 23.1-3rd |  | 92 | 99 | 0.162 | 0.838 |
| 21.1-3rd |  | 92 | 99 | 0.162 | 0.838 |
| 1.2-3rd |  | 92 | 102 | 0.108 | 0.892 |
| 0.0-3rd |  | 92 | 102 | 0.097 | 0.903 |
| 12:00-4th |  | 92 | 102 | 0.097 | 0.903 |
| 11:47-4th |  | 94 | 102 | 0.126 | 0.874 |
| 11:26-4th |  | 94 | 102 | 0.145 | 0.855 |
| 11:23-4th |  | 94 | 102 | 0.152 | 0.848 |
| 11:18-4th |  | 96 | 102 | 0.184 | 0.816 |
| 11:02-4th |  | 96 | 102 | 0.21 | 0.79 |
| 11:00-4th |  | 96 | 102 | 0.209 | 0.791 |
| 10:58-4th |  | 96 | 102 | 0.219 | 0.781 |
| 10:43-4th |  | 99 | 102 | 0.299 | 0.701 |
| 10:18-4th |  | 99 | 104 | 0.257 | 0.743 |
| 10:07-4th |  | 102 | 104 | 0.348 | 0.652 |
| 9:48-4th |  | 102 | 106 | 0.296 | 0.704 |
| 9:33-4th |  | 105 | 106 | 0.398 | 0.602 |
| 9:22-4th |  | 105 | 106 | 0.383 | 0.617 |
| 9:20-4th |  | 105 | 106 | 0.447 | 0.553 |
| 9:03-4th |  | 107 | 106 | 0.5 | 0.5 |
| 8:49-4th |  | 107 | 108 | 0.448 | 0.552 |
| 8:41-4th |  | 107 | 108 | 0.404 | 0.596 |
| 8:38-4th |  | 107 | 108 | 0.389 | 0.611 |
| 8:35-4th |  | 107 | 110 | 0.339 | 0.661 |
| 8:33-4th |  | 107 | 110 | 0.286 | 0.714 |
| 8:19-4th |  | 107 | 110 | 0.296 | 0.704 |
| 8:18-4th |  | 107 | 110 | 0.282 | 0.718 |
| 8:11-4th |  | 107 | 110 | 0.337 | 0.663 |
| 8:07-4th |  | 107 | 110 | 0.281 | 0.719 |
| 7:53-4th |  | 107 | 111 | 0.275 | 0.725 |
| 7:42-4th |  | 109 | 111 | 0.321 | 0.679 |
| 7:25-4th |  | 109 | 114 | 0.221 | 0.779 |
| 7:17-4th |  | 109 | 114 | 0.187 | 0.813 |
| 7:14-4th |  | 109 | 114 | 0.175 | 0.825 |
| 7:02-4th |  | 109 | 114 | 0.205 | 0.795 |
| 7:00-4th |  | 109 | 114 | 0.216 | 0.784 |
| 6:55-4th |  | 109 | 114 | 0.182 | 0.818 |
| 6:54-4th |  | 109 | 114 | 0.17 | 0.83 |
| 6:39-4th |  | 109 | 114 | 0.2 | 0.8 |
| 6:36-4th |  | 109 | 114 | 0.211 | 0.789 |
| 6:31-4th |  | 109 | 114 | 0.176 | 0.824 |
| 6:30-4th |  | 109 | 114 | 0.209 | 0.791 |
| 6:21-4th |  | 111 | 114 | 0.26 | 0.74 |
| 6:05-4th |  | 111 | 114 | 0.302 | 0.698 |
| 6:03-4th |  | 111 | 114 | 0.317 | 0.683 |
| 6:00-4th |  | 113 | 114 | 0.387 | 0.613 |
| 5:58-4th |  | 113 | 114 | 0.387 | 0.613 |
| 5:52-4th |  | 113 | 114 | 0.439 | 0.561 |
| 5:50-4th |  | 113 | 114 | 0.457 | 0.543 |
| 5:44-4th |  | 113 | 114 | 0.385 | 0.615 |
| 5:32-4th |  | 113 | 116 | 0.322 | 0.678 |
| 5:25-4th |  | 115 | 116 | 0.384 | 0.616 |
| 5:03-4th |  | 115 | 116 | 0.438 | 0.562 |
| 5:00-4th |  | 115 | 116 | 0.382 | 0.618 |
| 4:59-4th |  | 115 | 116 | 0.456 | 0.544 |
| 4:46-4th |  | 115 | 116 | 0.381 | 0.619 |
| 4:42-4th |  | 115 | 118 | 0.304 | 0.696 |
| 4:35-4th |  | 115 | 118 | 0.421 | 0.579 |
| 4:23-4th |  | 117 | 118 | 0.381 | 0.619 |
| 4:21-4th |  | 117 | 118 | 0.381 | 0.619 |
| 4:10-4th |  | 117 | 121 | 0.251 | 0.749 |
| 3:54-4th |  | 119 | 121 | 0.307 | 0.693 |
| 3:41-4th |  | 119 | 121 | 0.36 | 0.64 |
| 3:39-4th |  | 119 | 121 | 0.379 | 0.621 |
| 3:35-4th |  | 119 | 121 | 0.302 | 0.698 |
| 3:24-4th |  | 119 | 124 | 0.179 | 0.821 |
| 3:06-4th |  | 119 | 124 | 0.135 | 0.865 |
| 3:03-4th |  | 119 | 124 | 0.171 | 0.829 |
| 2:56-4th |  | 119 | 124 | 0.131 | 0.869 |
| 2:54-4th |  | 119 | 124 | 0.167 | 0.833 |
| 2:50-4th |  | 119 | 124 | 0.115 | 0.885 |
| 2:43-4th |  | 119 | 124 | 0.162 | 0.838 |
| 2:39-4th |  | 121 | 124 | 0.218 | 0.782 |
| 2:14-4th |  | 121 | 124 | 0.207 | 0.793 |
| 2:05-4th |  | 121 | 124 | 0.222 | 0.778 |
| 2:01-4th |  | 121 | 124 | 0.202 | 0.798 |
| 1:46-4th |  | 121 | 124 | 0.252 | 0.748 |
| 1:44-4th |  | 121 | 124 | 0.27 | 0.73 |
| 1:39-4th |  | 121 | 124 | 0.21 | 0.79 |
| 1:37-4th |  | 121 | 124 | 0.209 | 0.791 |
| 1:34-4th |  | 121 | 124 | 0.187 | 0.813 |
| 1:25-4th |  | 121 | 126 | 0.131 | 0.869 |
| 1:16-4th |  | 121 | 126 | 0.09 | 0.91 |
| 1:14-4th |  | 121 | 126 | 0.076 | 0.924 |
| 57.0-4th |  | 121 | 126 | 0.108 | 0.892 |
| 54.0-4th |  | 121 | 126 | 0.117 | 0.883 |
| 49.0-4th |  | 121 | 126 | 0.075 | 0.925 |
| 47.1-4th |  | 121 | 126 | 0.061 | 0.939 |
| 42.1-4th |  | 122 | 126 | 0.165 | 0.835 |
| 33.0-4th |  | 122 | 126 | 0.103 | 0.897 |
| 31.0-4th |  | 122 | 126 | 0.151 | 0.849 |
| 28.1-4th |  | 125 | 126 | 0.32 | 0.68 |
| 14.0-4th |  | 125 | 126 | 0.418 | 0.582 |
| 12.1-4th |  | 125 | 126 | 0.459 | 0.541 |
| 10.1-4th |  | 125 | 126 | 0.459 | 0.541 |
| 1.1-4th | TARGET | 125 | 126 | 0.053 | 0.947 |
| 0.0-4th |  | 125 | 126 | 0.0 | 1.0 |

Question

Which event most likely happened at the marked missing position?

Answer Choices

A. Player 17 (Team A) misses driving layup
B. Player 5 (Team A) misses 28-foot three point jumper
C. Player 9 (Team A) bad pass (Player 13 (Team B) steals)
D. Player 1 (Team A) lost ball turnover (Player 6 (Team A) steals)

Response Format

Return exactly one JSON object:

{
  "answer": "<A|B|C|D>",
  "rationale": "<brief evidence-based justification in 1-3 sentences>",
  "evidence_event_ids": [],
  "evidence_series_times": []
}

Use only event IDs and time labels that are provided above and that support the answer. Use an empty array when the corresponding evidence type is unavailable or unused. Return only the JSON object.
