Task

Reconstruct the missing event in this basketball game. Use the available numerical time-series evidence around the marked row to select the most likely event.

Game

Team A versus Team B, season 22-23.

Time Series

| Game time | Marker | Team A score | Team B score | Team A win probability | Team B win probability |
| --- | --- | --- | --- | --- | --- |
| 12:00-1st |  | 0 | 0 | 0.452 | 0.548 |
| 11:45-1st |  | 0 | 3 | 0.401 | 0.599 |
| 11:29-1st |  | 2 | 3 | 0.42 | 0.58 |
| 11:16-1st |  | 2 | 5 | 0.401 | 0.599 |
| 10:57-1st |  | 2 | 5 | 0.381 | 0.619 |
| 10:54-1st |  | 2 | 5 | 0.374 | 0.626 |
| 10:47-1st |  | 2 | 5 | 0.394 | 0.606 |
| 10:43-1st |  | 2 | 5 | 0.401 | 0.599 |
| 10:32-1st |  | 2 | 5 | 0.381 | 0.619 |
| 10:28-1st |  | 2 | 5 | 0.374 | 0.626 |
| 10:19-1st |  | 2 | 5 | 0.394 | 0.606 |
| 10:17-1st |  | 2 | 5 | 0.401 | 0.599 |
| 10:12-1st |  | 2 | 5 | 0.374 | 0.626 |
| 10:02-1st |  | 2 | 7 | 0.353 | 0.647 |
| 9:44-1st |  | 2 | 7 | 0.329 | 0.671 |
| 9:35-1st |  | 2 | 9 | 0.304 | 0.696 |
| 9:23-1st |  | 2 | 9 | 0.284 | 0.716 |
| 9:19-1st |  | 2 | 11 | 0.262 | 0.738 |
| 9:09-1st |  | 2 | 11 | 0.246 | 0.754 |
| 9:06-1st |  | 2 | 11 | 0.262 | 0.738 |
| 9:05-1st |  | 2 | 11 | 0.246 | 0.754 |
| 9:03-1st |  | 2 | 11 | 0.24 | 0.76 |
| 8:57-1st |  | 2 | 11 | 0.256 | 0.744 |
| 8:54-1st |  | 2 | 11 | 0.24 | 0.76 |
| 8:50-1st |  | 2 | 13 | 0.224 | 0.776 |
| 8:25-1st |  | 5 | 13 | 0.261 | 0.739 |
| 8:00-1st |  | 5 | 13 | 0.275 | 0.725 |
| 7:58-1st |  | 5 | 13 | 0.275 | 0.725 |
| 7:49-1st |  | 7 | 13 | 0.301 | 0.699 |
| 7:27-1st |  | 7 | 13 | 0.32 | 0.68 |
| 7:23-1st |  | 7 | 13 | 0.326 | 0.674 |
| 7:19-1st |  | 7 | 13 | 0.307 | 0.693 |
| 7:17-1st |  | 7 | 13 | 0.3 | 0.7 |
| 7:12-1st |  | 7 | 16 | 0.259 | 0.741 |
| 7:00-1st |  | 9 | 16 | 0.282 | 0.718 |
| 6:51-1st |  | 9 | 19 | 0.238 | 0.762 |
| 6:41-1st |  | 11 | 19 | 0.258 | 0.742 |
| 6:25-1st |  | 11 | 19 | 0.279 | 0.721 |
| 6:09-1st |  | 14 | 19 | 0.326 | 0.674 |
| 5:50-1st |  | 14 | 22 | 0.278 | 0.722 |
| 5:37-1st |  | 17 | 22 | 0.325 | 0.675 |
| 5:27-1st |  | 17 | 22 | 0.344 | 0.656 |
| 5:25-1st |  | 17 | 22 | 0.351 | 0.649 |
| 5:22-1st |  | 17 | 22 | 0.331 | 0.669 |
| 5:21-1st |  | 17 | 22 | 0.351 | 0.649 |
| 5:15-1st |  | 20 | 22 | 0.402 | 0.598 |
| 4:59-1st |  | 20 | 24 | 0.375 | 0.625 |
| 4:49-1st |  | 22 | 24 | 0.402 | 0.598 |
| 4:32-1st |  | 22 | 24 | 0.422 | 0.578 |
| 4:29-1st |  | 22 | 24 | 0.429 | 0.571 |
| 4:26-1st |  | 24 | 24 | 0.456 | 0.544 |
| 4:03-1st |  | 24 | 26 | 0.429 | 0.571 |
| 3:43-1st |  | 26 | 26 | 0.454 | 0.546 |
| 3:27-1st |  | 27 | 26 | 0.504 | 0.496 |
| 3:25-1st |  | 27 | 26 | 0.511 | 0.489 |
| 3:15-1st |  | 27 | 26 | 0.489 | 0.511 |
| 3:13-1st |  | 27 | 26 | 0.481 | 0.519 |
| 3:05-1st |  | 27 | 26 | 0.504 | 0.496 |
| 3:02-1st |  | 27 | 26 | 0.512 | 0.488 |
| 2:55-1st |  | 26 | 26 | 0.454 | 0.546 |
| 2:48-1st |  | 26 | 26 | 0.475 | 0.525 |
| 2:45-1st |  | 26 | 26 | 0.475 | 0.525 |
| 2:44-1st |  | 26 | 26 | 0.482 | 0.518 |
| 2:40-1st |  | 28 | 26 | 0.509 | 0.491 |
| 2:25-1st |  | 28 | 29 | 0.455 | 0.545 |
| 2:08-1st |  | 28 | 29 | 0.426 | 0.574 |
| 2:00-1st |  | 28 | 29 | 0.456 | 0.544 |
| 1:45-1st |  | 28 | 29 | 0.448 | 0.552 |
| 1:41-1st |  | 28 | 29 | 0.456 | 0.544 |
| 1:25-1st |  | 28 | 29 | 0.434 | 0.566 |
| 1:21-1st |  | 28 | 29 | 0.427 | 0.573 |
| 1:13-1st |  | 28 | 31 | 0.398 | 0.602 |
| 58.1-1st |  | 30 | 31 | 0.427 | 0.573 |
| 46.2-1st |  | 30 | 34 | 0.373 | 0.627 |
| 35.0-1st |  | 30 | 34 | 0.353 | 0.647 |
| 31.1-1st |  | 30 | 34 | 0.346 | 0.654 |
| 23.1-1st |  | 30 | 37 | 0.294 | 0.706 |
| 7.1-1st |  | 30 | 37 | 0.276 | 0.724 |
| 4.0-1st |  | 30 | 37 | 0.27 | 0.73 |
| 0.1-1st |  | 30 | 40 | 0.223 | 0.777 |
| 0.0-1st |  | 30 | 40 | 0.213 | 0.787 |
| 12:00-2nd |  | 30 | 40 | 0.214 | 0.786 |
| 11:44-2nd |  | 30 | 40 | 0.222 | 0.778 |
| 11:39-2nd |  | 33 | 40 | 0.268 | 0.732 |
| 11:29-2nd |  | 33 | 40 | 0.293 | 0.707 |
| 11:19-2nd |  | 36 | 40 | 0.342 | 0.658 |
| 11:07-2nd |  | 36 | 42 | 0.318 | 0.682 |
| 10:53-2nd |  | 36 | 42 | 0.298 | 0.702 |
| 10:50-2nd |  | 36 | 42 | 0.292 | 0.708 |
| 10:41-2nd |  | 36 | 42 | 0.311 | 0.689 |
| 10:37-2nd |  | 36 | 42 | 0.318 | 0.682 |
| 10:33-2nd |  | 39 | 42 | 0.37 | 0.63 |
| 10:17-2nd |  | 39 | 42 | 0.371 | 0.629 |
| 10:06-2nd |  | 39 | 42 | 0.392 | 0.608 |
| 10:04-2nd |  | 39 | 42 | 0.4 | 0.6 |
| 9:58-2nd |  | 39 | 42 | 0.377 | 0.623 |
| 9:55-2nd |  | 39 | 42 | 0.37 | 0.63 |
| 9:49-2nd |  | 39 | 45 | 0.317 | 0.683 |
| 9:37-2nd |  | 39 | 45 | 0.317 | 0.683 |
| 9:29-2nd |  | 39 | 45 | 0.296 | 0.704 |
| 9:27-2nd |  | 39 | 45 | 0.289 | 0.711 |
| 9:07-2nd |  | 39 | 45 | 0.309 | 0.691 |
| 9:04-2nd |  | 39 | 45 | 0.288 | 0.712 |
| 9:01-2nd |  | 39 | 45 | 0.309 | 0.691 |
| 9:00-2nd |  | 39 | 45 | 0.316 | 0.684 |
| 8:56-2nd |  | 39 | 45 | 0.288 | 0.712 |
| 8:52-2nd |  | 39 | 46 | 0.29 | 0.71 |
| 8:40-2nd |  | 39 | 46 | 0.261 | 0.739 |
| 8:31-2nd |  | 39 | 49 | 0.216 | 0.784 |
| 8:17-2nd |  | 39 | 49 | 0.199 | 0.801 |
| 8:13-2nd |  | 39 | 49 | 0.193 | 0.807 |
| 8:03-2nd |  | 39 | 51 | 0.175 | 0.825 |
| 7:52-2nd |  | 39 | 51 | 0.16 | 0.84 |
| 7:50-2nd |  | 39 | 51 | 0.173 | 0.827 |
| 7:45-2nd |  | 41 | 51 | 0.191 | 0.809 |
| 7:31-2nd |  | 41 | 53 | 0.172 | 0.828 |
| 7:30-2nd |  | 41 | 53 | 0.172 | 0.828 |
| 7:16-2nd |  | 41 | 53 | 0.157 | 0.843 |
| 7:14-2nd |  | 41 | 53 | 0.152 | 0.848 |
| 7:08-2nd |  | 41 | 53 | 0.166 | 0.834 |
| 7:01-2nd |  | 41 | 53 | 0.171 | 0.829 |
| 6:47-2nd |  | 41 | 53 | 0.169 | 0.831 |
| 6:42-2nd |  | 41 | 53 | 0.155 | 0.845 |
| 6:39-2nd |  | 41 | 53 | 0.169 | 0.831 |
| 6:37-2nd |  | 41 | 53 | 0.169 | 0.831 |
| 6:33-2nd |  | 41 | 53 | 0.149 | 0.851 |
| 6:27-2nd |  | 41 | 53 | 0.168 | 0.832 |
| 6:24-2nd |  | 41 | 53 | 0.168 | 0.832 |
| 6:14-2nd |  | 41 | 53 | 0.153 | 0.847 |
| 6:10-2nd |  | 41 | 53 | 0.148 | 0.852 |
| 6:01-2nd |  | 41 | 53 | 0.148 | 0.852 |
| 5:53-2nd |  | 41 | 53 | 0.147 | 0.853 |
| 5:51-2nd |  | 41 | 55 | 0.131 | 0.869 |
| 5:45-2nd |  | 43 | 55 | 0.146 | 0.854 |
| 5:38-2nd |  | 43 | 55 | 0.165 | 0.835 |
| 5:24-2nd |  | 46 | 55 | 0.207 | 0.793 |
| 5:02-2nd |  | 46 | 55 | 0.223 | 0.777 |
| 4:57-2nd |  | 46 | 55 | 0.228 | 0.772 |
| 4:52-2nd |  | 48 | 55 | 0.252 | 0.748 |
| 4:34-2nd |  | 48 | 55 | 0.278 | 0.722 |
| 4:33-2nd |  | 50 | 55 | 0.306 | 0.694 |
| 4:23-2nd |  | 50 | 55 | 0.328 | 0.672 |
| 4:18-2nd |  | 50 | 55 | 0.305 | 0.695 |
| 4:17-2nd |  | 50 | 57 | 0.278 | 0.722 |
| 4:04-2nd |  | 52 | 57 | 0.305 | 0.695 |
| 3:49-2nd |  | 52 | 57 | 0.327 | 0.673 |
| 3:47-2nd |  | 52 | 57 | 0.335 | 0.665 |
| 3:38-2nd |  | 52 | 57 | 0.312 | 0.688 |
| 3:35-2nd |  | 52 | 57 | 0.304 | 0.696 |
| 3:23-2nd |  | 52 | 57 | 0.326 | 0.674 |
| 3:20-2nd |  | 52 | 57 | 0.334 | 0.666 |
| 3:12-2nd |  | 54 | 57 | 0.361 | 0.639 |
| 2:53-2nd |  | 54 | 57 | 0.396 | 0.604 |
| 2:41-2nd |  | 57 | 57 | 0.462 | 0.538 |
| 2:21-2nd |  | 57 | 57 | 0.496 | 0.504 |
| 2:19-2nd |  | 57 | 57 | 0.462 | 0.538 |
| 2:14-2nd | TARGET | 60 | 57 | 0.562 | 0.438 |
| 1:59-2nd |  | 60 | 60 | 0.496 | 0.504 |
| 1:39-2nd |  | 62 | 60 | 0.532 | 0.468 |
| 1:28-2nd |  | 62 | 62 | 0.496 | 0.504 |
| 1:19-2nd |  | 64 | 62 | 0.533 | 0.467 |
| 1:08-2nd |  | 64 | 65 | 0.461 | 0.539 |
| 49.0-2nd |  | 64 | 65 | 0.428 | 0.572 |
| 44.1-2nd |  | 64 | 65 | 0.428 | 0.572 |
| 41.1-2nd |  | 64 | 65 | 0.453 | 0.547 |
| 40.0-2nd |  | 64 | 65 | 0.462 | 0.538 |
| 35.0-2nd |  | 64 | 65 | 0.436 | 0.564 |
| 31.2-2nd |  | 64 | 65 | 0.428 | 0.572 |
| 27.1-2nd |  | 64 | 68 | 0.362 | 0.638 |
| 6.0-2nd |  | 64 | 68 | 0.335 | 0.665 |
| 3.0-2nd |  | 64 | 68 | 0.362 | 0.638 |
| 2.0-2nd |  | 64 | 68 | 0.335 | 0.665 |
| 0.0-2nd |  | 64 | 68 | 0.344 | 0.656 |
| 12:00-3rd |  | 64 | 68 | 0.344 | 0.656 |
| 11:50-3rd |  | 66 | 68 | 0.393 | 0.607 |
| 11:32-3rd |  | 66 | 70 | 0.361 | 0.639 |
| 11:14-3rd |  | 68 | 70 | 0.392 | 0.608 |
| 10:55-3rd |  | 68 | 72 | 0.359 | 0.641 |
| 10:45-3rd |  | 70 | 72 | 0.392 | 0.608 |
| 10:35-3rd |  | 70 | 74 | 0.36 | 0.64 |
| 10:22-3rd |  | 70 | 74 | 0.333 | 0.667 |
| 10:19-3rd |  | 70 | 74 | 0.324 | 0.676 |
| 10:10-3rd |  | 70 | 74 | 0.35 | 0.65 |
| 10:09-3rd |  | 70 | 74 | 0.359 | 0.641 |
| 9:59-3rd |  | 72 | 74 | 0.392 | 0.608 |
| 9:40-3rd |  | 72 | 76 | 0.357 | 0.643 |
| 9:25-3rd |  | 75 | 76 | 0.428 | 0.572 |
| 9:04-3rd |  | 75 | 76 | 0.456 | 0.544 |
| 9:01-3rd |  | 75 | 76 | 0.466 | 0.534 |
| 8:56-3rd |  | 78 | 76 | 0.54 | 0.46 |
| 8:55-3rd |  | 78 | 76 | 0.54 | 0.46 |
| 8:44-3rd |  | 78 | 76 | 0.571 | 0.429 |
| 8:40-3rd |  | 78 | 76 | 0.54 | 0.46 |
| 8:35-3rd |  | 78 | 76 | 0.582 | 0.418 |
| 8:29-3rd |  | 80 | 76 | 0.617 | 0.383 |
| 8:09-3rd |  | 80 | 76 | 0.646 | 0.354 |
| 8:06-3rd |  | 80 | 76 | 0.619 | 0.381 |
| 7:52-3rd |  | 80 | 76 | 0.657 | 0.343 |
| 7:41-3rd |  | 80 | 76 | 0.621 | 0.379 |
| 7:33-3rd |  | 80 | 78 | 0.585 | 0.415 |
| 7:17-3rd |  | 80 | 78 | 0.554 | 0.446 |
| 7:13-3rd |  | 80 | 78 | 0.544 | 0.456 |
| 7:06-3rd |  | 80 | 80 | 0.507 | 0.493 |
| 6:52-3rd |  | 82 | 80 | 0.547 | 0.453 |
| 6:44-3rd |  | 82 | 81 | 0.548 | 0.452 |
| 6:26-3rd |  | 82 | 81 | 0.516 | 0.484 |
| 6:24-3rd |  | 82 | 81 | 0.505 | 0.495 |
| 6:19-3rd |  | 82 | 83 | 0.468 | 0.532 |
| 6:07-3rd |  | 82 | 83 | 0.466 | 0.534 |
| 6:03-3rd |  | 82 | 83 | 0.425 | 0.575 |
| 5:52-3rd |  | 82 | 85 | 0.385 | 0.615 |
| 5:32-3rd |  | 84 | 85 | 0.424 | 0.576 |
| 5:26-3rd |  | 84 | 85 | 0.424 | 0.576 |
| 5:21-3rd |  | 84 | 88 | 0.347 | 0.653 |
| 5:10-3rd |  | 84 | 88 | 0.309 | 0.691 |
| 5:00-3rd |  | 84 | 90 | 0.272 | 0.728 |
| 4:47-3rd |  | 84 | 90 | 0.327 | 0.673 |
| 4:41-3rd |  | 87 | 90 | 0.342 | 0.658 |
| 4:27-3rd |  | 87 | 92 | 0.307 | 0.693 |
| 4:18-3rd |  | 87 | 92 | 0.266 | 0.734 |
| 4:07-3rd |  | 87 | 92 | 0.296 | 0.704 |
| 4:05-3rd |  | 87 | 92 | 0.306 | 0.694 |
| 4:01-3rd |  | 87 | 92 | 0.275 | 0.725 |
| 3:58-3rd |  | 87 | 92 | 0.265 | 0.735 |
| 3:56-3rd |  | 87 | 92 | 0.305 | 0.695 |
| 3:34-3rd |  | 87 | 92 | 0.273 | 0.727 |
| 3:33-3rd |  | 87 | 92 | 0.262 | 0.738 |
| 3:26-3rd |  | 87 | 92 | 0.262 | 0.738 |
| 3:23-3rd |  | 87 | 95 | 0.193 | 0.807 |
| 3:11-3rd |  | 87 | 95 | 0.171 | 0.829 |
| 3:08-3rd |  | 87 | 95 | 0.191 | 0.809 |
| 2:55-3rd |  | 90 | 95 | 0.258 | 0.742 |
| 2:38-3rd |  | 90 | 97 | 0.223 | 0.777 |
| 2:25-3rd |  | 90 | 97 | 0.195 | 0.805 |
| 2:23-3rd |  | 90 | 97 | 0.186 | 0.814 |
| 2:14-3rd |  | 90 | 99 | 0.159 | 0.841 |
| 1:50-3rd |  | 90 | 99 | 0.133 | 0.867 |
| 1:47-3rd |  | 90 | 99 | 0.125 | 0.875 |
| 1:38-3rd |  | 90 | 99 | 0.146 | 0.854 |
| 1:37-3rd |  | 90 | 101 | 0.105 | 0.895 |
| 1:30-3rd |  | 92 | 101 | 0.123 | 0.877 |
| 1:12-3rd |  | 92 | 101 | 0.143 | 0.857 |
| 1:11-3rd |  | 94 | 101 | 0.177 | 0.823 |
| 1:02-3rd |  | 94 | 103 | 0.149 | 0.851 |
| 51.1-3rd |  | 96 | 103 | 0.174 | 0.826 |
| 32.1-3rd |  | 96 | 105 | 0.145 | 0.855 |
| 20.0-3rd |  | 99 | 105 | 0.202 | 0.798 |
| 2.0-3rd |  | 99 | 105 | 0.229 | 0.771 |
| 1.0-3rd |  | 99 | 105 | 0.201 | 0.799 |
| 0.0-3rd |  | 99 | 105 | 0.221 | 0.779 |
| 12:00-4th |  | 99 | 105 | 0.221 | 0.779 |
| 11:46-4th |  | 99 | 105 | 0.235 | 0.765 |
| 11:35-4th |  | 101 | 105 | 0.272 | 0.728 |
| 11:24-4th |  | 101 | 107 | 0.232 | 0.768 |
| 11:15-4th |  | 104 | 107 | 0.313 | 0.687 |
| 11:14-4th |  | 104 | 107 | 0.313 | 0.687 |
| 10:56-4th |  | 104 | 109 | 0.272 | 0.728 |
| 10:44-4th |  | 106 | 109 | 0.317 | 0.683 |
| 10:29-4th |  | 106 | 109 | 0.357 | 0.643 |
| 10:26-4th |  | 106 | 109 | 0.371 | 0.629 |
| 10:13-4th |  | 106 | 109 | 0.314 | 0.686 |
| 10:01-4th |  | 106 | 109 | 0.308 | 0.692 |
| 9:49-4th |  | 106 | 111 | 0.263 | 0.737 |
| 9:41-4th |  | 106 | 111 | 0.218 | 0.782 |
| 9:27-4th |  | 106 | 114 | 0.145 | 0.855 |
| 9:17-4th |  | 106 | 114 | 0.119 | 0.881 |
| 9:13-4th |  | 106 | 114 | 0.11 | 0.89 |
| 8:55-4th |  | 106 | 116 | 0.085 | 0.915 |
| 8:37-4th |  | 108 | 116 | 0.109 | 0.891 |
| 8:26-4th |  | 108 | 119 | 0.063 | 0.937 |
| 8:13-4th |  | 108 | 119 | 0.049 | 0.951 |
| 8:10-4th |  | 108 | 119 | 0.045 | 0.955 |
| 8:00-4th |  | 108 | 121 | 0.033 | 0.967 |
| 7:44-4th |  | 108 | 121 | 0.021 | 0.979 |
| 7:30-4th |  | 108 | 121 | 0.027 | 0.973 |
| 7:26-4th |  | 108 | 121 | 0.029 | 0.971 |
| 7:14-4th |  | 108 | 121 | 0.022 | 0.978 |
| 7:11-4th |  | 108 | 121 | 0.019 | 0.981 |
| 7:00-4th |  | 108 | 123 | 0.013 | 0.987 |
| 6:46-4th |  | 110 | 123 | 0.017 | 0.983 |
| 6:29-4th |  | 110 | 123 | 0.022 | 0.978 |
| 6:27-4th |  | 110 | 123 | 0.023 | 0.977 |
| 6:14-4th |  | 110 | 123 | 0.017 | 0.983 |
| 6:10-4th |  | 110 | 123 | 0.015 | 0.985 |
| 5:55-4th |  | 110 | 123 | 0.018 | 0.982 |
| 5:52-4th |  | 110 | 123 | 0.02 | 0.98 |
| 5:49-4th |  | 112 | 123 | 0.027 | 0.973 |
| 5:35-4th |  | 112 | 125 | 0.018 | 0.982 |
| 5:27-4th |  | 112 | 125 | 0.018 | 0.982 |
| 5:17-4th |  | 112 | 125 | 0.011 | 0.989 |
| 5:12-4th |  | 112 | 125 | 0.014 | 0.986 |
| 5:09-4th |  | 112 | 125 | 0.015 | 0.985 |
| 5:01-4th |  | 112 | 125 | 0.011 | 0.989 |
| 4:58-4th |  | 112 | 125 | 0.009 | 0.991 |
| 4:47-4th |  | 112 | 125 | 0.008 | 0.992 |
| 4:35-4th |  | 112 | 125 | 0.01 | 0.99 |
| 4:31-4th |  | 112 | 125 | 0.011 | 0.989 |
| 4:15-4th |  | 115 | 125 | 0.023 | 0.977 |
| 3:54-4th |  | 115 | 127 | 0.013 | 0.987 |
| 3:46-4th |  | 115 | 127 | 0.007 | 0.993 |
| 3:27-4th |  | 115 | 130 | 0.002 | 0.998 |
| 3:14-4th |  | 118 | 130 | 0.005 | 0.995 |
| 2:55-4th |  | 118 | 130 | 0.007 | 0.993 |
| 2:52-4th |  | 118 | 130 | 0.008 | 0.992 |
| 2:44-4th |  | 118 | 130 | 0.004 | 0.996 |
| 2:40-4th |  | 118 | 132 | 0.002 | 0.998 |
| 2:29-4th |  | 118 | 132 | 0.002 | 0.998 |
| 2:26-4th |  | 118 | 132 | 0.002 | 0.998 |
| 2:24-4th |  | 121 | 132 | 0.005 | 0.995 |
| 2:07-4th |  | 121 | 132 | 0.008 | 0.992 |
| 2:03-4th |  | 121 | 132 | 0.005 | 0.995 |
| 2:00-4th |  | 121 | 132 | 0.007 | 0.993 |
| 1:55-4th |  | 124 | 132 | 0.02 | 0.98 |
| 1:49-4th |  | 124 | 132 | 0.007 | 0.993 |
| 1:31-4th |  | 124 | 132 | 0.025 | 0.975 |
| 1:27-4th |  | 126 | 132 | 0.039 | 0.961 |
| 1:20-4th |  | 126 | 132 | 0.037 | 0.963 |
| 1:12-4th |  | 126 | 134 | 0.02 | 0.98 |
| 58.1-4th |  | 126 | 134 | 0.008 | 0.992 |
| 55.0-4th |  | 126 | 134 | 0.016 | 0.984 |
| 54.1-4th |  | 128 | 134 | 0.038 | 0.962 |
| 52.1-4th |  | 128 | 135 | 0.038 | 0.962 |
| 47.0-4th |  | 128 | 135 | 0.016 | 0.984 |
| 36.1-4th |  | 128 | 137 | 0.007 | 0.993 |
| 27.1-4th |  | 128 | 137 | 0.002 | 0.998 |
| 23.1-4th |  | 128 | 137 | 0.001 | 0.999 |
| 0.1-4th |  | 128 | 137 | 0.001 | 0.999 |
| 0.0-4th |  | 128 | 137 | 0.0 | 1.0 |

Question

Which event most likely happened at the marked missing position?

Answer Choices

A. Player 8 (Team A) steps out of bounds turnover
B. Player 16 (Team A) bad pass (Player 10 (Team B) steals)
C. Player 16 (Team A) blocks Player 2 (Team B) 's 5-foot driving layup
D. Player 2 (Team A) makes 28-foot three pointer

Response Format

Return exactly one JSON object:

{
  "answer": "<A|B|C|D>",
  "rationale": "<brief evidence-based justification in 1-3 sentences>",
  "evidence_event_ids": [],
  "evidence_series_times": []
}

Use only event IDs and time labels that are provided above and that support the answer. Use an empty array when the corresponding evidence type is unavailable or unused. Return only the JSON object.
