Task

Reconstruct the missing event in this basketball game. Use the available numerical time-series evidence around the marked row to select the most likely event.

Game

Team A versus Team B, season 22-23.

Time Series

| Game time | Marker | Team A score | Team B score | Team A win probability | Team B win probability |
| --- | --- | --- | --- | --- | --- |
| 12:00-1st |  | 0 | 0 | 0.383 | 0.617 |
| 11:45-1st |  | 0 | 0 | 0.398 | 0.602 |
| 11:44-1st |  | 0 | 0 | 0.403 | 0.597 |
| 11:19-1st |  | 0 | 0 | 0.389 | 0.611 |
| 11:17-1st |  | 0 | 0 | 0.385 | 0.615 |
| 11:14-1st |  | 0 | 0 | 0.404 | 0.596 |
| 11:11-1st |  | 2 | 0 | 0.433 | 0.567 |
| 10:58-1st |  | 2 | 0 | 0.451 | 0.549 |
| 10:56-1st |  | 2 | 0 | 0.433 | 0.567 |
| 10:53-1st |  | 2 | 2 | 0.405 | 0.595 |
| 10:28-1st |  | 2 | 2 | 0.391 | 0.609 |
| 10:27-1st |  | 2 | 2 | 0.386 | 0.614 |
| 10:14-1st |  | 2 | 2 | 0.402 | 0.598 |
| 10:13-1st |  | 2 | 2 | 0.407 | 0.593 |
| 10:03-1st |  | 2 | 2 | 0.392 | 0.608 |
| 10:01-1st |  | 2 | 2 | 0.387 | 0.613 |
| 9:49-1st |  | 2 | 4 | 0.361 | 0.639 |
| 9:32-1st |  | 2 | 4 | 0.344 | 0.656 |
| 9:30-1st |  | 2 | 4 | 0.339 | 0.661 |
| 9:23-1st |  | 2 | 6 | 0.317 | 0.683 |
| 9:04-1st |  | 2 | 6 | 0.299 | 0.701 |
| 9:02-1st |  | 2 | 6 | 0.293 | 0.707 |
| 8:47-1st |  | 2 | 8 | 0.271 | 0.729 |
| 8:32-1st |  | 5 | 8 | 0.315 | 0.685 |
| 8:13-1st |  | 5 | 8 | 0.335 | 0.665 |
| 8:11-1st |  | 5 | 8 | 0.341 | 0.659 |
| 8:08-1st |  | 7 | 8 | 0.36 | 0.64 |
| 7:51-1st |  | 7 | 8 | 0.383 | 0.617 |
| 7:49-1st |  | 7 | 8 | 0.39 | 0.61 |
| 7:41-1st |  | 7 | 8 | 0.361 | 0.639 |
| 7:26-1st |  | 7 | 8 | 0.391 | 0.609 |
| 7:12-1st |  | 10 | 8 | 0.441 | 0.559 |
| 6:59-1st |  | 10 | 10 | 0.417 | 0.583 |
| 6:42-1st |  | 13 | 10 | 0.469 | 0.531 |
| 6:20-1st |  | 13 | 10 | 0.492 | 0.508 |
| 6:18-1st |  | 13 | 10 | 0.499 | 0.501 |
| 5:58-1st |  | 15 | 10 | 0.524 | 0.476 |
| 5:44-1st |  | 15 | 10 | 0.547 | 0.453 |
| 5:43-1st |  | 15 | 10 | 0.525 | 0.475 |
| 5:31-1st |  | 15 | 12 | 0.501 | 0.499 |
| 5:14-1st |  | 15 | 12 | 0.481 | 0.519 |
| 5:12-1st |  | 15 | 12 | 0.474 | 0.526 |
| 5:03-1st |  | 15 | 13 | 0.477 | 0.523 |
| 4:45-1st |  | 15 | 13 | 0.448 | 0.552 |
| 4:40-1st |  | 15 | 13 | 0.471 | 0.529 |
| 4:38-1st |  | 15 | 13 | 0.478 | 0.522 |
| 4:19-1st |  | 15 | 13 | 0.457 | 0.543 |
| 4:18-1st |  | 15 | 13 | 0.449 | 0.551 |
| 4:01-1st |  | 15 | 16 | 0.398 | 0.602 |
| 3:37-1st |  | 15 | 16 | 0.378 | 0.622 |
| 3:36-1st |  | 17 | 16 | 0.424 | 0.576 |
| 3:20-1st |  | 17 | 16 | 0.446 | 0.554 |
| 3:18-1st |  | 17 | 16 | 0.453 | 0.547 |
| 3:10-1st |  | 19 | 16 | 0.482 | 0.518 |
| 2:57-1st |  | 19 | 16 | 0.503 | 0.497 |
| 2:56-1st |  | 19 | 16 | 0.483 | 0.517 |
| 2:54-1st |  | 19 | 16 | 0.504 | 0.496 |
| 2:53-1st |  | 19 | 16 | 0.51 | 0.49 |
| 2:44-1st |  | 21 | 16 | 0.536 | 0.464 |
| 2:35-1st |  | 21 | 18 | 0.511 | 0.489 |
| 2:17-1st |  | 21 | 18 | 0.492 | 0.508 |
| 2:16-1st |  | 21 | 18 | 0.486 | 0.514 |
| 2:08-1st |  | 21 | 18 | 0.506 | 0.494 |
| 2:07-1st |  | 21 | 18 | 0.486 | 0.514 |
| 2:00-1st |  | 21 | 18 | 0.507 | 0.493 |
| 1:59-1st |  | 21 | 18 | 0.487 | 0.513 |
| 1:55-1st |  | 21 | 18 | 0.507 | 0.493 |
| 1:54-1st |  | 21 | 18 | 0.514 | 0.486 |
| 1:43-1st |  | 23 | 18 | 0.539 | 0.461 |
| 1:27-1st |  | 23 | 18 | 0.563 | 0.437 |
| 1:25-1st |  | 23 | 18 | 0.571 | 0.429 |
| 1:22-1st |  | 26 | 18 | 0.626 | 0.374 |
| 1:15-1st |  | 26 | 18 | 0.585 | 0.415 |
| 1:07-1st |  | 26 | 20 | 0.601 | 0.399 |
| 46.1-1st |  | 26 | 20 | 0.58 | 0.42 |
| 45.2-1st |  | 26 | 20 | 0.602 | 0.398 |
| 44.1-1st |  | 29 | 20 | 0.658 | 0.342 |
| 33.0-1st |  | 29 | 23 | 0.603 | 0.397 |
| 13.0-1st |  | 29 | 23 | 0.584 | 0.416 |
| 12.0-1st |  | 29 | 23 | 0.576 | 0.424 |
| 2.1-1st |  | 29 | 23 | 0.6 | 0.4 |
| 1.1-1st |  | 29 | 23 | 0.607 | 0.393 |
| 0.0-1st |  | 29 | 23 | 0.591 | 0.409 |
| 12:00-2nd |  | 29 | 23 | 0.591 | 0.409 |
| 11:42-2nd |  | 29 | 23 | 0.58 | 0.42 |
| 11:37-2nd |  | 29 | 23 | 0.587 | 0.413 |
| 11:35-2nd |  | 29 | 23 | 0.58 | 0.42 |
| 11:28-2nd |  | 29 | 26 | 0.524 | 0.476 |
| 11:11-2nd |  | 31 | 26 | 0.553 | 0.447 |
| 10:54-2nd |  | 31 | 26 | 0.577 | 0.423 |
| 10:53-2nd |  | 31 | 26 | 0.555 | 0.445 |
| 10:50-2nd |  | 31 | 26 | 0.585 | 0.415 |
| 10:44-2nd |  | 31 | 26 | 0.563 | 0.437 |
| 10:42-2nd |  | 31 | 26 | 0.555 | 0.445 |
| 10:28-2nd |  | 31 | 26 | 0.586 | 0.414 |
| 10:18-2nd |  | 31 | 26 | 0.565 | 0.435 |
| 10:15-2nd |  | 31 | 26 | 0.587 | 0.413 |
| 10:09-2nd |  | 33 | 26 | 0.615 | 0.385 |
| 9:56-2nd |  | 33 | 26 | 0.638 | 0.362 |
| 9:54-2nd |  | 33 | 26 | 0.645 | 0.355 |
| 9:52-2nd |  | 33 | 26 | 0.623 | 0.377 |
| 9:51-2nd |  | 33 | 26 | 0.646 | 0.354 |
| 9:44-2nd |  | 35 | 26 | 0.676 | 0.324 |
| 9:20-2nd |  | 35 | 26 | 0.697 | 0.303 |
| 9:19-2nd |  | 35 | 26 | 0.704 | 0.296 |
| 9:04-2nd |  | 35 | 26 | 0.686 | 0.314 |
| 9:03-2nd |  | 35 | 26 | 0.679 | 0.321 |
| 8:49-2nd |  | 35 | 27 | 0.681 | 0.319 |
| 8:37-2nd |  | 35 | 27 | 0.66 | 0.34 |
| 8:36-2nd |  | 35 | 27 | 0.653 | 0.347 |
| 8:32-2nd |  | 35 | 27 | 0.675 | 0.325 |
| 8:30-2nd |  | 35 | 27 | 0.683 | 0.317 |
| 8:26-2nd | TARGET | 35 | 29 | 0.593 | 0.407 |
| 8:18-2nd |  | 35 | 31 | 0.566 | 0.434 |
| 8:02-2nd |  | 35 | 31 | 0.535 | 0.465 |
| 7:58-2nd |  | 35 | 33 | 0.504 | 0.496 |
| 7:57-2nd |  | 35 | 33 | 0.504 | 0.496 |
| 7:39-2nd |  | 35 | 33 | 0.483 | 0.517 |
| 7:35-2nd |  | 35 | 33 | 0.475 | 0.525 |
| 7:30-2nd |  | 35 | 33 | 0.498 | 0.502 |
| 7:29-2nd |  | 35 | 33 | 0.476 | 0.524 |
| 7:28-2nd |  | 35 | 33 | 0.478 | 0.522 |
| 7:19-2nd |  | 35 | 33 | 0.5 | 0.5 |
| 7:18-2nd |  | 35 | 33 | 0.508 | 0.492 |
| 6:59-2nd |  | 35 | 33 | 0.486 | 0.514 |
| 6:55-2nd |  | 35 | 33 | 0.478 | 0.522 |
| 6:50-2nd |  | 35 | 33 | 0.485 | 0.515 |
| 6:40-2nd |  | 35 | 35 | 0.448 | 0.552 |
| 6:12-2nd |  | 37 | 35 | 0.48 | 0.52 |
| 6:04-2nd |  | 37 | 38 | 0.416 | 0.584 |
| 5:43-2nd |  | 37 | 38 | 0.395 | 0.605 |
| 5:42-2nd |  | 37 | 38 | 0.417 | 0.583 |
| 5:31-2nd |  | 39 | 38 | 0.45 | 0.55 |
| 5:15-2nd |  | 39 | 40 | 0.418 | 0.582 |
| 5:00-2nd |  | 39 | 40 | 0.389 | 0.611 |
| 4:41-2nd |  | 39 | 42 | 0.36 | 0.64 |
| 4:16-2nd |  | 41 | 42 | 0.389 | 0.611 |
| 4:05-2nd |  | 41 | 42 | 0.412 | 0.588 |
| 4:03-2nd |  | 41 | 42 | 0.42 | 0.58 |
| 3:50-2nd |  | 41 | 42 | 0.397 | 0.603 |
| 3:48-2nd |  | 41 | 42 | 0.39 | 0.61 |
| 3:44-2nd |  | 41 | 44 | 0.361 | 0.639 |
| 3:34-2nd |  | 44 | 44 | 0.42 | 0.58 |
| 3:14-2nd |  | 44 | 44 | 0.448 | 0.552 |
| 3:13-2nd |  | 44 | 44 | 0.457 | 0.543 |
| 3:09-2nd |  | 46 | 44 | 0.489 | 0.511 |
| 2:53-2nd |  | 46 | 44 | 0.515 | 0.485 |
| 2:52-2nd |  | 46 | 44 | 0.524 | 0.476 |
| 2:42-2nd |  | 46 | 44 | 0.499 | 0.501 |
| 2:40-2nd |  | 46 | 44 | 0.491 | 0.509 |
| 2:33-2nd |  | 46 | 46 | 0.459 | 0.541 |
| 2:17-2nd |  | 48 | 46 | 0.492 | 0.508 |
| 2:01-2nd |  | 48 | 48 | 0.459 | 0.541 |
| 1:51-2nd |  | 49 | 48 | 0.457 | 0.543 |
| 1:32-2nd |  | 49 | 50 | 0.428 | 0.572 |
| 1:18-2nd |  | 52 | 50 | 0.494 | 0.506 |
| 1:04-2nd |  | 52 | 52 | 0.462 | 0.538 |
| 44.0-2nd |  | 52 | 52 | 0.426 | 0.574 |
| 32.1-2nd |  | 52 | 55 | 0.356 | 0.644 |
| 12.0-2nd |  | 52 | 55 | 0.338 | 0.662 |
| 9.1-2nd |  | 52 | 55 | 0.331 | 0.669 |
| 2.1-2nd |  | 52 | 55 | 0.332 | 0.668 |
| 0.0-2nd |  | 52 | 55 | 0.348 | 0.652 |
| 12:00-3rd |  | 52 | 55 | 0.348 | 0.652 |
| 11:37-3rd |  | 55 | 55 | 0.426 | 0.574 |
| 11:12-3rd |  | 55 | 57 | 0.393 | 0.607 |
| 10:54-3rd |  | 55 | 57 | 0.36 | 0.64 |
| 10:35-3rd |  | 55 | 57 | 0.385 | 0.615 |
| 10:34-3rd |  | 55 | 57 | 0.394 | 0.606 |
| 10:15-3rd |  | 55 | 57 | 0.369 | 0.631 |
| 10:14-3rd |  | 55 | 57 | 0.36 | 0.64 |
| 9:50-3rd |  | 55 | 59 | 0.329 | 0.671 |
| 9:29-3rd |  | 55 | 59 | 0.302 | 0.698 |
| 9:28-3rd |  | 55 | 59 | 0.293 | 0.707 |
| 9:09-3rd |  | 55 | 62 | 0.231 | 0.769 |
| 8:50-3rd |  | 55 | 62 | 0.209 | 0.791 |
| 8:47-3rd |  | 55 | 62 | 0.201 | 0.799 |
| 8:26-3rd |  | 55 | 65 | 0.154 | 0.846 |
| 8:02-3rd |  | 58 | 65 | 0.199 | 0.801 |
| 7:50-3rd |  | 58 | 67 | 0.176 | 0.824 |
| 7:25-3rd |  | 58 | 67 | 0.148 | 0.852 |
| 7:08-3rd |  | 58 | 67 | 0.166 | 0.834 |
| 7:05-3rd |  | 58 | 67 | 0.172 | 0.828 |
| 6:57-3rd |  | 58 | 67 | 0.152 | 0.848 |
| 6:54-3rd |  | 58 | 67 | 0.146 | 0.854 |
| 6:46-3rd |  | 58 | 70 | 0.105 | 0.895 |
| 6:26-3rd |  | 58 | 70 | 0.092 | 0.908 |
| 6:24-3rd |  | 58 | 70 | 0.087 | 0.913 |
| 6:15-3rd |  | 58 | 73 | 0.059 | 0.941 |
| 6:14-3rd |  | 58 | 73 | 0.059 | 0.941 |
| 6:08-3rd |  | 58 | 73 | 0.048 | 0.952 |
| 5:56-3rd |  | 58 | 73 | 0.055 | 0.945 |
| 5:54-3rd |  | 58 | 73 | 0.057 | 0.943 |
| 5:41-3rd |  | 58 | 73 | 0.049 | 0.951 |
| 5:39-3rd |  | 58 | 73 | 0.047 | 0.953 |
| 5:18-3rd |  | 58 | 76 | 0.028 | 0.972 |
| 4:59-3rd |  | 58 | 76 | 0.028 | 0.972 |
| 4:53-3rd |  | 58 | 76 | 0.022 | 0.978 |
| 4:40-3rd |  | 58 | 76 | 0.026 | 0.974 |
| 4:37-3rd |  | 58 | 76 | 0.027 | 0.973 |
| 4:34-3rd |  | 58 | 76 | 0.021 | 0.979 |
| 4:31-3rd |  | 58 | 79 | 0.012 | 0.988 |
| 4:30-3rd |  | 58 | 79 | 0.012 | 0.988 |
| 4:11-3rd |  | 58 | 79 | 0.012 | 0.988 |
| 4:07-3rd |  | 58 | 79 | 0.009 | 0.991 |
| 4:06-3rd |  | 58 | 79 | 0.009 | 0.991 |
| 3:48-3rd |  | 58 | 79 | 0.01 | 0.99 |
| 3:46-3rd |  | 58 | 79 | 0.011 | 0.989 |
| 3:28-3rd |  | 58 | 79 | 0.008 | 0.992 |
| 3:26-3rd |  | 58 | 79 | 0.008 | 0.992 |
| 3:18-3rd |  | 58 | 80 | 0.008 | 0.992 |
| 3:04-3rd |  | 58 | 80 | 0.006 | 0.994 |
| 3:02-3rd |  | 58 | 80 | 0.007 | 0.993 |
| 2:59-3rd |  | 58 | 80 | 0.006 | 0.994 |
| 2:58-3rd |  | 58 | 80 | 0.006 | 0.994 |
| 2:46-3rd |  | 58 | 80 | 0.007 | 0.993 |
| 2:45-3rd |  | 58 | 80 | 0.007 | 0.993 |
| 2:40-3rd |  | 58 | 80 | 0.006 | 0.994 |
| 2:39-3rd |  | 58 | 80 | 0.005 | 0.995 |
| 2:21-3rd |  | 58 | 80 | 0.006 | 0.994 |
| 2:20-3rd |  | 58 | 80 | 0.006 | 0.994 |
| 2:12-3rd |  | 58 | 80 | 0.005 | 0.995 |
| 2:09-3rd |  | 58 | 80 | 0.005 | 0.995 |
| 1:53-3rd |  | 58 | 83 | 0.003 | 0.997 |
| 1:39-3rd |  | 60 | 83 | 0.003 | 0.997 |
| 1:24-3rd |  | 60 | 85 | 0.002 | 0.998 |
| 1:16-3rd |  | 60 | 85 | 0.002 | 0.998 |
| 1:14-3rd |  | 60 | 85 | 0.002 | 0.998 |
| 59.1-3rd |  | 60 | 88 | 0.001 | 0.999 |
| 42.1-3rd |  | 60 | 88 | 0.001 | 0.999 |
| 40.1-3rd |  | 60 | 88 | 0.001 | 0.999 |
| 39.1-3rd |  | 60 | 88 | 0.001 | 0.999 |
| 38.1-3rd |  | 60 | 88 | 0.001 | 0.999 |
| 37.1-3rd |  | 60 | 88 | 0.001 | 0.999 |
| 32.1-3rd |  | 62 | 88 | 0.001 | 0.999 |
| 15.1-3rd |  | 62 | 88 | 0.001 | 0.999 |
| 14.1-3rd |  | 62 | 88 | 0.001 | 0.999 |
| 0.0-3rd |  | 62 | 88 | 0.001 | 0.999 |
| 12:00-4th |  | 62 | 88 | 0.001 | 0.999 |
| 11:46-4th |  | 62 | 88 | 0.001 | 0.999 |
| 11:44-4th |  | 62 | 88 | 0.001 | 0.999 |
| 11:41-4th |  | 62 | 88 | 0.001 | 0.999 |
| 11:40-4th |  | 62 | 88 | 0.001 | 0.999 |
| 11:32-4th |  | 65 | 88 | 0.002 | 0.998 |
| 11:17-4th |  | 65 | 88 | 0.002 | 0.998 |
| 11:16-4th |  | 65 | 88 | 0.003 | 0.997 |
| 11:06-4th |  | 65 | 88 | 0.002 | 0.998 |
| 10:52-4th |  | 65 | 88 | 0.002 | 0.998 |
| 10:51-4th |  | 65 | 88 | 0.002 | 0.998 |
| 10:49-4th |  | 65 | 88 | 0.002 | 0.998 |
| 10:43-4th |  | 65 | 88 | 0.002 | 0.998 |
| 10:41-4th |  | 65 | 88 | 0.002 | 0.998 |
| 10:25-4th |  | 65 | 91 | 0.001 | 0.999 |
| 10:04-4th |  | 65 | 91 | 0.001 | 0.999 |
| 10:02-4th |  | 65 | 91 | 0.001 | 0.999 |
| 9:59-4th |  | 65 | 93 | 0.001 | 0.999 |
| 9:47-4th |  | 68 | 93 | 0.001 | 0.999 |
| 9:36-4th |  | 70 | 93 | 0.001 | 0.999 |
| 9:14-4th |  | 70 | 95 | 0.001 | 0.999 |
| 9:00-4th |  | 72 | 95 | 0.001 | 0.999 |
| 8:46-4th |  | 72 | 97 | 0.001 | 0.999 |
| 8:28-4th |  | 74 | 97 | 0.001 | 0.999 |
| 8:08-4th |  | 74 | 99 | 0.001 | 0.999 |
| 7:46-4th |  | 76 | 99 | 0.001 | 0.999 |
| 7:21-4th |  | 76 | 102 | 0.001 | 0.999 |
| 7:12-4th |  | 76 | 102 | 0.001 | 0.999 |
| 7:07-4th |  | 76 | 102 | 0.001 | 0.999 |
| 7:04-4th |  | 76 | 102 | 0.001 | 0.999 |
| 7:02-4th |  | 76 | 102 | 0.001 | 0.999 |
| 7:01-4th |  | 76 | 102 | 0.001 | 0.999 |
| 6:54-4th |  | 76 | 102 | 0.001 | 0.999 |
| 6:47-4th |  | 76 | 102 | 0.001 | 0.999 |
| 6:45-4th |  | 76 | 102 | 0.001 | 0.999 |
| 6:40-4th |  | 76 | 102 | 0.001 | 0.999 |
| 6:38-4th |  | 76 | 102 | 0.001 | 0.999 |
| 6:24-4th |  | 76 | 102 | 0.001 | 0.999 |
| 6:23-4th |  | 76 | 102 | 0.001 | 0.999 |
| 6:01-4th |  | 76 | 102 | 0.001 | 0.999 |
| 6:00-4th |  | 76 | 102 | 0.001 | 0.999 |
| 5:51-4th |  | 76 | 104 | 0.001 | 0.999 |
| 5:38-4th |  | 76 | 104 | 0.001 | 0.999 |
| 5:37-4th |  | 76 | 104 | 0.001 | 0.999 |
| 5:25-4th |  | 76 | 104 | 0.001 | 0.999 |
| 5:14-4th |  | 78 | 104 | 0.001 | 0.999 |
| 4:55-4th |  | 78 | 106 | 0.001 | 0.999 |
| 4:45-4th |  | 78 | 106 | 0.001 | 0.999 |
| 4:43-4th |  | 78 | 106 | 0.001 | 0.999 |
| 4:23-4th |  | 78 | 106 | 0.001 | 0.999 |
| 4:21-4th |  | 78 | 106 | 0.001 | 0.999 |
| 4:15-4th |  | 78 | 106 | 0.001 | 0.999 |
| 4:13-4th |  | 78 | 106 | 0.001 | 0.999 |
| 3:52-4th |  | 78 | 108 | 0.001 | 0.999 |
| 3:41-4th |  | 78 | 108 | 0.001 | 0.999 |
| 3:38-4th |  | 78 | 108 | 0.001 | 0.999 |
| 3:23-4th |  | 78 | 108 | 0.001 | 0.999 |
| 3:13-4th |  | 78 | 108 | 0.001 | 0.999 |
| 3:11-4th |  | 78 | 108 | 0.001 | 0.999 |
| 3:02-4th |  | 80 | 108 | 0.001 | 0.999 |
| 2:48-4th |  | 80 | 108 | 0.001 | 0.999 |
| 2:47-4th |  | 80 | 108 | 0.001 | 0.999 |
| 2:38-4th |  | 82 | 108 | 0.001 | 0.999 |
| 2:13-4th |  | 82 | 110 | 0.001 | 0.999 |
| 2:04-4th |  | 82 | 110 | 0.001 | 0.999 |
| 1:53-4th |  | 82 | 110 | 0.001 | 0.999 |
| 1:52-4th |  | 82 | 110 | 0.001 | 0.999 |
| 1:41-4th |  | 82 | 112 | 0.001 | 0.999 |
| 1:31-4th |  | 84 | 112 | 0.001 | 0.999 |
| 1:16-4th |  | 84 | 112 | 0.001 | 0.999 |
| 1:13-4th |  | 84 | 112 | 0.001 | 0.999 |
| 1:07-4th |  | 84 | 112 | 0.001 | 0.999 |
| 52.1-4th |  | 84 | 112 | 0.001 | 0.999 |
| 49.1-4th |  | 86 | 112 | 0.001 | 0.999 |
| 25.0-4th |  | 86 | 112 | 0.001 | 0.999 |
| 21.2-4th |  | 86 | 112 | 0.001 | 0.999 |
| 14.0-4th |  | 88 | 112 | 0.001 | 0.999 |
| 0.0-4th |  | 88 | 112 | 0.0 | 1.0 |

Question

Which event most likely happened at the marked missing position?

Answer Choices

A. Player 3 (Team A) flagrant foul type 1 | Player 3 (Team A) turnover | Player 2 (Team B) makes free throw flagrant 1 of 2 | Player 2 (Team B) makes free throw flagrant 2 of 2 | Player 6 (Team B) enters the game for Player 7 (Team B) | Player 6 (Team A) enters the game for Player 7 (Team A)
B. Player 10 (Team A) misses 70-foot three point jumper
C. Player 2 (Team A) enters the game for Player 17 (Team B)
D. Player 10 (Team B) makes alley oop dunk shot (Player 1 (Team A) assists)

Response Format

Return exactly one JSON object:

{
  "answer": "<A|B|C|D>",
  "rationale": "<brief evidence-based justification in 1-3 sentences>",
  "evidence_event_ids": [],
  "evidence_series_times": []
}

Use only event IDs and time labels that are provided above and that support the answer. Use an empty array when the corresponding evidence type is unavailable or unused. Return only the JSON object.
