Task

Reconstruct the missing event in this basketball game. Use the available numerical time-series evidence around the marked row to select the most likely event.

Game

Team A versus Team B, season 22-23.

Time Series

| Game time | Marker | Team A score | Team B score | Team A win probability | Team B win probability |
| --- | --- | --- | --- | --- | --- |
| 12:00-1st |  | 0 | 0 | 0.757 | 0.243 |
| 11:39-1st |  | 0 | 0 | 0.766 | 0.234 |
| 11:36-1st |  | 0 | 0 | 0.769 | 0.231 |
| 11:21-1st |  | 2 | 0 | 0.789 | 0.211 |
| 11:10-1st |  | 2 | 3 | 0.751 | 0.249 |
| 11:00-1st |  | 2 | 3 | 0.733 | 0.267 |
| 10:57-1st |  | 2 | 3 | 0.727 | 0.273 |
| 10:46-1st |  | 2 | 3 | 0.743 | 0.257 |
| 10:44-1st |  | 2 | 3 | 0.749 | 0.251 |
| 10:37-1st |  | 2 | 3 | 0.731 | 0.269 |
| 10:34-1st |  | 2 | 3 | 0.725 | 0.275 |
| 10:25-1st |  | 2 | 5 | 0.708 | 0.292 |
| 10:06-1st |  | 2 | 5 | 0.682 | 0.318 |
| 9:49-1st |  | 2 | 5 | 0.704 | 0.296 |
| 9:44-1st |  | 5 | 5 | 0.746 | 0.254 |
| 9:22-1st |  | 5 | 5 | 0.744 | 0.256 |
| 9:19-1st |  | 5 | 5 | 0.757 | 0.243 |
| 9:15-1st |  | 5 | 5 | 0.761 | 0.239 |
| 9:11-1st |  | 7 | 5 | 0.78 | 0.22 |
| 8:56-1st |  | 7 | 6 | 0.778 | 0.222 |
| 8:53-1st |  | 7 | 6 | 0.778 | 0.222 |
| 8:39-1st |  | 7 | 6 | 0.763 | 0.237 |
| 8:36-1st |  | 7 | 6 | 0.759 | 0.241 |
| 8:30-1st |  | 7 | 8 | 0.739 | 0.261 |
| 8:18-1st |  | 7 | 8 | 0.737 | 0.263 |
| 8:13-1st |  | 10 | 8 | 0.776 | 0.224 |
| 7:54-1st |  | 10 | 8 | 0.789 | 0.211 |
| 7:51-1st |  | 10 | 8 | 0.793 | 0.207 |
| 7:49-1st |  | 13 | 8 | 0.825 | 0.175 |
| 7:31-1st |  | 13 | 8 | 0.836 | 0.164 |
| 7:28-1st |  | 13 | 8 | 0.839 | 0.161 |
| 7:16-1st |  | 16 | 8 | 0.865 | 0.135 |
| 7:15-1st |  | 16 | 8 | 0.865 | 0.135 |
| 7:07-1st |  | 16 | 8 | 0.878 | 0.122 |
| 6:53-1st |  | 16 | 8 | 0.868 | 0.132 |
| 6:49-1st |  | 18 | 8 | 0.899 | 0.101 |
| 6:41-1st |  | 18 | 9 | 0.878 | 0.122 |
| 6:39-1st |  | 18 | 12 | 0.851 | 0.149 |
| 6:23-1st |  | 20 | 12 | 0.864 | 0.136 |
| 6:02-1st |  | 20 | 12 | 0.877 | 0.123 |
| 5:53-1st |  | 20 | 12 | 0.866 | 0.134 |
| 5:50-1st |  | 20 | 12 | 0.877 | 0.123 |
| 5:48-1st |  | 23 | 12 | 0.899 | 0.101 |
| 5:32-1st |  | 23 | 15 | 0.876 | 0.124 |
| 5:19-1st |  | 23 | 15 | 0.865 | 0.135 |
| 5:17-1st |  | 23 | 15 | 0.862 | 0.138 |
| 5:11-1st |  | 23 | 15 | 0.872 | 0.128 |
| 5:05-1st |  | 23 | 17 | 0.848 | 0.152 |
| 4:59-1st |  | 23 | 17 | 0.848 | 0.152 |
| 4:52-1st |  | 25 | 17 | 0.861 | 0.139 |
| 4:39-1st |  | 25 | 19 | 0.848 | 0.152 |
| 4:25-1st |  | 25 | 19 | 0.836 | 0.164 |
| 4:19-1st |  | 25 | 19 | 0.831 | 0.169 |
| 4:09-1st |  | 25 | 22 | 0.798 | 0.202 |
| 3:58-1st |  | 25 | 22 | 0.777 | 0.223 |
| 3:53-1st |  | 25 | 23 | 0.778 | 0.222 |
| 3:36-1st |  | 25 | 23 | 0.762 | 0.238 |
| 3:33-1st |  | 25 | 23 | 0.777 | 0.223 |
| 3:20-1st |  | 25 | 23 | 0.757 | 0.243 |
| 3:14-1st |  | 25 | 24 | 0.757 | 0.243 |
| 3:07-1st |  | 25 | 24 | 0.757 | 0.243 |
| 2:52-1st |  | 25 | 24 | 0.733 | 0.267 |
| 2:38-1st |  | 25 | 26 | 0.71 | 0.29 |
| 2:30-1st |  | 25 | 27 | 0.684 | 0.316 |
| 2:26-1st |  | 25 | 27 | 0.684 | 0.316 |
| 2:16-1st |  | 25 | 27 | 0.683 | 0.317 |
| 2:10-1st |  | 25 | 27 | 0.664 | 0.336 |
| 2:06-1st |  | 25 | 27 | 0.658 | 0.342 |
| 2:05-1st |  | 25 | 27 | 0.682 | 0.318 |
| 2:02-1st |  | 27 | 27 | 0.706 | 0.294 |
| 1:53-1st |  | 27 | 27 | 0.728 | 0.272 |
| 1:48-1st |  | 27 | 27 | 0.728 | 0.272 |
| 1:37-1st |  | 27 | 27 | 0.71 | 0.29 |
| 1:35-1st |  | 27 | 27 | 0.704 | 0.296 |
| 1:29-1st |  | 27 | 27 | 0.721 | 0.279 |
| 1:23-1st |  | 27 | 27 | 0.726 | 0.274 |
| 1:11-1st |  | 28 | 27 | 0.725 | 0.275 |
| 58.4-1st |  | 28 | 30 | 0.675 | 0.325 |
| 43.0-1st |  | 28 | 30 | 0.654 | 0.346 |
| 38.5-1st |  | 28 | 30 | 0.647 | 0.353 |
| 30.5-1st |  | 28 | 30 | 0.665 | 0.335 |
| 26.8-1st |  | 28 | 30 | 0.671 | 0.329 |
| 4.8-1st |  | 30 | 30 | 0.695 | 0.305 |
| 1.9-1st |  | 30 | 30 | 0.72 | 0.28 |
| 0.0-1st |  | 30 | 30 | 0.707 | 0.293 |
| 12:00-2nd |  | 30 | 30 | 0.707 | 0.293 |
| 11:48-2nd |  | 30 | 30 | 0.7 | 0.3 |
| 11:44-2nd |  | 30 | 30 | 0.693 | 0.307 |
| 11:31-2nd |  | 30 | 32 | 0.666 | 0.334 |
| 11:13-2nd |  | 30 | 32 | 0.643 | 0.357 |
| 11:09-2nd |  | 30 | 32 | 0.664 | 0.336 |
| 11:04-2nd |  | 30 | 32 | 0.663 | 0.337 |
| 11:02-2nd |  | 32 | 32 | 0.689 | 0.311 |
| 10:57-2nd |  | 32 | 32 | 0.708 | 0.292 |
| 10:52-2nd |  | 32 | 32 | 0.714 | 0.286 |
| 10:40-2nd |  | 33 | 32 | 0.713 | 0.287 |
| 10:35-2nd |  | 34 | 32 | 0.758 | 0.242 |
| 10:30-2nd |  | 36 | 32 | 0.778 | 0.222 |
| 10:08-2nd |  | 36 | 32 | 0.799 | 0.201 |
| 9:41-2nd |  | 36 | 32 | 0.775 | 0.225 |
| 9:39-2nd |  | 36 | 32 | 0.776 | 0.224 |
| 9:26-2nd |  | 36 | 35 | 0.73 | 0.27 |
| 9:02-2nd |  | 38 | 35 | 0.751 | 0.249 |
| 8:51-2nd |  | 38 | 35 | 0.768 | 0.232 |
| 8:47-2nd |  | 38 | 35 | 0.773 | 0.227 |
| 8:33-2nd |  | 40 | 35 | 0.795 | 0.205 |
| 8:16-2nd |  | 40 | 38 | 0.749 | 0.251 |
| 8:00-2nd |  | 40 | 38 | 0.731 | 0.269 |
| 7:58-2nd |  | 40 | 38 | 0.725 | 0.275 |
| 7:49-2nd |  | 40 | 38 | 0.742 | 0.258 |
| 7:47-2nd |  | 40 | 38 | 0.748 | 0.252 |
| 7:36-2nd |  | 42 | 38 | 0.769 | 0.231 |
| 7:27-2nd |  | 42 | 38 | 0.791 | 0.209 |
| 7:12-2nd |  | 44 | 38 | 0.81 | 0.19 |
| 7:10-2nd |  | 44 | 38 | 0.81 | 0.19 |
| 6:49-2nd |  | 44 | 40 | 0.789 | 0.211 |
| 6:25-2nd |  | 44 | 40 | 0.771 | 0.229 |
| 6:21-2nd |  | 44 | 40 | 0.788 | 0.212 |
| 6:11-2nd |  | 47 | 40 | 0.827 | 0.173 |
| 5:59-2nd |  | 47 | 40 | 0.846 | 0.154 |
| 5:44-2nd |  | 50 | 40 | 0.878 | 0.122 |
| 5:23-2nd |  | 50 | 42 | 0.863 | 0.137 |
| 5:08-2nd |  | 50 | 42 | 0.849 | 0.151 |
| 5:06-2nd |  | 50 | 42 | 0.844 | 0.156 |
| 4:57-2nd |  | 50 | 42 | 0.863 | 0.137 |
| 4:48-2nd |  | 52 | 42 | 0.878 | 0.122 |
| 4:30-2nd |  | 52 | 44 | 0.863 | 0.137 |
| 4:24-2nd |  | 52 | 44 | 0.848 | 0.152 |
| 4:21-2nd |  | 52 | 44 | 0.862 | 0.138 |
| 4:18-2nd |  | 52 | 44 | 0.848 | 0.152 |
| 4:14-2nd |  | 52 | 44 | 0.843 | 0.157 |
| 4:10-2nd |  | 52 | 44 | 0.858 | 0.142 |
| 4:04-2nd |  | 52 | 44 | 0.862 | 0.138 |
| 4:00-2nd |  | 54 | 44 | 0.878 | 0.122 |
| 3:59-2nd |  | 54 | 44 | 0.878 | 0.122 |
| 3:47-2nd |  | 54 | 46 | 0.862 | 0.138 |
| 3:36-2nd |  | 54 | 46 | 0.848 | 0.152 |
| 3:33-2nd |  | 54 | 46 | 0.843 | 0.157 |
| 3:19-2nd |  | 54 | 46 | 0.844 | 0.156 |
| 3:08-2nd |  | 54 | 46 | 0.857 | 0.143 |
| 3:04-2nd |  | 54 | 46 | 0.862 | 0.138 |
| 2:56-2nd |  | 54 | 46 | 0.848 | 0.152 |
| 2:55-2nd |  | 55 | 46 | 0.861 | 0.139 |
| 2:52-2nd |  | 55 | 46 | 0.861 | 0.139 |
| 2:37-2nd |  | 55 | 48 | 0.844 | 0.156 |
| 2:21-2nd |  | 57 | 48 | 0.862 | 0.138 |
| 2:10-2nd |  | 57 | 50 | 0.843 | 0.157 |
| 1:54-2nd |  | 57 | 50 | 0.828 | 0.172 |
| 1:52-2nd |  | 57 | 50 | 0.823 | 0.177 |
| 1:48-2nd |  | 57 | 50 | 0.838 | 0.162 |
| 1:47-2nd |  | 57 | 50 | 0.788 | 0.212 |
| 1:42-2nd |  | 57 | 50 | 0.845 | 0.155 |
| 1:31-2nd |  | 60 | 50 | 0.878 | 0.122 |
| 1:20-2nd |  | 60 | 51 | 0.878 | 0.122 |
| 1:10-2nd |  | 63 | 51 | 0.908 | 0.092 |
| 49.0-2nd |  | 63 | 51 | 0.919 | 0.081 |
| 44.9-2nd |  | 63 | 51 | 0.909 | 0.091 |
| 44.3-2nd |  | 63 | 51 | 0.922 | 0.078 |
| 26.6-2nd |  | 65 | 51 | 0.932 | 0.068 |
| 4.7-2nd |  | 65 | 53 | 0.92 | 0.08 |
| 1.7-2nd |  | 65 | 53 | 0.92 | 0.08 |
| 0.1-2nd |  | 65 | 53 | 0.919 | 0.081 |
| 0.0-2nd |  | 65 | 53 | 0.913 | 0.087 |
| 12:00-3rd |  | 65 | 53 | 0.913 | 0.087 |
| 11:48-3rd |  | 65 | 53 | 0.913 | 0.087 |
| 11:45-3rd |  | 65 | 53 | 0.911 | 0.089 |
| 11:34-3rd |  | 65 | 53 | 0.919 | 0.081 |
| 11:32-3rd |  | 65 | 55 | 0.896 | 0.104 |
| 11:22-3rd |  | 67 | 55 | 0.911 | 0.089 |
| 11:06-3rd |  | 67 | 55 | 0.91 | 0.09 |
| 11:01-3rd |  | 67 | 57 | 0.897 | 0.103 |
| 10:45-3rd |  | 70 | 57 | 0.924 | 0.076 |
| 10:34-3rd |  | 70 | 57 | 0.925 | 0.075 |
| 10:20-3rd |  | 70 | 57 | 0.933 | 0.067 |
| 10:18-3rd |  | 70 | 57 | 0.936 | 0.064 |
| 10:12-3rd |  | 70 | 57 | 0.928 | 0.072 |
| 10:08-3rd |  | 70 | 57 | 0.925 | 0.075 |
| 10:06-3rd |  | 70 | 57 | 0.934 | 0.066 |
| 10:02-3rd |  | 70 | 57 | 0.937 | 0.063 |
| 9:58-3rd |  | 73 | 57 | 0.955 | 0.045 |
| 9:57-3rd |  | 73 | 57 | 0.955 | 0.045 |
| 9:39-3rd |  | 73 | 60 | 0.937 | 0.063 |
| 9:28-3rd |  | 73 | 60 | 0.938 | 0.062 |
| 9:22-3rd |  | 75 | 60 | 0.948 | 0.052 |
| 9:01-3rd |  | 75 | 62 | 0.939 | 0.061 |
| 8:37-3rd |  | 78 | 62 | 0.958 | 0.042 |
| 8:25-3rd |  | 78 | 62 | 0.966 | 0.034 |
| 8:16-3rd |  | 78 | 62 | 0.961 | 0.039 |
| 8:13-3rd |  | 78 | 62 | 0.959 | 0.041 |
| 8:05-3rd |  | 78 | 64 | 0.951 | 0.049 |
| 7:51-3rd |  | 78 | 64 | 0.944 | 0.056 |
| 7:47-3rd |  | 78 | 64 | 0.942 | 0.058 |
| 7:42-3rd |  | 78 | 64 | 0.949 | 0.051 |
| 7:37-3rd |  | 78 | 66 | 0.93 | 0.07 |
| 7:30-3rd |  | 81 | 66 | 0.952 | 0.048 |
| 7:17-3rd |  | 81 | 68 | 0.943 | 0.057 |
| 7:04-3rd |  | 81 | 68 | 0.935 | 0.065 |
| 7:01-3rd |  | 81 | 68 | 0.932 | 0.068 |
| 6:44-3rd |  | 81 | 70 | 0.919 | 0.081 |
| 6:35-3rd |  | 81 | 70 | 0.919 | 0.081 |
| 6:28-3rd |  | 84 | 70 | 0.945 | 0.055 |
| 6:10-3rd |  | 84 | 70 | 0.953 | 0.047 |
| 6:06-3rd |  | 84 | 70 | 0.956 | 0.044 |
| 5:58-3rd |  | 84 | 70 | 0.949 | 0.051 |
| 5:55-3rd |  | 84 | 70 | 0.947 | 0.053 |
| 5:53-3rd |  | 84 | 72 | 0.935 | 0.065 |
| 5:36-3rd |  | 84 | 72 | 0.923 | 0.077 |
| 5:25-3rd |  | 84 | 72 | 0.923 | 0.077 |
| 5:18-3rd |  | 84 | 74 | 0.908 | 0.092 |
| 5:04-3rd |  | 84 | 74 | 0.896 | 0.104 |
| 5:01-3rd |  | 84 | 75 | 0.891 | 0.109 |
| 4:58-3rd |  | 84 | 75 | 0.891 | 0.109 |
| 4:45-3rd |  | 87 | 75 | 0.925 | 0.075 |
| 4:28-3rd |  | 87 | 75 | 0.939 | 0.061 |
| 4:20-3rd |  | 90 | 75 | 0.96 | 0.04 |
| 4:02-3rd |  | 90 | 77 | 0.951 | 0.049 |
| 3:52-3rd |  | 90 | 77 | 0.944 | 0.056 |
| 3:48-3rd |  | 90 | 77 | 0.942 | 0.058 |
| 3:42-3rd |  | 90 | 80 | 0.913 | 0.087 |
| 3:29-3rd |  | 90 | 80 | 0.901 | 0.099 |
| 3:26-3rd |  | 90 | 80 | 0.897 | 0.103 |
| 3:22-3rd |  | 90 | 81 | 0.897 | 0.103 |
| 3:04-3rd |  | 90 | 81 | 0.882 | 0.118 |
| 3:00-3rd |  | 90 | 81 | 0.877 | 0.123 |
| 2:59-3rd |  | 90 | 81 | 0.898 | 0.102 |
| 2:45-3rd |  | 90 | 83 | 0.856 | 0.144 |
| 2:29-3rd |  | 93 | 83 | 0.9 | 0.1 |
| 2:05-3rd |  | 93 | 83 | 0.92 | 0.08 |
| 2:01-3rd |  | 93 | 83 | 0.902 | 0.098 |
| 1:56-3rd |  | 93 | 83 | 0.916 | 0.084 |
| 1:54-3rd |  | 93 | 83 | 0.902 | 0.098 |
| 1:53-3rd |  | 93 | 85 | 0.882 | 0.118 |
| 1:39-3rd |  | 93 | 85 | 0.865 | 0.135 |
| 1:36-3rd |  | 93 | 85 | 0.86 | 0.14 |
| 1:31-3rd |  | 93 | 85 | 0.878 | 0.122 |
| 1:29-3rd |  | 93 | 85 | 0.884 | 0.116 |
| 1:25-3rd |  | 93 | 85 | 0.86 | 0.14 |
| 1:15-3rd |  | 93 | 88 | 0.802 | 0.198 |
| 59.3-3rd |  | 96 | 88 | 0.862 | 0.138 |
| 47.9-3rd |  | 96 | 88 | 0.881 | 0.119 |
| 45.2-3rd |  | 96 | 91 | 0.803 | 0.197 |
| 41.8-3rd |  | 96 | 91 | 0.764 | 0.236 |
| 39.7-3rd |  | 96 | 94 | 0.69 | 0.31 |
| 31.9-3rd |  | 98 | 94 | 0.73 | 0.27 |
| 12.0-3rd |  | 98 | 96 | 0.689 | 0.311 |
| 8.1-3rd |  | 98 | 96 | 0.751 | 0.249 |
| 0.0-3rd |  | 98 | 96 | 0.67 | 0.33 |
| 12:00-4th |  | 98 | 96 | 0.67 | 0.33 |
| 11:45-4th |  | 98 | 96 | 0.626 | 0.374 |
| 11:33-4th |  | 98 | 96 | 0.671 | 0.329 |
| 11:30-4th |  | 98 | 98 | 0.581 | 0.419 |
| 11:16-4th |  | 98 | 98 | 0.525 | 0.475 |
| 11:06-4th |  | 98 | 100 | 0.467 | 0.533 |
| 10:52-4th |  | 100 | 100 | 0.514 | 0.486 |
| 10:40-4th |  | 100 | 100 | 0.568 | 0.432 |
| 10:24-4th |  | 102 | 102 | 0.511 | 0.489 |
| 10:07-4th |  | 102 | 104 | 0.448 | 0.552 |
| 9:55-4th |  | 102 | 104 | 0.391 | 0.609 |
| 9:51-4th |  | 102 | 106 | 0.343 | 0.657 |
| 9:35-4th |  | 104 | 106 | 0.388 | 0.612 |
| 9:24-4th |  | 104 | 106 | 0.386 | 0.614 |
| 9:18-4th |  | 104 | 106 | 0.426 | 0.574 |
| 9:14-4th |  | 104 | 106 | 0.384 | 0.616 |
| 9:02-4th |  | 104 | 106 | 0.423 | 0.577 |
| 8:59-4th |  | 104 | 106 | 0.436 | 0.564 |
| 8:50-4th |  | 104 | 106 | 0.393 | 0.607 |
| 8:47-4th |  | 104 | 106 | 0.379 | 0.621 |
| 8:41-4th |  | 104 | 106 | 0.433 | 0.567 |
| 8:25-4th |  | 104 | 106 | 0.375 | 0.625 |
| 8:21-4th |  | 104 | 108 | 0.333 | 0.667 |
| 8:13-4th |  | 104 | 107 | 0.385 | 0.615 |
| 8:05-4th |  | 104 | 107 | 0.394 | 0.606 |
| 7:57-4th |  | 104 | 107 | 0.338 | 0.662 |
| 7:55-4th |  | 104 | 107 | 0.323 | 0.677 |
| 7:53-4th |  | 104 | 109 | 0.275 | 0.725 |
| 7:38-4th |  | 104 | 109 | 0.229 | 0.771 |
| 7:35-4th |  | 104 | 109 | 0.214 | 0.786 |
| 7:20-4th |  | 104 | 112 | 0.134 | 0.866 |
| 7:08-4th |  | 106 | 112 | 0.163 | 0.837 |
| 6:43-4th |  | 106 | 113 | 0.157 | 0.843 |
| 6:35-4th |  | 106 | 113 | 0.155 | 0.845 |
| 6:31-4th |  | 106 | 113 | 0.126 | 0.874 |
| 6:28-4th |  | 106 | 113 | 0.116 | 0.884 |
| 6:12-4th |  | 106 | 113 | 0.138 | 0.862 |
| 6:09-4th |  | 106 | 113 | 0.146 | 0.854 |
| 6:06-4th |  | 108 | 113 | 0.183 | 0.817 |
| 5:47-4th |  | 108 | 113 | 0.216 | 0.784 |
| 5:44-4th |  | 108 | 113 | 0.229 | 0.771 |
| 5:39-4th |  | 108 | 113 | 0.173 | 0.827 |
| 5:35-4th |  | 108 | 115 | 0.134 | 0.866 |
| 5:17-4th |  | 110 | 115 | 0.166 | 0.834 |
| 5:00-4th |  | 110 | 115 | 0.2 | 0.8 |
| 4:55-4th |  | 110 | 115 | 0.158 | 0.842 |
| 4:46-4th |  | 110 | 115 | 0.195 | 0.805 |
| 4:42-4th |  | 110 | 115 | 0.207 | 0.793 |
| 4:29-4th |  | 114 | 115 | 0.4 | 0.6 |
| 4:13-4th |  | 114 | 117 | 0.329 | 0.671 |
| 3:48-4th |  | 114 | 117 | 0.267 | 0.733 |
| 3:45-4th |  | 114 | 117 | 0.248 | 0.752 |
| 3:37-4th |  | 114 | 117 | 0.298 | 0.702 |
| 3:36-4th |  | 114 | 117 | 0.315 | 0.685 |
| 3:27-4th |  | 116 | 117 | 0.401 | 0.599 |
| 3:15-4th |  | 116 | 117 | 0.482 | 0.518 |
| 3:00-4th |  | 118 | 117 | 0.557 | 0.443 |
| 2:44-4th |  | 118 | 117 | 0.645 | 0.355 |
| 2:30-4th |  | 118 | 117 | 0.58 | 0.42 |
| 2:28-4th |  | 118 | 117 | 0.557 | 0.443 |
| 2:15-4th |  | 118 | 119 | 0.471 | 0.529 |
| 1:55-4th |  | 120 | 119 | 0.556 | 0.444 |
| 1:48-4th |  | 120 | 122 | 0.38 | 0.62 |
| 1:35-4th |  | 123 | 122 | 0.554 | 0.446 |
| 1:28-4th |  | 123 | 124 | 0.466 | 0.534 |
| 1:18-4th |  | 123 | 126 | 0.273 | 0.727 |
| 59.3-4th |  | 126 | 126 | 0.465 | 0.535 |
| 37.7-4th | TARGET | 126 | 129 | 0.239 | 0.761 |
| 31.5-4th |  | 126 | 130 | 0.154 | 0.846 |
| 29.0-4th |  | 129 | 130 | 0.324 | 0.676 |
| 4.9-4th |  | 129 | 130 | 0.226 | 0.774 |
| 0.0-4th |  | 129 | 130 | 0.0 | 1.0 |

Question

Which event most likely happened at the marked missing position?

Answer Choices

A. Player 6 (Team B) makes 27-foot three pointer
B. Player 5 (Team A) makes 24-foot three pointer (Player 17 (Team B) assists)
C. Player 8 (Team B) makes 6-foot hook shot (Player 14 (Team B) assists)
D. Player 6 (Team A) bad pass (Player 17 (Team B) steals)

Response Format

Return exactly one JSON object:

{
  "answer": "<A|B|C|D>",
  "rationale": "<brief evidence-based justification in 1-3 sentences>",
  "evidence_event_ids": [],
  "evidence_series_times": []
}

Use only event IDs and time labels that are provided above and that support the answer. Use an empty array when the corresponding evidence type is unavailable or unused. Return only the JSON object.
