Task

Reconstruct the missing event in this basketball game. Use the available numerical time-series evidence around the marked row to select the most likely event.

Game

Team A versus Team B, season 22-23.

Time Series

| Game time | Marker | Team A score | Team B score | Team A win probability | Team B win probability |
| --- | --- | --- | --- | --- | --- |
| 12:00-1st |  | 0 | 0 | 0.507 | 0.493 |
| 11:34-1st |  | 2 | 0 | 0.537 | 0.463 |
| 11:15-1st |  | 2 | 0 | 0.554 | 0.446 |
| 11:12-1st |  | 2 | 0 | 0.56 | 0.44 |
| 11:10-1st |  | 4 | 0 | 0.583 | 0.417 |
| 10:49-1st |  | 4 | 2 | 0.56 | 0.44 |
| 10:38-1st |  | 4 | 2 | 0.542 | 0.458 |
| 10:36-1st |  | 4 | 2 | 0.536 | 0.464 |
| 10:27-1st |  | 4 | 2 | 0.554 | 0.446 |
| 10:24-1st |  | 4 | 2 | 0.56 | 0.44 |
| 10:20-1st |  | 4 | 2 | 0.542 | 0.458 |
| 10:18-1st |  | 4 | 2 | 0.536 | 0.464 |
| 10:16-1st |  | 4 | 2 | 0.537 | 0.463 |
| 10:08-1st |  | 4 | 2 | 0.556 | 0.444 |
| 10:03-1st |  | 4 | 2 | 0.562 | 0.438 |
| 9:57-1st |  | 4 | 2 | 0.543 | 0.457 |
| 9:54-1st |  | 4 | 2 | 0.537 | 0.463 |
| 9:49-1st |  | 4 | 5 | 0.486 | 0.514 |
| 9:38-1st |  | 4 | 5 | 0.464 | 0.536 |
| 9:36-1st |  | 4 | 5 | 0.456 | 0.544 |
| 9:29-1st |  | 4 | 5 | 0.478 | 0.522 |
| 9:26-1st |  | 6 | 5 | 0.51 | 0.49 |
| 9:12-1st |  | 6 | 8 | 0.458 | 0.542 |
| 8:53-1st |  | 6 | 8 | 0.432 | 0.568 |
| 8:47-1st |  | 6 | 8 | 0.452 | 0.548 |
| 8:45-1st |  | 6 | 8 | 0.458 | 0.542 |
| 8:25-1st |  | 6 | 8 | 0.437 | 0.563 |
| 8:21-1st |  | 6 | 8 | 0.431 | 0.569 |
| 8:12-1st |  | 6 | 10 | 0.406 | 0.594 |
| 7:48-1st |  | 8 | 10 | 0.43 | 0.57 |
| 7:32-1st |  | 8 | 13 | 0.38 | 0.62 |
| 7:23-1st |  | 11 | 13 | 0.43 | 0.57 |
| 7:08-1st |  | 11 | 13 | 0.451 | 0.549 |
| 7:06-1st |  | 11 | 13 | 0.458 | 0.542 |
| 7:00-1st |  | 11 | 13 | 0.43 | 0.57 |
| 6:53-1st |  | 11 | 16 | 0.379 | 0.621 |
| 6:39-1st |  | 11 | 16 | 0.36 | 0.64 |
| 6:35-1st |  | 11 | 16 | 0.353 | 0.647 |
| 6:30-1st |  | 11 | 16 | 0.353 | 0.647 |
| 6:25-1st |  | 11 | 18 | 0.331 | 0.669 |
| 6:00-1st |  | 13 | 18 | 0.352 | 0.648 |
| 5:38-1st |  | 13 | 18 | 0.371 | 0.629 |
| 5:37-1st |  | 13 | 18 | 0.351 | 0.649 |
| 5:36-1st |  | 13 | 18 | 0.378 | 0.622 |
| 5:35-1st |  | 13 | 18 | 0.355 | 0.645 |
| 5:30-1st |  | 13 | 21 | 0.304 | 0.696 |
| 5:17-1st |  | 13 | 21 | 0.286 | 0.714 |
| 5:13-1st |  | 13 | 21 | 0.28 | 0.72 |
| 5:01-1st |  | 13 | 21 | 0.297 | 0.703 |
| 4:57-1st |  | 13 | 21 | 0.303 | 0.697 |
| 4:51-1st |  | 13 | 21 | 0.279 | 0.721 |
| 4:44-1st |  | 13 | 21 | 0.297 | 0.703 |
| 4:40-1st |  | 13 | 21 | 0.279 | 0.721 |
| 4:31-1st |  | 13 | 21 | 0.296 | 0.704 |
| 4:29-1st |  | 13 | 21 | 0.302 | 0.698 |
| 4:25-1st |  | 13 | 21 | 0.284 | 0.716 |
| 4:20-1st |  | 13 | 21 | 0.278 | 0.722 |
| 4:04-1st |  | 13 | 21 | 0.278 | 0.722 |
| 3:55-1st |  | 13 | 21 | 0.296 | 0.704 |
| 3:53-1st |  | 13 | 21 | 0.277 | 0.723 |
| 3:46-1st |  | 13 | 21 | 0.295 | 0.705 |
| 3:42-1st |  | 13 | 21 | 0.301 | 0.699 |
| 3:35-1st |  | 15 | 21 | 0.324 | 0.676 |
| 3:17-1st |  | 15 | 21 | 0.343 | 0.657 |
| 3:15-1st |  | 15 | 21 | 0.35 | 0.65 |
| 3:12-1st |  | 18 | 21 | 0.402 | 0.598 |
| 3:03-1st |  | 18 | 21 | 0.402 | 0.598 |
| 2:44-1st |  | 18 | 23 | 0.375 | 0.625 |
| 2:36-1st |  | 18 | 23 | 0.354 | 0.646 |
| 2:33-1st |  | 18 | 23 | 0.347 | 0.653 |
| 2:31-1st |  | 18 | 26 | 0.3 | 0.7 |
| 2:18-1st |  | 18 | 26 | 0.279 | 0.721 |
| 2:16-1st |  | 18 | 26 | 0.272 | 0.728 |
| 2:10-1st |  | 18 | 28 | 0.25 | 0.75 |
| 1:57-1st |  | 20 | 28 | 0.272 | 0.728 |
| 1:35-1st |  | 20 | 28 | 0.292 | 0.708 |
| 1:31-1st |  | 20 | 28 | 0.277 | 0.723 |
| 1:29-1st |  | 20 | 28 | 0.27 | 0.73 |
| 1:07-1st |  | 20 | 30 | 0.248 | 0.752 |
| 1:02-1st |  | 22 | 30 | 0.269 | 0.731 |
| 50.8-1st |  | 22 | 33 | 0.225 | 0.775 |
| 38.2-1st |  | 24 | 33 | 0.243 | 0.757 |
| 32.8-1st |  | 24 | 35 | 0.225 | 0.775 |
| 12.7-1st |  | 27 | 35 | 0.268 | 0.732 |
| 1.8-1st |  | 27 | 35 | 0.291 | 0.709 |
| 0.0-1st |  | 27 | 35 | 0.278 | 0.722 |
| 12:00-2nd |  | 27 | 35 | 0.278 | 0.722 |
| 11:48-2nd |  | 27 | 35 | 0.265 | 0.735 |
| 11:38-2nd |  | 27 | 35 | 0.283 | 0.717 |
| 11:35-2nd |  | 29 | 35 | 0.314 | 0.686 |
| 11:21-2nd |  | 29 | 35 | 0.335 | 0.665 |
| 11:17-2nd |  | 29 | 35 | 0.342 | 0.658 |
| 11:15-2nd |  | 29 | 35 | 0.321 | 0.679 |
| 11:11-2nd |  | 29 | 35 | 0.341 | 0.659 |
| 11:09-2nd |  | 31 | 35 | 0.368 | 0.632 |
| 10:47-2nd |  | 31 | 38 | 0.315 | 0.685 |
| 10:29-2nd |  | 31 | 38 | 0.286 | 0.714 |
| 10:23-2nd |  | 31 | 38 | 0.306 | 0.694 |
| 10:17-2nd |  | 31 | 38 | 0.313 | 0.687 |
| 10:11-2nd |  | 31 | 38 | 0.292 | 0.708 |
| 10:09-2nd |  | 31 | 38 | 0.313 | 0.687 |
| 10:07-2nd |  | 33 | 38 | 0.338 | 0.662 |
| 9:47-2nd |  | 33 | 38 | 0.358 | 0.642 |
| 9:42-2nd |  | 33 | 38 | 0.365 | 0.635 |
| 9:38-2nd |  | 35 | 38 | 0.394 | 0.606 |
| 9:23-2nd |  | 35 | 40 | 0.365 | 0.635 |
| 9:09-2nd |  | 35 | 40 | 0.343 | 0.657 |
| 9:05-2nd |  | 35 | 40 | 0.336 | 0.664 |
| 8:55-2nd |  | 35 | 40 | 0.357 | 0.643 |
| 8:52-2nd |  | 35 | 40 | 0.364 | 0.636 |
| 8:45-2nd |  | 38 | 40 | 0.423 | 0.577 |
| 8:28-2nd |  | 38 | 43 | 0.363 | 0.637 |
| 8:12-2nd |  | 38 | 43 | 0.334 | 0.666 |
| 8:00-2nd |  | 38 | 43 | 0.362 | 0.638 |
| 7:48-2nd |  | 38 | 43 | 0.34 | 0.66 |
| 7:43-2nd |  | 38 | 43 | 0.333 | 0.667 |
| 7:36-2nd |  | 38 | 43 | 0.354 | 0.646 |
| 7:34-2nd |  | 38 | 43 | 0.361 | 0.639 |
| 7:26-2nd |  | 38 | 43 | 0.339 | 0.661 |
| 7:24-2nd |  | 38 | 43 | 0.332 | 0.668 |
| 7:21-2nd |  | 38 | 43 | 0.361 | 0.639 |
| 7:05-2nd |  | 39 | 43 | 0.359 | 0.641 |
| 6:49-2nd |  | 39 | 43 | 0.382 | 0.618 |
| 6:44-2nd |  | 39 | 43 | 0.39 | 0.61 |
| 6:41-2nd |  | 39 | 43 | 0.358 | 0.642 |
| 6:25-2nd |  | 39 | 43 | 0.381 | 0.619 |
| 6:21-2nd |  | 39 | 43 | 0.389 | 0.611 |
| 6:12-2nd |  | 39 | 43 | 0.365 | 0.635 |
| 6:09-2nd |  | 39 | 43 | 0.389 | 0.611 |
| 6:08-2nd |  | 41 | 43 | 0.419 | 0.581 |
| 5:45-2nd |  | 41 | 43 | 0.441 | 0.559 |
| 5:42-2nd |  | 41 | 43 | 0.449 | 0.551 |
| 5:36-2nd |  | 41 | 43 | 0.426 | 0.574 |
| 5:33-2nd |  | 41 | 43 | 0.418 | 0.582 |
| 5:30-2nd |  | 41 | 43 | 0.418 | 0.582 |
| 5:22-2nd |  | 41 | 46 | 0.357 | 0.643 |
| 5:11-2nd |  | 41 | 46 | 0.335 | 0.665 |
| 5:08-2nd |  | 41 | 46 | 0.328 | 0.672 |
| 5:01-2nd |  | 41 | 46 | 0.349 | 0.651 |
| 4:58-2nd |  | 41 | 46 | 0.356 | 0.644 |
| 4:54-2nd |  | 41 | 46 | 0.334 | 0.666 |
| 4:52-2nd |  | 41 | 46 | 0.327 | 0.673 |
| 4:39-2nd |  | 41 | 46 | 0.355 | 0.645 |
| 4:30-2nd |  | 41 | 46 | 0.333 | 0.667 |
| 4:26-2nd |  | 41 | 46 | 0.326 | 0.674 |
| 4:16-2nd |  | 41 | 46 | 0.347 | 0.653 |
| 4:14-2nd |  | 41 | 46 | 0.354 | 0.646 |
| 4:08-2nd |  | 44 | 46 | 0.415 | 0.585 |
| 3:46-2nd |  | 44 | 46 | 0.415 | 0.585 |
| 3:43-2nd |  | 44 | 46 | 0.439 | 0.561 |
| 3:39-2nd |  | 44 | 46 | 0.447 | 0.553 |
| 3:37-2nd |  | 46 | 46 | 0.481 | 0.519 |
| 3:20-2nd |  | 46 | 46 | 0.507 | 0.493 |
| 3:18-2nd |  | 46 | 46 | 0.515 | 0.485 |
| 3:11-2nd |  | 49 | 46 | 0.579 | 0.421 |
| 2:43-2nd |  | 49 | 46 | 0.604 | 0.396 |
| 2:37-2nd |  | 49 | 46 | 0.612 | 0.388 |
| 2:33-2nd |  | 52 | 46 | 0.677 | 0.323 |
| 2:18-2nd |  | 52 | 46 | 0.7 | 0.3 |
| 2:14-2nd |  | 52 | 46 | 0.708 | 0.292 |
| 2:05-2nd |  | 52 | 46 | 0.686 | 0.314 |
| 2:02-2nd |  | 52 | 46 | 0.678 | 0.322 |
| 1:55-2nd |  | 52 | 46 | 0.709 | 0.291 |
| 1:50-2nd |  | 54 | 46 | 0.738 | 0.262 |
| 1:29-2nd |  | 54 | 48 | 0.711 | 0.289 |
| 1:17-2nd |  | 56 | 48 | 0.74 | 0.26 |
| 1:00-2nd |  | 56 | 48 | 0.761 | 0.239 |
| 58.9-2nd |  | 56 | 48 | 0.768 | 0.232 |
| 54.2-2nd |  | 56 | 48 | 0.748 | 0.252 |
| 51.0-2nd |  | 56 | 48 | 0.742 | 0.258 |
| 30.0-2nd |  | 56 | 50 | 0.715 | 0.285 |
| 9.5-2nd |  | 56 | 50 | 0.685 | 0.315 |
| 4.9-2nd |  | 56 | 50 | 0.712 | 0.288 |
| 0.9-2nd |  | 56 | 50 | 0.716 | 0.284 |
| 0.0-2nd |  | 56 | 50 | 0.699 | 0.301 |
| 12:00-3rd |  | 56 | 50 | 0.699 | 0.301 |
| 11:48-3rd |  | 56 | 50 | 0.714 | 0.286 |
| 11:45-3rd |  | 56 | 50 | 0.723 | 0.277 |
| 11:36-3rd |  | 58 | 50 | 0.749 | 0.251 |
| 11:21-3rd |  | 58 | 50 | 0.75 | 0.25 |
| 11:13-3rd |  | 58 | 50 | 0.751 | 0.249 |
| 11:08-3rd |  | 58 | 50 | 0.78 | 0.22 |
| 10:53-3rd |  | 58 | 50 | 0.76 | 0.24 |
| 10:51-3rd |  | 58 | 50 | 0.753 | 0.247 |
| 10:37-3rd |  | 58 | 53 | 0.694 | 0.306 |
| 10:21-3rd |  | 61 | 53 | 0.755 | 0.245 |
| 10:08-3rd |  | 61 | 53 | 0.778 | 0.222 |
| 10:06-3rd |  | 61 | 53 | 0.785 | 0.215 |
| 9:58-3rd |  | 61 | 53 | 0.764 | 0.236 |
| 9:56-3rd |  | 61 | 53 | 0.757 | 0.243 |
| 9:50-3rd |  | 61 | 53 | 0.758 | 0.242 |
| 9:41-3rd |  | 61 | 53 | 0.78 | 0.22 |
| 9:40-3rd |  | 61 | 53 | 0.758 | 0.242 |
| 9:38-3rd |  | 61 | 54 | 0.761 | 0.239 |
| 9:26-3rd |  | 64 | 54 | 0.815 | 0.185 |
| 9:11-3rd |  | 64 | 54 | 0.836 | 0.164 |
| 9:07-3rd |  | 64 | 54 | 0.842 | 0.158 |
| 9:05-3rd |  | 66 | 54 | 0.863 | 0.137 |
| 8:45-3rd |  | 66 | 56 | 0.844 | 0.156 |
| 8:40-3rd |  | 66 | 56 | 0.819 | 0.181 |
| 8:33-3rd |  | 66 | 56 | 0.826 | 0.174 |
| 8:29-3rd |  | 66 | 56 | 0.821 | 0.179 |
| 8:16-3rd |  | 66 | 58 | 0.794 | 0.206 |
| 7:53-3rd |  | 66 | 58 | 0.774 | 0.226 |
| 7:50-3rd |  | 66 | 58 | 0.767 | 0.233 |
| 7:40-3rd |  | 66 | 58 | 0.79 | 0.21 |
| 7:37-3rd |  | 66 | 58 | 0.798 | 0.202 |
| 7:32-3rd |  | 66 | 58 | 0.776 | 0.224 |
| 7:29-3rd |  | 66 | 58 | 0.769 | 0.231 |
| 7:17-3rd |  | 66 | 60 | 0.743 | 0.257 |
| 7:00-3rd |  | 66 | 60 | 0.717 | 0.283 |
| 6:57-3rd |  | 66 | 60 | 0.708 | 0.292 |
| 6:51-3rd |  | 66 | 62 | 0.675 | 0.325 |
| 6:33-3rd |  | 66 | 62 | 0.648 | 0.352 |
| 6:30-3rd |  | 66 | 62 | 0.639 | 0.361 |
| 6:25-3rd |  | 66 | 64 | 0.602 | 0.398 |
| 6:13-3rd |  | 66 | 64 | 0.559 | 0.441 |
| 6:00-3rd |  | 66 | 64 | 0.592 | 0.408 |
| 5:58-3rd |  | 66 | 64 | 0.603 | 0.397 |
| 5:54-3rd |  | 66 | 64 | 0.56 | 0.44 |
| 5:32-3rd |  | 66 | 66 | 0.522 | 0.478 |
| 5:21-3rd |  | 68 | 66 | 0.561 | 0.439 |
| 5:11-3rd |  | 68 | 68 | 0.522 | 0.478 |
| 4:53-3rd |  | 68 | 68 | 0.477 | 0.523 |
| 4:41-3rd |  | 68 | 68 | 0.414 | 0.586 |
| 4:25-3rd |  | 68 | 70 | 0.435 | 0.565 |
| 4:12-3rd |  | 71 | 70 | 0.52 | 0.48 |
| 4:02-3rd |  | 71 | 72 | 0.48 | 0.52 |
| 3:55-3rd |  | 71 | 72 | 0.445 | 0.555 |
| 3:52-3rd |  | 71 | 72 | 0.433 | 0.567 |
| 3:47-3rd |  | 71 | 72 | 0.468 | 0.532 |
| 3:45-3rd |  | 71 | 72 | 0.479 | 0.521 |
| 3:35-3rd |  | 71 | 72 | 0.444 | 0.556 |
| 3:31-3rd |  | 71 | 72 | 0.432 | 0.568 |
| 3:30-3rd |  | 71 | 74 | 0.391 | 0.609 |
| 3:21-3rd |  | 71 | 74 | 0.389 | 0.611 |
| 3:07-3rd |  | 74 | 74 | 0.477 | 0.523 |
| 2:59-3rd |  | 74 | 76 | 0.433 | 0.567 |
| 2:42-3rd |  | 74 | 76 | 0.399 | 0.601 |
| 2:38-3rd |  | 74 | 76 | 0.432 | 0.568 |
| 2:33-3rd |  | 74 | 76 | 0.399 | 0.601 |
| 2:30-3rd |  | 74 | 76 | 0.431 | 0.569 |
| 2:26-3rd |  | 74 | 76 | 0.399 | 0.601 |
| 2:24-3rd |  | 74 | 76 | 0.388 | 0.612 |
| 2:19-3rd |  | 74 | 77 | 0.385 | 0.615 |
| 2:06-3rd |  | 74 | 77 | 0.342 | 0.658 |
| 1:46-3rd |  | 74 | 79 | 0.302 | 0.698 |
| 1:39-3rd |  | 74 | 79 | 0.364 | 0.636 |
| 1:30-3rd |  | 74 | 79 | 0.268 | 0.732 |
| 1:27-3rd |  | 74 | 79 | 0.256 | 0.744 |
| 1:25-3rd |  | 74 | 80 | 0.26 | 0.74 |
| 1:14-3rd |  | 74 | 80 | 0.226 | 0.774 |
| 1:11-3rd |  | 74 | 80 | 0.214 | 0.786 |
| 1:09-3rd |  | 74 | 81 | 0.22 | 0.78 |
| 1:07-3rd |  | 74 | 81 | 0.22 | 0.78 |
| 46.7-3rd |  | 74 | 81 | 0.189 | 0.811 |
| 43.9-3rd |  | 74 | 81 | 0.179 | 0.821 |
| 36.7-3rd |  | 74 | 83 | 0.15 | 0.85 |
| 26.6-3rd |  | 76 | 83 | 0.176 | 0.824 |
| 2.4-3rd |  | 76 | 83 | 0.172 | 0.828 |
| 0.0-3rd |  | 76 | 83 | 0.19 | 0.81 |
| 12:00-4th |  | 76 | 83 | 0.19 | 0.81 |
| 11:47-4th |  | 78 | 83 | 0.245 | 0.755 |
| 11:21-4th |  | 78 | 83 | 0.277 | 0.723 |
| 11:19-4th |  | 78 | 83 | 0.288 | 0.712 |
| 11:13-4th |  | 80 | 83 | 0.327 | 0.673 |
| 11:00-4th |  | 80 | 83 | 0.368 | 0.632 |
| 10:57-4th |  | 80 | 83 | 0.381 | 0.619 |
| 10:48-4th |  | 83 | 83 | 0.487 | 0.513 |
| 10:30-4th |  | 83 | 83 | 0.544 | 0.456 |
| 10:19-4th |  | 83 | 83 | 0.501 | 0.499 |
| 10:15-4th |  | 83 | 83 | 0.486 | 0.514 |
| 10:10-4th |  | 83 | 83 | 0.561 | 0.439 |
| 9:51-4th |  | 85 | 83 | 0.604 | 0.396 |
| 9:28-4th |  | 85 | 83 | 0.658 | 0.342 |
| 9:10-4th |  | 88 | 83 | 0.755 | 0.245 |
| 8:50-4th |  | 88 | 83 | 0.8 | 0.2 |
| 8:46-4th |  | 88 | 83 | 0.801 | 0.199 |
| 8:32-4th |  | 88 | 83 | 0.771 | 0.229 |
| 8:29-4th |  | 88 | 83 | 0.76 | 0.24 |
| 8:25-4th |  | 88 | 85 | 0.716 | 0.284 |
| 8:08-4th |  | 90 | 85 | 0.763 | 0.237 |
| 7:50-4th |  | 90 | 85 | 0.756 | 0.244 |
| 7:40-4th |  | 90 | 87 | 0.72 | 0.28 |
| 7:10-4th |  | 92 | 87 | 0.772 | 0.228 |
| 6:48-4th |  | 92 | 87 | 0.812 | 0.188 |
| 6:45-4th |  | 92 | 87 | 0.779 | 0.221 |
| 6:42-4th |  | 92 | 90 | 0.668 | 0.332 |
| 6:26-4th |  | 92 | 90 | 0.622 | 0.378 |
| 6:23-4th |  | 92 | 90 | 0.606 | 0.394 |
| 6:04-4th |  | 92 | 90 | 0.675 | 0.325 |
| 6:00-4th |  | 94 | 90 | 0.741 | 0.259 |
| 5:36-4th |  | 94 | 92 | 0.691 | 0.309 |
| 5:17-4th |  | 96 | 92 | 0.75 | 0.25 |
| 4:58-4th |  | 96 | 95 | 0.633 | 0.367 |
| 4:32-4th |  | 96 | 95 | 0.579 | 0.421 |
| 4:29-4th |  | 96 | 95 | 0.56 | 0.44 |
| 4:22-4th |  | 96 | 97 | 0.49 | 0.51 |
| 4:01-4th |  | 96 | 97 | 0.429 | 0.571 |
| 3:58-4th |  | 96 | 97 | 0.408 | 0.592 |
| 3:54-4th |  | 96 | 97 | 0.469 | 0.531 |
| 3:52-4th |  | 96 | 97 | 0.489 | 0.511 |
| 3:43-4th |  | 96 | 97 | 0.489 | 0.511 |
| 3:35-4th |  | 98 | 97 | 0.562 | 0.438 |
| 3:22-4th |  | 98 | 97 | 0.645 | 0.355 |
| 3:02-4th |  | 98 | 97 | 0.584 | 0.416 |
| 3:00-4th |  | 98 | 97 | 0.563 | 0.437 |
| 2:48-4th |  | 98 | 97 | 0.54 | 0.46 |
| 2:35-4th |  | 98 | 99 | 0.479 | 0.521 |
| 2:26-4th |  | 98 | 99 | 0.386 | 0.614 |
| 2:02-4th |  | 98 | 102 | 0.221 | 0.779 |
| 1:51-4th |  | 100 | 102 | 0.289 | 0.711 |
| 1:30-4th |  | 100 | 104 | 0.207 | 0.793 |
| 1:21-4th |  | 103 | 104 | 0.368 | 0.632 |
| 58.8-4th |  | 103 | 106 | 0.277 | 0.723 |
| 52.1-4th |  | 105 | 106 | 0.363 | 0.637 |
| 27.0-4th |  | 105 | 106 | 0.467 | 0.533 |
| 24.7-4th |  | 105 | 106 | 0.356 | 0.644 |
| 14.3-4th | TARGET | 105 | 106 | 0.133 | 0.867 |
| 10.3-4th |  | 105 | 107 | 0.297 | 0.703 |
| 6.7-4th |  | 107 | 107 | 0.467 | 0.533 |
| 0.0-4th |  | 107 | 107 | 0.5 | 0.5 |
| 5:00-OT |  | 107 | 107 | 0.5 | 0.5 |
| 4:42-OT |  | 107 | 107 | 0.517 | 0.483 |
| 4:40-OT |  | 107 | 107 | 0.467 | 0.533 |
| 4:35-OT |  | 107 | 110 | 0.32 | 0.68 |
| 4:21-OT |  | 109 | 110 | 0.389 | 0.611 |
| 4:03-OT |  | 109 | 110 | 0.446 | 0.554 |
| 4:00-OT |  | 109 | 110 | 0.466 | 0.534 |
| 3:50-OT |  | 109 | 110 | 0.405 | 0.595 |
| 3:45-OT |  | 109 | 110 | 0.384 | 0.616 |
| 3:43-OT |  | 109 | 112 | 0.307 | 0.693 |
| 3:29-OT |  | 109 | 112 | 0.255 | 0.745 |
| 3:24-OT |  | 109 | 112 | 0.237 | 0.763 |
| 3:18-OT |  | 109 | 112 | 0.282 | 0.718 |
| 3:15-OT |  | 109 | 112 | 0.298 | 0.702 |
| 3:10-OT |  | 109 | 112 | 0.296 | 0.704 |
| 3:01-OT |  | 109 | 112 | 0.227 | 0.773 |
| 2:39-OT |  | 109 | 112 | 0.264 | 0.736 |
| 2:36-OT |  | 109 | 112 | 0.211 | 0.789 |
| 2:35-OT |  | 109 | 112 | 0.278 | 0.722 |
| 2:22-OT |  | 109 | 112 | 0.219 | 0.781 |
| 2:18-OT |  | 109 | 112 | 0.269 | 0.731 |
| 2:15-OT |  | 109 | 112 | 0.214 | 0.786 |
| 2:14-OT |  | 109 | 112 | 0.267 | 0.733 |
| 2:07-OT |  | 109 | 112 | 0.209 | 0.791 |
| 2:03-OT |  | 109 | 112 | 0.188 | 0.812 |
| 1:58-OT |  | 109 | 112 | 0.185 | 0.815 |
| 1:50-OT |  | 109 | 114 | 0.129 | 0.871 |
| 1:34-OT |  | 111 | 114 | 0.167 | 0.833 |
| 1:08-OT |  | 111 | 114 | 0.21 | 0.79 |
| 1:05-OT |  | 111 | 114 | 0.229 | 0.771 |
| 1:04-OT |  | 113 | 114 | 0.338 | 0.662 |
| 46.9-OT |  | 113 | 114 | 0.467 | 0.533 |
| 28.3-OT |  | 113 | 114 | 0.309 | 0.691 |
| 25.6-OT |  | 113 | 114 | 0.259 | 0.741 |
| 3.9-OT |  | 113 | 114 | 0.111 | 0.889 |
| 2.8-OT |  | 113 | 114 | 0.089 | 0.911 |
| 2.3-OT |  | 113 | 114 | 0.058 | 0.942 |
| 0.0-OT |  | 113 | 114 | 0.0 | 1.0 |

Question

Which event most likely happened at the marked missing position?

Answer Choices

A. Player 7 (Team A) lost ball turnover (Player 5 (Team B) steals)
B. Player 2 (Team A) personal foul | Player 8 (Team A) enters the game for Player 2 (Team A) | Player 8 (Team B) enters the game for Player 3 (Team B)
C. Player 2 (Team A) lost ball turnover (Player 17 (Team A) steals)
D. Player 6 (Team B) makes driving layup (Player 5 (Team A) assists)

Response Format

Return exactly one JSON object:

{
  "answer": "<A|B|C|D>",
  "rationale": "<brief evidence-based justification in 1-3 sentences>",
  "evidence_event_ids": [],
  "evidence_series_times": []
}

Use only event IDs and time labels that are provided above and that support the answer. Use an empty array when the corresponding evidence type is unavailable or unused. Return only the JSON object.
