Task

Reconstruct the missing event in this basketball game. Use the available numerical time-series evidence around the marked row to select the most likely event.

Game

Team A versus Team B, season 22-23.

Time Series

| Game time | Marker | Team A score | Team B score | Team A win probability | Team B win probability |
| --- | --- | --- | --- | --- | --- |
| 12:00-1st |  | 0 | 0 | 0.189 | 0.811 |
| 11:39-1st |  | 0 | 3 | 0.16 | 0.84 |
| 11:23-1st |  | 0 | 3 | 0.147 | 0.853 |
| 11:01-1st |  | 0 | 3 | 0.159 | 0.841 |
| 10:58-1st |  | 0 | 3 | 0.163 | 0.837 |
| 10:45-1st |  | 2 | 3 | 0.175 | 0.825 |
| 10:38-1st |  | 2 | 3 | 0.178 | 0.822 |
| 10:27-1st |  | 2 | 3 | 0.195 | 0.805 |
| 10:12-1st |  | 3 | 3 | 0.195 | 0.805 |
| 10:10-1st |  | 3 | 3 | 0.195 | 0.805 |
| 10:03-1st |  | 3 | 3 | 0.209 | 0.791 |
| 9:59-1st |  | 3 | 3 | 0.213 | 0.787 |
| 9:49-1st |  | 3 | 3 | 0.201 | 0.799 |
| 9:46-1st |  | 3 | 3 | 0.201 | 0.799 |
| 9:44-1st |  | 3 | 3 | 0.197 | 0.803 |
| 9:36-1st |  | 3 | 3 | 0.215 | 0.785 |
| 9:31-1st |  | 3 | 3 | 0.202 | 0.798 |
| 9:28-1st |  | 3 | 3 | 0.216 | 0.784 |
| 9:23-1st |  | 5 | 3 | 0.233 | 0.767 |
| 9:20-1st |  | 5 | 3 | 0.234 | 0.766 |
| 9:13-1st |  | 5 | 3 | 0.249 | 0.751 |
| 9:09-1st |  | 5 | 3 | 0.235 | 0.765 |
| 9:07-1st |  | 5 | 3 | 0.25 | 0.75 |
| 9:04-1st |  | 5 | 3 | 0.255 | 0.745 |
| 8:54-1st |  | 5 | 3 | 0.241 | 0.759 |
| 8:51-1st |  | 5 | 3 | 0.236 | 0.764 |
| 8:48-1st |  | 5 | 5 | 0.219 | 0.781 |
| 8:33-1st |  | 5 | 5 | 0.207 | 0.793 |
| 8:31-1st |  | 5 | 5 | 0.203 | 0.797 |
| 8:26-1st |  | 5 | 7 | 0.187 | 0.813 |
| 8:18-1st |  | 5 | 7 | 0.171 | 0.829 |
| 8:10-1st |  | 5 | 9 | 0.158 | 0.842 |
| 8:09-1st |  | 5 | 9 | 0.158 | 0.842 |
| 7:56-1st |  | 5 | 9 | 0.145 | 0.855 |
| 7:54-1st |  | 5 | 9 | 0.145 | 0.855 |
| 7:41-1st |  | 5 | 9 | 0.156 | 0.844 |
| 7:37-1st |  | 5 | 9 | 0.146 | 0.854 |
| 7:30-1st |  | 5 | 11 | 0.134 | 0.866 |
| 7:15-1st |  | 5 | 11 | 0.125 | 0.875 |
| 7:11-1st |  | 5 | 11 | 0.123 | 0.877 |
| 7:02-1st |  | 5 | 11 | 0.135 | 0.865 |
| 6:42-1st |  | 5 | 11 | 0.127 | 0.873 |
| 6:40-1st |  | 5 | 11 | 0.124 | 0.876 |
| 6:27-1st |  | 5 | 12 | 0.125 | 0.875 |
| 6:10-1st |  | 5 | 15 | 0.108 | 0.892 |
| 5:59-1st |  | 7 | 15 | 0.103 | 0.897 |
| 5:45-1st |  | 7 | 15 | 0.111 | 0.889 |
| 5:43-1st |  | 7 | 15 | 0.103 | 0.897 |
| 5:41-1st |  | 7 | 18 | 0.084 | 0.916 |
| 5:28-1st |  | 7 | 18 | 0.075 | 0.925 |
| 5:19-1st |  | 7 | 18 | 0.084 | 0.916 |
| 5:06-1st |  | 7 | 18 | 0.075 | 0.925 |
| 4:58-1st |  | 7 | 20 | 0.068 | 0.932 |
| 4:40-1st |  | 7 | 20 | 0.063 | 0.937 |
| 4:39-1st |  | 9 | 20 | 0.076 | 0.924 |
| 4:26-1st |  | 9 | 20 | 0.083 | 0.917 |
| 4:23-1st |  | 9 | 20 | 0.086 | 0.914 |
| 4:14-1st |  | 9 | 20 | 0.079 | 0.921 |
| 4:12-1st |  | 9 | 20 | 0.076 | 0.924 |
| 4:05-1st |  | 9 | 22 | 0.069 | 0.931 |
| 3:43-1st |  | 9 | 22 | 0.064 | 0.936 |
| 3:39-1st |  | 9 | 22 | 0.062 | 0.938 |
| 3:35-1st |  | 9 | 22 | 0.067 | 0.933 |
| 3:34-1st |  | 9 | 22 | 0.069 | 0.931 |
| 3:16-1st |  | 11 | 22 | 0.077 | 0.923 |
| 2:58-1st |  | 11 | 24 | 0.07 | 0.93 |
| 2:36-1st |  | 13 | 24 | 0.077 | 0.923 |
| 2:19-1st |  | 13 | 25 | 0.078 | 0.922 |
| 2:14-1st |  | 13 | 25 | 0.076 | 0.924 |
| 2:13-1st |  | 13 | 25 | 0.078 | 0.922 |
| 2:03-1st |  | 16 | 25 | 0.098 | 0.902 |
| 1:49-1st |  | 16 | 25 | 0.111 | 0.889 |
| 1:44-1st |  | 18 | 25 | 0.122 | 0.878 |
| 1:29-1st |  | 18 | 25 | 0.133 | 0.867 |
| 1:27-1st |  | 18 | 25 | 0.136 | 0.864 |
| 1:15-1st |  | 20 | 25 | 0.15 | 0.85 |
| 58.7-1st |  | 20 | 25 | 0.163 | 0.837 |
| 57.3-1st |  | 20 | 27 | 0.137 | 0.863 |
| 43.1-1st |  | 20 | 27 | 0.123 | 0.877 |
| 38.0-1st |  | 20 | 27 | 0.134 | 0.866 |
| 37.6-1st |  | 20 | 30 | 0.101 | 0.899 |
| 26.0-1st |  | 22 | 30 | 0.111 | 0.889 |
| 5.9-1st |  | 22 | 30 | 0.122 | 0.878 |
| 2.5-1st |  | 22 | 30 | 0.113 | 0.887 |
| 0.9-1st |  | 22 | 30 | 0.11 | 0.89 |
| 0.0-1st |  | 22 | 30 | 0.118 | 0.882 |
| 12:00-2nd |  | 22 | 30 | 0.118 | 0.882 |
| 11:49-2nd |  | 25 | 30 | 0.152 | 0.848 |
| 11:36-2nd |  | 25 | 30 | 0.155 | 0.845 |
| 11:27-2nd |  | 25 | 30 | 0.171 | 0.829 |
| 11:08-2nd |  | 25 | 30 | 0.16 | 0.84 |
| 11:04-2nd |  | 25 | 30 | 0.172 | 0.828 |
| 11:02-2nd |  | 28 | 30 | 0.209 | 0.791 |
| 10:44-2nd |  | 28 | 30 | 0.226 | 0.774 |
| 10:41-2nd |  | 28 | 30 | 0.232 | 0.768 |
| 10:35-2nd |  | 30 | 30 | 0.254 | 0.746 |
| 10:21-2nd |  | 30 | 30 | 0.273 | 0.727 |
| 10:18-2nd |  | 30 | 30 | 0.28 | 0.72 |
| 10:12-2nd |  | 30 | 30 | 0.256 | 0.744 |
| 10:04-2nd |  | 30 | 30 | 0.275 | 0.725 |
| 10:00-2nd |  | 30 | 30 | 0.281 | 0.719 |
| 9:52-2nd |  | 30 | 30 | 0.264 | 0.736 |
| 9:50-2nd |  | 31 | 30 | 0.281 | 0.719 |
| 9:32-2nd |  | 31 | 30 | 0.307 | 0.693 |
| 9:28-2nd |  | 33 | 30 | 0.334 | 0.666 |
| 9:21-2nd |  | 33 | 30 | 0.337 | 0.663 |
| 9:12-2nd |  | 33 | 30 | 0.358 | 0.642 |
| 9:08-2nd |  | 33 | 30 | 0.365 | 0.635 |
| 9:02-2nd |  | 36 | 30 | 0.423 | 0.577 |
| 8:52-2nd |  | 36 | 32 | 0.398 | 0.602 |
| 8:36-2nd |  | 36 | 32 | 0.377 | 0.623 |
| 8:32-2nd |  | 36 | 32 | 0.37 | 0.63 |
| 8:27-2nd |  | 36 | 32 | 0.394 | 0.606 |
| 8:26-2nd |  | 36 | 32 | 0.371 | 0.629 |
| 8:21-2nd |  | 36 | 32 | 0.4 | 0.6 |
| 8:05-2nd |  | 38 | 32 | 0.432 | 0.568 |
| 7:40-2nd |  | 38 | 34 | 0.409 | 0.591 |
| 7:24-2nd |  | 38 | 34 | 0.388 | 0.612 |
| 7:19-2nd |  | 40 | 34 | 0.44 | 0.56 |
| 7:12-2nd |  | 40 | 34 | 0.466 | 0.534 |
| 7:10-2nd |  | 40 | 34 | 0.475 | 0.525 |
| 7:00-2nd |  | 40 | 34 | 0.452 | 0.548 |
| 6:58-2nd |  | 40 | 34 | 0.444 | 0.556 |
| 6:48-2nd |  | 40 | 35 | 0.449 | 0.551 |
| 6:45-2nd |  | 40 | 35 | 0.449 | 0.551 |
| 6:32-2nd |  | 40 | 35 | 0.426 | 0.574 |
| 6:28-2nd |  | 40 | 35 | 0.419 | 0.581 |
| 6:22-2nd |  | 40 | 38 | 0.361 | 0.639 |
| 5:57-2nd |  | 40 | 38 | 0.343 | 0.657 |
| 5:54-2nd |  | 40 | 38 | 0.365 | 0.635 |
| 5:52-2nd |  | 42 | 38 | 0.393 | 0.607 |
| 5:42-2nd |  | 42 | 39 | 0.398 | 0.602 |
| 5:39-2nd |  | 42 | 39 | 0.398 | 0.602 |
| 5:20-2nd |  | 44 | 39 | 0.429 | 0.571 |
| 5:05-2nd |  | 44 | 39 | 0.457 | 0.543 |
| 5:02-2nd |  | 44 | 39 | 0.466 | 0.534 |
| 4:58-2nd |  | 46 | 39 | 0.5 | 0.5 |
| 4:42-2nd |  | 46 | 41 | 0.47 | 0.53 |
| 4:31-2nd |  | 46 | 41 | 0.446 | 0.554 |
| 4:28-2nd |  | 46 | 41 | 0.438 | 0.562 |
| 4:25-2nd |  | 46 | 43 | 0.409 | 0.591 |
| 4:08-2nd |  | 48 | 43 | 0.441 | 0.559 |
| 3:55-2nd |  | 48 | 43 | 0.469 | 0.531 |
| 3:52-2nd |  | 48 | 43 | 0.478 | 0.522 |
| 3:45-2nd |  | 51 | 43 | 0.549 | 0.451 |
| 3:28-2nd |  | 51 | 45 | 0.516 | 0.484 |
| 3:09-2nd |  | 51 | 45 | 0.516 | 0.484 |
| 3:07-2nd |  | 51 | 45 | 0.493 | 0.507 |
| 3:02-2nd |  | 51 | 45 | 0.485 | 0.515 |
| 2:58-2nd |  | 51 | 47 | 0.454 | 0.546 |
| 2:40-2nd |  | 53 | 47 | 0.489 | 0.511 |
| 2:26-2nd |  | 53 | 47 | 0.519 | 0.481 |
| 2:22-2nd |  | 53 | 47 | 0.529 | 0.471 |
| 2:05-2nd |  | 53 | 47 | 0.505 | 0.495 |
| 2:02-2nd |  | 53 | 47 | 0.533 | 0.467 |
| 2:00-2nd |  | 55 | 47 | 0.57 | 0.43 |
| 1:37-2nd |  | 55 | 47 | 0.603 | 0.397 |
| 1:33-2nd |  | 55 | 47 | 0.613 | 0.387 |
| 1:24-2nd |  | 57 | 47 | 0.644 | 0.356 |
| 1:12-2nd |  | 57 | 49 | 0.617 | 0.383 |
| 1:03-2nd |  | 57 | 49 | 0.582 | 0.418 |
| 59.8-2nd |  | 57 | 51 | 0.545 | 0.455 |
| 45.4-2nd |  | 57 | 51 | 0.519 | 0.481 |
| 41.7-2nd |  | 57 | 51 | 0.51 | 0.49 |
| 36.4-2nd |  | 57 | 53 | 0.478 | 0.522 |
| 27.6-2nd |  | 59 | 53 | 0.513 | 0.487 |
| 9.0-2nd |  | 59 | 53 | 0.544 | 0.456 |
| 4.1-2nd |  | 59 | 53 | 0.521 | 0.479 |
| 3.3-2nd |  | 59 | 55 | 0.485 | 0.515 |
| 0.6-2nd |  | 59 | 55 | 0.487 | 0.513 |
| 0.0-2nd |  | 59 | 55 | 0.465 | 0.535 |
| 12:00-3rd |  | 59 | 55 | 0.465 | 0.535 |
| 11:46-3rd | TARGET | 62 | 55 | 0.563 | 0.437 |
| 11:30-3rd |  | 62 | 55 | 0.597 | 0.403 |
| 11:26-3rd |  | 62 | 55 | 0.608 | 0.392 |
| 11:19-3rd |  | 63 | 55 | 0.602 | 0.398 |
| 11:04-3rd |  | 63 | 55 | 0.644 | 0.356 |
| 11:03-3rd |  | 66 | 55 | 0.711 | 0.289 |
| 10:53-3rd |  | 66 | 55 | 0.737 | 0.263 |
| 10:50-3rd |  | 66 | 55 | 0.746 | 0.254 |
| 10:41-3rd |  | 69 | 55 | 0.809 | 0.191 |
| 10:31-3rd |  | 69 | 55 | 0.831 | 0.169 |
| 10:28-3rd |  | 69 | 55 | 0.838 | 0.162 |
| 10:19-3rd |  | 69 | 55 | 0.821 | 0.179 |
| 10:16-3rd |  | 69 | 55 | 0.815 | 0.185 |
| 10:13-3rd |  | 69 | 58 | 0.755 | 0.245 |
| 10:01-3rd |  | 72 | 58 | 0.817 | 0.183 |
| 9:48-3rd |  | 72 | 60 | 0.79 | 0.21 |
| 9:38-3rd |  | 72 | 60 | 0.77 | 0.23 |
| 9:37-3rd |  | 72 | 60 | 0.793 | 0.207 |
| 9:24-3rd |  | 72 | 60 | 0.773 | 0.227 |
| 9:20-3rd |  | 72 | 60 | 0.797 | 0.203 |
| 9:19-3rd |  | 75 | 60 | 0.851 | 0.149 |
| 9:14-3rd |  | 75 | 60 | 0.852 | 0.148 |
| 9:00-3rd |  | 75 | 60 | 0.87 | 0.13 |
| 8:56-3rd |  | 75 | 60 | 0.855 | 0.145 |
| 8:53-3rd |  | 75 | 62 | 0.832 | 0.168 |
| 8:51-3rd |  | 75 | 62 | 0.802 | 0.198 |
| 8:33-3rd |  | 77 | 62 | 0.86 | 0.14 |
| 8:14-3rd |  | 77 | 62 | 0.879 | 0.121 |
| 8:11-3rd |  | 77 | 62 | 0.885 | 0.115 |
| 8:06-3rd |  | 80 | 62 | 0.921 | 0.079 |
| 7:51-3rd |  | 80 | 64 | 0.908 | 0.092 |
| 7:44-3rd |  | 80 | 64 | 0.89 | 0.11 |
| 7:32-3rd |  | 80 | 66 | 0.871 | 0.129 |
| 7:13-3rd |  | 80 | 67 | 0.853 | 0.147 |
| 6:59-3rd |  | 80 | 69 | 0.799 | 0.201 |
| 6:43-3rd |  | 80 | 69 | 0.773 | 0.227 |
| 6:33-3rd |  | 80 | 71 | 0.743 | 0.257 |
| 6:26-3rd |  | 80 | 71 | 0.745 | 0.255 |
| 6:19-3rd |  | 82 | 71 | 0.779 | 0.221 |
| 6:02-3rd |  | 82 | 71 | 0.805 | 0.195 |
| 5:57-3rd |  | 82 | 71 | 0.814 | 0.186 |
| 5:42-3rd |  | 84 | 71 | 0.845 | 0.155 |
| 5:25-3rd |  | 84 | 71 | 0.869 | 0.131 |
| 5:24-3rd |  | 84 | 71 | 0.849 | 0.151 |
| 5:22-3rd |  | 84 | 73 | 0.822 | 0.178 |
| 5:07-3rd |  | 84 | 73 | 0.804 | 0.196 |
| 5:04-3rd |  | 84 | 73 | 0.797 | 0.203 |
| 5:01-3rd |  | 84 | 73 | 0.797 | 0.203 |
| 4:42-3rd |  | 84 | 73 | 0.825 | 0.175 |
| 4:40-3rd |  | 86 | 73 | 0.858 | 0.142 |
| 4:29-3rd |  | 86 | 75 | 0.835 | 0.165 |
| 4:09-3rd |  | 89 | 75 | 0.888 | 0.112 |
| 3:51-3rd |  | 89 | 75 | 0.907 | 0.093 |
| 3:49-3rd |  | 89 | 75 | 0.913 | 0.087 |
| 3:38-3rd |  | 91 | 75 | 0.929 | 0.071 |
| 3:25-3rd |  | 91 | 75 | 0.944 | 0.056 |
| 3:21-3rd |  | 91 | 75 | 0.949 | 0.051 |
| 3:12-3rd |  | 91 | 75 | 0.933 | 0.067 |
| 2:59-3rd |  | 91 | 75 | 0.948 | 0.052 |
| 2:58-3rd |  | 91 | 75 | 0.936 | 0.064 |
| 2:48-3rd |  | 91 | 75 | 0.949 | 0.051 |
| 2:45-3rd |  | 91 | 75 | 0.95 | 0.05 |
| 2:44-3rd |  | 91 | 75 | 0.954 | 0.046 |
| 2:40-3rd |  | 91 | 75 | 0.939 | 0.061 |
| 2:36-3rd |  | 91 | 75 | 0.951 | 0.049 |
| 2:32-3rd |  | 93 | 75 | 0.964 | 0.036 |
| 2:12-3rd |  | 93 | 78 | 0.946 | 0.054 |
| 1:49-3rd |  | 96 | 78 | 0.969 | 0.031 |
| 1:38-3rd |  | 96 | 78 | 0.979 | 0.021 |
| 1:35-3rd |  | 96 | 78 | 0.973 | 0.027 |
| 1:34-3rd |  | 96 | 78 | 0.978 | 0.022 |
| 1:33-3rd |  | 98 | 78 | 0.984 | 0.016 |
| 1:27-3rd |  | 98 | 80 | 0.979 | 0.021 |
| 1:18-3rd |  | 100 | 80 | 0.985 | 0.015 |
| 1:07-3rd |  | 100 | 82 | 0.981 | 0.019 |
| 49.4-3rd |  | 100 | 82 | 0.977 | 0.023 |
| 48.5-3rd |  | 102 | 82 | 0.987 | 0.013 |
| 31.3-3rd |  | 102 | 82 | 0.991 | 0.009 |
| 30.8-3rd |  | 102 | 82 | 0.988 | 0.012 |
| 24.0-3rd |  | 102 | 84 | 0.984 | 0.016 |
| 4.8-3rd |  | 104 | 84 | 0.99 | 0.01 |
| 0.8-3rd |  | 104 | 84 | 0.992 | 0.008 |
| 0.1-3rd |  | 104 | 84 | 0.99 | 0.01 |
| 0.0-3rd |  | 104 | 84 | 0.991 | 0.009 |
| 12:00-4th |  | 104 | 84 | 0.991 | 0.009 |
| 11:49-4th |  | 104 | 84 | 0.993 | 0.007 |
| 11:30-4th |  | 104 | 84 | 0.993 | 0.007 |
| 11:27-4th |  | 104 | 84 | 0.994 | 0.006 |
| 11:26-4th |  | 104 | 84 | 0.992 | 0.008 |
| 11:15-4th |  | 104 | 84 | 0.994 | 0.006 |
| 11:12-4th |  | 104 | 84 | 0.994 | 0.006 |
| 11:05-4th |  | 104 | 84 | 0.993 | 0.007 |
| 11:02-4th |  | 104 | 84 | 0.993 | 0.007 |
| 10:46-4th |  | 104 | 84 | 0.995 | 0.005 |
| 10:43-4th |  | 104 | 84 | 0.995 | 0.005 |
| 10:35-4th |  | 104 | 84 | 0.994 | 0.006 |
| 10:30-4th |  | 104 | 84 | 0.993 | 0.007 |
| 10:24-4th |  | 104 | 86 | 0.99 | 0.01 |
| 10:13-4th |  | 104 | 86 | 0.988 | 0.012 |
| 10:12-4th |  | 104 | 86 | 0.987 | 0.013 |
| 9:51-4th |  | 104 | 86 | 0.991 | 0.009 |
| 9:45-4th |  | 104 | 86 | 0.992 | 0.008 |
| 9:33-4th |  | 104 | 86 | 0.989 | 0.011 |
| 9:21-4th |  | 104 | 89 | 0.98 | 0.02 |
| 9:03-4th |  | 106 | 89 | 0.986 | 0.014 |
| 8:49-4th |  | 106 | 89 | 0.991 | 0.009 |
| 8:45-4th |  | 106 | 89 | 0.992 | 0.008 |
| 8:38-4th |  | 106 | 89 | 0.988 | 0.012 |
| 8:34-4th |  | 106 | 91 | 0.984 | 0.016 |
| 8:19-4th |  | 109 | 91 | 0.993 | 0.007 |
| 8:07-4th |  | 109 | 91 | 0.996 | 0.004 |
| 8:04-4th |  | 109 | 91 | 0.997 | 0.003 |
| 7:49-4th |  | 109 | 91 | 0.995 | 0.005 |
| 7:46-4th |  | 109 | 91 | 0.995 | 0.005 |
| 7:44-4th |  | 109 | 91 | 0.995 | 0.005 |
| 7:30-4th |  | 109 | 94 | 0.989 | 0.011 |
| 7:13-4th |  | 109 | 94 | 0.985 | 0.015 |
| 7:11-4th |  | 109 | 94 | 0.985 | 0.015 |
| 7:03-4th |  | 109 | 96 | 0.979 | 0.021 |
| 6:41-4th |  | 109 | 96 | 0.972 | 0.028 |
| 6:27-4th |  | 109 | 96 | 0.98 | 0.02 |
| 6:25-4th |  | 109 | 98 | 0.964 | 0.036 |
| 6:14-4th |  | 111 | 98 | 0.976 | 0.024 |
| 5:56-4th |  | 111 | 98 | 0.983 | 0.017 |
| 5:53-4th |  | 111 | 98 | 0.986 | 0.014 |
| 5:40-4th |  | 113 | 98 | 0.991 | 0.009 |
| 5:26-4th |  | 113 | 98 | 0.994 | 0.006 |
| 5:23-4th |  | 113 | 98 | 0.995 | 0.005 |
| 5:16-4th |  | 113 | 98 | 0.996 | 0.004 |
| 5:09-4th |  | 113 | 98 | 0.994 | 0.006 |
| 5:05-4th |  | 113 | 98 | 0.994 | 0.006 |
| 4:57-4th |  | 113 | 98 | 0.996 | 0.004 |
| 4:53-4th |  | 113 | 98 | 0.997 | 0.003 |
| 4:36-4th |  | 115 | 98 | 0.999 | 0.001 |
| 4:35-4th |  | 115 | 98 | 0.999 | 0.001 |
| 4:25-4th |  | 115 | 98 | 0.999 | 0.001 |
| 4:23-4th |  | 115 | 98 | 0.999 | 0.001 |
| 4:09-4th |  | 115 | 98 | 0.999 | 0.001 |
| 4:02-4th |  | 115 | 98 | 0.999 | 0.001 |
| 3:58-4th |  | 115 | 98 | 0.999 | 0.001 |
| 3:56-4th |  | 115 | 98 | 0.999 | 0.001 |
| 3:55-4th |  | 115 | 98 | 0.999 | 0.001 |
| 3:53-4th |  | 115 | 98 | 0.999 | 0.001 |
| 3:51-4th |  | 115 | 100 | 0.999 | 0.001 |
| 3:24-4th |  | 117 | 100 | 0.999 | 0.001 |
| 3:12-4th |  | 117 | 100 | 0.999 | 0.001 |
| 3:09-4th |  | 117 | 100 | 0.999 | 0.001 |
| 2:48-4th |  | 120 | 100 | 0.999 | 0.001 |
| 2:44-4th |  | 120 | 102 | 0.999 | 0.001 |
| 2:32-4th |  | 120 | 102 | 0.999 | 0.001 |
| 2:25-4th |  | 120 | 102 | 0.999 | 0.001 |
| 2:22-4th |  | 120 | 102 | 0.999 | 0.001 |
| 2:19-4th |  | 120 | 102 | 0.999 | 0.001 |
| 2:18-4th |  | 120 | 102 | 0.999 | 0.001 |
| 2:01-4th |  | 120 | 102 | 0.999 | 0.001 |
| 1:57-4th |  | 120 | 102 | 0.999 | 0.001 |
| 1:54-4th |  | 120 | 104 | 0.999 | 0.001 |
| 1:40-4th |  | 122 | 104 | 0.999 | 0.001 |
| 1:30-4th |  | 122 | 104 | 0.999 | 0.001 |
| 1:26-4th |  | 122 | 104 | 0.999 | 0.001 |
| 1:17-4th |  | 122 | 104 | 0.999 | 0.001 |
| 1:11-4th |  | 122 | 104 | 0.999 | 0.001 |
| 1:05-4th |  | 122 | 104 | 0.999 | 0.001 |
| 1:02-4th |  | 122 | 104 | 0.999 | 0.001 |
| 56.0-4th |  | 122 | 104 | 0.999 | 0.001 |
| 55.6-4th |  | 124 | 104 | 0.999 | 0.001 |
| 54.9-4th |  | 124 | 104 | 0.999 | 0.001 |
| 46.9-4th |  | 124 | 107 | 0.999 | 0.001 |
| 24.2-4th |  | 126 | 107 | 0.999 | 0.001 |
| 12.4-4th |  | 126 | 109 | 0.999 | 0.001 |
| 0.0-4th |  | 126 | 109 | 1.0 | 0.0 |

Question

Which event most likely happened at the marked missing position?

Answer Choices

A. Player 11 (Team B) enters the game for Player 5 (Team A)
B. Player 4 (Team A) makes 26-foot step back jumpshot
C. Player 12 (Team B) makes 27-foot three point jumper (Player 12 (Team A) assists)
D. Player 12 (Team A) misses 15-foot pullup jump shot

Response Format

Return exactly one JSON object:

{
  "answer": "<A|B|C|D>",
  "rationale": "<brief evidence-based justification in 1-3 sentences>",
  "evidence_event_ids": [],
  "evidence_series_times": []
}

Use only event IDs and time labels that are provided above and that support the answer. Use an empty array when the corresponding evidence type is unavailable or unused. Return only the JSON object.
