Task

Reconstruct the missing event in this basketball game. Use the available numerical time-series evidence around the marked row to select the most likely event.

Game

Team A versus Team B, season 22-23.

Time Series

| Game time | Marker | Team A score | Team B score | Team A win probability | Team B win probability |
| --- | --- | --- | --- | --- | --- |
| 12:00-1st |  | 0.0 | 0.0 | 0.573 | 0.427 |
| 11:41-1st |  | 0.0 | 0.0 | 0.592 | 0.408 |
| 11:26-1st |  | 3.0 | 0.0 | 0.641 | 0.359 |
| 11:07-1st |  | 3.0 | 0.0 | 0.66 | 0.34 |
| 11:05-1st |  | 3.0 | 0.0 | 0.666 | 0.334 |
| 10:53-1st |  | 3.0 | 0.0 | 0.647 | 0.353 |
| 10:49-1st |  | 3.0 | 0.0 | 0.64 | 0.36 |
| 10:41-1st |  | 3.0 | 2.0 | 0.621 | 0.379 |
| 10:32-1st |  | 3.0 | 2.0 | 0.592 | 0.408 |
| 10:28-1st |  | 3.0 | 4.0 | 0.568 | 0.432 |
| 10:15-1st |  | 3.0 | 4.0 | 0.542 | 0.458 |
| 10:13-1st |  | 3.0 | 4.0 | 0.542 | 0.458 |
| 10:02-1st |  | 3.0 | 4.0 | 0.56 | 0.44 |
| 10:00-1st |  | 3.0 | 4.0 | 0.566 | 0.434 |
| 9:56-1st |  | 3.0 | 4.0 | 0.541 | 0.459 |
| 9:37-1st |  | 3.0 | 7.0 | 0.49 | 0.51 |
| 9:17-1st |  | 3.0 | 7.0 | 0.469 | 0.531 |
| 9:14-1st |  | 3.0 | 7.0 | 0.462 | 0.538 |
| 9:11-1st |  | 3.0 | 7.0 | 0.482 | 0.518 |
| 9:08-1st |  | 3.0 | 7.0 | 0.489 | 0.511 |
| 8:57-1st |  | 3.0 | 7.0 | 0.468 | 0.532 |
| 8:55-1st |  | 3.0 | 7.0 | 0.461 | 0.539 |
| 8:44-1st |  | 3.0 | 7.0 | 0.481 | 0.519 |
| 8:41-1st |  | 3.0 | 7.0 | 0.488 | 0.512 |
| 8:40-1st |  | 3.0 | 7.0 | 0.485 | 0.515 |
| 8:35-1st |  | 3.0 | 7.0 | 0.467 | 0.533 |
| 8:33-1st |  | 3.0 | 7.0 | 0.461 | 0.539 |
| 8:29-1st |  | 3.0 | 10.0 | 0.407 | 0.593 |
| 8:16-1st |  | 3.0 | 10.0 | 0.407 | 0.593 |
| 8:08-1st |  | 5.0 | 10.0 | 0.432 | 0.568 |
| 7:44-1st |  | 5.0 | 10.0 | 0.451 | 0.549 |
| 7:43-1st |  | 5.0 | 10.0 | 0.457 | 0.543 |
| 7:41-1st |  | 5.0 | 10.0 | 0.457 | 0.543 |
| 7:34-1st |  | 5.0 | 10.0 | 0.43 | 0.57 |
| 7:30-1st |  | 5.0 | 12.0 | 0.404 | 0.596 |
| 7:13-1st |  | 5.0 | 12.0 | 0.383 | 0.617 |
| 7:11-1st |  | 5.0 | 12.0 | 0.376 | 0.624 |
| 7:03-1st |  | 5.0 | 15.0 | 0.324 | 0.676 |
| 7:02-1st |  | 5.0 | 15.0 | 0.324 | 0.676 |
| 6:47-1st |  | 5.0 | 15.0 | 0.305 | 0.695 |
| 6:45-1st |  | 5.0 | 15.0 | 0.299 | 0.701 |
| 6:37-1st |  | 5.0 | 17.0 | 0.277 | 0.723 |
| 6:23-1st |  | 5.0 | 17.0 | 0.254 | 0.746 |
| 6:07-1st |  | 5.0 | 19.0 | 0.229 | 0.771 |
| 5:45-1st |  | 5.0 | 19.0 | 0.206 | 0.794 |
| 5:38-1st |  | 5.0 | 19.0 | 0.227 | 0.773 |
| 5:34-1st |  | 8.0 | 19.0 | 0.27 | 0.73 |
| 5:18-1st |  | 8.0 | 19.0 | 0.286 | 0.714 |
| 5:15-1st |  | 8.0 | 19.0 | 0.292 | 0.708 |
| 5:10-1st |  | 8.0 | 19.0 | 0.362 | 0.638 |
| 5:04-1st |  | 8.0 | 19.0 | 0.273 | 0.727 |
| 5:00-1st |  | 8.0 | 19.0 | 0.267 | 0.733 |
| 4:45-1st |  | 8.0 | 19.0 | 0.284 | 0.716 |
| 4:41-1st |  | 8.0 | 19.0 | 0.265 | 0.735 |
| 4:40-1st |  | 8.0 | 21.0 | 0.244 | 0.756 |
| 4:35-1st |  | 10.0 | 21.0 | 0.265 | 0.735 |
| 4:22-1st |  | 10.0 | 24.0 | 0.221 | 0.779 |
| 4:09-1st |  | 10.0 | 24.0 | 0.199 | 0.801 |
| 4:04-1st |  | 10.0 | 24.0 | 0.219 | 0.781 |
| 3:59-1st |  | 10.0 | 24.0 | 0.203 | 0.797 |
| 3:57-1st |  | 10.0 | 24.0 | 0.198 | 0.802 |
| 3:44-1st |  | 10.0 | 24.0 | 0.213 | 0.787 |
| 3:40-1st |  | 10.0 | 24.0 | 0.218 | 0.782 |
| 3:37-1st |  | 10.0 | 24.0 | 0.202 | 0.798 |
| 3:35-1st |  | 10.0 | 24.0 | 0.196 | 0.804 |
| 3:22-1st |  | 10.0 | 25.0 | 0.177 | 0.823 |
| 3:14-1st |  | 10.0 | 27.0 | 0.156 | 0.844 |
| 2:59-1st |  | 12.0 | 27.0 | 0.175 | 0.825 |
| 2:47-1st |  | 12.0 | 27.0 | 0.192 | 0.808 |
| 2:22-1st |  | 15.0 | 27.0 | 0.235 | 0.765 |
| 2:01-1st |  | 15.0 | 27.0 | 0.249 | 0.751 |
| 1:59-1st |  | 15.0 | 27.0 | 0.233 | 0.767 |
| 1:56-1st |  | 15.0 | 30.0 | 0.188 | 0.812 |
| 1:33-1st |  | 18.0 | 30.0 | 0.231 | 0.769 |
| 1:22-1st |  | 18.0 | 30.0 | 0.198 | 0.802 |
| 1:12-1st |  | 18.0 | 33.0 | 0.186 | 0.814 |
| 1:03-1st |  | 18.0 | 33.0 | 0.218 | 0.782 |
| 50.1-1st |  | 18.0 | 33.0 | 0.164 | 0.836 |
| 41.1-1st |  | 18.0 | 33.0 | 0.179 | 0.821 |
| 39.1-1st |  | 18.0 | 33.0 | 0.184 | 0.816 |
| 29.1-1st |  | 20.0 | 33.0 | 0.206 | 0.794 |
| 16.1-1st |  | 20.0 | 35.0 | 0.182 | 0.818 |
| 1.1-1st |  | 20.0 | 35.0 | 0.164 | 0.836 |
| 0.0-1st |  | 20.0 | 35.0 | 0.176 | 0.824 |
| 12:00-2nd |  | 20.0 | 35.0 | 0.176 | 0.824 |
| 11:46-2nd |  | 22.0 | 35.0 | 0.199 | 0.801 |
| 11:40-2nd |  | 22.0 | 35.0 | 0.198 | 0.802 |
| 11:33-2nd |  | 22.0 | 35.0 | 0.214 | 0.786 |
| 11:31-2nd |  | 22.0 | 35.0 | 0.219 | 0.781 |
| 11:27-2nd |  | 22.0 | 35.0 | 0.197 | 0.803 |
| 11:23-2nd |  | 25.0 | 35.0 | 0.265 | 0.735 |
| 11:02-2nd |  | 25.0 | 37.0 | 0.238 | 0.762 |
| 10:53-2nd |  | 27.0 | 37.0 | 0.262 | 0.738 |
| 10:38-2nd |  | 27.0 | 37.0 | 0.28 | 0.72 |
| 10:35-2nd |  | 27.0 | 37.0 | 0.286 | 0.714 |
| 10:33-2nd |  | 29.0 | 37.0 | 0.313 | 0.687 |
| 10:21-2nd |  | 29.0 | 37.0 | 0.342 | 0.658 |
| 10:17-2nd |  | 31.0 | 37.0 | 0.365 | 0.635 |
| 10:01-2nd |  | 31.0 | 39.0 | 0.34 | 0.66 |
| 9:53-2nd |  | 31.0 | 39.0 | 0.31 | 0.69 |
| 9:40-2nd |  | 31.0 | 39.0 | 0.339 | 0.661 |
| 9:29-2nd |  | 31.0 | 39.0 | 0.315 | 0.685 |
| 9:26-2nd |  | 31.0 | 39.0 | 0.338 | 0.662 |
| 9:24-2nd |  | 34.0 | 39.0 | 0.393 | 0.607 |
| 9:07-2nd |  | 34.0 | 41.0 | 0.362 | 0.638 |
| 9:00-2nd |  | 34.0 | 41.0 | 0.333 | 0.667 |
| 8:50-2nd |  | 34.0 | 41.0 | 0.354 | 0.646 |
| 8:45-2nd |  | 34.0 | 43.0 | 0.305 | 0.695 |
| 8:34-2nd |  | 36.0 | 43.0 | 0.332 | 0.668 |
| 8:23-2nd |  | 36.0 | 46.0 | 0.275 | 0.725 |
| 8:22-2nd |  | 36.0 | 46.0 | 0.275 | 0.725 |
| 8:10-2nd |  | 38.0 | 46.0 | 0.3 | 0.7 |
| 7:47-2nd |  | 38.0 | 46.0 | 0.321 | 0.679 |
| 7:42-2nd |  | 38.0 | 46.0 | 0.32 | 0.68 |
| 7:40-2nd |  | 38.0 | 46.0 | 0.328 | 0.672 |
| 7:37-2nd |  | 38.0 | 46.0 | 0.297 | 0.703 |
| 7:29-2nd |  | 38.0 | 46.0 | 0.319 | 0.681 |
| 7:26-2nd |  | 38.0 | 46.0 | 0.327 | 0.673 |
| 7:25-2nd |  | 38.0 | 46.0 | 0.37 | 0.63 |
| 7:20-2nd |  | 38.0 | 46.0 | 0.3 | 0.7 |
| 7:15-2nd |  | 38.0 | 46.0 | 0.292 | 0.708 |
| 7:07-2nd |  | 38.0 | 48.0 | 0.268 | 0.732 |
| 6:58-2nd |  | 38.0 | 48.0 | 0.247 | 0.753 |
| 6:57-2nd |  | 38.0 | 48.0 | 0.241 | 0.759 |
| 6:38-2nd |  | 38.0 | 48.0 | 0.259 | 0.741 |
| 6:35-2nd |  | 38.0 | 48.0 | 0.265 | 0.735 |
| 6:32-2nd |  | 40.0 | 48.0 | 0.288 | 0.712 |
| 6:15-2nd |  | 40.0 | 48.0 | 0.31 | 0.69 |
| 6:13-2nd |  | 40.0 | 48.0 | 0.287 | 0.713 |
| 6:02-2nd |  | 40.0 | 48.0 | 0.309 | 0.691 |
| 6:00-2nd |  | 40.0 | 48.0 | 0.317 | 0.683 |
| 5:56-2nd |  | 40.0 | 48.0 | 0.285 | 0.715 |
| 5:52-2nd |  | 40.0 | 50.0 | 0.261 | 0.739 |
| 5:40-2nd |  | 43.0 | 50.0 | 0.315 | 0.685 |
| 5:30-2nd |  | 43.0 | 52.0 | 0.286 | 0.714 |
| 5:19-2nd |  | 43.0 | 52.0 | 0.266 | 0.734 |
| 5:17-2nd |  | 43.0 | 52.0 | 0.259 | 0.741 |
| 5:13-2nd |  | 43.0 | 54.0 | 0.231 | 0.769 |
| 4:50-2nd |  | 46.0 | 54.0 | 0.28 | 0.72 |
| 4:35-2nd |  | 46.0 | 54.0 | 0.309 | 0.691 |
| 4:31-2nd |  | 49.0 | 54.0 | 0.371 | 0.629 |
| 4:10-2nd |  | 49.0 | 54.0 | 0.394 | 0.606 |
| 4:07-2nd |  | 49.0 | 54.0 | 0.402 | 0.598 |
| 3:51-2nd |  | 49.0 | 54.0 | 0.376 | 0.624 |
| 3:48-2nd |  | 49.0 | 54.0 | 0.367 | 0.633 |
| 3:43-2nd |  | 49.0 | 54.0 | 0.392 | 0.608 |
| 3:41-2nd |  | 49.0 | 54.0 | 0.401 | 0.599 |
| 3:30-2nd |  | 52.0 | 54.0 | 0.462 | 0.538 |
| 3:28-2nd |  | 52.0 | 54.0 | 0.462 | 0.538 |
| 3:13-2nd |  | 52.0 | 54.0 | 0.486 | 0.514 |
| 3:11-2nd |  | 52.0 | 54.0 | 0.495 | 0.505 |
| 3:00-2nd |  | 52.0 | 54.0 | 0.469 | 0.531 |
| 2:58-2nd |  | 52.0 | 54.0 | 0.461 | 0.539 |
| 2:51-2nd |  | 52.0 | 56.0 | 0.429 | 0.571 |
| 2:40-2nd |  | 54.0 | 56.0 | 0.461 | 0.539 |
| 2:21-2nd |  | 54.0 | 56.0 | 0.461 | 0.539 |
| 2:16-2nd |  | 54.0 | 56.0 | 0.486 | 0.514 |
| 2:14-2nd |  | 55.0 | 57.0 | 0.461 | 0.539 |
| 1:52-2nd |  | 55.0 | 57.0 | 0.485 | 0.515 |
| 1:50-2nd |  | 55.0 | 57.0 | 0.493 | 0.507 |
| 1:48-2nd |  | 55.0 | 57.0 | 0.468 | 0.532 |
| 1:47-2nd |  | 55.0 | 57.0 | 0.46 | 0.54 |
| 1:38-2nd |  | 55.0 | 57.0 | 0.493 | 0.507 |
| 1:35-2nd |  | 56.0 | 57.0 | 0.492 | 0.508 |
| 1:32-2nd |  | 56.0 | 57.0 | 0.526 | 0.474 |
| 1:30-2nd |  | 56.0 | 57.0 | 0.501 | 0.499 |
| 1:26-2nd |  | 56.0 | 57.0 | 0.492 | 0.508 |
| 1:18-2nd |  | 56.0 | 57.0 | 0.517 | 0.483 |
| 1:17-2nd |  | 56.0 | 57.0 | 0.526 | 0.474 |
| 1:10-2nd |  | 59.0 | 57.0 | 0.595 | 0.405 |
| 48.1-2nd |  | 58.0 | 59.0 | 0.525 | 0.475 |
| 36.1-2nd |  | 58.0 | 59.0 | 0.499 | 0.501 |
| 33.1-2nd |  | 58.0 | 59.0 | 0.525 | 0.475 |
| 29.1-2nd |  | 61.0 | 59.0 | 0.595 | 0.405 |
| 14.0-2nd |  | 61.0 | 59.0 | 0.618 | 0.382 |
| 11.1-2nd |  | 61.0 | 59.0 | 0.627 | 0.373 |
| 1.1-2nd |  | 61.0 | 59.0 | 0.592 | 0.408 |
| 0.0-2nd |  | 61.0 | 59.0 | 0.611 | 0.389 |
| 12:00-3rd |  | 62.0 | 59.0 | 0.641 | 0.359 |
| 11:39-3rd |  | 64.0 | 59.0 | 0.695 | 0.305 |
| 11:25-3rd |  | 64.0 | 59.0 | 0.716 | 0.284 |
| 11:22-3rd |  | 64.0 | 59.0 | 0.723 | 0.277 |
| 11:09-3rd |  | 67.0 | 59.0 | 0.781 | 0.219 |
| 10:46-3rd |  | 67.0 | 59.0 | 0.802 | 0.198 |
| 10:43-3rd |  | 67.0 | 59.0 | 0.809 | 0.191 |
| 10:30-3rd |  | 67.0 | 59.0 | 0.79 | 0.21 |
| 10:26-3rd |  | 67.0 | 59.0 | 0.784 | 0.216 |
| 10:21-3rd |  | 67.0 | 62.0 | 0.726 | 0.274 |
| 10:01-3rd |  | 69.0 | 62.0 | 0.759 | 0.241 |
| 9:45-3rd |  | 69.0 | 62.0 | 0.782 | 0.218 |
| 9:42-3rd |  | 69.0 | 62.0 | 0.76 | 0.24 |
| 9:41-3rd |  | 69.0 | 64.0 | 0.727 | 0.273 |
| 9:30-3rd |  | 70.0 | 64.0 | 0.728 | 0.272 |
| 9:28-3rd |  | 70.0 | 64.0 | 0.728 | 0.272 |
| 9:12-3rd |  | 70.0 | 66.0 | 0.698 | 0.302 |
| 9:04-3rd |  | 70.0 | 66.0 | 0.664 | 0.336 |
| 8:52-3rd |  | 70.0 | 66.0 | 0.69 | 0.31 |
| 8:50-3rd |  | 70.0 | 66.0 | 0.698 | 0.302 |
| 8:45-3rd |  | 70.0 | 66.0 | 0.673 | 0.327 |
| 8:42-3rd |  | 70.0 | 66.0 | 0.664 | 0.336 |
| 8:41-3rd |  | 70.0 | 67.0 | 0.666 | 0.334 |
| 8:30-3rd |  | 70.0 | 67.0 | 0.638 | 0.362 |
| 8:27-3rd |  | 70.0 | 67.0 | 0.629 | 0.371 |
| 8:17-3rd |  | 70.0 | 67.0 | 0.657 | 0.343 |
| 8:14-3rd |  | 70.0 | 67.0 | 0.666 | 0.334 |
| 8:10-3rd |  | 70.0 | 67.0 | 0.638 | 0.362 |
| 8:06-3rd |  | 70.0 | 67.0 | 0.629 | 0.371 |
| 8:04-3rd |  | 70.0 | 67.0 | 0.627 | 0.373 |
| 7:55-3rd |  | 70.0 | 69.0 | 0.593 | 0.407 |
| 7:41-3rd |  | 70.0 | 69.0 | 0.563 | 0.437 |
| 7:38-3rd |  | 70.0 | 69.0 | 0.593 | 0.407 |
| 7:31-3rd |  | 70.0 | 69.0 | 0.563 | 0.437 |
| 7:29-3rd |  | 70.0 | 69.0 | 0.553 | 0.447 |
| 7:28-3rd |  | 70.0 | 71.0 | 0.515 | 0.485 |
| 7:00-3rd |  | 73.0 | 71.0 | 0.591 | 0.409 |
| 6:49-3rd |  | 73.0 | 73.0 | 0.555 | 0.445 |
| 6:41-3rd |  | 73.0 | 73.0 | 0.511 | 0.489 |
| 6:35-3rd |  | 73.0 | 74.0 | 0.514 | 0.486 |
| 6:25-3rd |  | 73.0 | 74.0 | 0.472 | 0.528 |
| 6:09-3rd |  | 73.0 | 77.0 | 0.391 | 0.609 |
| 6:00-3rd |  | 73.0 | 77.0 | 0.391 | 0.609 |
| 5:52-3rd |  | 75.0 | 77.0 | 0.429 | 0.571 |
| 5:38-3rd |  | 75.0 | 77.0 | 0.531 | 0.469 |
| 5:27-3rd | TARGET | 75.0 | 77.0 | 0.425 | 0.575 |
| 5:07-3rd |  | 75.0 | 80.0 | 0.345 | 0.655 |
| 4:59-3rd |  | 75.0 | 80.0 | 0.304 | 0.696 |
| 4:43-3rd |  | 75.0 | 80.0 | 0.332 | 0.668 |
| 4:41-3rd |  | 75.0 | 80.0 | 0.342 | 0.658 |
| 4:29-3rd |  | 75.0 | 80.0 | 0.3 | 0.7 |
| 4:17-3rd |  | 75.0 | 80.0 | 0.33 | 0.67 |
| 4:13-3rd |  | 75.0 | 80.0 | 0.34 | 0.66 |
| 4:04-3rd |  | 75.0 | 80.0 | 0.307 | 0.693 |
| 4:03-3rd |  | 76.0 | 80.0 | 0.338 | 0.662 |
| 3:47-3rd |  | 76.0 | 80.0 | 0.377 | 0.623 |
| 3:35-3rd |  | 76.0 | 80.0 | 0.344 | 0.656 |
| 3:33-3rd |  | 76.0 | 80.0 | 0.333 | 0.667 |
| 3:30-3rd |  | 76.0 | 82.0 | 0.296 | 0.704 |
| 3:17-3rd |  | 76.0 | 82.0 | 0.252 | 0.748 |
| 3:02-3rd |  | 76.0 | 85.0 | 0.187 | 0.813 |
| 2:55-3rd |  | 78.0 | 85.0 | 0.215 | 0.785 |
| 2:47-3rd |  | 78.0 | 86.0 | 0.212 | 0.788 |
| 2:22-3rd |  | 80.0 | 86.0 | 0.243 | 0.757 |
| 2:09-3rd |  | 80.0 | 86.0 | 0.274 | 0.726 |
| 2:07-3rd |  | 80.0 | 86.0 | 0.285 | 0.715 |
| 2:04-3rd |  | 83.0 | 86.0 | 0.365 | 0.635 |
| 1:37-3rd |  | 83.0 | 88.0 | 0.325 | 0.675 |
| 1:25-3rd |  | 86.0 | 88.0 | 0.405 | 0.595 |
| 1:07-3rd |  | 86.0 | 88.0 | 0.44 | 0.56 |
| 1:05-3rd |  | 86.0 | 88.0 | 0.452 | 0.548 |
| 57.2-3rd |  | 86.0 | 88.0 | 0.403 | 0.597 |
| 54.2-3rd |  | 86.0 | 90.0 | 0.358 | 0.642 |
| 33.0-3rd |  | 86.0 | 90.0 | 0.319 | 0.681 |
| 29.1-3rd |  | 86.0 | 90.0 | 0.306 | 0.694 |
| 11.1-3rd |  | 86.0 | 92.0 | 0.265 | 0.735 |
| 0.0-3rd |  | 86.0 | 92.0 | 0.243 | 0.757 |
| 12:00-4th |  | 86.0 | 92.0 | 0.243 | 0.757 |
| 11:38-4th |  | 86.0 | 95.0 | 0.145 | 0.855 |
| 11:24-4th |  | 86.0 | 95.0 | 0.12 | 0.88 |
| 11:22-4th |  | 86.0 | 95.0 | 0.113 | 0.887 |
| 11:16-4th |  | 86.0 | 95.0 | 0.105 | 0.895 |
| 11:08-4th |  | 86.0 | 95.0 | 0.135 | 0.865 |
| 11:04-4th |  | 88.0 | 95.0 | 0.163 | 0.837 |
| 10:52-4th |  | 88.0 | 97.0 | 0.132 | 0.868 |
| 10:47-4th |  | 88.0 | 97.0 | 0.103 | 0.897 |
| 10:38-4th |  | 88.0 | 97.0 | 0.123 | 0.877 |
| 10:37-4th |  | 88.0 | 97.0 | 0.095 | 0.905 |
| 10:29-4th |  | 88.0 | 100.0 | 0.061 | 0.939 |
| 10:02-4th |  | 91.0 | 100.0 | 0.093 | 0.907 |
| 9:50-4th |  | 91.0 | 103.0 | 0.053 | 0.947 |
| 9:37-4th |  | 91.0 | 103.0 | 0.042 | 0.958 |
| 9:31-4th |  | 91.0 | 103.0 | 0.051 | 0.949 |
| 9:30-4th |  | 91.0 | 103.0 | 0.038 | 0.962 |
| 9:12-4th |  | 91.0 | 106.0 | 0.02 | 0.98 |
| 8:55-4th |  | 93.0 | 106.0 | 0.024 | 0.976 |
| 8:44-4th |  | 93.0 | 108.0 | 0.018 | 0.982 |
| 8:31-4th |  | 95.0 | 108.0 | 0.022 | 0.978 |
| 8:13-4th |  | 95.0 | 108.0 | 0.027 | 0.973 |
| 8:10-4th |  | 95.0 | 108.0 | 0.03 | 0.97 |
| 8:06-4th |  | 97.0 | 108.0 | 0.041 | 0.959 |
| 7:33-4th |  | 97.0 | 108.0 | 0.046 | 0.954 |
| 7:31-4th |  | 97.0 | 108.0 | 0.049 | 0.951 |
| 7:24-4th |  | 99.0 | 108.0 | 0.064 | 0.936 |
| 7:09-4th |  | 99.0 | 110.0 | 0.046 | 0.954 |
| 6:56-4th |  | 99.0 | 110.0 | 0.033 | 0.967 |
| 6:36-4th |  | 99.0 | 110.0 | 0.041 | 0.959 |
| 6:16-4th |  | 99.0 | 110.0 | 0.031 | 0.969 |
| 6:14-4th |  | 99.0 | 110.0 | 0.038 | 0.962 |
| 6:12-4th |  | 101.0 | 110.0 | 0.052 | 0.948 |
| 6:00-4th |  | 101.0 | 112.0 | 0.036 | 0.964 |
| 5:44-4th |  | 101.0 | 112.0 | 0.027 | 0.973 |
| 5:41-4th |  | 101.0 | 112.0 | 0.024 | 0.976 |
| 5:26-4th |  | 101.0 | 112.0 | 0.023 | 0.977 |
| 5:17-4th |  | 101.0 | 115.0 | 0.009 | 0.991 |
| 5:16-4th |  | 101.0 | 115.0 | 0.023 | 0.977 |
| 4:59-4th |  | 101.0 | 115.0 | 0.005 | 0.995 |
| 4:36-4th |  | 101.0 | 115.0 | 0.006 | 0.994 |
| 4:34-4th |  | 101.0 | 115.0 | 0.007 | 0.993 |
| 4:31-4th |  | 104.0 | 115.0 | 0.017 | 0.983 |
| 4:11-4th |  | 104.0 | 117.0 | 0.008 | 0.992 |
| 4:02-4th |  | 104.0 | 117.0 | 0.005 | 0.995 |
| 3:51-4th |  | 104.0 | 117.0 | 0.007 | 0.993 |
| 3:39-4th |  | 107.0 | 117.0 | 0.016 | 0.984 |
| 3:21-4th |  | 107.0 | 120.0 | 0.005 | 0.995 |
| 3:11-4th |  | 107.0 | 120.0 | 0.003 | 0.997 |
| 2:56-4th |  | 107.0 | 120.0 | 0.004 | 0.996 |
| 2:52-4th |  | 107.0 | 120.0 | 0.004 | 0.996 |
| 2:47-4th |  | 109.0 | 120.0 | 0.007 | 0.993 |
| 2:28-4th |  | 109.0 | 122.0 | 0.003 | 0.997 |
| 2:16-4th |  | 109.0 | 122.0 | 0.002 | 0.998 |
| 2:12-4th |  | 109.0 | 122.0 | 0.001 | 0.999 |
| 1:57-4th |  | 109.0 | 124.0 | 0.001 | 0.999 |
| 1:40-4th |  | 112.0 | 124.0 | 0.001 | 0.999 |
| 1:27-4th |  | 112.0 | 126.0 | 0.001 | 0.999 |
| 1:18-4th |  | 115.0 | 126.0 | 0.002 | 0.998 |
| 56.1-4th |  | 115.0 | 126.0 | 0.002 | 0.998 |
| 54.0-4th |  | 115.0 | 126.0 | 0.002 | 0.998 |
| 52.2-4th |  | 115.0 | 128.0 | 0.001 | 0.999 |
| 51.1-4th |  | 115.0 | 128.0 | 0.001 | 0.999 |
| 49.1-4th |  | 115.0 | 128.0 | 0.001 | 0.999 |
| 38.1-4th |  | 115.0 | 130.0 | 0.001 | 0.999 |
| 30.1-4th |  | 118.0 | 130.0 | 0.001 | 0.999 |
| 6.1-4th |  | 118.0 | 132.0 | 0.001 | 0.999 |
| 0.0-4th |  | 118.0 | 132.0 | 0.0 | 1.0 |

Question

Which event most likely happened at the marked missing position?

Answer Choices

A. Player 16 (Team B) makes dunk (Player 3 (Team B) assists)
B. Player 2 (Team A) out of bounds bad pass turnover
C. Player 3 (Team A) lost ball turnover (Player 13 (Team A) steals)
D. Player 18 (Team B) makes three point jumper (Player 14 (Team B) assists)

Response Format

Return exactly one JSON object:

{
  "answer": "<A|B|C|D>",
  "rationale": "<brief evidence-based justification in 1-3 sentences>",
  "evidence_event_ids": [],
  "evidence_series_times": []
}

Use only event IDs and time labels that are provided above and that support the answer. Use an empty array when the corresponding evidence type is unavailable or unused. Return only the JSON object.
