Task

Reconstruct the missing event in this basketball game. Use the available numerical time-series evidence around the marked row to select the most likely event.

Game

Team A versus Team B, season 22-23.

Time Series

| Game time | Marker | Team A score | Team B score | Team A win probability | Team B win probability |
| --- | --- | --- | --- | --- | --- |
| 12:00-1st |  | 0.0 | 0.0 | 0.134 | 0.866 |
| 11:46-1st |  | 2.0 | 0.0 | 0.15 | 0.85 |
| 11:22-1st |  | 2.0 | 2.0 | 0.137 | 0.863 |
| 11:10-1st |  | 4.0 | 2.0 | 0.153 | 0.847 |
| 10:59-1st |  | 4.0 | 5.0 | 0.129 | 0.871 |
| 10:38-1st |  | 7.0 | 5.0 | 0.155 | 0.845 |
| 10:27-1st |  | 7.0 | 7.0 | 0.142 | 0.858 |
| 10:15-1st |  | 7.0 | 7.0 | 0.135 | 0.865 |
| 10:12-1st |  | 7.0 | 7.0 | 0.133 | 0.867 |
| 10:06-1st |  | 7.0 | 10.0 | 0.111 | 0.889 |
| 9:51-1st |  | 7.0 | 10.0 | 0.104 | 0.896 |
| 9:48-1st |  | 7.0 | 10.0 | 0.112 | 0.888 |
| 9:44-1st |  | 7.0 | 10.0 | 0.104 | 0.896 |
| 9:40-1st |  | 7.0 | 10.0 | 0.113 | 0.887 |
| 9:33-1st |  | 7.0 | 10.0 | 0.105 | 0.895 |
| 9:29-1st |  | 7.0 | 10.0 | 0.102 | 0.898 |
| 9:22-1st |  | 7.0 | 12.0 | 0.095 | 0.905 |
| 9:06-1st |  | 7.0 | 12.0 | 0.089 | 0.911 |
| 9:03-1st |  | 7.0 | 12.0 | 0.087 | 0.913 |
| 9:01-1st |  | 7.0 | 15.0 | 0.07 | 0.93 |
| 9:00-1st |  | 7.0 | 15.0 | 0.07 | 0.93 |
| 8:44-1st |  | 9.0 | 15.0 | 0.078 | 0.922 |
| 8:28-1st |  | 9.0 | 18.0 | 0.066 | 0.934 |
| 8:15-1st |  | 9.0 | 18.0 | 0.061 | 0.939 |
| 8:13-1st |  | 9.0 | 18.0 | 0.059 | 0.941 |
| 8:10-1st |  | 9.0 | 18.0 | 0.066 | 0.934 |
| 8:00-1st |  | 12.0 | 18.0 | 0.08 | 0.92 |
| 7:49-1st |  | 12.0 | 18.0 | 0.081 | 0.919 |
| 7:41-1st |  | 12.0 | 21.0 | 0.067 | 0.933 |
| 7:25-1st |  | 12.0 | 21.0 | 0.062 | 0.938 |
| 7:23-1st |  | 12.0 | 21.0 | 0.067 | 0.933 |
| 7:22-1st |  | 15.0 | 21.0 | 0.082 | 0.918 |
| 7:21-1st |  | 15.0 | 21.0 | 0.091 | 0.909 |
| 7:10-1st |  | 15.0 | 23.0 | 0.075 | 0.925 |
| 6:58-1st |  | 15.0 | 23.0 | 0.076 | 0.924 |
| 6:49-1st |  | 15.0 | 23.0 | 0.07 | 0.93 |
| 6:44-1st |  | 15.0 | 23.0 | 0.068 | 0.932 |
| 6:39-1st |  | 15.0 | 23.0 | 0.074 | 0.926 |
| 6:38-1st |  | 15.0 | 23.0 | 0.068 | 0.932 |
| 6:35-1st |  | 15.0 | 23.0 | 0.077 | 0.923 |
| 6:19-1st |  | 17.0 | 23.0 | 0.085 | 0.915 |
| 6:04-1st |  | 17.0 | 23.0 | 0.094 | 0.906 |
| 5:52-1st |  | 17.0 | 23.0 | 0.086 | 0.914 |
| 5:48-1st |  | 17.0 | 25.0 | 0.078 | 0.922 |
| 5:28-1st |  | 17.0 | 25.0 | 0.073 | 0.927 |
| 5:25-1st |  | 17.0 | 25.0 | 0.079 | 0.921 |
| 5:23-1st |  | 17.0 | 25.0 | 0.073 | 0.927 |
| 5:19-1st |  | 17.0 | 25.0 | 0.071 | 0.929 |
| 5:13-1st |  | 17.0 | 27.0 | 0.064 | 0.936 |
| 5:01-1st |  | 18.0 | 27.0 | 0.072 | 0.928 |
| 4:54-1st |  | 20.0 | 27.0 | 0.079 | 0.921 |
| 4:38-1st |  | 20.0 | 27.0 | 0.087 | 0.913 |
| 4:33-1st |  | 20.0 | 27.0 | 0.08 | 0.92 |
| 4:31-1st |  | 20.0 | 27.0 | 0.087 | 0.913 |
| 4:28-1st |  | 20.0 | 27.0 | 0.09 | 0.91 |
| 4:27-1st |  | 20.0 | 27.0 | 0.08 | 0.92 |
| 4:12-1st |  | 22.0 | 27.0 | 0.108 | 0.892 |
| 4:08-1st |  | 22.0 | 27.0 | 0.111 | 0.889 |
| 3:51-1st |  | 25.0 | 27.0 | 0.135 | 0.865 |
| 3:37-1st |  | 25.0 | 27.0 | 0.15 | 0.85 |
| 3:31-1st |  | 25.0 | 27.0 | 0.14 | 0.86 |
| 3:26-1st |  | 25.0 | 27.0 | 0.137 | 0.863 |
| 3:20-1st |  | 25.0 | 27.0 | 0.148 | 0.852 |
| 3:16-1st |  | 25.0 | 27.0 | 0.151 | 0.849 |
| 3:12-1st |  | 27.0 | 27.0 | 0.167 | 0.833 |
| 3:10-1st |  | 27.0 | 27.0 | 0.167 | 0.833 |
| 2:59-1st |  | 27.0 | 27.0 | 0.18 | 0.82 |
| 2:56-1st |  | 27.0 | 27.0 | 0.184 | 0.816 |
| 2:48-1st |  | 27.0 | 27.0 | 0.184 | 0.816 |
| 2:36-1st |  | 29.0 | 27.0 | 0.203 | 0.797 |
| 2:20-1st |  | 29.0 | 27.0 | 0.225 | 0.775 |
| 2:01-1st |  | 29.0 | 27.0 | 0.212 | 0.788 |
| 1:59-1st |  | 29.0 | 27.0 | 0.207 | 0.793 |
| 1:46-1st | TARGET | 29.0 | 30.0 | 0.174 | 0.826 |
| 1:29-1st |  | 29.0 | 30.0 | 0.164 | 0.836 |
| 1:27-1st |  | 29.0 | 30.0 | 0.161 | 0.839 |
| 1:25-1st |  | 29.0 | 30.0 | 0.176 | 0.824 |
| 1:16-1st |  | 29.0 | 30.0 | 0.166 | 0.834 |
| 1:13-1st |  | 29.0 | 30.0 | 0.162 | 0.838 |
| 1:06-1st |  | 29.0 | 31.0 | 0.147 | 0.853 |
| 59.0-1st |  | 29.0 | 31.0 | 0.159 | 0.841 |
| 56.1-1st |  | 29.0 | 31.0 | 0.163 | 0.837 |
| 47.1-1st |  | 29.0 | 31.0 | 0.152 | 0.848 |
| 42.1-1st |  | 29.0 | 31.0 | 0.149 | 0.851 |
| 39.1-1st |  | 29.0 | 31.0 | 0.161 | 0.839 |
| 38.0-1st |  | 29.0 | 33.0 | 0.135 | 0.865 |
| 29.1-1st |  | 29.0 | 33.0 | 0.136 | 0.864 |
| 27.1-1st |  | 29.0 | 33.0 | 0.126 | 0.874 |
| 24.1-1st |  | 29.0 | 33.0 | 0.123 | 0.877 |
| 7.0-1st |  | 29.0 | 35.0 | 0.112 | 0.888 |
| 1.2-1st |  | 29.0 | 35.0 | 0.1 | 0.9 |
| 0.0-1st |  | 29.0 | 35.0 | 0.106 | 0.894 |
| 12:00-2nd |  | 29.0 | 35.0 | 0.106 | 0.894 |
| 11:46-2nd |  | 29.0 | 37.0 | 0.092 | 0.908 |
| 11:26-2nd |  | 29.0 | 37.0 | 0.081 | 0.919 |
| 11:24-2nd |  | 29.0 | 39.0 | 0.073 | 0.927 |
| 11:09-2nd |  | 29.0 | 39.0 | 0.068 | 0.932 |
| 11:07-2nd |  | 29.0 | 39.0 | 0.066 | 0.934 |
| 10:58-2nd |  | 29.0 | 39.0 | 0.072 | 0.928 |
| 10:55-2nd |  | 29.0 | 39.0 | 0.074 | 0.926 |
| 10:46-2nd |  | 29.0 | 39.0 | 0.068 | 0.932 |
| 10:42-2nd |  | 29.0 | 39.0 | 0.074 | 0.926 |
| 10:40-2nd |  | 29.0 | 39.0 | 0.074 | 0.926 |
| 10:32-2nd |  | 29.0 | 39.0 | 0.069 | 0.931 |
| 10:28-2nd |  | 29.0 | 39.0 | 0.067 | 0.933 |
| 10:20-2nd |  | 29.0 | 41.0 | 0.059 | 0.941 |
| 10:02-2nd |  | 32.0 | 41.0 | 0.076 | 0.924 |
| 9:49-2nd |  | 33.0 | 41.0 | 0.084 | 0.916 |
| 9:36-2nd |  | 33.0 | 41.0 | 0.088 | 0.912 |
| 9:33-2nd |  | 33.0 | 41.0 | 0.085 | 0.915 |
| 9:21-2nd |  | 33.0 | 41.0 | 0.093 | 0.907 |
| 9:18-2nd |  | 33.0 | 41.0 | 0.096 | 0.904 |
| 9:03-2nd |  | 33.0 | 41.0 | 0.089 | 0.911 |
| 9:00-2nd |  | 33.0 | 41.0 | 0.097 | 0.903 |
| 8:59-2nd |  | 35.0 | 41.0 | 0.109 | 0.891 |
| 8:47-2nd |  | 35.0 | 42.0 | 0.11 | 0.89 |
| 8:33-2nd |  | 35.0 | 42.0 | 0.102 | 0.898 |
| 8:29-2nd |  | 35.0 | 42.0 | 0.099 | 0.901 |
| 8:23-2nd |  | 35.0 | 44.0 | 0.088 | 0.912 |
| 8:09-2nd |  | 38.0 | 44.0 | 0.112 | 0.888 |
| 7:56-2nd |  | 38.0 | 44.0 | 0.125 | 0.875 |
| 7:51-2nd |  | 38.0 | 44.0 | 0.116 | 0.884 |
| 7:47-2nd |  | 38.0 | 44.0 | 0.126 | 0.874 |
| 7:35-2nd |  | 38.0 | 44.0 | 0.126 | 0.874 |
| 7:28-2nd |  | 38.0 | 44.0 | 0.117 | 0.883 |
| 7:23-2nd |  | 38.0 | 44.0 | 0.114 | 0.886 |
| 7:12-2nd |  | 38.0 | 44.0 | 0.128 | 0.872 |
| 7:04-2nd |  | 38.0 | 44.0 | 0.128 | 0.872 |
| 6:57-2nd |  | 38.0 | 44.0 | 0.118 | 0.882 |
| 6:54-2nd |  | 39.0 | 44.0 | 0.128 | 0.872 |
| 6:52-2nd |  | 39.0 | 44.0 | 0.128 | 0.872 |
| 6:41-2nd |  | 39.0 | 44.0 | 0.14 | 0.86 |
| 6:39-2nd |  | 39.0 | 44.0 | 0.144 | 0.856 |
| 6:32-2nd |  | 39.0 | 44.0 | 0.129 | 0.871 |
| 6:29-2nd |  | 39.0 | 44.0 | 0.145 | 0.855 |
| 6:20-2nd |  | 39.0 | 44.0 | 0.13 | 0.87 |
| 6:07-2nd |  | 39.0 | 44.0 | 0.142 | 0.858 |
| 6:05-2nd |  | 39.0 | 44.0 | 0.131 | 0.869 |
| 6:02-2nd |  | 39.0 | 44.0 | 0.142 | 0.858 |
| 5:59-2nd |  | 39.0 | 44.0 | 0.146 | 0.854 |
| 5:47-2nd |  | 39.0 | 44.0 | 0.132 | 0.868 |
| 5:36-2nd |  | 39.0 | 44.0 | 0.144 | 0.856 |
| 5:32-2nd |  | 39.0 | 44.0 | 0.133 | 0.867 |
| 5:25-2nd |  | 39.0 | 46.0 | 0.118 | 0.882 |
| 5:10-2nd |  | 39.0 | 46.0 | 0.105 | 0.895 |
| 4:57-2nd |  | 39.0 | 49.0 | 0.083 | 0.917 |
| 4:53-2nd |  | 39.0 | 49.0 | 0.083 | 0.917 |
| 4:39-2nd |  | 39.0 | 49.0 | 0.075 | 0.925 |
| 4:36-2nd |  | 39.0 | 49.0 | 0.083 | 0.917 |
| 4:32-2nd |  | 39.0 | 49.0 | 0.075 | 0.925 |
| 4:28-2nd |  | 41.0 | 49.0 | 0.094 | 0.906 |
| 4:12-2nd |  | 41.0 | 52.0 | 0.074 | 0.926 |
| 3:56-2nd |  | 43.0 | 52.0 | 0.083 | 0.917 |
| 3:54-2nd |  | 43.0 | 52.0 | 0.083 | 0.917 |
| 3:34-2nd |  | 43.0 | 52.0 | 0.097 | 0.903 |
| 3:17-2nd |  | 45.0 | 52.0 | 0.109 | 0.891 |
| 3:04-2nd |  | 45.0 | 55.0 | 0.085 | 0.915 |
| 2:50-2nd |  | 45.0 | 55.0 | 0.077 | 0.923 |
| 2:48-2nd |  | 45.0 | 55.0 | 0.085 | 0.915 |
| 2:46-2nd |  | 45.0 | 55.0 | 0.074 | 0.926 |
| 2:41-2nd |  | 45.0 | 58.0 | 0.056 | 0.944 |
| 2:24-2nd |  | 45.0 | 58.0 | 0.048 | 0.952 |
| 2:22-2nd |  | 45.0 | 60.0 | 0.042 | 0.958 |
| 2:04-2nd |  | 45.0 | 60.0 | 0.037 | 0.963 |
| 2:02-2nd |  | 45.0 | 60.0 | 0.035 | 0.965 |
| 1:46-2nd |  | 45.0 | 62.0 | 0.03 | 0.97 |
| 1:32-2nd |  | 47.0 | 62.0 | 0.035 | 0.965 |
| 1:12-2nd |  | 47.0 | 62.0 | 0.041 | 0.959 |
| 1:09-2nd |  | 49.0 | 62.0 | 0.048 | 0.952 |
| 50.2-2nd |  | 49.0 | 62.0 | 0.055 | 0.945 |
| 48.2-2nd |  | 49.0 | 62.0 | 0.057 | 0.943 |
| 36.2-2nd |  | 51.0 | 62.0 | 0.065 | 0.935 |
| 15.1-2nd |  | 51.0 | 62.0 | 0.074 | 0.926 |
| 12.1-2nd |  | 51.0 | 62.0 | 0.078 | 0.922 |
| 4.2-2nd |  | 51.0 | 62.0 | 0.065 | 0.935 |
| 0.1-2nd |  | 51.0 | 62.0 | 0.075 | 0.925 |
| 0.0-2nd |  | 51.0 | 62.0 | 0.072 | 0.928 |
| 12:00-3rd |  | 51.0 | 62.0 | 0.072 | 0.928 |
| 11:47-3rd |  | 51.0 | 62.0 | 0.074 | 0.926 |
| 11:46-3rd |  | 51.0 | 62.0 | 0.066 | 0.934 |
| 11:44-3rd |  | 51.0 | 62.0 | 0.077 | 0.923 |
| 11:39-3rd |  | 51.0 | 62.0 | 0.068 | 0.932 |
| 11:37-3rd |  | 51.0 | 62.0 | 0.077 | 0.923 |
| 11:35-3rd |  | 51.0 | 62.0 | 0.068 | 0.932 |
| 11:33-3rd |  | 51.0 | 62.0 | 0.077 | 0.923 |
| 11:30-3rd |  | 52.0 | 62.0 | 0.076 | 0.924 |
| 11:27-3rd |  | 52.0 | 62.0 | 0.076 | 0.924 |
| 11:13-3rd |  | 52.0 | 65.0 | 0.056 | 0.944 |
| 10:52-3rd |  | 52.0 | 65.0 | 0.049 | 0.951 |
| 10:48-3rd |  | 52.0 | 65.0 | 0.047 | 0.953 |
| 10:42-3rd |  | 52.0 | 67.0 | 0.04 | 0.96 |
| 10:24-3rd |  | 53.0 | 67.0 | 0.04 | 0.96 |
| 10:21-3rd |  | 53.0 | 67.0 | 0.04 | 0.96 |
| 10:05-3rd |  | 53.0 | 69.0 | 0.034 | 0.966 |
| 9:45-3rd |  | 53.0 | 69.0 | 0.029 | 0.971 |
| 9:42-3rd |  | 53.0 | 69.0 | 0.027 | 0.973 |
| 9:40-3rd |  | 53.0 | 69.0 | 0.032 | 0.968 |
| 9:38-3rd |  | 53.0 | 69.0 | 0.033 | 0.967 |
| 9:32-3rd |  | 53.0 | 69.0 | 0.029 | 0.971 |
| 9:28-3rd |  | 55.0 | 69.0 | 0.039 | 0.961 |
| 9:14-3rd |  | 55.0 | 69.0 | 0.044 | 0.956 |
| 9:13-3rd |  | 55.0 | 69.0 | 0.046 | 0.954 |
| 8:48-3rd |  | 55.0 | 69.0 | 0.039 | 0.961 |
| 8:45-3rd |  | 55.0 | 71.0 | 0.032 | 0.968 |
| 8:33-3rd |  | 57.0 | 71.0 | 0.038 | 0.962 |
| 8:22-3rd |  | 57.0 | 73.0 | 0.032 | 0.968 |
| 8:07-3rd |  | 57.0 | 73.0 | 0.026 | 0.974 |
| 7:58-3rd |  | 57.0 | 73.0 | 0.025 | 0.975 |
| 7:53-3rd |  | 57.0 | 76.0 | 0.017 | 0.983 |
| 7:37-3rd |  | 57.0 | 76.0 | 0.014 | 0.986 |
| 7:35-3rd |  | 57.0 | 76.0 | 0.017 | 0.983 |
| 7:33-3rd |  | 57.0 | 76.0 | 0.014 | 0.986 |
| 7:29-3rd |  | 57.0 | 76.0 | 0.013 | 0.987 |
| 7:20-3rd |  | 57.0 | 78.0 | 0.011 | 0.989 |
| 7:08-3rd |  | 59.0 | 78.0 | 0.013 | 0.987 |
| 6:53-3rd |  | 59.0 | 78.0 | 0.015 | 0.985 |
| 6:50-3rd |  | 59.0 | 78.0 | 0.016 | 0.984 |
| 6:35-3rd |  | 59.0 | 78.0 | 0.012 | 0.988 |
| 6:34-3rd |  | 59.0 | 78.0 | 0.012 | 0.988 |
| 6:19-3rd |  | 59.0 | 80.0 | 0.01 | 0.99 |
| 6:10-3rd |  | 62.0 | 80.0 | 0.015 | 0.985 |
| 5:54-3rd |  | 62.0 | 82.0 | 0.012 | 0.988 |
| 5:42-3rd |  | 64.0 | 82.0 | 0.015 | 0.985 |
| 5:33-3rd |  | 64.0 | 84.0 | 0.012 | 0.988 |
| 5:22-3rd |  | 64.0 | 84.0 | 0.01 | 0.99 |
| 5:17-3rd |  | 64.0 | 84.0 | 0.009 | 0.991 |
| 5:08-3rd |  | 64.0 | 84.0 | 0.011 | 0.989 |
| 5:06-3rd |  | 64.0 | 84.0 | 0.011 | 0.989 |
| 4:58-3rd |  | 64.0 | 84.0 | 0.009 | 0.991 |
| 4:55-3rd |  | 64.0 | 86.0 | 0.011 | 0.989 |
| 4:43-3rd |  | 64.0 | 86.0 | 0.005 | 0.995 |
| 4:40-3rd |  | 64.0 | 86.0 | 0.005 | 0.995 |
| 4:18-3rd |  | 64.0 | 88.0 | 0.004 | 0.996 |
| 4:04-3rd |  | 64.0 | 88.0 | 0.003 | 0.997 |
| 4:01-3rd |  | 64.0 | 88.0 | 0.003 | 0.997 |
| 3:55-3rd |  | 64.0 | 89.0 | 0.002 | 0.998 |
| 3:53-3rd |  | 64.0 | 89.0 | 0.002 | 0.998 |
| 3:43-3rd |  | 64.0 | 89.0 | 0.002 | 0.998 |
| 3:39-3rd |  | 64.0 | 89.0 | 0.002 | 0.998 |
| 3:35-3rd |  | 65.0 | 89.0 | 0.002 | 0.998 |
| 3:33-3rd |  | 65.0 | 89.0 | 0.003 | 0.997 |
| 3:27-3rd |  | 65.0 | 89.0 | 0.003 | 0.997 |
| 3:25-3rd |  | 65.0 | 89.0 | 0.002 | 0.998 |
| 3:13-3rd |  | 65.0 | 91.0 | 0.002 | 0.998 |
| 2:59-3rd |  | 67.0 | 91.0 | 0.002 | 0.998 |
| 2:42-3rd |  | 67.0 | 94.0 | 0.001 | 0.999 |
| 2:19-3rd |  | 67.0 | 94.0 | 0.001 | 0.999 |
| 2:14-3rd |  | 67.0 | 94.0 | 0.001 | 0.999 |
| 2:06-3rd |  | 67.0 | 94.0 | 0.001 | 0.999 |
| 1:55-3rd |  | 67.0 | 94.0 | 0.001 | 0.999 |
| 1:52-3rd |  | 67.0 | 94.0 | 0.001 | 0.999 |
| 1:45-3rd |  | 67.0 | 96.0 | 0.001 | 0.999 |
| 1:36-3rd |  | 67.0 | 96.0 | 0.001 | 0.999 |
| 1:33-3rd |  | 67.0 | 96.0 | 0.001 | 0.999 |
| 1:16-3rd |  | 67.0 | 98.0 | 0.001 | 0.999 |
| 1:05-3rd |  | 69.0 | 98.0 | 0.001 | 0.999 |
| 54.0-3rd |  | 69.0 | 98.0 | 0.001 | 0.999 |
| 51.0-3rd |  | 69.0 | 98.0 | 0.001 | 0.999 |
| 39.1-3rd |  | 71.0 | 98.0 | 0.001 | 0.999 |
| 35.0-3rd |  | 71.0 | 100.0 | 0.001 | 0.999 |
| 28.1-3rd |  | 74.0 | 100.0 | 0.001 | 0.999 |
| 10.1-3rd |  | 74.0 | 102.0 | 0.001 | 0.999 |
| 0.2-3rd |  | 76.0 | 102.0 | 0.001 | 0.999 |
| 0.0-3rd |  | 76.0 | 102.0 | 0.001 | 0.999 |
| 12:00-4th |  | 76.0 | 102.0 | 0.001 | 0.999 |
| 11:39-4th |  | 76.0 | 102.0 | 0.001 | 0.999 |
| 11:37-4th |  | 76.0 | 102.0 | 0.001 | 0.999 |
| 11:28-4th |  | 76.0 | 102.0 | 0.001 | 0.999 |
| 11:24-4th |  | 76.0 | 102.0 | 0.001 | 0.999 |
| 11:10-4th |  | 76.0 | 102.0 | 0.001 | 0.999 |
| 11:08-4th |  | 76.0 | 102.0 | 0.001 | 0.999 |
| 10:56-4th |  | 76.0 | 102.0 | 0.001 | 0.999 |
| 10:51-4th |  | 76.0 | 102.0 | 0.001 | 0.999 |
| 10:48-4th |  | 76.0 | 102.0 | 0.001 | 0.999 |
| 10:37-4th |  | 76.0 | 104.0 | 0.001 | 0.999 |
| 10:22-4th |  | 76.0 | 104.0 | 0.001 | 0.999 |
| 10:19-4th |  | 76.0 | 104.0 | 0.001 | 0.999 |
| 10:14-4th |  | 76.0 | 106.0 | 0.001 | 0.999 |
| 9:59-4th |  | 78.0 | 106.0 | 0.001 | 0.999 |
| 9:43-4th |  | 78.0 | 106.0 | 0.001 | 0.999 |
| 9:38-4th |  | 78.0 | 106.0 | 0.001 | 0.999 |
| 9:37-4th |  | 80.0 | 106.0 | 0.001 | 0.999 |
| 9:26-4th |  | 80.0 | 106.0 | 0.001 | 0.999 |
| 9:18-4th |  | 80.0 | 106.0 | 0.001 | 0.999 |
| 9:16-4th |  | 80.0 | 106.0 | 0.001 | 0.999 |
| 9:12-4th |  | 80.0 | 106.0 | 0.001 | 0.999 |
| 9:02-4th |  | 80.0 | 106.0 | 0.001 | 0.999 |
| 8:59-4th |  | 80.0 | 106.0 | 0.001 | 0.999 |
| 8:54-4th |  | 80.0 | 109.0 | 0.001 | 0.999 |
| 8:41-4th |  | 80.0 | 109.0 | 0.001 | 0.999 |
| 8:40-4th |  | 80.0 | 109.0 | 0.001 | 0.999 |
| 8:29-4th |  | 80.0 | 109.0 | 0.001 | 0.999 |
| 8:27-4th |  | 80.0 | 109.0 | 0.001 | 0.999 |
| 8:22-4th |  | 80.0 | 109.0 | 0.001 | 0.999 |
| 8:18-4th |  | 80.0 | 112.0 | 0.001 | 0.999 |
| 8:04-4th |  | 80.0 | 112.0 | 0.001 | 0.999 |
| 8:01-4th |  | 80.0 | 112.0 | 0.001 | 0.999 |
| 7:55-4th |  | 80.0 | 112.0 | 0.001 | 0.999 |
| 7:53-4th |  | 80.0 | 112.0 | 0.001 | 0.999 |
| 7:44-4th |  | 80.0 | 112.0 | 0.001 | 0.999 |
| 7:40-4th |  | 80.0 | 112.0 | 0.001 | 0.999 |
| 7:35-4th |  | 80.0 | 114.0 | 0.001 | 0.999 |
| 7:15-4th |  | 83.0 | 114.0 | 0.001 | 0.999 |
| 6:56-4th |  | 83.0 | 114.0 | 0.001 | 0.999 |
| 6:51-4th |  | 83.0 | 114.0 | 0.001 | 0.999 |
| 6:38-4th |  | 83.0 | 114.0 | 0.001 | 0.999 |
| 6:34-4th |  | 83.0 | 114.0 | 0.001 | 0.999 |
| 6:24-4th |  | 83.0 | 114.0 | 0.001 | 0.999 |
| 6:23-4th |  | 83.0 | 114.0 | 0.001 | 0.999 |
| 6:10-4th |  | 83.0 | 114.0 | 0.001 | 0.999 |
| 6:08-4th |  | 83.0 | 114.0 | 0.001 | 0.999 |
| 6:03-4th |  | 83.0 | 114.0 | 0.001 | 0.999 |
| 5:59-4th |  | 85.0 | 114.0 | 0.001 | 0.999 |
| 5:52-4th |  | 85.0 | 114.0 | 0.001 | 0.999 |
| 5:45-4th |  | 85.0 | 116.0 | 0.001 | 0.999 |
| 5:33-4th |  | 85.0 | 116.0 | 0.001 | 0.999 |
| 5:29-4th |  | 85.0 | 118.0 | 0.001 | 0.999 |
| 5:10-4th |  | 85.0 | 118.0 | 0.001 | 0.999 |
| 5:07-4th |  | 85.0 | 118.0 | 0.001 | 0.999 |
| 4:57-4th |  | 85.0 | 118.0 | 0.001 | 0.999 |
| 4:54-4th |  | 87.0 | 118.0 | 0.001 | 0.999 |
| 4:35-4th |  | 87.0 | 118.0 | 0.001 | 0.999 |
| 4:33-4th |  | 87.0 | 118.0 | 0.001 | 0.999 |
| 4:31-4th |  | 87.0 | 120.0 | 0.001 | 0.999 |
| 4:07-4th |  | 90.0 | 120.0 | 0.001 | 0.999 |
| 3:43-4th |  | 90.0 | 122.0 | 0.001 | 0.999 |
| 3:30-4th |  | 92.0 | 122.0 | 0.001 | 0.999 |
| 3:15-4th |  | 92.0 | 122.0 | 0.001 | 0.999 |
| 3:14-4th |  | 92.0 | 122.0 | 0.001 | 0.999 |
| 3:05-4th |  | 95.0 | 122.0 | 0.001 | 0.999 |
| 2:47-4th |  | 95.0 | 124.0 | 0.001 | 0.999 |
| 2:31-4th |  | 95.0 | 124.0 | 0.001 | 0.999 |
| 2:30-4th |  | 95.0 | 124.0 | 0.001 | 0.999 |
| 2:25-4th |  | 98.0 | 124.0 | 0.001 | 0.999 |
| 2:02-4th |  | 98.0 | 126.0 | 0.001 | 0.999 |
| 1:47-4th |  | 98.0 | 126.0 | 0.001 | 0.999 |
| 1:45-4th |  | 98.0 | 126.0 | 0.001 | 0.999 |
| 1:37-4th |  | 98.0 | 128.0 | 0.001 | 0.999 |
| 1:28-4th |  | 101.0 | 128.0 | 0.001 | 0.999 |
| 1:19-4th |  | 101.0 | 128.0 | 0.001 | 0.999 |
| 1:15-4th |  | 101.0 | 128.0 | 0.001 | 0.999 |
| 56.0-4th |  | 101.0 | 128.0 | 0.001 | 0.999 |
| 54.0-4th |  | 101.0 | 128.0 | 0.001 | 0.999 |
| 30.2-4th |  | 101.0 | 128.0 | 0.001 | 0.999 |
| 15.2-4th |  | 101.0 | 128.0 | 0.001 | 0.999 |
| 13.1-4th |  | 103.0 | 128.0 | 0.001 | 0.999 |
| 0.0-4th |  | 103.0 | 128.0 | 0.0 | 1.0 |

Question

Which event most likely happened at the marked missing position?

Answer Choices

A. Player 3 (Team B) personal foul
B. Player 4 (Team B) misses 28-foot three point shot
C. Player 2 (Team B) blocks Player 18 (Team A) 's 3-foot layup
D. Player 8 (Team B) makes 25-foot step back jumpshot

Response Format

Return exactly one JSON object:

{
  "answer": "<A|B|C|D>",
  "rationale": "<brief evidence-based justification in 1-3 sentences>",
  "evidence_event_ids": [],
  "evidence_series_times": []
}

Use only event IDs and time labels that are provided above and that support the answer. Use an empty array when the corresponding evidence type is unavailable or unused. Return only the JSON object.
