Task

Reconstruct the missing event in this basketball game. Use the available numerical time-series evidence around the marked row to select the most likely event.

Game

Team A versus Team B, season 22-23.

Time Series

| Game time | Marker | Team A score | Team B score | Team A win probability | Team B win probability |
| --- | --- | --- | --- | --- | --- |
| 12:00-1st |  | 0.0 | 0.0 | 0.529 | 0.471 |
| 11:43-1st |  | 2.0 | 0.0 | 0.558 | 0.442 |
| 11:24-1st |  | 2.0 | 2.0 | 0.529 | 0.471 |
| 11:08-1st |  | 2.0 | 2.0 | 0.514 | 0.486 |
| 11:05-1st |  | 2.0 | 2.0 | 0.509 | 0.491 |
| 10:54-1st |  | 2.0 | 2.0 | 0.529 | 0.471 |
| 10:48-1st |  | 4.0 | 2.0 | 0.558 | 0.442 |
| 10:26-1st |  | 4.0 | 5.0 | 0.506 | 0.494 |
| 10:14-1st |  | 4.0 | 5.0 | 0.505 | 0.495 |
| 9:59-1st |  | 6.0 | 5.0 | 0.53 | 0.47 |
| 9:45-1st |  | 6.0 | 7.0 | 0.505 | 0.495 |
| 9:33-1st |  | 8.0 | 7.0 | 0.53 | 0.47 |
| 9:14-1st |  | 8.0 | 7.0 | 0.559 | 0.441 |
| 9:10-1st |  | 8.0 | 7.0 | 0.537 | 0.463 |
| 9:05-1st |  | 8.0 | 7.0 | 0.559 | 0.441 |
| 8:58-1st |  | 8.0 | 7.0 | 0.537 | 0.463 |
| 8:55-1st |  | 8.0 | 7.0 | 0.53 | 0.47 |
| 8:41-1st |  | 8.0 | 7.0 | 0.552 | 0.448 |
| 8:38-1st |  | 8.0 | 7.0 | 0.559 | 0.441 |
| 8:20-1st |  | 10.0 | 7.0 | 0.583 | 0.417 |
| 8:09-1st |  | 10.0 | 7.0 | 0.602 | 0.398 |
| 8:08-1st |  | 10.0 | 7.0 | 0.608 | 0.392 |
| 7:54-1st |  | 12.0 | 7.0 | 0.632 | 0.368 |
| 7:47-1st |  | 12.0 | 7.0 | 0.651 | 0.349 |
| 7:44-1st |  | 12.0 | 7.0 | 0.658 | 0.342 |
| 7:33-1st |  | 12.0 | 7.0 | 0.658 | 0.342 |
| 7:27-1st |  | 14.0 | 7.0 | 0.683 | 0.317 |
| 7:06-1st |  | 14.0 | 7.0 | 0.699 | 0.301 |
| 7:03-1st |  | 14.0 | 7.0 | 0.704 | 0.296 |
| 6:46-1st |  | 14.0 | 7.0 | 0.689 | 0.311 |
| 6:43-1st |  | 14.0 | 7.0 | 0.684 | 0.316 |
| 6:33-1st |  | 14.0 | 7.0 | 0.7 | 0.3 |
| 6:29-1st |  | 14.0 | 7.0 | 0.706 | 0.294 |
| 6:24-1st |  | 17.0 | 7.0 | 0.751 | 0.249 |
| 6:08-1st |  | 17.0 | 9.0 | 0.73 | 0.27 |
| 5:41-1st |  | 19.0 | 9.0 | 0.753 | 0.247 |
| 5:25-1st |  | 19.0 | 9.0 | 0.768 | 0.232 |
| 5:23-1st |  | 19.0 | 9.0 | 0.753 | 0.247 |
| 5:20-1st |  | 19.0 | 12.0 | 0.708 | 0.292 |
| 5:07-1st |  | 19.0 | 12.0 | 0.692 | 0.308 |
| 5:05-1st |  | 19.0 | 12.0 | 0.686 | 0.314 |
| 5:01-1st |  | 19.0 | 12.0 | 0.709 | 0.291 |
| 4:48-1st |  | 19.0 | 12.0 | 0.692 | 0.308 |
| 4:46-1st |  | 19.0 | 12.0 | 0.687 | 0.313 |
| 4:39-1st |  | 19.0 | 15.0 | 0.636 | 0.364 |
| 4:22-1st |  | 19.0 | 15.0 | 0.616 | 0.384 |
| 4:17-1st |  | 19.0 | 15.0 | 0.61 | 0.39 |
| 4:08-1st |  | 19.0 | 15.0 | 0.63 | 0.37 |
| 4:06-1st |  | 19.0 | 15.0 | 0.636 | 0.364 |
| 4:05-1st |  | 19.0 | 15.0 | 0.61 | 0.39 |
| 3:53-1st |  | 19.0 | 17.0 | 0.583 | 0.417 |
| 3:36-1st |  | 19.0 | 17.0 | 0.563 | 0.437 |
| 3:32-1st |  | 19.0 | 17.0 | 0.556 | 0.444 |
| 3:25-1st |  | 19.0 | 17.0 | 0.557 | 0.443 |
| 3:18-1st |  | 19.0 | 17.0 | 0.578 | 0.422 |
| 3:16-1st |  | 19.0 | 17.0 | 0.557 | 0.443 |
| 3:14-1st |  | 19.0 | 20.0 | 0.503 | 0.497 |
| 2:48-1st |  | 19.0 | 20.0 | 0.481 | 0.519 |
| 2:46-1st |  | 19.0 | 20.0 | 0.474 | 0.526 |
| 2:41-1st |  | 19.0 | 20.0 | 0.495 | 0.505 |
| 2:40-1st |  | 19.0 | 20.0 | 0.474 | 0.526 |
| 2:33-1st |  | 19.0 | 20.0 | 0.495 | 0.505 |
| 2:30-1st |  | 19.0 | 20.0 | 0.502 | 0.498 |
| 2:17-1st |  | 19.0 | 20.0 | 0.474 | 0.526 |
| 1:58-1st |  | 19.0 | 22.0 | 0.444 | 0.556 |
| 1:48-1st |  | 19.0 | 22.0 | 0.423 | 0.577 |
| 1:46-1st |  | 19.0 | 22.0 | 0.444 | 0.556 |
| 1:44-1st |  | 22.0 | 22.0 | 0.5 | 0.5 |
| 1:38-1st |  | 22.0 | 22.0 | 0.53 | 0.47 |
| 1:30-1st |  | 22.0 | 22.0 | 0.571 | 0.429 |
| 1:18-1st |  | 22.0 | 22.0 | 0.507 | 0.493 |
| 1:15-1st |  | 22.0 | 22.0 | 0.499 | 0.501 |
| 1:03-1st |  | 22.0 | 22.0 | 0.529 | 0.471 |
| 52.0-1st |  | 24.0 | 22.0 | 0.558 | 0.442 |
| 44.1-1st |  | 24.0 | 24.0 | 0.528 | 0.472 |
| 38.1-1st |  | 24.0 | 24.0 | 0.508 | 0.492 |
| 35.1-1st |  | 24.0 | 24.0 | 0.501 | 0.499 |
| 30.0-1st |  | 24.0 | 24.0 | 0.522 | 0.478 |
| 27.1-1st |  | 24.0 | 24.0 | 0.528 | 0.472 |
| 5.1-1st |  | 24.0 | 24.0 | 0.499 | 0.501 |
| 0.0-1st |  | 24.0 | 24.0 | 0.515 | 0.485 |
| 12:00-2nd |  | 24.0 | 24.0 | 0.515 | 0.485 |
| 11:51-2nd |  | 24.0 | 26.0 | 0.47 | 0.53 |
| 11:36-2nd |  | 24.0 | 26.0 | 0.448 | 0.552 |
| 11:33-2nd |  | 24.0 | 26.0 | 0.441 | 0.559 |
| 11:23-2nd |  | 24.0 | 28.0 | 0.413 | 0.587 |
| 11:08-2nd |  | 24.0 | 28.0 | 0.39 | 0.61 |
| 11:06-2nd |  | 24.0 | 28.0 | 0.382 | 0.618 |
| 11:01-2nd |  | 24.0 | 28.0 | 0.413 | 0.587 |
| 10:47-2nd |  | 26.0 | 28.0 | 0.441 | 0.559 |
| 10:45-2nd |  | 26.0 | 28.0 | 0.44 | 0.56 |
| 10:31-2nd |  | 26.0 | 30.0 | 0.412 | 0.588 |
| 10:11-2nd |  | 26.0 | 30.0 | 0.388 | 0.612 |
| 10:08-2nd |  | 26.0 | 30.0 | 0.38 | 0.62 |
| 10:00-2nd |  | 26.0 | 30.0 | 0.403 | 0.597 |
| 9:56-2nd |  | 26.0 | 30.0 | 0.411 | 0.589 |
| 9:44-2nd |  | 26.0 | 30.0 | 0.379 | 0.621 |
| 9:41-2nd |  | 26.0 | 30.0 | 0.379 | 0.621 |
| 9:30-2nd |  | 26.0 | 30.0 | 0.402 | 0.598 |
| 9:27-2nd |  | 26.0 | 30.0 | 0.409 | 0.591 |
| 9:13-2nd |  | 28.0 | 30.0 | 0.439 | 0.561 |
| 8:59-2nd |  | 28.0 | 32.0 | 0.409 | 0.591 |
| 8:46-2nd |  | 28.0 | 32.0 | 0.385 | 0.615 |
| 8:43-2nd |  | 28.0 | 32.0 | 0.377 | 0.623 |
| 8:40-2nd |  | 28.0 | 32.0 | 0.408 | 0.592 |
| 8:23-2nd |  | 30.0 | 32.0 | 0.438 | 0.562 |
| 8:09-2nd |  | 30.0 | 34.0 | 0.407 | 0.593 |
| 7:56-2nd |  | 32.0 | 34.0 | 0.437 | 0.563 |
| 7:37-2nd |  | 32.0 | 34.0 | 0.458 | 0.542 |
| 7:34-2nd |  | 32.0 | 34.0 | 0.436 | 0.564 |
| 7:31-2nd |  | 32.0 | 36.0 | 0.406 | 0.594 |
| 7:18-2nd |  | 32.0 | 36.0 | 0.374 | 0.626 |
| 7:14-2nd |  | 32.0 | 38.0 | 0.347 | 0.653 |
| 6:55-2nd |  | 32.0 | 38.0 | 0.324 | 0.676 |
| 6:53-2nd |  | 32.0 | 38.0 | 0.317 | 0.683 |
| 6:42-2nd |  | 32.0 | 39.0 | 0.286 | 0.714 |
| 6:34-2nd |  | 32.0 | 41.0 | 0.263 | 0.737 |
| 6:15-2nd |  | 32.0 | 41.0 | 0.234 | 0.766 |
| 6:12-2nd |  | 32.0 | 41.0 | 0.234 | 0.766 |
| 6:04-2nd |  | 32.0 | 43.0 | 0.21 | 0.79 |
| 5:46-2nd |  | 34.0 | 43.0 | 0.232 | 0.768 |
| 5:35-2nd |  | 34.0 | 45.0 | 0.208 | 0.792 |
| 5:18-2nd |  | 34.0 | 45.0 | 0.189 | 0.811 |
| 5:15-2nd |  | 34.0 | 45.0 | 0.183 | 0.817 |
| 5:06-2nd |  | 34.0 | 47.0 | 0.163 | 0.837 |
| 4:49-2nd |  | 36.0 | 47.0 | 0.181 | 0.819 |
| 4:33-2nd |  | 36.0 | 51.0 | 0.124 | 0.876 |
| 4:19-2nd |  | 39.0 | 51.0 | 0.16 | 0.84 |
| 3:57-2nd |  | 39.0 | 51.0 | 0.174 | 0.826 |
| 3:53-2nd |  | 39.0 | 51.0 | 0.179 | 0.821 |
| 3:48-2nd |  | 39.0 | 51.0 | 0.163 | 0.837 |
| 3:47-2nd |  | 39.0 | 51.0 | 0.129 | 0.871 |
| 3:37-2nd |  | 39.0 | 53.0 | 0.138 | 0.862 |
| 3:27-2nd |  | 41.0 | 53.0 | 0.155 | 0.845 |
| 3:19-2nd |  | 41.0 | 55.0 | 0.137 | 0.863 |
| 3:08-2nd |  | 41.0 | 55.0 | 0.122 | 0.878 |
| 3:05-2nd |  | 41.0 | 55.0 | 0.135 | 0.865 |
| 3:02-2nd |  | 43.0 | 55.0 | 0.153 | 0.847 |
| 2:44-2nd |  | 43.0 | 55.0 | 0.173 | 0.827 |
| 2:39-2nd |  | 43.0 | 55.0 | 0.156 | 0.844 |
| 2:35-2nd |  | 43.0 | 55.0 | 0.15 | 0.85 |
| 2:33-2nd |  | 43.0 | 55.0 | 0.167 | 0.833 |
| 2:31-2nd |  | 43.0 | 55.0 | 0.172 | 0.828 |
| 2:16-2nd |  | 45.0 | 55.0 | 0.192 | 0.808 |
| 2:01-2nd |  | 45.0 | 55.0 | 0.209 | 0.791 |
| 1:59-2nd |  | 45.0 | 55.0 | 0.215 | 0.785 |
| 1:55-2nd |  | 47.0 | 55.0 | 0.244 | 0.756 |
| 1:46-2nd |  | 47.0 | 57.0 | 0.214 | 0.786 |
| 1:31-2nd |  | 47.0 | 57.0 | 0.195 | 0.805 |
| 1:27-2nd |  | 47.0 | 57.0 | 0.188 | 0.812 |
| 1:22-2nd |  | 47.0 | 59.0 | 0.164 | 0.836 |
| 1:01-2nd |  | 47.0 | 59.0 | 0.147 | 0.853 |
| 1:00-2nd |  | 49.0 | 59.0 | 0.186 | 0.814 |
| 50.1-2nd |  | 49.0 | 59.0 | 0.186 | 0.814 |
| 43.0-2nd |  | 49.0 | 59.0 | 0.203 | 0.797 |
| 41.0-2nd |  | 49.0 | 59.0 | 0.209 | 0.791 |
| 33.1-2nd |  | 51.0 | 59.0 | 0.238 | 0.762 |
| 26.1-2nd |  | 51.0 | 59.0 | 0.254 | 0.746 |
| 23.1-2nd |  | 51.0 | 59.0 | 0.26 | 0.74 |
| 4.0-2nd |  | 51.0 | 59.0 | 0.24 | 0.76 |
| 1.1-2nd |  | 51.0 | 59.0 | 0.234 | 0.766 |
| 0.1-2nd |  | 51.0 | 59.0 | 0.255 | 0.745 |
| 0.0-2nd |  | 51.0 | 59.0 | 0.248 | 0.752 |
| 12:00-3rd |  | 51.0 | 59.0 | 0.248 | 0.752 |
| 11:46-3rd |  | 51.0 | 59.0 | 0.259 | 0.741 |
| 11:43-3rd |  | 54.0 | 59.0 | 0.319 | 0.681 |
| 11:27-3rd |  | 54.0 | 59.0 | 0.341 | 0.659 |
| 11:24-3rd |  | 54.0 | 59.0 | 0.341 | 0.659 |
| 11:23-3rd |  | 54.0 | 59.0 | 0.317 | 0.683 |
| 11:15-3rd |  | 54.0 | 59.0 | 0.34 | 0.66 |
| 11:12-3rd |  | 54.0 | 59.0 | 0.348 | 0.652 |
| 11:08-3rd |  | 56.0 | 59.0 | 0.383 | 0.617 |
| 11:06-3rd |  | 56.0 | 59.0 | 0.383 | 0.617 |
| 10:48-3rd |  | 56.0 | 59.0 | 0.383 | 0.617 |
| 10:40-3rd |  | 56.0 | 61.0 | 0.348 | 0.652 |
| 10:19-3rd |  | 56.0 | 61.0 | 0.312 | 0.688 |
| 10:15-3rd |  | 56.0 | 63.0 | 0.282 | 0.718 |
| 10:13-3rd |  | 56.0 | 63.0 | 0.282 | 0.718 |
| 10:00-3rd |  | 58.0 | 63.0 | 0.312 | 0.688 |
| 9:44-3rd |  | 58.0 | 63.0 | 0.337 | 0.663 |
| 9:41-3rd |  | 58.0 | 63.0 | 0.345 | 0.655 |
| 9:36-3rd |  | 61.0 | 63.0 | 0.416 | 0.584 |
| 9:18-3rd |  | 61.0 | 65.0 | 0.379 | 0.621 |
| 9:07-3rd |  | 63.0 | 65.0 | 0.414 | 0.586 |
| 8:48-3rd |  | 63.0 | 68.0 | 0.343 | 0.657 |
| 8:45-3rd |  | 63.0 | 68.0 | 0.342 | 0.658 |
| 8:36-3rd |  | 65.0 | 68.0 | 0.377 | 0.623 |
| 8:22-3rd |  | 65.0 | 68.0 | 0.405 | 0.595 |
| 8:20-3rd |  | 65.0 | 68.0 | 0.415 | 0.585 |
| 8:16-3rd |  | 65.0 | 68.0 | 0.386 | 0.614 |
| 8:12-3rd |  | 65.0 | 68.0 | 0.376 | 0.624 |
| 8:08-3rd |  | 65.0 | 68.0 | 0.404 | 0.596 |
| 8:04-3rd |  | 65.0 | 68.0 | 0.414 | 0.586 |
| 7:48-3rd |  | 65.0 | 68.0 | 0.375 | 0.625 |
| 7:45-3rd |  | 65.0 | 68.0 | 0.413 | 0.587 |
| 7:25-3rd |  | 65.0 | 68.0 | 0.383 | 0.617 |
| 7:22-3rd |  | 65.0 | 68.0 | 0.373 | 0.627 |
| 7:14-3rd |  | 65.0 | 68.0 | 0.401 | 0.599 |
| 7:09-3rd |  | 65.0 | 70.0 | 0.335 | 0.665 |
| 6:49-3rd |  | 67.0 | 70.0 | 0.37 | 0.63 |
| 6:32-3rd |  | 67.0 | 71.0 | 0.371 | 0.629 |
| 6:23-3rd |  | 67.0 | 71.0 | 0.342 | 0.658 |
| 6:21-3rd |  | 67.0 | 71.0 | 0.332 | 0.668 |
| 6:06-3rd |  | 67.0 | 71.0 | 0.359 | 0.641 |
| 6:03-3rd |  | 67.0 | 71.0 | 0.369 | 0.631 |
| 6:00-3rd |  | 69.0 | 71.0 | 0.406 | 0.594 |
| 5:50-3rd |  | 69.0 | 71.0 | 0.447 | 0.553 |
| 5:26-3rd |  | 71.0 | 71.0 | 0.486 | 0.514 |
| 5:08-3rd |  | 71.0 | 71.0 | 0.519 | 0.481 |
| 5:05-3rd |  | 71.0 | 71.0 | 0.529 | 0.471 |
| 4:58-3rd |  | 73.0 | 71.0 | 0.572 | 0.428 |
| 4:46-3rd |  | 73.0 | 74.0 | 0.487 | 0.513 |
| 4:31-3rd |  | 73.0 | 74.0 | 0.454 | 0.546 |
| 4:29-3rd |  | 73.0 | 74.0 | 0.442 | 0.558 |
| 4:15-3rd |  | 73.0 | 74.0 | 0.475 | 0.525 |
| 4:14-3rd |  | 73.0 | 76.0 | 0.399 | 0.601 |
| 4:02-3rd |  | 73.0 | 76.0 | 0.369 | 0.631 |
| 3:59-3rd |  | 73.0 | 76.0 | 0.358 | 0.642 |
| 3:50-3rd |  | 73.0 | 76.0 | 0.388 | 0.612 |
| 3:45-3rd |  | 73.0 | 78.0 | 0.32 | 0.68 |
| 3:32-3rd |  | 75.0 | 78.0 | 0.356 | 0.644 |
| 3:21-3rd |  | 75.0 | 78.0 | 0.386 | 0.614 |
| 3:17-3rd |  | 75.0 | 78.0 | 0.354 | 0.646 |
| 3:15-3rd |  | 75.0 | 78.0 | 0.385 | 0.615 |
| 3:12-3rd |  | 75.0 | 78.0 | 0.395 | 0.605 |
| 3:04-3rd |  | 77.0 | 78.0 | 0.438 | 0.562 |
| 2:53-3rd |  | 77.0 | 81.0 | 0.354 | 0.646 |
| 2:37-3rd |  | 77.0 | 81.0 | 0.32 | 0.68 |
| 2:34-3rd |  | 77.0 | 81.0 | 0.308 | 0.692 |
| 2:25-3rd |  | 77.0 | 84.0 | 0.233 | 0.767 |
| 2:08-3rd |  | 77.0 | 84.0 | 0.204 | 0.796 |
| 2:07-3rd |  | 77.0 | 84.0 | 0.204 | 0.796 |
| 2:06-3rd |  | 77.0 | 84.0 | 0.231 | 0.769 |
| 2:04-3rd |  | 77.0 | 84.0 | 0.203 | 0.797 |
| 2:00-3rd |  | 77.0 | 84.0 | 0.194 | 0.806 |
| 1:53-3rd |  | 77.0 | 86.0 | 0.164 | 0.836 |
| 1:39-3rd |  | 79.0 | 86.0 | 0.191 | 0.809 |
| 1:25-3rd |  | 79.0 | 89.0 | 0.132 | 0.868 |
| 1:14-3rd |  | 81.0 | 89.0 | 0.157 | 0.843 |
| 58.1-3rd |  | 81.0 | 92.0 | 0.106 | 0.894 |
| 39.1-3rd |  | 84.0 | 92.0 | 0.152 | 0.848 |
| 35.0-3rd |  | 84.0 | 93.0 | 0.153 | 0.847 |
| 13.1-3rd |  | 84.0 | 93.0 | 0.127 | 0.873 |
| 10.1-3rd |  | 84.0 | 93.0 | 0.12 | 0.88 |
| 7.0-3rd |  | 84.0 | 94.0 | 0.12 | 0.88 |
| 1.1-3rd |  | 84.0 | 94.0 | 0.1 | 0.9 |
| 1.0-3rd |  | 84.0 | 94.0 | 0.119 | 0.881 |
| 0.0-3rd |  | 84.0 | 94.0 | 0.108 | 0.892 |
| 12:00-4th |  | 84.0 | 94.0 | 0.108 | 0.892 |
| 11:42-4th |  | 84.0 | 94.0 | 0.096 | 0.904 |
| 11:40-4th |  | 84.0 | 94.0 | 0.09 | 0.91 |
| 11:27-4th |  | 84.0 | 96.0 | 0.07 | 0.93 |
| 11:07-4th |  | 87.0 | 96.0 | 0.107 | 0.893 |
| 10:47-4th |  | 87.0 | 98.0 | 0.082 | 0.918 |
| 10:35-4th |  | 87.0 | 98.0 | 0.067 | 0.933 |
| 10:34-4th |  | 87.0 | 98.0 | 0.08 | 0.92 |
| 10:32-4th |  | 89.0 | 98.0 | 0.102 | 0.898 |
| 10:16-4th |  | 89.0 | 98.0 | 0.12 | 0.88 |
| 10:13-4th |  | 89.0 | 98.0 | 0.126 | 0.874 |
| 10:07-4th |  | 91.0 | 98.0 | 0.153 | 0.847 |
| 9:51-4th |  | 91.0 | 100.0 | 0.123 | 0.877 |
| 9:38-4th |  | 91.0 | 100.0 | 0.1 | 0.9 |
| 9:35-4th |  | 91.0 | 100.0 | 0.093 | 0.907 |
| 9:21-4th |  | 91.0 | 102.0 | 0.07 | 0.93 |
| 9:10-4th |  | 93.0 | 102.0 | 0.092 | 0.908 |
| 8:56-4th |  | 93.0 | 105.0 | 0.052 | 0.948 |
| 8:44-4th |  | 95.0 | 105.0 | 0.07 | 0.93 |
| 8:32-4th |  | 95.0 | 105.0 | 0.085 | 0.915 |
| 8:30-4th |  | 95.0 | 105.0 | 0.068 | 0.932 |
| 8:27-4th |  | 95.0 | 105.0 | 0.084 | 0.916 |
| 8:26-4th |  | 95.0 | 105.0 | 0.067 | 0.933 |
| 8:18-4th |  | 95.0 | 105.0 | 0.083 | 0.917 |
| 8:17-4th |  | 95.0 | 105.0 | 0.088 | 0.912 |
| 8:07-4th |  | 97.0 | 105.0 | 0.115 | 0.885 |
| 7:53-4th |  | 97.0 | 105.0 | 0.138 | 0.862 |
| 7:50-4th |  | 97.0 | 105.0 | 0.145 | 0.855 |
| 7:44-4th |  | 97.0 | 105.0 | 0.212 | 0.788 |
| 7:32-4th |  | 99.0 | 105.0 | 0.184 | 0.816 |
| 7:19-4th |  | 99.0 | 105.0 | 0.214 | 0.786 |
| 7:15-4th |  | 99.0 | 105.0 | 0.224 | 0.776 |
| 7:10-4th |  | 101.0 | 105.0 | 0.273 | 0.727 |
| 6:51-4th |  | 101.0 | 105.0 | 0.307 | 0.693 |
| 6:48-4th |  | 101.0 | 105.0 | 0.319 | 0.681 |
| 6:36-4th |  | 103.0 | 105.0 | 0.377 | 0.623 |
| 6:20-4th |  | 103.0 | 105.0 | 0.423 | 0.577 |
| 6:17-4th |  | 103.0 | 105.0 | 0.438 | 0.562 |
| 6:02-4th |  | 103.0 | 105.0 | 0.387 | 0.613 |
| 5:58-4th |  | 103.0 | 105.0 | 0.435 | 0.565 |
| 5:56-4th |  | 103.0 | 105.0 | 0.386 | 0.614 |
| 5:55-4th |  | 103.0 | 105.0 | 0.37 | 0.63 |
| 5:52-4th |  | 103.0 | 105.0 | 0.369 | 0.631 |
| 5:44-4th |  | 103.0 | 105.0 | 0.417 | 0.583 |
| 5:41-4th |  | 103.0 | 105.0 | 0.432 | 0.568 |
| 5:30-4th |  | 106.0 | 105.0 | 0.568 | 0.432 |
| 5:10-4th |  | 106.0 | 105.0 | 0.56 | 0.44 |
| 5:07-4th |  | 106.0 | 108.0 | 0.425 | 0.575 |
| 4:51-4th |  | 109.0 | 108.0 | 0.567 | 0.433 |
| 4:28-4th |  | 109.0 | 110.0 | 0.497 | 0.503 |
| 4:14-4th |  | 109.0 | 110.0 | 0.417 | 0.583 |
| 4:06-4th |  | 109.0 | 112.0 | 0.341 | 0.659 |
| 4:04-4th |  | 109.0 | 112.0 | 0.271 | 0.729 |
| 3:53-4th |  | 109.0 | 112.0 | 0.321 | 0.679 |
| 3:52-4th |  | 109.0 | 112.0 | 0.268 | 0.732 |
| 3:51-4th |  | 109.0 | 112.0 | 0.338 | 0.662 |
| 3:36-4th |  | 111.0 | 112.0 | 0.408 | 0.592 |
| 3:18-4th |  | 111.0 | 112.0 | 0.469 | 0.531 |
| 3:16-4th |  | 111.0 | 112.0 | 0.49 | 0.51 |
| 3:12-4th |  | 111.0 | 112.0 | 0.489 | 0.511 |
| 3:05-4th |  | 111.0 | 112.0 | 0.426 | 0.574 |
| 3:01-4th |  | 111.0 | 112.0 | 0.404 | 0.596 |
| 2:40-4th |  | 111.0 | 112.0 | 0.465 | 0.535 |
| 2:39-4th |  | 111.0 | 112.0 | 0.487 | 0.513 |
| 2:27-4th |  | 113.0 | 112.0 | 0.561 | 0.439 |
| 2:14-4th |  | 113.0 | 115.0 | 0.392 | 0.608 |
| 2:02-4th |  | 113.0 | 115.0 | 0.319 | 0.681 |
| 2:00-4th |  | 115.0 | 115.0 | 0.481 | 0.519 |
| 1:46-4th |  | 115.0 | 117.0 | 0.39 | 0.61 |
| 1:29-4th |  | 115.0 | 117.0 | 0.307 | 0.693 |
| 1:27-4th |  | 115.0 | 117.0 | 0.39 | 0.61 |
| 1:21-4th |  | 115.0 | 117.0 | 0.305 | 0.695 |
| 1:18-4th |  | 115.0 | 117.0 | 0.275 | 0.725 |
| 1:12-4th |  | 115.0 | 117.0 | 0.36 | 0.64 |
| 1:08-4th |  | 115.0 | 117.0 | 0.39 | 0.61 |
| 1:07-4th |  | 115.0 | 117.0 | 0.27 | 0.73 |
| 58.1-4th |  | 115.0 | 117.0 | 0.389 | 0.611 |
| 55.1-4th |  | 118.0 | 119.0 | 0.362 | 0.638 |
| 33.0-4th |  | 118.0 | 119.0 | 0.465 | 0.535 |
| 29.0-4th |  | 118.0 | 119.0 | 0.467 | 0.533 |
| 28.1-4th |  | 118.0 | 119.0 | 0.502 | 0.498 |
| 12.1-4th |  | 118.0 | 119.0 | 0.369 | 0.631 |
| 9.1-4th |  | 118.0 | 119.0 | 0.293 | 0.707 |
| 9.0-4th |  | 118.0 | 119.0 | 0.263 | 0.737 |
| 3.0-4th | TARGET | 118.0 | 120.0 | 0.092 | 0.908 |
| 0.1-4th |  | 118.0 | 120.0 | 0.012 | 0.988 |
| 0.0-4th |  | 118.0 | 120.0 | 0.0 | 1.0 |

Question

Which event most likely happened at the marked missing position?

Answer Choices

A. Player 2 (Team A) personal take foul | Player 5 (Team B) misses free throw 1 of 2 | Team B offensive team rebound | Player 9 (Team B) enters the game for Player 10 (Team B) | Player 5 (Team B) makes free throw 2 of 2 | Player 10 (Team A) enters the game for Player 11 (Team A)
B. Player 16 (Team B) makes 24-foot three point jumper
C. Player 6 (Team B) shooting foul
D. Player 8 (Team B) lane violation

Response Format

Return exactly one JSON object:

{
  "answer": "<A|B|C|D>",
  "rationale": "<brief evidence-based justification in 1-3 sentences>",
  "evidence_event_ids": [],
  "evidence_series_times": []
}

Use only event IDs and time labels that are provided above and that support the answer. Use an empty array when the corresponding evidence type is unavailable or unused. Return only the JSON object.
