Task

Reconstruct the missing event in this basketball game. Use the available numerical time-series evidence around the marked row to select the most likely event.

Game

Team A versus Team B, season 22-23.

Time Series

| Game time | Marker | Team A score | Team B score | Team A win probability | Team B win probability |
| --- | --- | --- | --- | --- | --- |
| 12:00-1st |  | 0 | 0 | 0.225 | 0.775 |
| 11:48-1st |  | 2 | 0 | 0.247 | 0.753 |
| 11:32-1st |  | 2 | 0 | 0.262 | 0.738 |
| 11:29-1st |  | 2 | 0 | 0.267 | 0.733 |
| 11:20-1st |  | 2 | 0 | 0.249 | 0.751 |
| 11:00-1st |  | 2 | 0 | 0.265 | 0.735 |
| 10:57-1st |  | 2 | 0 | 0.27 | 0.73 |
| 10:36-1st |  | 2 | 0 | 0.258 | 0.742 |
| 10:32-1st |  | 2 | 0 | 0.272 | 0.728 |
| 10:30-1st |  | 2 | 0 | 0.258 | 0.742 |
| 10:28-1st |  | 2 | 0 | 0.254 | 0.746 |
| 10:22-1st |  | 2 | 0 | 0.268 | 0.732 |
| 10:19-1st |  | 2 | 0 | 0.273 | 0.727 |
| 10:05-1st |  | 4 | 0 | 0.294 | 0.706 |
| 9:57-1st |  | 4 | 2 | 0.275 | 0.725 |
| 9:37-1st |  | 4 | 2 | 0.263 | 0.737 |
| 9:33-1st |  | 4 | 2 | 0.258 | 0.742 |
| 9:29-1st |  | 4 | 2 | 0.273 | 0.727 |
| 9:27-1st |  | 4 | 2 | 0.278 | 0.722 |
| 9:09-1st |  | 4 | 2 | 0.265 | 0.735 |
| 9:06-1st |  | 4 | 2 | 0.26 | 0.74 |
| 8:51-1st |  | 4 | 5 | 0.224 | 0.776 |
| 8:41-1st |  | 4 | 5 | 0.209 | 0.791 |
| 8:39-1st |  | 4 | 5 | 0.204 | 0.796 |
| 8:35-1st |  | 4 | 6 | 0.208 | 0.792 |
| 8:21-1st |  | 4 | 6 | 0.196 | 0.804 |
| 8:17-1st |  | 4 | 6 | 0.192 | 0.808 |
| 8:10-1st |  | 4 | 6 | 0.205 | 0.795 |
| 8:08-1st |  | 4 | 6 | 0.21 | 0.79 |
| 8:02-1st |  | 4 | 6 | 0.198 | 0.802 |
| 8:01-1st |  | 4 | 6 | 0.21 | 0.79 |
| 7:54-1st |  | 6 | 6 | 0.228 | 0.772 |
| 7:43-1st |  | 6 | 9 | 0.193 | 0.807 |
| 7:27-1st |  | 6 | 9 | 0.182 | 0.818 |
| 7:24-1st |  | 6 | 9 | 0.178 | 0.822 |
| 7:20-1st |  | 6 | 11 | 0.164 | 0.836 |
| 7:07-1st |  | 6 | 11 | 0.153 | 0.847 |
| 7:05-1st |  | 6 | 11 | 0.15 | 0.85 |
| 7:01-1st |  | 6 | 11 | 0.161 | 0.839 |
| 6:59-1st |  | 6 | 11 | 0.165 | 0.835 |
| 6:56-1st |  | 6 | 11 | 0.15 | 0.85 |
| 6:53-1st |  | 6 | 15 | 0.103 | 0.897 |
| 6:34-1st |  | 8 | 15 | 0.125 | 0.875 |
| 6:20-1st |  | 8 | 15 | 0.136 | 0.864 |
| 6:16-1st |  | 8 | 15 | 0.139 | 0.861 |
| 6:10-1st |  | 10 | 15 | 0.151 | 0.849 |
| 6:00-1st |  | 10 | 18 | 0.128 | 0.872 |
| 5:51-1st |  | 10 | 18 | 0.115 | 0.885 |
| 5:47-1st |  | 10 | 20 | 0.104 | 0.896 |
| 5:27-1st |  | 10 | 20 | 0.093 | 0.907 |
| 5:22-1st |  | 10 | 20 | 0.104 | 0.896 |
| 5:17-1st |  | 10 | 20 | 0.096 | 0.904 |
| 5:13-1st |  | 10 | 20 | 0.105 | 0.895 |
| 5:11-1st |  | 10 | 20 | 0.096 | 0.904 |
| 5:08-1st |  | 10 | 20 | 0.093 | 0.907 |
| 4:59-1st |  | 10 | 20 | 0.105 | 0.895 |
| 4:47-1st |  | 10 | 20 | 0.093 | 0.907 |
| 4:31-1st |  | 10 | 23 | 0.077 | 0.923 |
| 4:22-1st |  | 12 | 23 | 0.086 | 0.914 |
| 4:04-1st |  | 12 | 23 | 0.093 | 0.907 |
| 4:01-1st |  | 12 | 23 | 0.096 | 0.904 |
| 3:59-1st |  | 12 | 23 | 0.096 | 0.904 |
| 3:48-1st |  | 12 | 23 | 0.086 | 0.914 |
| 3:36-1st |  | 12 | 23 | 0.094 | 0.906 |
| 3:33-1st |  | 12 | 23 | 0.096 | 0.904 |
| 3:26-1st |  | 14 | 23 | 0.108 | 0.892 |
| 3:15-1st |  | 14 | 26 | 0.087 | 0.913 |
| 2:59-1st |  | 17 | 26 | 0.108 | 0.892 |
| 2:39-1st |  | 17 | 26 | 0.117 | 0.883 |
| 2:36-1st |  | 17 | 29 | 0.088 | 0.912 |
| 2:27-1st |  | 17 | 29 | 0.079 | 0.921 |
| 2:20-1st |  | 17 | 29 | 0.088 | 0.912 |
| 2:12-1st |  | 17 | 29 | 0.086 | 0.914 |
| 2:10-1st |  | 17 | 29 | 0.088 | 0.912 |
| 2:02-1st |  | 17 | 29 | 0.079 | 0.921 |
| 1:56-1st |  | 17 | 31 | 0.069 | 0.931 |
| 1:41-1st |  | 17 | 31 | 0.084 | 0.916 |
| 1:31-1st |  | 20 | 31 | 0.088 | 0.912 |
| 1:16-1st |  | 20 | 31 | 0.096 | 0.904 |
| 1:14-1st |  | 20 | 31 | 0.088 | 0.912 |
| 1:12-1st |  | 20 | 34 | 0.07 | 0.93 |
| 59.4-1st |  | 20 | 34 | 0.063 | 0.937 |
| 47.2-1st |  | 20 | 34 | 0.07 | 0.93 |
| 40.4-1st |  | 22 | 34 | 0.08 | 0.92 |
| 33.4-1st |  | 22 | 34 | 0.087 | 0.913 |
| 31.3-1st |  | 22 | 34 | 0.089 | 0.911 |
| 26.4-1st |  | 22 | 34 | 0.08 | 0.92 |
| 21.3-1st |  | 22 | 36 | 0.07 | 0.93 |
| 1.6-1st |  | 22 | 36 | 0.07 | 0.93 |
| 0.0-1st |  | 22 | 36 | 0.067 | 0.933 |
| 12:00-2nd |  | 22 | 36 | 0.067 | 0.933 |
| 11:44-2nd |  | 22 | 38 | 0.054 | 0.946 |
| 11:29-2nd |  | 24 | 38 | 0.062 | 0.938 |
| 11:12-2nd |  | 24 | 38 | 0.067 | 0.933 |
| 11:10-2nd |  | 24 | 38 | 0.069 | 0.931 |
| 11:02-2nd |  | 26 | 38 | 0.077 | 0.923 |
| 10:44-2nd |  | 26 | 38 | 0.085 | 0.915 |
| 10:42-2nd |  | 26 | 38 | 0.088 | 0.912 |
| 10:37-2nd |  | 26 | 38 | 0.08 | 0.92 |
| 10:34-2nd |  | 26 | 38 | 0.077 | 0.923 |
| 10:29-2nd |  | 26 | 38 | 0.086 | 0.914 |
| 10:26-2nd |  | 26 | 38 | 0.088 | 0.912 |
| 10:22-2nd |  | 28 | 38 | 0.101 | 0.899 |
| 9:56-2nd |  | 28 | 38 | 0.109 | 0.891 |
| 9:52-2nd |  | 28 | 38 | 0.112 | 0.888 |
| 9:49-2nd |  | 28 | 38 | 0.104 | 0.896 |
| 9:47-2nd |  | 28 | 38 | 0.101 | 0.899 |
| 9:34-2nd |  | 28 | 38 | 0.109 | 0.891 |
| 9:32-2nd |  | 28 | 38 | 0.112 | 0.888 |
| 9:26-2nd |  | 30 | 38 | 0.126 | 0.874 |
| 9:06-2nd |  | 30 | 41 | 0.101 | 0.899 |
| 8:58-2nd |  | 30 | 41 | 0.101 | 0.899 |
| 8:45-2nd |  | 33 | 41 | 0.127 | 0.873 |
| 8:33-2nd |  | 32 | 43 | 0.101 | 0.899 |
| 8:16-2nd |  | 33 | 43 | 0.104 | 0.896 |
| 8:13-2nd |  | 33 | 43 | 0.101 | 0.899 |
| 8:06-2nd |  | 33 | 43 | 0.114 | 0.886 |
| 7:57-2nd |  | 33 | 43 | 0.104 | 0.896 |
| 7:52-2nd |  | 33 | 43 | 0.101 | 0.899 |
| 7:48-2nd |  | 33 | 46 | 0.08 | 0.92 |
| 7:40-2nd |  | 36 | 46 | 0.101 | 0.899 |
| 7:31-2nd |  | 36 | 49 | 0.08 | 0.92 |
| 7:17-2nd |  | 38 | 49 | 0.089 | 0.911 |
| 7:05-2nd |  | 38 | 49 | 0.098 | 0.902 |
| 7:02-2nd |  | 38 | 49 | 0.101 | 0.899 |
| 7:00-2nd |  | 38 | 49 | 0.092 | 0.908 |
| 6:57-2nd |  | 38 | 49 | 0.089 | 0.911 |
| 6:49-2nd |  | 38 | 49 | 0.09 | 0.91 |
| 6:38-2nd |  | 38 | 49 | 0.102 | 0.898 |
| 6:21-2nd |  | 40 | 49 | 0.115 | 0.885 |
| 6:00-2nd |  | 40 | 49 | 0.127 | 0.873 |
| 5:58-2nd |  | 40 | 49 | 0.131 | 0.869 |
| 5:51-2nd |  | 43 | 49 | 0.165 | 0.835 |
| 5:33-2nd |  | 43 | 49 | 0.184 | 0.816 |
| 5:29-2nd |  | 45 | 49 | 0.203 | 0.797 |
| 5:12-2nd |  | 45 | 51 | 0.185 | 0.815 |
| 4:58-2nd |  | 45 | 51 | 0.185 | 0.815 |
| 4:47-2nd |  | 47 | 51 | 0.205 | 0.795 |
| 4:32-2nd |  | 47 | 53 | 0.186 | 0.814 |
| 4:17-2nd |  | 49 | 53 | 0.206 | 0.794 |
| 4:02-2nd |  | 49 | 53 | 0.23 | 0.77 |
| 3:51-2nd |  | 49 | 53 | 0.207 | 0.793 |
| 3:43-2nd |  | 49 | 56 | 0.167 | 0.833 |
| 3:19-2nd |  | 49 | 56 | 0.149 | 0.851 |
| 3:05-2nd |  | 49 | 56 | 0.163 | 0.837 |
| 3:01-2nd |  | 49 | 56 | 0.168 | 0.832 |
| 2:53-2nd |  | 51 | 56 | 0.189 | 0.811 |
| 2:33-2nd |  | 51 | 56 | 0.211 | 0.789 |
| 2:31-2nd |  | 53 | 56 | 0.232 | 0.768 |
| 2:12-2nd |  | 53 | 56 | 0.255 | 0.745 |
| 2:09-2nd |  | 53 | 56 | 0.262 | 0.738 |
| 2:01-2nd |  | 55 | 56 | 0.289 | 0.711 |
| 1:47-2nd |  | 55 | 58 | 0.263 | 0.737 |
| 1:34-2nd |  | 57 | 58 | 0.291 | 0.709 |
| 1:15-2nd |  | 57 | 60 | 0.265 | 0.735 |
| 55.7-2nd |  | 59 | 60 | 0.294 | 0.706 |
| 48.3-2nd |  | 59 | 62 | 0.264 | 0.736 |
| 40.3-2nd |  | 59 | 62 | 0.245 | 0.755 |
| 36.5-2nd |  | 59 | 62 | 0.238 | 0.762 |
| 32.2-2nd |  | 59 | 62 | 0.258 | 0.742 |
| 29.3-2nd |  | 59 | 62 | 0.265 | 0.735 |
| 12.7-2nd |  | 62 | 62 | 0.329 | 0.671 |
| 2.9-2nd |  | 62 | 64 | 0.301 | 0.699 |
| 0.0-2nd |  | 62 | 64 | 0.284 | 0.716 |
| 12:00-3rd |  | 62 | 64 | 0.284 | 0.716 |
| 11:46-3rd |  | 62 | 64 | 0.291 | 0.709 |
| 11:43-3rd |  | 62 | 64 | 0.299 | 0.701 |
| 11:27-3rd |  | 62 | 64 | 0.279 | 0.721 |
| 11:25-3rd |  | 62 | 64 | 0.272 | 0.728 |
| 11:06-3rd |  | 62 | 64 | 0.296 | 0.704 |
| 11:03-3rd |  | 62 | 64 | 0.303 | 0.697 |
| 10:47-3rd |  | 62 | 64 | 0.282 | 0.718 |
| 10:44-3rd |  | 62 | 64 | 0.306 | 0.694 |
| 10:42-3rd |  | 62 | 64 | 0.282 | 0.718 |
| 10:39-3rd |  | 62 | 64 | 0.283 | 0.717 |
| 10:37-3rd |  | 62 | 64 | 0.306 | 0.694 |
| 10:35-3rd |  | 62 | 64 | 0.283 | 0.717 |
| 10:34-3rd |  | 62 | 64 | 0.275 | 0.725 |
| 10:29-3rd |  | 62 | 64 | 0.299 | 0.701 |
| 10:26-3rd |  | 62 | 64 | 0.307 | 0.693 |
| 10:17-3rd |  | 62 | 64 | 0.308 | 0.692 |
| 10:12-3rd |  | 64 | 64 | 0.339 | 0.661 |
| 10:02-3rd |  | 64 | 64 | 0.369 | 0.631 |
| 9:59-3rd |  | 64 | 64 | 0.379 | 0.621 |
| 9:51-3rd |  | 66 | 64 | 0.411 | 0.589 |
| 9:42-3rd |  | 66 | 64 | 0.451 | 0.549 |
| 9:31-3rd |  | 68 | 64 | 0.488 | 0.512 |
| 9:19-3rd |  | 68 | 64 | 0.489 | 0.511 |
| 9:10-3rd |  | 68 | 64 | 0.531 | 0.469 |
| 8:54-3rd |  | 68 | 64 | 0.503 | 0.497 |
| 8:51-3rd |  | 68 | 64 | 0.494 | 0.506 |
| 8:40-3rd |  | 68 | 64 | 0.496 | 0.504 |
| 8:30-3rd |  | 68 | 67 | 0.423 | 0.577 |
| 8:19-3rd |  | 68 | 67 | 0.423 | 0.577 |
| 8:04-3rd |  | 71 | 67 | 0.5 | 0.5 |
| 7:48-3rd |  | 71 | 69 | 0.466 | 0.534 |
| 7:31-3rd |  | 71 | 69 | 0.43 | 0.57 |
| 7:23-3rd |  | 71 | 71 | 0.394 | 0.606 |
| 7:11-3rd |  | 71 | 71 | 0.366 | 0.634 |
| 7:08-3rd |  | 71 | 71 | 0.357 | 0.643 |
| 7:05-3rd |  | 71 | 71 | 0.386 | 0.614 |
| 7:03-3rd |  | 71 | 71 | 0.358 | 0.642 |
| 6:55-3rd |  | 71 | 71 | 0.387 | 0.613 |
| 6:52-3rd |  | 71 | 71 | 0.397 | 0.603 |
| 6:37-3rd |  | 73 | 71 | 0.439 | 0.561 |
| 6:20-3rd |  | 73 | 74 | 0.363 | 0.637 |
| 6:02-3rd |  | 76 | 74 | 0.442 | 0.558 |
| 5:48-3rd |  | 76 | 74 | 0.454 | 0.546 |
| 5:45-3rd |  | 76 | 74 | 0.444 | 0.556 |
| 5:35-3rd |  | 76 | 76 | 0.405 | 0.595 |
| 5:17-3rd |  | 78 | 76 | 0.448 | 0.552 |
| 5:01-3rd |  | 78 | 76 | 0.483 | 0.517 |
| 4:59-3rd |  | 78 | 76 | 0.494 | 0.506 |
| 4:48-3rd |  | 79 | 76 | 0.538 | 0.462 |
| 4:41-3rd |  | 82 | 76 | 0.622 | 0.378 |
| 4:17-3rd |  | 82 | 78 | 0.584 | 0.416 |
| 4:04-3rd |  | 84 | 78 | 0.629 | 0.371 |
| 3:50-3rd |  | 84 | 78 | 0.679 | 0.321 |
| 3:24-3rd |  | 84 | 78 | 0.65 | 0.35 |
| 3:23-3rd |  | 84 | 78 | 0.639 | 0.361 |
| 3:12-3rd |  | 84 | 80 | 0.6 | 0.4 |
| 2:57-3rd |  | 84 | 80 | 0.569 | 0.431 |
| 2:52-3rd |  | 84 | 80 | 0.558 | 0.442 |
| 2:33-3rd |  | 84 | 82 | 0.519 | 0.481 |
| 2:22-3rd |  | 84 | 82 | 0.485 | 0.515 |
| 2:19-3rd |  | 84 | 84 | 0.427 | 0.573 |
| 1:59-3rd |  | 84 | 84 | 0.398 | 0.602 |
| 1:57-3rd |  | 84 | 84 | 0.388 | 0.612 |
| 1:37-3rd | TARGET | 84 | 87 | 0.304 | 0.696 |
| 1:26-3rd |  | 84 | 87 | 0.275 | 0.725 |
| 1:21-3rd |  | 84 | 87 | 0.265 | 0.735 |
| 1:08-3rd |  | 84 | 89 | 0.234 | 0.766 |
| 53.7-3rd |  | 84 | 89 | 0.194 | 0.806 |
| 47.0-3rd |  | 84 | 91 | 0.165 | 0.835 |
| 33.9-3rd |  | 84 | 91 | 0.142 | 0.858 |
| 31.1-3rd |  | 84 | 91 | 0.134 | 0.866 |
| 14.7-3rd |  | 84 | 94 | 0.089 | 0.911 |
| 0.8-3rd |  | 84 | 94 | 0.088 | 0.912 |
| 0.0-3rd |  | 84 | 94 | 0.079 | 0.921 |
| 12:00-4th |  | 84 | 94 | 0.079 | 0.921 |
| 11:45-4th |  | 84 | 94 | 0.071 | 0.929 |
| 11:42-4th |  | 84 | 94 | 0.084 | 0.916 |
| 11:40-4th |  | 84 | 94 | 0.071 | 0.929 |
| 11:37-4th |  | 84 | 94 | 0.066 | 0.934 |
| 11:22-4th |  | 84 | 97 | 0.041 | 0.959 |
| 10:57-4th |  | 86 | 97 | 0.049 | 0.951 |
| 10:37-4th |  | 86 | 97 | 0.049 | 0.951 |
| 10:35-4th |  | 86 | 97 | 0.058 | 0.942 |
| 10:30-4th |  | 86 | 97 | 0.047 | 0.953 |
| 10:25-4th |  | 86 | 97 | 0.057 | 0.943 |
| 10:23-4th |  | 86 | 97 | 0.06 | 0.94 |
| 10:11-4th |  | 86 | 97 | 0.049 | 0.951 |
| 10:08-4th |  | 86 | 97 | 0.045 | 0.955 |
| 10:02-4th |  | 86 | 99 | 0.034 | 0.966 |
| 9:45-4th |  | 86 | 99 | 0.026 | 0.974 |
| 9:43-4th |  | 86 | 99 | 0.024 | 0.976 |
| 9:36-4th |  | 86 | 101 | 0.017 | 0.983 |
| 9:19-4th |  | 86 | 101 | 0.013 | 0.987 |
| 9:15-4th |  | 86 | 101 | 0.016 | 0.984 |
| 9:11-4th |  | 86 | 101 | 0.011 | 0.989 |
| 8:57-4th |  | 86 | 103 | 0.008 | 0.992 |
| 8:38-4th |  | 88 | 103 | 0.01 | 0.99 |
| 8:24-4th |  | 88 | 106 | 0.005 | 0.995 |
| 8:03-4th |  | 88 | 106 | 0.003 | 0.997 |
| 8:01-4th |  | 88 | 106 | 0.003 | 0.997 |
| 7:52-4th |  | 88 | 108 | 0.002 | 0.998 |
| 7:33-4th |  | 88 | 108 | 0.001 | 0.999 |
| 7:29-4th |  | 88 | 108 | 0.001 | 0.999 |
| 7:23-4th |  | 88 | 108 | 0.002 | 0.998 |
| 7:20-4th |  | 88 | 108 | 0.002 | 0.998 |
| 7:15-4th |  | 88 | 108 | 0.001 | 0.999 |
| 7:12-4th |  | 88 | 108 | 0.001 | 0.999 |
| 7:01-4th |  | 88 | 108 | 0.001 | 0.999 |
| 6:58-4th |  | 88 | 108 | 0.001 | 0.999 |
| 6:55-4th |  | 88 | 110 | 0.001 | 0.999 |
| 6:35-4th |  | 88 | 110 | 0.001 | 0.999 |
| 6:25-4th |  | 88 | 110 | 0.001 | 0.999 |
| 6:22-4th |  | 88 | 110 | 0.001 | 0.999 |
| 6:07-4th |  | 88 | 110 | 0.001 | 0.999 |
| 6:04-4th |  | 88 | 110 | 0.001 | 0.999 |
| 5:58-4th |  | 88 | 110 | 0.001 | 0.999 |
| 5:47-4th |  | 88 | 110 | 0.001 | 0.999 |
| 5:44-4th |  | 88 | 110 | 0.001 | 0.999 |
| 5:31-4th |  | 88 | 110 | 0.001 | 0.999 |
| 5:28-4th |  | 88 | 110 | 0.001 | 0.999 |
| 5:17-4th |  | 88 | 110 | 0.001 | 0.999 |
| 5:04-4th |  | 88 | 113 | 0.001 | 0.999 |
| 4:40-4th |  | 90 | 113 | 0.001 | 0.999 |
| 4:31-4th |  | 90 | 115 | 0.001 | 0.999 |
| 4:30-4th |  | 90 | 115 | 0.001 | 0.999 |
| 4:14-4th |  | 90 | 115 | 0.001 | 0.999 |
| 4:04-4th |  | 90 | 117 | 0.001 | 0.999 |
| 3:45-4th |  | 92 | 117 | 0.001 | 0.999 |
| 3:27-4th |  | 92 | 117 | 0.001 | 0.999 |
| 3:22-4th |  | 92 | 117 | 0.001 | 0.999 |
| 3:21-4th |  | 95 | 117 | 0.001 | 0.999 |
| 3:04-4th |  | 95 | 117 | 0.001 | 0.999 |
| 3:00-4th |  | 95 | 117 | 0.001 | 0.999 |
| 2:55-4th |  | 97 | 117 | 0.001 | 0.999 |
| 2:30-4th |  | 95 | 119 | 0.001 | 0.999 |
| 2:17-4th |  | 97 | 119 | 0.001 | 0.999 |
| 2:15-4th |  | 97 | 119 | 0.001 | 0.999 |
| 2:14-4th |  | 98 | 119 | 0.001 | 0.999 |
| 2:11-4th |  | 98 | 119 | 0.001 | 0.999 |
| 2:02-4th |  | 98 | 120 | 0.001 | 0.999 |
| 1:50-4th |  | 101 | 120 | 0.001 | 0.999 |
| 1:27-4th |  | 101 | 120 | 0.001 | 0.999 |
| 1:11-4th |  | 101 | 120 | 0.001 | 0.999 |
| 1:07-4th |  | 101 | 122 | 0.001 | 0.999 |
| 47.8-4th |  | 101 | 122 | 0.001 | 0.999 |
| 43.5-4th |  | 101 | 122 | 0.001 | 0.999 |
| 39.0-4th |  | 101 | 122 | 0.001 | 0.999 |
| 37.8-4th |  | 101 | 122 | 0.001 | 0.999 |
| 30.7-4th |  | 101 | 122 | 0.001 | 0.999 |
| 27.0-4th |  | 101 | 122 | 0.001 | 0.999 |
| 22.5-4th |  | 104 | 122 | 0.001 | 0.999 |
| 0.0-4th |  | 104 | 122 | 0.0 | 1.0 |

Question

Which event most likely happened at the marked missing position?

Answer Choices

A. Player 9 (Team B) makes 28-foot three point jumper (Player 7 (Team B) assists)
B. Player 12 (Team A) enters the game for Player 8 (Team A)
C. Player 10 (Team A) makes layup (Player 9 (Team A) assists)
D. Player 1 (Team A) makes layup (Player 9 (Team A) assists)

Response Format

Return exactly one JSON object:

{
  "answer": "<A|B|C|D>",
  "rationale": "<brief evidence-based justification in 1-3 sentences>",
  "evidence_event_ids": [],
  "evidence_series_times": []
}

Use only event IDs and time labels that are provided above and that support the answer. Use an empty array when the corresponding evidence type is unavailable or unused. Return only the JSON object.
