Task

Reconstruct the missing event in this basketball game. Use the available numerical time-series evidence around the marked row to select the most likely event.

Game

Team A versus Team B, season 22-23.

Time Series

| Game time | Marker | Team A score | Team B score | Team A win probability | Team B win probability |
| --- | --- | --- | --- | --- | --- |
| 12:00-1st |  | 0 | 0 | 0.689 | 0.311 |
| 11:35-1st |  | 0 | 0 | 0.674 | 0.326 |
| 11:30-1st |  | 0 | 0 | 0.67 | 0.33 |
| 11:10-1st |  | 0 | 0 | 0.682 | 0.318 |
| 11:06-1st |  | 0 | 0 | 0.686 | 0.314 |
| 10:59-1st |  | 3 | 0 | 0.729 | 0.271 |
| 10:39-1st |  | 3 | 0 | 0.745 | 0.255 |
| 10:36-1st |  | 3 | 0 | 0.75 | 0.25 |
| 10:29-1st |  | 5 | 0 | 0.766 | 0.234 |
| 10:07-1st |  | 5 | 0 | 0.779 | 0.221 |
| 10:05-1st |  | 5 | 0 | 0.784 | 0.216 |
| 9:57-1st |  | 5 | 0 | 0.77 | 0.23 |
| 9:55-1st |  | 5 | 0 | 0.765 | 0.235 |
| 9:50-1st |  | 5 | 0 | 0.779 | 0.221 |
| 9:44-1st |  | 5 | 0 | 0.783 | 0.217 |
| 9:32-1st |  | 5 | 0 | 0.769 | 0.231 |
| 9:29-1st |  | 5 | 0 | 0.764 | 0.236 |
| 9:16-1st |  | 5 | 0 | 0.778 | 0.222 |
| 9:14-1st |  | 5 | 0 | 0.782 | 0.218 |
| 9:03-1st |  | 7 | 0 | 0.801 | 0.199 |
| 8:47-1st |  | 7 | 0 | 0.816 | 0.184 |
| 8:35-1st |  | 10 | 0 | 0.846 | 0.154 |
| 8:19-1st |  | 10 | 0 | 0.856 | 0.144 |
| 8:16-1st |  | 10 | 0 | 0.859 | 0.141 |
| 8:08-1st |  | 10 | 0 | 0.849 | 0.151 |
| 8:05-1st |  | 10 | 0 | 0.846 | 0.154 |
| 8:02-1st |  | 10 | 2 | 0.832 | 0.168 |
| 7:42-1st |  | 10 | 2 | 0.815 | 0.185 |
| 7:22-1st |  | 10 | 5 | 0.78 | 0.22 |
| 7:12-1st |  | 10 | 5 | 0.781 | 0.219 |
| 7:05-1st |  | 12 | 5 | 0.798 | 0.202 |
| 6:51-1st |  | 12 | 7 | 0.781 | 0.219 |
| 6:38-1st |  | 12 | 7 | 0.765 | 0.235 |
| 6:35-1st |  | 12 | 7 | 0.76 | 0.24 |
| 6:25-1st |  | 12 | 7 | 0.775 | 0.225 |
| 6:23-1st |  | 12 | 7 | 0.78 | 0.22 |
| 6:10-1st |  | 15 | 7 | 0.813 | 0.187 |
| 5:55-1st |  | 15 | 9 | 0.797 | 0.203 |
| 5:36-1st |  | 15 | 9 | 0.782 | 0.218 |
| 5:33-1st |  | 15 | 9 | 0.777 | 0.223 |
| 5:23-1st |  | 15 | 9 | 0.792 | 0.208 |
| 5:20-1st |  | 15 | 9 | 0.796 | 0.204 |
| 5:17-1st |  | 15 | 9 | 0.796 | 0.204 |
| 5:06-1st |  | 15 | 9 | 0.776 | 0.224 |
| 5:03-1st |  | 15 | 9 | 0.795 | 0.205 |
| 5:00-1st |  | 15 | 9 | 0.795 | 0.205 |
| 4:49-1st |  | 17 | 9 | 0.812 | 0.188 |
| 4:29-1st |  | 17 | 11 | 0.794 | 0.206 |
| 4:04-1st |  | 19 | 11 | 0.811 | 0.189 |
| 3:56-1st |  | 19 | 11 | 0.829 | 0.171 |
| 3:40-1st |  | 21 | 11 | 0.845 | 0.155 |
| 3:23-1st |  | 21 | 11 | 0.862 | 0.138 |
| 3:07-1st |  | 24 | 11 | 0.887 | 0.113 |
| 2:50-1st |  | 24 | 13 | 0.874 | 0.126 |
| 2:34-1st |  | 24 | 13 | 0.864 | 0.136 |
| 2:31-1st |  | 24 | 13 | 0.86 | 0.14 |
| 2:21-1st |  | 24 | 16 | 0.875 | 0.125 |
| 1:59-1st |  | 26 | 16 | 0.845 | 0.155 |
| 1:35-1st |  | 26 | 16 | 0.858 | 0.142 |
| 1:33-1st |  | 26 | 16 | 0.862 | 0.138 |
| 1:15-1st |  | 28 | 16 | 0.873 | 0.127 |
| 1:02-1st |  | 28 | 16 | 0.851 | 0.149 |
| 51.1-1st |  | 28 | 16 | 0.885 | 0.115 |
| 49.1-1st |  | 28 | 16 | 0.888 | 0.112 |
| 46.1-1st |  | 30 | 16 | 0.9 | 0.1 |
| 27.1-1st |  | 30 | 16 | 0.911 | 0.089 |
| 24.1-1st |  | 31 | 16 | 0.911 | 0.089 |
| 22.1-1st |  | 31 | 16 | 0.911 | 0.089 |
| 0.1-1st |  | 31 | 16 | 0.908 | 0.092 |
| 0.0-1st |  | 31 | 18 | 0.894 | 0.106 |
| 11:44-2nd |  | 31 | 18 | 0.901 | 0.099 |
| 11:24-2nd |  | 31 | 18 | 0.893 | 0.107 |
| 11:19-2nd |  | 31 | 18 | 0.89 | 0.11 |
| 11:03-2nd |  | 31 | 18 | 0.899 | 0.101 |
| 11:01-2nd |  | 31 | 18 | 0.902 | 0.098 |
| 10:52-2nd |  | 33 | 18 | 0.924 | 0.076 |
| 10:36-2nd |  | 33 | 18 | 0.925 | 0.075 |
| 10:30-2nd |  | 33 | 18 | 0.918 | 0.082 |
| 10:27-2nd |  | 33 | 18 | 0.916 | 0.084 |
| 10:18-2nd |  | 33 | 20 | 0.903 | 0.097 |
| 9:56-2nd |  | 33 | 20 | 0.89 | 0.11 |
| 9:52-2nd |  | 33 | 22 | 0.876 | 0.124 |
| 9:29-2nd |  | 34 | 22 | 0.876 | 0.124 |
| 9:25-2nd |  | 34 | 22 | 0.876 | 0.124 |
| 9:14-2nd |  | 34 | 22 | 0.877 | 0.123 |
| 9:01-2nd |  | 34 | 22 | 0.887 | 0.113 |
| 8:58-2nd |  | 34 | 22 | 0.877 | 0.123 |
| 8:54-2nd |  | 34 | 22 | 0.891 | 0.109 |
| 8:52-2nd |  | 34 | 22 | 0.891 | 0.109 |
| 8:36-2nd |  | 36 | 22 | 0.904 | 0.096 |
| 8:34-2nd |  | 36 | 22 | 0.915 | 0.085 |
| 8:27-2nd |  | 36 | 22 | 0.907 | 0.093 |
| 8:24-2nd |  | 36 | 22 | 0.904 | 0.096 |
| 8:20-2nd |  | 36 | 22 | 0.913 | 0.087 |
| 8:18-2nd |  | 36 | 22 | 0.904 | 0.096 |
| 8:11-2nd |  | 36 | 22 | 0.913 | 0.087 |
| 8:09-2nd |  | 36 | 22 | 0.904 | 0.096 |
| 8:08-2nd |  | 36 | 24 | 0.891 | 0.109 |
| 7:52-2nd |  | 38 | 24 | 0.905 | 0.095 |
| 7:43-2nd |  | 38 | 26 | 0.892 | 0.108 |
| 7:24-2nd |  | 40 | 26 | 0.905 | 0.095 |
| 7:12-2nd |  | 40 | 28 | 0.893 | 0.107 |
| 6:54-2nd |  | 42 | 28 | 0.905 | 0.095 |
| 6:39-2nd |  | 42 | 28 | 0.915 | 0.085 |
| 6:37-2nd |  | 42 | 28 | 0.918 | 0.082 |
| 6:33-2nd |  | 42 | 28 | 0.918 | 0.082 |
| 6:26-2nd |  | 42 | 28 | 0.909 | 0.091 |
| 6:22-2nd |  | 42 | 28 | 0.906 | 0.094 |
| 6:20-2nd |  | 42 | 30 | 0.893 | 0.107 |
| 6:05-2nd |  | 44 | 30 | 0.907 | 0.093 |
| 5:53-2nd |  | 44 | 33 | 0.881 | 0.119 |
| 5:40-2nd |  | 44 | 33 | 0.864 | 0.136 |
| 5:38-2nd |  | 46 | 33 | 0.894 | 0.106 |
| 5:22-2nd |  | 46 | 33 | 0.908 | 0.092 |
| 5:20-2nd |  | 47 | 33 | 0.907 | 0.093 |
| 5:10-2nd |  | 47 | 33 | 0.918 | 0.082 |
| 5:06-2nd |  | 47 | 33 | 0.921 | 0.079 |
| 5:04-2nd |  | 47 | 33 | 0.908 | 0.092 |
| 4:49-2nd |  | 47 | 33 | 0.918 | 0.082 |
| 4:46-2nd |  | 47 | 33 | 0.922 | 0.078 |
| 4:35-2nd |  | 50 | 33 | 0.941 | 0.059 |
| 4:16-2nd |  | 50 | 33 | 0.948 | 0.052 |
| 4:14-2nd |  | 50 | 33 | 0.942 | 0.058 |
| 4:06-2nd |  | 50 | 35 | 0.933 | 0.067 |
| 3:55-2nd |  | 50 | 35 | 0.922 | 0.078 |
| 3:48-2nd |  | 50 | 38 | 0.897 | 0.103 |
| 3:34-2nd |  | 50 | 38 | 0.884 | 0.116 |
| 3:31-2nd |  | 50 | 40 | 0.866 | 0.134 |
| 3:30-2nd |  | 50 | 40 | 0.866 | 0.134 |
| 3:16-2nd |  | 50 | 40 | 0.854 | 0.146 |
| 3:14-2nd |  | 50 | 40 | 0.85 | 0.15 |
| 2:58-2nd |  | 50 | 42 | 0.829 | 0.171 |
| 2:34-2nd |  | 50 | 42 | 0.816 | 0.184 |
| 2:31-2nd |  | 50 | 42 | 0.811 | 0.189 |
| 2:27-2nd |  | 50 | 44 | 0.786 | 0.214 |
| 2:08-2nd |  | 52 | 44 | 0.812 | 0.188 |
| 1:51-2nd | TARGET | 52 | 47 | 0.763 | 0.237 |
| 1:38-2nd |  | 55 | 47 | 0.812 | 0.188 |
| 1:21-2nd |  | 55 | 49 | 0.786 | 0.214 |
| 56.0-2nd |  | 57 | 49 | 0.813 | 0.187 |
| 43.1-2nd |  | 57 | 51 | 0.787 | 0.213 |
| 32.0-2nd |  | 59 | 51 | 0.814 | 0.186 |
| 14.1-2nd |  | 59 | 51 | 0.827 | 0.173 |
| 10.0-2nd |  | 59 | 51 | 0.832 | 0.168 |
| 2.1-2nd |  | 59 | 51 | 0.818 | 0.182 |
| 0.0-2nd |  | 59 | 51 | 0.822 | 0.178 |
| 12:00-3rd |  | 59 | 51 | 0.822 | 0.178 |
| 11:36-3rd |  | 59 | 51 | 0.83 | 0.17 |
| 11:33-3rd |  | 59 | 51 | 0.836 | 0.164 |
| 11:28-3rd |  | 59 | 51 | 0.819 | 0.181 |
| 11:25-3rd |  | 59 | 51 | 0.813 | 0.187 |
| 11:15-3rd |  | 59 | 51 | 0.831 | 0.169 |
| 11:13-3rd |  | 59 | 51 | 0.814 | 0.186 |
| 11:10-3rd |  | 59 | 53 | 0.793 | 0.207 |
| 10:50-3rd |  | 61 | 53 | 0.814 | 0.186 |
| 10:32-3rd |  | 61 | 53 | 0.832 | 0.168 |
| 10:28-3rd |  | 61 | 53 | 0.838 | 0.162 |
| 10:26-3rd |  | 64 | 53 | 0.876 | 0.124 |
| 10:11-3rd |  | 64 | 56 | 0.839 | 0.161 |
| 9:49-3rd |  | 64 | 56 | 0.822 | 0.178 |
| 9:46-3rd |  | 64 | 56 | 0.816 | 0.184 |
| 9:40-3rd |  | 64 | 58 | 0.795 | 0.205 |
| 9:33-3rd |  | 67 | 58 | 0.842 | 0.158 |
| 9:16-3rd |  | 67 | 58 | 0.857 | 0.143 |
| 9:07-3rd |  | 67 | 58 | 0.863 | 0.137 |
| 9:06-3rd |  | 69 | 58 | 0.88 | 0.12 |
| 8:54-3rd |  | 69 | 58 | 0.894 | 0.106 |
| 8:50-3rd |  | 69 | 58 | 0.899 | 0.101 |
| 8:48-3rd |  | 69 | 58 | 0.885 | 0.115 |
| 8:46-3rd |  | 69 | 58 | 0.88 | 0.12 |
| 8:31-3rd |  | 69 | 58 | 0.895 | 0.105 |
| 8:28-3rd |  | 69 | 58 | 0.9 | 0.1 |
| 8:24-3rd |  | 69 | 58 | 0.886 | 0.114 |
| 8:22-3rd |  | 69 | 58 | 0.882 | 0.118 |
| 8:17-3rd |  | 69 | 60 | 0.865 | 0.135 |
| 8:07-3rd |  | 72 | 60 | 0.902 | 0.098 |
| 7:48-3rd |  | 72 | 60 | 0.914 | 0.086 |
| 7:39-3rd |  | 72 | 62 | 0.886 | 0.114 |
| 7:23-3rd |  | 72 | 62 | 0.872 | 0.128 |
| 7:20-3rd |  | 72 | 62 | 0.867 | 0.133 |
| 7:12-3rd |  | 72 | 62 | 0.882 | 0.118 |
| 7:10-3rd |  | 72 | 62 | 0.887 | 0.113 |
| 7:04-3rd |  | 75 | 62 | 0.92 | 0.08 |
| 6:50-3rd |  | 75 | 62 | 0.935 | 0.065 |
| 6:42-3rd |  | 77 | 62 | 0.947 | 0.053 |
| 6:24-3rd |  | 77 | 62 | 0.955 | 0.045 |
| 6:20-3rd |  | 77 | 62 | 0.948 | 0.052 |
| 6:19-3rd |  | 77 | 62 | 0.948 | 0.052 |
| 6:14-3rd |  | 77 | 62 | 0.955 | 0.045 |
| 6:10-3rd |  | 77 | 62 | 0.958 | 0.042 |
| 6:06-3rd |  | 77 | 62 | 0.951 | 0.049 |
| 6:03-3rd |  | 77 | 62 | 0.949 | 0.051 |
| 5:56-3rd |  | 77 | 62 | 0.958 | 0.042 |
| 5:37-3rd |  | 77 | 62 | 0.952 | 0.048 |
| 5:33-3rd |  | 77 | 62 | 0.95 | 0.05 |
| 5:31-3rd |  | 77 | 64 | 0.94 | 0.06 |
| 5:08-3rd |  | 79 | 64 | 0.952 | 0.048 |
| 4:53-3rd |  | 79 | 64 | 0.959 | 0.041 |
| 4:51-3rd |  | 79 | 64 | 0.962 | 0.038 |
| 4:45-3rd |  | 81 | 64 | 0.97 | 0.03 |
| 4:27-3rd |  | 81 | 64 | 0.978 | 0.022 |
| 4:14-3rd |  | 83 | 64 | 0.982 | 0.018 |
| 3:55-3rd |  | 83 | 64 | 0.983 | 0.017 |
| 3:43-3rd |  | 83 | 64 | 0.986 | 0.014 |
| 3:40-3rd |  | 83 | 64 | 0.987 | 0.013 |
| 3:32-3rd |  | 83 | 64 | 0.985 | 0.015 |
| 3:29-3rd |  | 83 | 64 | 0.984 | 0.016 |
| 3:21-3rd |  | 83 | 67 | 0.973 | 0.027 |
| 3:06-3rd |  | 83 | 67 | 0.969 | 0.031 |
| 3:03-3rd |  | 83 | 67 | 0.974 | 0.026 |
| 3:00-3rd |  | 83 | 67 | 0.97 | 0.03 |
| 2:58-3rd |  | 83 | 67 | 0.968 | 0.032 |
| 2:49-3rd |  | 83 | 67 | 0.973 | 0.027 |
| 2:47-3rd |  | 83 | 67 | 0.975 | 0.025 |
| 2:43-3rd |  | 83 | 67 | 0.975 | 0.025 |
| 2:25-3rd |  | 86 | 67 | 0.987 | 0.013 |
| 2:14-3rd |  | 86 | 67 | 0.99 | 0.01 |
| 1:50-3rd |  | 86 | 67 | 0.989 | 0.011 |
| 1:46-3rd |  | 86 | 67 | 0.988 | 0.012 |
| 1:39-3rd |  | 86 | 70 | 0.979 | 0.021 |
| 1:10-3rd |  | 89 | 70 | 0.99 | 0.01 |
| 46.1-3rd |  | 89 | 72 | 0.988 | 0.012 |
| 29.2-3rd |  | 89 | 72 | 0.984 | 0.016 |
| 27.1-3rd |  | 89 | 72 | 0.983 | 0.017 |
| 10.0-3rd |  | 89 | 74 | 0.978 | 0.022 |
| 5.0-3rd |  | 89 | 74 | 0.971 | 0.029 |
| 0.0-3rd |  | 89 | 74 | 0.974 | 0.026 |
| 12:00-4th |  | 89 | 74 | 0.974 | 0.026 |
| 11:57-4th |  | 89 | 74 | 0.97 | 0.03 |
| 11:44-4th |  | 89 | 76 | 0.964 | 0.036 |
| 11:33-4th |  | 91 | 76 | 0.973 | 0.027 |
| 11:16-4th |  | 91 | 79 | 0.955 | 0.045 |
| 10:54-4th |  | 91 | 79 | 0.956 | 0.044 |
| 10:51-4th |  | 91 | 79 | 0.947 | 0.053 |
| 10:48-4th |  | 91 | 79 | 0.944 | 0.056 |
| 10:31-4th |  | 91 | 79 | 0.958 | 0.042 |
| 10:19-4th |  | 91 | 79 | 0.947 | 0.053 |
| 10:14-4th |  | 91 | 81 | 0.933 | 0.067 |
| 9:58-4th |  | 94 | 81 | 0.961 | 0.039 |
| 9:31-4th |  | 94 | 81 | 0.971 | 0.029 |
| 9:28-4th |  | 94 | 81 | 0.974 | 0.026 |
| 9:19-4th |  | 94 | 81 | 0.975 | 0.025 |
| 9:16-4th |  | 94 | 81 | 0.967 | 0.033 |
| 9:13-4th |  | 94 | 81 | 0.965 | 0.035 |
| 9:06-4th |  | 94 | 81 | 0.976 | 0.024 |
| 9:01-4th |  | 94 | 81 | 0.969 | 0.031 |
| 8:57-4th |  | 94 | 81 | 0.976 | 0.024 |
| 8:46-4th |  | 94 | 81 | 0.967 | 0.033 |
| 8:41-4th |  | 94 | 83 | 0.958 | 0.042 |
| 8:19-4th |  | 96 | 83 | 0.971 | 0.029 |
| 7:55-4th |  | 96 | 83 | 0.98 | 0.02 |
| 7:49-4th |  | 96 | 83 | 0.982 | 0.018 |
| 7:42-4th |  | 98 | 83 | 0.988 | 0.012 |
| 7:29-4th |  | 98 | 84 | 0.988 | 0.012 |
| 7:27-4th |  | 98 | 84 | 0.988 | 0.012 |
| 7:13-4th |  | 98 | 84 | 0.984 | 0.016 |
| 7:11-4th |  | 98 | 84 | 0.988 | 0.012 |
| 7:01-4th |  | 101 | 84 | 0.995 | 0.005 |
| 6:44-4th |  | 101 | 84 | 0.997 | 0.003 |
| 6:33-4th |  | 101 | 84 | 0.998 | 0.002 |
| 6:21-4th |  | 101 | 84 | 0.997 | 0.003 |
| 6:17-4th |  | 101 | 84 | 0.997 | 0.003 |
| 6:01-4th |  | 101 | 86 | 0.995 | 0.005 |
| 5:37-4th |  | 101 | 86 | 0.994 | 0.006 |
| 5:35-4th |  | 101 | 86 | 0.993 | 0.007 |
| 5:29-4th |  | 101 | 86 | 0.996 | 0.004 |
| 5:07-4th |  | 101 | 86 | 0.995 | 0.005 |
| 5:04-4th |  | 101 | 86 | 0.995 | 0.005 |
| 4:41-4th |  | 101 | 86 | 0.997 | 0.003 |
| 4:38-4th |  | 101 | 86 | 0.998 | 0.002 |
| 4:18-4th |  | 101 | 86 | 0.997 | 0.003 |
| 4:16-4th |  | 101 | 86 | 0.997 | 0.003 |
| 4:14-4th |  | 101 | 88 | 0.995 | 0.005 |
| 4:01-4th |  | 104 | 88 | 0.999 | 0.001 |
| 3:47-4th |  | 104 | 88 | 0.999 | 0.001 |
| 3:46-4th |  | 104 | 88 | 0.999 | 0.001 |
| 3:43-4th |  | 104 | 88 | 0.999 | 0.001 |
| 3:42-4th |  | 104 | 90 | 0.997 | 0.003 |
| 3:25-4th |  | 105 | 90 | 0.999 | 0.001 |
| 3:22-4th |  | 105 | 90 | 0.999 | 0.001 |
| 3:15-4th |  | 105 | 92 | 0.998 | 0.002 |
| 2:55-4th |  | 105 | 92 | 0.997 | 0.003 |
| 2:53-4th |  | 105 | 92 | 0.997 | 0.003 |
| 2:35-4th |  | 105 | 94 | 0.995 | 0.005 |
| 2:20-4th |  | 105 | 94 | 0.992 | 0.008 |
| 2:08-4th |  | 105 | 96 | 0.988 | 0.012 |
| 1:43-4th |  | 105 | 96 | 0.982 | 0.018 |
| 1:39-4th |  | 105 | 99 | 0.94 | 0.06 |
| 1:19-4th |  | 108 | 99 | 0.983 | 0.017 |
| 1:04-4th |  | 108 | 101 | 0.977 | 0.023 |
| 54.1-4th |  | 108 | 101 | 0.981 | 0.019 |
| 44.2-4th |  | 108 | 101 | 0.969 | 0.031 |
| 41.1-4th |  | 108 | 101 | 0.966 | 0.034 |
| 37.1-4th |  | 108 | 101 | 0.983 | 0.017 |
| 35.1-4th |  | 108 | 101 | 0.969 | 0.031 |
| 25.0-4th |  | 108 | 101 | 0.989 | 0.011 |
| 22.1-4th |  | 108 | 101 | 0.999 | 0.001 |
| 20.1-4th |  | 110 | 101 | 0.998 | 0.002 |
| 14.1-4th |  | 110 | 104 | 0.992 | 0.008 |
| 13.1-4th |  | 110 | 104 | 0.98 | 0.02 |
| 8.1-4th |  | 110 | 104 | 0.995 | 0.005 |
| 5.1-4th |  | 110 | 104 | 0.998 | 0.002 |
| 0.0-4th |  | 110 | 104 | 1.0 | 0.0 |

Question

Which event most likely happened at the marked missing position?

Answer Choices

A. Player 10 (Team B) makes 27-foot three point jumper (Player 3 (Team B) assists)
B. Player 7 (Team A) misses free throw 2 of 3
C. Player 17 (Team B) blocks Player 1 (Team B) 's 4-foot two point shot
D. Player 10 (Team B) misses 2-foot two point shot

Response Format

Return exactly one JSON object:

{
  "answer": "<A|B|C|D>",
  "rationale": "<brief evidence-based justification in 1-3 sentences>",
  "evidence_event_ids": [],
  "evidence_series_times": []
}

Use only event IDs and time labels that are provided above and that support the answer. Use an empty array when the corresponding evidence type is unavailable or unused. Return only the JSON object.
