Task

Reconstruct the missing event in this basketball game. Use the available numerical time-series evidence around the marked row to select the most likely event.

Game

Team A versus Team B, season 22-23.

Time Series

| Game time | Marker | Team A score | Team B score | Team A win probability | Team B win probability |
| --- | --- | --- | --- | --- | --- |
| 12:00-1st |  | 0 | 0 | 0.444 | 0.556 |
| 11:38-1st |  | 0 | 0 | 0.43 | 0.57 |
| 11:35-1st |  | 0 | 0 | 0.444 | 0.556 |
| 11:34-1st |  | 0 | 0 | 0.43 | 0.57 |
| 11:32-1st |  | 0 | 0 | 0.425 | 0.575 |
| 11:19-1st |  | 0 | 2 | 0.397 | 0.603 |
| 10:59-1st |  | 0 | 2 | 0.38 | 0.62 |
| 10:56-1st |  | 0 | 2 | 0.375 | 0.625 |
| 10:47-1st |  | 0 | 4 | 0.352 | 0.648 |
| 10:35-1st |  | 2 | 4 | 0.375 | 0.625 |
| 10:21-1st |  | 2 | 4 | 0.393 | 0.607 |
| 10:18-1st |  | 2 | 4 | 0.399 | 0.601 |
| 10:13-1st |  | 2 | 4 | 0.381 | 0.619 |
| 10:07-1st |  | 2 | 4 | 0.399 | 0.601 |
| 10:06-1st |  | 4 | 4 | 0.423 | 0.577 |
| 9:49-1st |  | 4 | 4 | 0.444 | 0.556 |
| 9:46-1st |  | 4 | 4 | 0.45 | 0.55 |
| 9:40-1st |  | 4 | 4 | 0.431 | 0.569 |
| 9:37-1st |  | 4 | 4 | 0.424 | 0.576 |
| 9:31-1st |  | 4 | 6 | 0.399 | 0.601 |
| 9:15-1st |  | 4 | 6 | 0.381 | 0.619 |
| 9:12-1st |  | 4 | 6 | 0.374 | 0.626 |
| 9:06-1st |  | 4 | 9 | 0.328 | 0.672 |
| 8:57-1st |  | 6 | 9 | 0.352 | 0.648 |
| 8:39-1st |  | 6 | 11 | 0.328 | 0.672 |
| 8:27-1st |  | 8 | 11 | 0.352 | 0.648 |
| 8:13-1st |  | 8 | 11 | 0.375 | 0.625 |
| 8:09-1st |  | 10 | 11 | 0.402 | 0.598 |
| 7:57-1st |  | 10 | 13 | 0.376 | 0.624 |
| 7:34-1st |  | 12 | 13 | 0.403 | 0.597 |
| 7:25-1st |  | 12 | 13 | 0.404 | 0.596 |
| 7:18-1st |  | 12 | 15 | 0.381 | 0.619 |
| 7:03-1st |  | 12 | 15 | 0.354 | 0.646 |
| 6:59-1st |  | 12 | 15 | 0.374 | 0.626 |
| 6:57-1st |  | 12 | 15 | 0.381 | 0.619 |
| 6:45-1st |  | 14 | 15 | 0.404 | 0.596 |
| 6:33-1st |  | 14 | 18 | 0.355 | 0.645 |
| 6:19-1st |  | 16 | 18 | 0.378 | 0.622 |
| 6:11-1st |  | 16 | 21 | 0.329 | 0.671 |
| 5:57-1st |  | 16 | 21 | 0.307 | 0.693 |
| 5:54-1st |  | 16 | 23 | 0.282 | 0.718 |
| 5:38-1st |  | 18 | 23 | 0.307 | 0.693 |
| 5:23-1st |  | 18 | 25 | 0.282 | 0.718 |
| 5:07-1st |  | 18 | 25 | 0.259 | 0.741 |
| 5:01-1st |  | 18 | 27 | 0.237 | 0.763 |
| 4:48-1st |  | 20 | 27 | 0.258 | 0.742 |
| 4:30-1st |  | 20 | 29 | 0.236 | 0.764 |
| 4:28-1st |  | 20 | 29 | 0.236 | 0.764 |
| 4:12-1st |  | 22 | 29 | 0.257 | 0.743 |
| 3:54-1st |  | 22 | 32 | 0.216 | 0.784 |
| 3:35-1st |  | 24 | 32 | 0.236 | 0.764 |
| 3:29-1st |  | 24 | 32 | 0.254 | 0.746 |
| 3:26-1st |  | 24 | 32 | 0.26 | 0.74 |
| 3:14-1st |  | 24 | 32 | 0.235 | 0.765 |
| 3:05-1st |  | 24 | 33 | 0.234 | 0.766 |
| 3:03-1st |  | 24 | 33 | 0.234 | 0.766 |
| 2:52-1st |  | 26 | 33 | 0.255 | 0.745 |
| 2:26-1st |  | 26 | 33 | 0.273 | 0.727 |
| 2:24-1st |  | 26 | 33 | 0.279 | 0.721 |
| 2:14-1st |  | 26 | 33 | 0.254 | 0.746 |
| 2:09-1st |  | 26 | 33 | 0.273 | 0.727 |
| 2:06-1st |  | 26 | 33 | 0.279 | 0.721 |
| 1:56-1st |  | 26 | 33 | 0.254 | 0.746 |
| 1:36-1st |  | 26 | 33 | 0.272 | 0.728 |
| 1:34-1st |  | 26 | 33 | 0.278 | 0.722 |
| 1:22-1st |  | 26 | 33 | 0.259 | 0.741 |
| 1:20-1st |  | 26 | 33 | 0.253 | 0.747 |
| 1:11-1st |  | 26 | 35 | 0.231 | 0.769 |
| 57.1-1st |  | 26 | 35 | 0.215 | 0.785 |
| 56.0-1st |  | 26 | 35 | 0.215 | 0.785 |
| 55.1-1st |  | 26 | 35 | 0.215 | 0.785 |
| 55.0-1st |  | 26 | 35 | 0.21 | 0.79 |
| 34.0-1st |  | 26 | 38 | 0.175 | 0.825 |
| 10.1-1st |  | 26 | 38 | 0.159 | 0.841 |
| 9.1-1st |  | 26 | 38 | 0.154 | 0.846 |
| 1.0-1st |  | 26 | 38 | 0.172 | 0.828 |
| 0.0-1st |  | 26 | 38 | 0.164 | 0.836 |
| 12:00-2nd |  | 26 | 38 | 0.164 | 0.836 |
| 11:39-2nd |  | 26 | 40 | 0.136 | 0.864 |
| 11:20-2nd |  | 29 | 40 | 0.171 | 0.829 |
| 11:07-2nd |  | 29 | 40 | 0.183 | 0.817 |
| 11:05-2nd |  | 29 | 40 | 0.187 | 0.813 |
| 11:00-2nd |  | 31 | 40 | 0.207 | 0.793 |
| 10:45-2nd |  | 31 | 42 | 0.187 | 0.813 |
| 10:29-2nd |  | 33 | 42 | 0.206 | 0.794 |
| 10:13-2nd |  | 33 | 44 | 0.186 | 0.814 |
| 9:52-2nd |  | 33 | 44 | 0.171 | 0.829 |
| 9:49-2nd |  | 33 | 44 | 0.166 | 0.834 |
| 9:47-2nd |  | 33 | 46 | 0.149 | 0.851 |
| 9:35-2nd |  | 33 | 46 | 0.136 | 0.864 |
| 9:32-2nd |  | 33 | 46 | 0.131 | 0.869 |
| 9:19-2nd |  | 33 | 49 | 0.102 | 0.898 |
| 9:18-2nd |  | 33 | 49 | 0.102 | 0.898 |
| 9:02-2nd |  | 33 | 49 | 0.093 | 0.907 |
| 8:59-2nd |  | 33 | 49 | 0.09 | 0.91 |
| 8:52-2nd |  | 33 | 51 | 0.078 | 0.922 |
| 8:37-2nd |  | 33 | 51 | 0.07 | 0.93 |
| 8:35-2nd |  | 33 | 51 | 0.067 | 0.933 |
| 8:15-2nd |  | 33 | 51 | 0.074 | 0.926 |
| 8:10-2nd |  | 33 | 51 | 0.076 | 0.924 |
| 7:55-2nd |  | 36 | 51 | 0.1 | 0.9 |
| 7:38-2nd |  | 36 | 54 | 0.075 | 0.925 |
| 7:26-2nd |  | 36 | 54 | 0.067 | 0.933 |
| 7:25-2nd |  | 36 | 54 | 0.064 | 0.936 |
| 7:17-2nd |  | 36 | 54 | 0.063 | 0.937 |
| 7:09-2nd |  | 36 | 57 | 0.047 | 0.953 |
| 6:53-2nd |  | 36 | 57 | 0.04 | 0.96 |
| 6:50-2nd |  | 36 | 57 | 0.046 | 0.954 |
| 6:48-2nd |  | 39 | 57 | 0.062 | 0.938 |
| 6:39-2nd |  | 39 | 57 | 0.072 | 0.928 |
| 6:29-2nd |  | 39 | 57 | 0.064 | 0.936 |
| 6:24-2nd |  | 39 | 57 | 0.061 | 0.939 |
| 6:17-2nd |  | 39 | 59 | 0.053 | 0.947 |
| 5:59-2nd |  | 39 | 59 | 0.044 | 0.956 |
| 5:52-2nd |  | 39 | 59 | 0.052 | 0.948 |
| 5:47-2nd |  | 39 | 59 | 0.044 | 0.956 |
| 5:39-2nd |  | 39 | 62 | 0.031 | 0.969 |
| 5:16-2nd |  | 39 | 62 | 0.027 | 0.973 |
| 5:13-2nd |  | 39 | 62 | 0.026 | 0.974 |
| 5:04-2nd |  | 39 | 62 | 0.026 | 0.974 |
| 4:53-2nd |  | 39 | 62 | 0.028 | 0.972 |
| 4:52-2nd |  | 39 | 62 | 0.025 | 0.975 |
| 4:50-2nd |  | 39 | 62 | 0.029 | 0.971 |
| 4:35-2nd |  | 42 | 62 | 0.041 | 0.959 |
| 4:16-2nd |  | 42 | 64 | 0.034 | 0.966 |
| 3:59-2nd |  | 42 | 64 | 0.028 | 0.972 |
| 3:54-2nd |  | 42 | 64 | 0.029 | 0.971 |
| 3:53-2nd |  | 42 | 64 | 0.028 | 0.972 |
| 3:41-2nd |  | 42 | 64 | 0.033 | 0.967 |
| 3:35-2nd |  | 42 | 64 | 0.029 | 0.971 |
| 3:33-2nd |  | 42 | 64 | 0.028 | 0.972 |
| 3:29-2nd |  | 42 | 64 | 0.032 | 0.968 |
| 3:26-2nd |  | 42 | 64 | 0.033 | 0.967 |
| 3:17-2nd |  | 42 | 64 | 0.028 | 0.972 |
| 3:13-2nd |  | 42 | 64 | 0.027 | 0.973 |
| 3:09-2nd |  | 42 | 66 | 0.022 | 0.978 |
| 2:59-2nd |  | 42 | 66 | 0.021 | 0.979 |
| 2:46-2nd |  | 42 | 66 | 0.018 | 0.982 |
| 2:45-2nd |  | 42 | 66 | 0.021 | 0.979 |
| 2:39-2nd |  | 42 | 66 | 0.018 | 0.982 |
| 2:35-2nd |  | 42 | 66 | 0.017 | 0.983 |
| 2:28-2nd |  | 42 | 68 | 0.013 | 0.987 |
| 2:10-2nd |  | 42 | 68 | 0.011 | 0.989 |
| 2:07-2nd |  | 42 | 68 | 0.013 | 0.987 |
| 2:05-2nd |  | 44 | 68 | 0.016 | 0.984 |
| 1:44-2nd |  | 44 | 70 | 0.012 | 0.988 |
| 1:34-2nd |  | 44 | 70 | 0.011 | 0.989 |
| 1:30-2nd |  | 46 | 70 | 0.015 | 0.985 |
| 1:16-2nd |  | 46 | 70 | 0.018 | 0.982 |
| 1:06-2nd |  | 48 | 70 | 0.022 | 0.978 |
| 49.1-2nd |  | 48 | 70 | 0.026 | 0.974 |
| 46.1-2nd |  | 48 | 70 | 0.027 | 0.973 |
| 38.1-2nd |  | 50 | 70 | 0.032 | 0.968 |
| 31.2-2nd |  | 50 | 70 | 0.037 | 0.963 |
| 28.1-2nd |  | 50 | 70 | 0.038 | 0.962 |
| 10.1-2nd |  | 50 | 70 | 0.033 | 0.967 |
| 7.1-2nd |  | 50 | 70 | 0.031 | 0.969 |
| 0.0-2nd |  | 50 | 70 | 0.034 | 0.966 |
| 12:00-3rd |  | 50 | 70 | 0.034 | 0.966 |
| 11:49-3rd |  | 50 | 72 | 0.024 | 0.976 |
| 11:26-3rd |  | 50 | 72 | 0.02 | 0.98 |
| 11:23-3rd |  | 50 | 72 | 0.019 | 0.981 |
| 11:16-3rd |  | 50 | 72 | 0.022 | 0.978 |
| 11:12-3rd |  | 50 | 74 | 0.015 | 0.985 |
| 10:56-3rd |  | 53 | 74 | 0.023 | 0.977 |
| 10:38-3rd |  | 53 | 74 | 0.026 | 0.974 |
| 10:34-3rd |  | 53 | 74 | 0.027 | 0.973 |
| 10:21-3rd |  | 55 | 74 | 0.033 | 0.967 |
| 10:03-3rd |  | 55 | 76 | 0.026 | 0.974 |
| 9:51-3rd |  | 57 | 76 | 0.031 | 0.969 |
| 9:43-3rd |  | 57 | 76 | 0.036 | 0.964 |
| 9:40-3rd |  | 57 | 76 | 0.037 | 0.963 |
| 9:32-3rd |  | 59 | 76 | 0.045 | 0.955 |
| 9:15-3rd |  | 59 | 78 | 0.036 | 0.964 |
| 9:02-3rd |  | 61 | 78 | 0.043 | 0.957 |
| 8:50-3rd |  | 61 | 80 | 0.035 | 0.965 |
| 8:34-3rd |  | 61 | 80 | 0.029 | 0.971 |
| 8:32-3rd |  | 61 | 80 | 0.027 | 0.973 |
| 8:24-3rd |  | 61 | 80 | 0.032 | 0.968 |
| 8:20-3rd |  | 61 | 80 | 0.033 | 0.967 |
| 8:07-3rd |  | 61 | 80 | 0.033 | 0.967 |
| 8:02-3rd |  | 63 | 80 | 0.04 | 0.96 |
| 7:46-3rd |  | 63 | 80 | 0.045 | 0.955 |
| 7:43-3rd |  | 63 | 80 | 0.047 | 0.953 |
| 7:38-3rd |  | 66 | 80 | 0.069 | 0.931 |
| 7:22-3rd |  | 66 | 80 | 0.078 | 0.922 |
| 7:17-3rd |  | 66 | 80 | 0.081 | 0.919 |
| 7:09-3rd |  | 66 | 80 | 0.067 | 0.933 |
| 6:44-3rd |  | 66 | 80 | 0.078 | 0.922 |
| 6:30-3rd |  | 68 | 80 | 0.093 | 0.907 |
| 6:15-3rd |  | 68 | 80 | 0.109 | 0.891 |
| 6:10-3rd |  | 68 | 80 | 0.095 | 0.905 |
| 6:08-3rd |  | 70 | 80 | 0.128 | 0.872 |
| 5:54-3rd |  | 70 | 80 | 0.128 | 0.872 |
| 5:43-3rd |  | 70 | 80 | 0.143 | 0.857 |
| 5:42-3rd |  | 70 | 80 | 0.149 | 0.851 |
| 5:32-3rd |  | 70 | 80 | 0.131 | 0.869 |
| 5:30-3rd |  | 70 | 80 | 0.13 | 0.87 |
| 5:29-3rd |  | 70 | 80 | 0.147 | 0.853 |
| 5:24-3rd |  | 70 | 80 | 0.124 | 0.876 |
| 5:05-3rd |  | 70 | 80 | 0.139 | 0.861 |
| 5:02-3rd |  | 70 | 80 | 0.145 | 0.855 |
| 4:52-3rd |  | 72 | 80 | 0.17 | 0.83 |
| 4:30-3rd |  | 72 | 80 | 0.196 | 0.804 |
| 4:26-3rd |  | 72 | 80 | 0.196 | 0.804 |
| 4:16-3rd |  | 72 | 80 | 0.174 | 0.826 |
| 4:12-3rd |  | 72 | 80 | 0.166 | 0.834 |
| 4:06-3rd |  | 72 | 80 | 0.166 | 0.834 |
| 3:55-3rd |  | 72 | 82 | 0.138 | 0.862 |
| 3:37-3rd |  | 75 | 82 | 0.188 | 0.812 |
| 3:18-3rd |  | 75 | 84 | 0.16 | 0.84 |
| 3:05-3rd |  | 75 | 84 | 0.139 | 0.861 |
| 3:01-3rd |  | 75 | 84 | 0.132 | 0.868 |
| 2:41-3rd |  | 75 | 87 | 0.088 | 0.912 |
| 2:31-3rd |  | 78 | 87 | 0.128 | 0.872 |
| 2:19-3rd |  | 78 | 87 | 0.146 | 0.854 |
| 2:15-3rd |  | 78 | 87 | 0.152 | 0.848 |
| 1:58-3rd |  | 78 | 87 | 0.152 | 0.848 |
| 1:55-3rd |  | 78 | 87 | 0.13 | 0.87 |
| 1:51-3rd |  | 78 | 87 | 0.123 | 0.877 |
| 1:43-3rd |  | 78 | 89 | 0.101 | 0.899 |
| 1:29-3rd |  | 80 | 89 | 0.12 | 0.88 |
| 1:18-3rd |  | 80 | 89 | 0.145 | 0.855 |
| 1:17-3rd |  | 80 | 89 | 0.119 | 0.881 |
| 1:01-3rd |  | 80 | 91 | 0.096 | 0.904 |
| 54.0-3rd |  | 80 | 91 | 0.081 | 0.919 |
| 51.0-3rd |  | 80 | 91 | 0.075 | 0.925 |
| 45.1-3rd |  | 80 | 91 | 0.095 | 0.905 |
| 23.1-3rd |  | 80 | 91 | 0.077 | 0.923 |
| 20.1-3rd |  | 80 | 91 | 0.072 | 0.928 |
| 8.1-3rd |  | 80 | 91 | 0.05 | 0.95 |
| 0.0-3rd |  | 80 | 91 | 0.08 | 0.92 |
| 12:00-4th |  | 80 | 91 | 0.08 | 0.92 |
| 11:45-4th |  | 80 | 91 | 0.091 | 0.909 |
| 11:31-4th |  | 83 | 91 | 0.135 | 0.865 |
| 11:07-4th |  | 83 | 91 | 0.157 | 0.843 |
| 11:04-4th |  | 83 | 91 | 0.165 | 0.835 |
| 10:49-4th |  | 83 | 91 | 0.137 | 0.863 |
| 10:47-4th |  | 83 | 91 | 0.123 | 0.877 |
| 10:32-4th |  | 83 | 91 | 0.158 | 0.842 |
| 10:22-4th |  | 83 | 91 | 0.131 | 0.869 |
| 10:18-4th |  | 83 | 91 | 0.122 | 0.878 |
| 10:12-4th |  | 83 | 91 | 0.114 | 0.886 |
| 10:07-4th |  | 83 | 94 | 0.074 | 0.926 |
| 9:48-4th |  | 85 | 94 | 0.09 | 0.91 |
| 9:34-4th |  | 85 | 94 | 0.115 | 0.885 |
| 9:32-4th |  | 85 | 94 | 0.088 | 0.912 |
| 9:25-4th |  | 85 | 97 | 0.053 | 0.947 |
| 9:13-4th |  | 85 | 97 | 0.042 | 0.958 |
| 9:10-4th |  | 85 | 97 | 0.038 | 0.962 |
| 9:05-4th |  | 85 | 97 | 0.048 | 0.952 |
| 9:03-4th |  | 85 | 97 | 0.051 | 0.949 |
| 9:00-4th |  | 85 | 97 | 0.04 | 0.96 |
| 8:55-4th |  | 85 | 97 | 0.04 | 0.96 |
| 8:52-4th |  | 87 | 97 | 0.062 | 0.938 |
| 8:36-4th |  | 87 | 97 | 0.076 | 0.924 |
| 8:33-4th |  | 87 | 97 | 0.081 | 0.919 |
| 8:29-4th |  | 88 | 98 | 0.063 | 0.937 |
| 8:13-4th |  | 88 | 100 | 0.047 | 0.953 |
| 7:59-4th |  | 90 | 100 | 0.059 | 0.941 |
| 7:37-4th |  | 90 | 102 | 0.042 | 0.958 |
| 7:24-4th |  | 92 | 102 | 0.054 | 0.946 |
| 7:04-4th |  | 92 | 102 | 0.066 | 0.934 |
| 7:00-4th |  | 92 | 102 | 0.07 | 0.93 |
| 6:57-4th |  | 94 | 102 | 0.091 | 0.909 |
| 6:39-4th |  | 94 | 104 | 0.063 | 0.937 |
| 6:20-4th |  | 94 | 104 | 0.047 | 0.953 |
| 6:16-4th |  | 94 | 104 | 0.042 | 0.958 |
| 6:03-4th |  | 94 | 104 | 0.053 | 0.947 |
| 5:59-4th |  | 94 | 104 | 0.039 | 0.961 |
| 5:58-4th |  | 94 | 107 | 0.02 | 0.98 |
| 5:44-4th |  | 94 | 107 | 0.013 | 0.987 |
| 5:28-4th |  | 94 | 109 | 0.008 | 0.992 |
| 5:27-4th |  | 94 | 109 | 0.008 | 0.992 |
| 5:13-4th |  | 96 | 109 | 0.011 | 0.989 |
| 5:03-4th |  | 96 | 109 | 0.013 | 0.987 |
| 5:02-4th |  | 96 | 109 | 0.03 | 0.97 |
| 4:41-4th |  | 99 | 109 | 0.03 | 0.97 |
| 4:20-4th |  | 100 | 109 | 0.06 | 0.94 |
| 4:02-4th |  | 100 | 109 | 0.042 | 0.958 |
| 3:58-4th |  | 100 | 109 | 0.036 | 0.964 |
| 3:41-4th |  | 100 | 111 | 0.023 | 0.977 |
| 3:19-4th |  | 102 | 111 | 0.029 | 0.971 |
| 2:54-4th |  | 102 | 111 | 0.037 | 0.963 |
| 2:51-4th |  | 102 | 111 | 0.04 | 0.96 |
| 2:47-4th |  | 104 | 111 | 0.057 | 0.943 |
| 2:23-4th |  | 104 | 111 | 0.073 | 0.927 |
| 2:20-4th |  | 104 | 111 | 0.079 | 0.921 |
| 2:18-4th |  | 106 | 111 | 0.109 | 0.891 |
| 1:51-4th |  | 106 | 111 | 0.049 | 0.951 |
| 1:36-4th |  | 106 | 114 | 0.035 | 0.965 |
| 1:34-4th |  | 106 | 114 | 0.034 | 0.966 |
| 1:22-4th |  | 108 | 114 | 0.05 | 0.95 |
| 1:09-4th |  | 108 | 115 | 0.046 | 0.954 |
| 1:07-4th |  | 108 | 115 | 0.045 | 0.955 |
| 58.1-4th | TARGET | 111 | 115 | 0.116 | 0.884 |
| 42.1-4th |  | 111 | 117 | 0.059 | 0.941 |
| 34.1-4th |  | 113 | 117 | 0.088 | 0.912 |
| 25.1-4th |  | 113 | 119 | 0.019 | 0.981 |
| 23.2-4th |  | 113 | 121 | 0.01 | 0.99 |
| 16.1-4th |  | 113 | 121 | 0.003 | 0.997 |
| 12.1-4th |  | 113 | 121 | 0.004 | 0.996 |
| 10.2-4th |  | 113 | 121 | 0.002 | 0.998 |
| 7.1-4th |  | 113 | 121 | 0.001 | 0.999 |
| 0.0-4th |  | 113 | 121 | 0.0 | 1.0 |

Question

Which event most likely happened at the marked missing position?

Answer Choices

A. Player 4 (Team A) makes 26-foot three point jumper (Player 9 (Team A) assists)
B. Player 11 (Team A) misses 20-foot step back jumpshot
C. Player 4 (Team B) enters the game for Player 10 (Team B)
D. Player 20 (Team B) bad pass (Player 10 (Team B) steals)

Response Format

Return exactly one JSON object:

{
  "answer": "<A|B|C|D>",
  "rationale": "<brief evidence-based justification in 1-3 sentences>",
  "evidence_event_ids": [],
  "evidence_series_times": []
}

Use only event IDs and time labels that are provided above and that support the answer. Use an empty array when the corresponding evidence type is unavailable or unused. Return only the JSON object.
