Task

Reconstruct the missing event in this basketball game. Use the available numerical time-series evidence around the marked row to select the most likely event.

Game

Team A versus Team B, season 22-23.

Time Series

| Game time | Marker | Team A score | Team B score | Team A win probability | Team B win probability |
| --- | --- | --- | --- | --- | --- |
| 12:00-1st |  | 0 | 0 | 0.857 | 0.143 |
| 11:42-1st |  | 1 | 0 | 0.856 | 0.144 |
| 11:25-1st |  | 1 | 2 | 0.842 | 0.158 |
| 11:14-1st |  | 4 | 2 | 0.867 | 0.133 |
| 10:56-1st |  | 4 | 3 | 0.853 | 0.147 |
| 10:53-1st |  | 4 | 3 | 0.863 | 0.137 |
| 10:52-1st |  | 4 | 3 | 0.867 | 0.133 |
| 10:37-1st |  | 6 | 2 | 0.886 | 0.114 |
| 10:30-1st |  | 6 | 5 | 0.863 | 0.137 |
| 10:18-1st |  | 9 | 4 | 0.895 | 0.105 |
| 10:04-1st |  | 9 | 4 | 0.902 | 0.098 |
| 10:01-1st |  | 9 | 4 | 0.905 | 0.095 |
| 9:54-1st |  | 9 | 4 | 0.897 | 0.103 |
| 9:53-1st |  | 9 | 4 | 0.894 | 0.106 |
| 9:48-1st |  | 9 | 4 | 0.902 | 0.098 |
| 9:46-1st |  | 9 | 4 | 0.904 | 0.096 |
| 9:36-1st |  | 9 | 4 | 0.893 | 0.107 |
| 9:27-1st |  | 9 | 6 | 0.883 | 0.117 |
| 9:07-1st |  | 9 | 6 | 0.871 | 0.129 |
| 8:49-1st |  | 9 | 6 | 0.881 | 0.119 |
| 8:36-1st |  | 9 | 6 | 0.872 | 0.128 |
| 8:33-1st |  | 9 | 6 | 0.869 | 0.131 |
| 8:25-1st |  | 9 | 9 | 0.842 | 0.158 |
| 8:06-1st |  | 9 | 9 | 0.825 | 0.175 |
| 8:03-1st |  | 9 | 9 | 0.837 | 0.163 |
| 7:59-1st |  | 9 | 9 | 0.84 | 0.16 |
| 7:45-1st |  | 9 | 9 | 0.827 | 0.173 |
| 7:43-1st |  | 9 | 9 | 0.839 | 0.161 |
| 7:40-1st |  | 9 | 9 | 0.827 | 0.173 |
| 7:38-1st |  | 9 | 9 | 0.823 | 0.177 |
| 7:33-1st |  | 9 | 9 | 0.834 | 0.166 |
| 7:30-1st |  | 9 | 9 | 0.838 | 0.162 |
| 7:28-1st |  | 9 | 9 | 0.826 | 0.174 |
| 7:25-1st |  | 9 | 9 | 0.822 | 0.178 |
| 7:22-1st |  | 9 | 12 | 0.788 | 0.212 |
| 7:05-1st |  | 11 | 12 | 0.805 | 0.195 |
| 6:57-1st |  | 11 | 12 | 0.815 | 0.185 |
| 6:53-1st |  | 11 | 12 | 0.819 | 0.181 |
| 6:50-1st |  | 12 | 12 | 0.819 | 0.181 |
| 6:34-1st |  | 13 | 12 | 0.843 | 0.157 |
| 6:32-1st |  | 13 | 12 | 0.847 | 0.153 |
| 6:31-1st |  | 12 | 12 | 0.821 | 0.179 |
| 6:27-1st |  | 12 | 12 | 0.817 | 0.183 |
| 6:17-1st |  | 13 | 15 | 0.799 | 0.201 |
| 5:59-1st |  | 16 | 15 | 0.83 | 0.17 |
| 5:47-1st |  | 16 | 15 | 0.839 | 0.161 |
| 5:45-1st |  | 16 | 15 | 0.843 | 0.157 |
| 5:31-1st |  | 18 | 15 | 0.854 | 0.146 |
| 5:17-1st |  | 18 | 15 | 0.864 | 0.136 |
| 5:13-1st |  | 18 | 15 | 0.867 | 0.133 |
| 5:05-1st |  | 18 | 15 | 0.856 | 0.144 |
| 5:01-1st |  | 18 | 15 | 0.853 | 0.147 |
| 4:57-1st |  | 18 | 15 | 0.863 | 0.137 |
| 4:55-1st |  | 18 | 15 | 0.866 | 0.134 |
| 4:49-1st |  | 18 | 15 | 0.855 | 0.145 |
| 4:44-1st |  | 18 | 15 | 0.851 | 0.149 |
| 4:32-1st |  | 18 | 15 | 0.861 | 0.139 |
| 4:30-1st |  | 18 | 15 | 0.865 | 0.135 |
| 4:20-1st |  | 18 | 15 | 0.865 | 0.135 |
| 4:17-1st |  | 18 | 15 | 0.864 | 0.136 |
| 4:15-1st |  | 18 | 15 | 0.853 | 0.147 |
| 4:13-1st |  | 18 | 15 | 0.849 | 0.151 |
| 4:09-1st |  | 18 | 15 | 0.86 | 0.14 |
| 4:06-1st |  | 18 | 15 | 0.863 | 0.137 |
| 3:58-1st |  | 20 | 15 | 0.875 | 0.125 |
| 3:37-1st |  | 20 | 15 | 0.883 | 0.117 |
| 3:35-1st |  | 20 | 15 | 0.886 | 0.114 |
| 3:21-1st |  | 20 | 15 | 0.873 | 0.127 |
| 3:18-1st |  | 20 | 17 | 0.86 | 0.14 |
| 2:56-1st |  | 20 | 17 | 0.848 | 0.152 |
| 2:53-1st |  | 20 | 17 | 0.844 | 0.156 |
| 2:47-1st |  | 20 | 20 | 0.813 | 0.187 |
| 2:46-1st |  | 20 | 20 | 0.813 | 0.187 |
| 2:36-1st |  | 20 | 20 | 0.798 | 0.202 |
| 2:33-1st |  | 20 | 20 | 0.793 | 0.207 |
| 2:23-1st |  | 20 | 23 | 0.753 | 0.247 |
| 2:09-1st |  | 20 | 23 | 0.735 | 0.265 |
| 2:05-1st |  | 20 | 23 | 0.73 | 0.27 |
| 2:02-1st |  | 20 | 23 | 0.745 | 0.255 |
| 2:00-1st |  | 20 | 23 | 0.751 | 0.249 |
| 1:50-1st |  | 20 | 23 | 0.733 | 0.267 |
| 1:46-1st |  | 20 | 23 | 0.727 | 0.273 |
| 1:39-1st |  | 21 | 23 | 0.745 | 0.255 |
| 1:34-1st |  | 21 | 23 | 0.745 | 0.255 |
| 1:18-1st |  | 21 | 23 | 0.765 | 0.235 |
| 1:00-1st |  | 21 | 23 | 0.71 | 0.29 |
| 50.1-1st |  | 21 | 25 | 0.718 | 0.282 |
| 38.1-1st |  | 21 | 25 | 0.7 | 0.3 |
| 33.1-1st |  | 21 | 25 | 0.693 | 0.307 |
| 29.1-1st |  | 21 | 25 | 0.71 | 0.29 |
| 26.2-1st |  | 21 | 25 | 0.715 | 0.285 |
| 5.0-1st |  | 21 | 25 | 0.694 | 0.306 |
| 3.0-1st |  | 21 | 25 | 0.708 | 0.292 |
| 1.1-1st |  | 21 | 25 | 0.708 | 0.292 |
| 0.0-1st |  | 21 | 25 | 0.701 | 0.299 |
| 12:00-2nd |  | 21 | 25 | 0.701 | 0.299 |
| 11:40-2nd |  | 21 | 27 | 0.658 | 0.342 |
| 11:28-2nd |  | 21 | 27 | 0.655 | 0.345 |
| 11:16-2nd |  | 21 | 27 | 0.631 | 0.369 |
| 11:12-2nd |  | 21 | 27 | 0.623 | 0.377 |
| 10:58-2nd |  | 21 | 27 | 0.643 | 0.357 |
| 10:55-2nd |  | 21 | 27 | 0.65 | 0.35 |
| 10:47-2nd |  | 22 | 27 | 0.648 | 0.352 |
| 10:45-2nd |  | 22 | 27 | 0.648 | 0.352 |
| 10:31-2nd |  | 22 | 27 | 0.666 | 0.334 |
| 10:28-2nd |  | 22 | 27 | 0.673 | 0.327 |
| 10:24-2nd |  | 24 | 27 | 0.698 | 0.302 |
| 10:02-2nd |  | 24 | 27 | 0.714 | 0.286 |
| 9:58-2nd |  | 24 | 29 | 0.668 | 0.332 |
| 9:50-2nd |  | 24 | 29 | 0.646 | 0.354 |
| 9:47-2nd |  | 24 | 29 | 0.638 | 0.362 |
| 9:36-2nd |  | 24 | 30 | 0.637 | 0.363 |
| 9:33-2nd |  | 24 | 30 | 0.606 | 0.394 |
| 9:26-2nd |  | 24 | 32 | 0.575 | 0.425 |
| 9:10-2nd |  | 24 | 32 | 0.548 | 0.452 |
| 9:08-2nd |  | 24 | 32 | 0.54 | 0.46 |
| 9:01-2nd |  | 24 | 32 | 0.562 | 0.438 |
| 9:00-2nd |  | 24 | 32 | 0.57 | 0.43 |
| 8:54-2nd |  | 24 | 32 | 0.545 | 0.455 |
| 8:52-2nd |  | 24 | 32 | 0.536 | 0.464 |
| 8:44-2nd |  | 24 | 35 | 0.469 | 0.531 |
| 8:43-2nd |  | 24 | 35 | 0.468 | 0.532 |
| 8:23-2nd |  | 24 | 35 | 0.438 | 0.562 |
| 8:19-2nd |  | 24 | 35 | 0.428 | 0.572 |
| 8:07-2nd |  | 24 | 35 | 0.46 | 0.54 |
| 8:00-2nd |  | 24 | 35 | 0.432 | 0.568 |
| 7:58-2nd |  | 24 | 35 | 0.423 | 0.577 |
| 7:51-2nd |  | 24 | 38 | 0.357 | 0.643 |
| 7:30-2nd |  | 26 | 38 | 0.385 | 0.615 |
| 7:11-2nd |  | 26 | 40 | 0.348 | 0.652 |
| 7:00-2nd |  | 28 | 40 | 0.377 | 0.623 |
| 6:44-2nd |  | 28 | 40 | 0.398 | 0.602 |
| 6:40-2nd |  | 28 | 40 | 0.405 | 0.595 |
| 6:28-2nd |  | 28 | 40 | 0.369 | 0.631 |
| 6:16-2nd |  | 28 | 42 | 0.335 | 0.665 |
| 6:00-2nd |  | 28 | 42 | 0.305 | 0.695 |
| 5:57-2nd |  | 28 | 42 | 0.296 | 0.704 |
| 5:39-2nd |  | 28 | 42 | 0.326 | 0.674 |
| 5:38-2nd |  | 30 | 42 | 0.356 | 0.644 |
| 5:13-2nd | TARGET | 30 | 45 | 0.285 | 0.715 |
| 4:57-2nd |  | 30 | 45 | 0.258 | 0.742 |
| 4:55-2nd |  | 30 | 45 | 0.25 | 0.75 |
| 4:45-2nd |  | 30 | 45 | 0.27 | 0.73 |
| 4:40-2nd |  | 30 | 45 | 0.277 | 0.723 |
| 4:37-2nd |  | 30 | 45 | 0.253 | 0.747 |
| 4:35-2nd |  | 30 | 45 | 0.245 | 0.755 |
| 4:09-2nd |  | 30 | 45 | 0.269 | 0.731 |
| 4:06-2nd |  | 30 | 45 | 0.246 | 0.754 |
| 4:04-2nd |  | 30 | 45 | 0.238 | 0.762 |
| 3:58-2nd |  | 30 | 48 | 0.182 | 0.818 |
| 3:40-2nd |  | 33 | 48 | 0.232 | 0.768 |
| 3:26-2nd |  | 33 | 48 | 0.251 | 0.749 |
| 3:23-2nd |  | 33 | 48 | 0.257 | 0.743 |
| 3:19-2nd |  | 33 | 48 | 0.227 | 0.773 |
| 3:09-2nd |  | 33 | 51 | 0.172 | 0.828 |
| 2:58-2nd |  | 33 | 51 | 0.208 | 0.792 |
| 2:53-2nd |  | 35 | 51 | 0.19 | 0.81 |
| 2:42-2nd |  | 35 | 54 | 0.142 | 0.858 |
| 2:30-2nd |  | 35 | 54 | 0.124 | 0.876 |
| 2:25-2nd |  | 35 | 54 | 0.118 | 0.882 |
| 2:12-2nd |  | 35 | 54 | 0.131 | 0.869 |
| 2:11-2nd |  | 35 | 54 | 0.136 | 0.864 |
| 2:04-2nd |  | 37 | 54 | 0.157 | 0.843 |
| 1:49-2nd |  | 37 | 55 | 0.158 | 0.842 |
| 1:47-2nd |  | 37 | 55 | 0.158 | 0.842 |
| 1:36-2nd |  | 38 | 55 | 0.153 | 0.847 |
| 1:24-2nd |  | 38 | 55 | 0.169 | 0.831 |
| 1:21-2nd |  | 38 | 55 | 0.15 | 0.85 |
| 1:16-2nd |  | 38 | 55 | 0.167 | 0.833 |
| 1:14-2nd |  | 38 | 55 | 0.149 | 0.851 |
| 1:12-2nd |  | 38 | 55 | 0.148 | 0.852 |
| 1:10-2nd |  | 38 | 57 | 0.125 | 0.875 |
| 57.0-2nd |  | 38 | 57 | 0.122 | 0.878 |
| 56.1-2nd |  | 40 | 57 | 0.145 | 0.855 |
| 54.1-2nd |  | 40 | 60 | 0.102 | 0.898 |
| 44.0-2nd |  | 40 | 60 | 0.092 | 0.908 |
| 43.0-2nd |  | 40 | 62 | 0.072 | 0.928 |
| 34.1-2nd |  | 43 | 62 | 0.102 | 0.898 |
| 24.1-2nd |  | 43 | 64 | 0.082 | 0.918 |
| 4.0-2nd |  | 43 | 64 | 0.07 | 0.93 |
| 1.0-2nd |  | 43 | 64 | 0.067 | 0.933 |
| 0.0-2nd |  | 43 | 64 | 0.076 | 0.924 |
| 12:00-3rd |  | 43 | 64 | 0.076 | 0.924 |
| 11:41-3rd |  | 43 | 64 | 0.077 | 0.923 |
| 11:32-3rd |  | 43 | 64 | 0.075 | 0.925 |
| 11:26-3rd |  | 43 | 64 | 0.063 | 0.937 |
| 11:21-3rd |  | 43 | 64 | 0.058 | 0.942 |
| 11:16-3rd |  | 43 | 64 | 0.06 | 0.94 |
| 11:05-3rd |  | 43 | 64 | 0.068 | 0.932 |
| 11:01-3rd |  | 43 | 64 | 0.057 | 0.943 |
| 10:59-3rd |  | 43 | 67 | 0.039 | 0.961 |
| 10:40-3rd |  | 43 | 67 | 0.03 | 0.97 |
| 10:37-3rd |  | 43 | 67 | 0.036 | 0.964 |
| 10:35-3rd |  | 45 | 67 | 0.044 | 0.956 |
| 10:28-3rd |  | 45 | 67 | 0.052 | 0.948 |
| 10:20-3rd |  | 45 | 67 | 0.045 | 0.955 |
| 10:18-3rd |  | 45 | 67 | 0.042 | 0.958 |
| 10:07-3rd |  | 45 | 67 | 0.047 | 0.953 |
| 10:04-3rd |  | 45 | 67 | 0.049 | 0.951 |
| 9:58-3rd |  | 48 | 67 | 0.075 | 0.925 |
| 9:43-3rd |  | 48 | 69 | 0.06 | 0.94 |
| 9:38-3rd |  | 51 | 69 | 0.088 | 0.912 |
| 9:28-3rd |  | 51 | 69 | 0.099 | 0.901 |
| 9:23-3rd |  | 51 | 69 | 0.103 | 0.897 |
| 9:19-3rd |  | 51 | 69 | 0.085 | 0.915 |
| 9:15-3rd |  | 51 | 69 | 0.084 | 0.916 |
| 9:11-3rd |  | 51 | 72 | 0.055 | 0.945 |
| 9:08-3rd |  | 51 | 72 | 0.055 | 0.945 |
| 8:46-3rd |  | 51 | 72 | 0.044 | 0.956 |
| 8:44-3rd |  | 51 | 72 | 0.041 | 0.959 |
| 8:33-3rd |  | 51 | 75 | 0.026 | 0.974 |
| 8:16-3rd |  | 51 | 75 | 0.02 | 0.98 |
| 8:12-3rd |  | 51 | 75 | 0.024 | 0.976 |
| 8:11-3rd |  | 53 | 75 | 0.03 | 0.97 |
| 8:05-3rd |  | 53 | 75 | 0.03 | 0.97 |
| 7:58-3rd |  | 53 | 75 | 0.034 | 0.966 |
| 7:56-3rd |  | 53 | 75 | 0.036 | 0.964 |
| 7:52-3rd |  | 53 | 75 | 0.028 | 0.972 |
| 7:44-3rd |  | 53 | 75 | 0.035 | 0.965 |
| 7:34-3rd |  | 55 | 75 | 0.043 | 0.957 |
| 7:22-3rd |  | 55 | 78 | 0.026 | 0.974 |
| 6:58-3rd |  | 57 | 78 | 0.032 | 0.968 |
| 6:45-3rd |  | 57 | 78 | 0.036 | 0.964 |
| 6:39-3rd |  | 57 | 80 | 0.023 | 0.977 |
| 6:31-3rd |  | 57 | 80 | 0.019 | 0.981 |
| 6:28-3rd |  | 60 | 80 | 0.036 | 0.964 |
| 6:13-3rd |  | 60 | 80 | 0.043 | 0.957 |
| 6:09-3rd |  | 60 | 80 | 0.046 | 0.954 |
| 6:05-3rd |  | 63 | 80 | 0.069 | 0.931 |
| 5:44-3rd |  | 63 | 81 | 0.065 | 0.935 |
| 5:29-3rd |  | 65 | 81 | 0.08 | 0.92 |
| 5:12-3rd |  | 65 | 81 | 0.075 | 0.925 |
| 5:04-3rd |  | 65 | 81 | 0.087 | 0.913 |
| 5:03-3rd |  | 65 | 81 | 0.054 | 0.946 |
| 4:57-3rd |  | 65 | 81 | 0.087 | 0.913 |
| 4:54-3rd |  | 65 | 81 | 0.092 | 0.908 |
| 4:47-3rd |  | 65 | 81 | 0.076 | 0.924 |
| 4:42-3rd |  | 65 | 81 | 0.07 | 0.93 |
| 4:35-3rd |  | 65 | 83 | 0.057 | 0.943 |
| 4:31-3rd |  | 65 | 83 | 0.056 | 0.944 |
| 4:19-3rd |  | 65 | 83 | 0.046 | 0.954 |
| 4:16-3rd |  | 65 | 83 | 0.042 | 0.958 |
| 4:10-3rd |  | 65 | 84 | 0.042 | 0.958 |
| 3:59-3rd |  | 67 | 84 | 0.051 | 0.949 |
| 3:47-3rd |  | 67 | 84 | 0.063 | 0.937 |
| 3:34-3rd |  | 69 | 84 | 0.076 | 0.924 |
| 3:23-3rd |  | 69 | 85 | 0.075 | 0.925 |
| 3:09-3rd |  | 72 | 85 | 0.11 | 0.89 |
| 2:52-3rd |  | 72 | 86 | 0.106 | 0.894 |
| 2:50-3rd |  | 72 | 86 | 0.106 | 0.894 |
| 2:31-3rd |  | 72 | 86 | 0.085 | 0.915 |
| 2:28-3rd |  | 72 | 86 | 0.079 | 0.921 |
| 2:13-3rd |  | 72 | 86 | 0.092 | 0.908 |
| 2:09-3rd |  | 72 | 86 | 0.096 | 0.904 |
| 2:04-3rd |  | 72 | 86 | 0.074 | 0.926 |
| 1:52-3rd |  | 72 | 86 | 0.087 | 0.913 |
| 1:51-3rd |  | 72 | 86 | 0.092 | 0.908 |
| 1:45-3rd |  | 74 | 86 | 0.108 | 0.892 |
| 1:28-3rd |  | 74 | 88 | 0.087 | 0.913 |
| 1:11-3rd |  | 76 | 88 | 0.1 | 0.9 |
| 51.1-3rd |  | 76 | 88 | 0.12 | 0.88 |
| 48.1-3rd |  | 76 | 88 | 0.127 | 0.873 |
| 35.0-3rd |  | 76 | 88 | 0.1 | 0.9 |
| 33.1-3rd |  | 76 | 88 | 0.091 | 0.909 |
| 25.1-3rd |  | 76 | 91 | 0.058 | 0.942 |
| 3.1-3rd |  | 76 | 91 | 0.039 | 0.961 |
| 0.0-3rd |  | 76 | 91 | 0.048 | 0.952 |
| 12:00-4th |  | 76 | 91 | 0.048 | 0.952 |
| 11:46-4th |  | 76 | 91 | 0.039 | 0.961 |
| 11:43-4th |  | 76 | 91 | 0.036 | 0.964 |
| 11:39-4th |  | 76 | 91 | 0.049 | 0.951 |
| 11:35-4th |  | 78 | 91 | 0.064 | 0.936 |
| 11:21-4th |  | 78 | 94 | 0.034 | 0.966 |
| 11:08-4th |  | 78 | 94 | 0.027 | 0.973 |
| 11:04-4th |  | 80 | 94 | 0.044 | 0.956 |
| 10:47-4th |  | 80 | 97 | 0.022 | 0.978 |
| 10:34-4th |  | 80 | 97 | 0.017 | 0.983 |
| 10:32-4th |  | 80 | 97 | 0.015 | 0.985 |
| 10:23-4th |  | 80 | 100 | 0.007 | 0.993 |
| 10:13-4th |  | 83 | 100 | 0.015 | 0.985 |
| 9:50-4th |  | 83 | 100 | 0.018 | 0.982 |
| 9:46-4th |  | 83 | 100 | 0.019 | 0.981 |
| 9:38-4th |  | 83 | 100 | 0.014 | 0.986 |
| 9:37-4th |  | 85 | 100 | 0.025 | 0.975 |
| 9:34-4th |  | 85 | 100 | 0.024 | 0.976 |
| 9:12-4th |  | 85 | 100 | 0.032 | 0.968 |
| 8:53-4th |  | 87 | 100 | 0.039 | 0.961 |
| 8:36-4th |  | 87 | 100 | 0.047 | 0.953 |
| 8:33-4th |  | 87 | 100 | 0.05 | 0.95 |
| 8:21-4th |  | 87 | 100 | 0.037 | 0.963 |
| 8:18-4th |  | 87 | 100 | 0.033 | 0.967 |
| 8:12-4th |  | 87 | 102 | 0.024 | 0.976 |
| 7:59-4th |  | 87 | 102 | 0.017 | 0.983 |
| 7:56-4th |  | 87 | 102 | 0.015 | 0.985 |
| 7:49-4th |  | 87 | 102 | 0.02 | 0.98 |
| 7:45-4th |  | 87 | 102 | 0.014 | 0.986 |
| 7:43-4th |  | 87 | 102 | 0.019 | 0.981 |
| 7:42-4th |  | 87 | 102 | 0.021 | 0.979 |
| 7:26-4th |  | 89 | 102 | 0.029 | 0.971 |
| 7:04-4th |  | 89 | 102 | 0.035 | 0.965 |
| 7:01-4th |  | 89 | 102 | 0.026 | 0.974 |
| 6:49-4th |  | 89 | 104 | 0.018 | 0.982 |
| 6:37-4th |  | 89 | 104 | 0.012 | 0.988 |
| 6:35-4th |  | 89 | 104 | 0.011 | 0.989 |
| 6:28-4th |  | 89 | 106 | 0.008 | 0.992 |
| 6:27-4th |  | 89 | 106 | 0.007 | 0.993 |
| 6:13-4th |  | 91 | 106 | 0.009 | 0.991 |
| 5:53-4th |  | 91 | 106 | 0.012 | 0.988 |
| 5:52-4th |  | 91 | 106 | 0.025 | 0.975 |
| 5:41-4th |  | 91 | 106 | 0.009 | 0.991 |
| 5:37-4th |  | 91 | 106 | 0.012 | 0.988 |
| 5:36-4th |  | 93 | 106 | 0.018 | 0.982 |
| 5:12-4th |  | 93 | 106 | 0.021 | 0.979 |
| 5:10-4th |  | 93 | 106 | 0.023 | 0.977 |
| 5:07-4th |  | 96 | 106 | 0.045 | 0.955 |
| 4:40-4th |  | 96 | 106 | 0.054 | 0.946 |
| 4:37-4th |  | 96 | 106 | 0.058 | 0.942 |
| 4:25-4th |  | 96 | 106 | 0.036 | 0.964 |
| 4:24-4th |  | 96 | 106 | 0.035 | 0.965 |
| 4:13-4th |  | 96 | 106 | 0.035 | 0.965 |
| 4:03-4th |  | 96 | 106 | 0.044 | 0.956 |
| 3:59-4th |  | 96 | 106 | 0.048 | 0.952 |
| 3:51-4th |  | 98 | 106 | 0.066 | 0.934 |
| 3:38-4th |  | 98 | 109 | 0.027 | 0.973 |
| 3:25-4th |  | 100 | 109 | 0.037 | 0.963 |
| 3:05-4th |  | 100 | 111 | 0.02 | 0.98 |
| 2:33-4th |  | 100 | 111 | 0.01 | 0.99 |
| 2:31-4th |  | 100 | 111 | 0.008 | 0.992 |
| 2:11-4th |  | 100 | 111 | 0.01 | 0.99 |
| 2:09-4th |  | 100 | 111 | 0.011 | 0.989 |
| 1:57-4th |  | 103 | 111 | 0.027 | 0.973 |
| 1:34-4th |  | 103 | 111 | 0.036 | 0.964 |
| 1:30-4th |  | 103 | 111 | 0.039 | 0.961 |
| 1:26-4th |  | 103 | 111 | 0.024 | 0.976 |
| 1:22-4th |  | 103 | 111 | 0.018 | 0.982 |
| 1:05-4th |  | 103 | 111 | 0.025 | 0.975 |
| 1:03-4th |  | 103 | 111 | 0.029 | 0.971 |
| 58.0-4th |  | 103 | 111 | 0.016 | 0.984 |
| 55.1-4th |  | 103 | 111 | 0.011 | 0.989 |
| 49.1-4th |  | 103 | 111 | 0.003 | 0.997 |
| 45.2-4th |  | 103 | 112 | 0.01 | 0.99 |
| 38.1-4th |  | 103 | 112 | 0.004 | 0.996 |
| 35.1-4th |  | 103 | 112 | 0.007 | 0.993 |
| 33.1-4th |  | 103 | 112 | 0.007 | 0.993 |
| 31.0-4th |  | 106 | 112 | 0.024 | 0.976 |
| 24.0-4th |  | 106 | 114 | 0.01 | 0.99 |
| 22.1-4th |  | 109 | 114 | 0.036 | 0.964 |
| 19.0-4th |  | 109 | 115 | 0.032 | 0.968 |
| 16.1-4th |  | 109 | 115 | 0.027 | 0.973 |
| 11.0-4th |  | 109 | 115 | 0.009 | 0.991 |
| 7.1-4th |  | 109 | 115 | 0.004 | 0.996 |
| 0.0-4th |  | 109 | 115 | 0.0 | 1.0 |

Question

Which event most likely happened at the marked missing position?

Answer Choices

A. Player 10 (Team B) makes 7-foot driving floating jump shot (Player 8 (Team B) assists)
B. Player 2 (Team A) makes layup (Player 10 (Team A) assists)
C. Player 2 (Team B) blocks Player 4 (Team A) 's 2-foot layup
D. Player 8 (Team B) makes 30-foot three point jumper (Player 16 (Team B) assists)

Response Format

Return exactly one JSON object:

{
  "answer": "<A|B|C|D>",
  "rationale": "<brief evidence-based justification in 1-3 sentences>",
  "evidence_event_ids": [],
  "evidence_series_times": []
}

Use only event IDs and time labels that are provided above and that support the answer. Use an empty array when the corresponding evidence type is unavailable or unused. Return only the JSON object.
