Task

Reconstruct the missing event in this basketball game. Use the available numerical time-series evidence around the marked row to select the most likely event.

Game

Team A versus Team B, season 22-23.

Time Series

| Game time | Marker | Team A score | Team B score | Team A win probability | Team B win probability |
| --- | --- | --- | --- | --- | --- |
| 12:00-1st |  | 0 | 0 | 0.447 | 0.553 |
| 11:41-1st |  | 0 | 0 | 0.467 | 0.533 |
| 11:28-1st |  | 3 | 0 | 0.52 | 0.48 |
| 11:05-1st |  | 3 | 3 | 0.468 | 0.532 |
| 10:43-1st |  | 3 | 3 | 0.448 | 0.552 |
| 10:27-1st |  | 3 | 3 | 0.448 | 0.552 |
| 10:11-1st |  | 3 | 3 | 0.465 | 0.535 |
| 10:08-1st |  | 3 | 3 | 0.471 | 0.529 |
| 10:01-1st |  | 6 | 3 | 0.522 | 0.478 |
| 9:45-1st |  | 6 | 3 | 0.543 | 0.457 |
| 9:41-1st |  | 6 | 3 | 0.55 | 0.45 |
| 9:38-1st |  | 8 | 3 | 0.574 | 0.426 |
| 9:24-1st |  | 8 | 3 | 0.577 | 0.423 |
| 9:11-1st |  | 8 | 3 | 0.595 | 0.405 |
| 9:07-1st |  | 8 | 3 | 0.601 | 0.399 |
| 9:04-1st |  | 8 | 3 | 0.576 | 0.424 |
| 8:57-1st |  | 8 | 3 | 0.595 | 0.405 |
| 8:53-1st |  | 8 | 3 | 0.602 | 0.398 |
| 8:50-1st |  | 8 | 3 | 0.583 | 0.417 |
| 8:46-1st |  | 8 | 3 | 0.577 | 0.423 |
| 8:39-1st |  | 8 | 5 | 0.552 | 0.448 |
| 8:17-1st |  | 11 | 5 | 0.605 | 0.395 |
| 7:54-1st |  | 11 | 5 | 0.624 | 0.376 |
| 7:51-1st |  | 11 | 5 | 0.606 | 0.394 |
| 7:49-1st |  | 11 | 7 | 0.578 | 0.422 |
| 7:38-1st |  | 11 | 7 | 0.579 | 0.421 |
| 7:33-1st |  | 13 | 7 | 0.605 | 0.395 |
| 7:17-1st |  | 13 | 7 | 0.626 | 0.374 |
| 7:13-1st |  | 13 | 7 | 0.606 | 0.394 |
| 7:04-1st |  | 13 | 7 | 0.626 | 0.374 |
| 7:02-1st |  | 13 | 7 | 0.633 | 0.367 |
| 6:55-1st |  | 13 | 7 | 0.607 | 0.393 |
| 6:32-1st |  | 13 | 9 | 0.581 | 0.419 |
| 6:13-1st |  | 13 | 9 | 0.562 | 0.438 |
| 6:10-1st |  | 13 | 9 | 0.556 | 0.444 |
| 6:01-1st |  | 13 | 9 | 0.576 | 0.424 |
| 5:58-1st |  | 13 | 9 | 0.582 | 0.418 |
| 5:52-1st |  | 13 | 9 | 0.563 | 0.437 |
| 5:49-1st |  | 13 | 9 | 0.556 | 0.444 |
| 5:38-1st |  | 13 | 9 | 0.577 | 0.423 |
| 5:35-1st |  | 13 | 9 | 0.583 | 0.417 |
| 5:31-1st |  | 13 | 9 | 0.586 | 0.414 |
| 5:17-1st |  | 16 | 9 | 0.636 | 0.364 |
| 5:06-1st |  | 16 | 11 | 0.614 | 0.386 |
| 4:44-1st |  | 19 | 11 | 0.664 | 0.336 |
| 4:29-1st |  | 19 | 13 | 0.641 | 0.359 |
| 4:16-1st |  | 21 | 13 | 0.666 | 0.334 |
| 4:05-1st |  | 21 | 15 | 0.642 | 0.358 |
| 3:51-1st |  | 21 | 15 | 0.622 | 0.378 |
| 3:47-1st |  | 21 | 15 | 0.615 | 0.385 |
| 3:39-1st |  | 21 | 17 | 0.59 | 0.41 |
| 3:35-1st |  | 21 | 17 | 0.59 | 0.41 |
| 3:21-1st |  | 21 | 17 | 0.569 | 0.431 |
| 3:17-1st |  | 21 | 17 | 0.562 | 0.438 |
| 3:09-1st |  | 21 | 17 | 0.562 | 0.438 |
| 2:57-1st |  | 21 | 20 | 0.508 | 0.492 |
| 2:46-1st |  | 21 | 20 | 0.488 | 0.512 |
| 2:43-1st |  | 21 | 20 | 0.481 | 0.519 |
| 2:34-1st |  | 21 | 20 | 0.502 | 0.498 |
| 2:33-1st |  | 21 | 20 | 0.481 | 0.519 |
| 2:27-1st |  | 21 | 20 | 0.502 | 0.498 |
| 2:26-1st |  | 21 | 20 | 0.481 | 0.519 |
| 2:23-1st |  | 21 | 23 | 0.423 | 0.577 |
| 1:59-1st |  | 21 | 23 | 0.404 | 0.596 |
| 1:53-1st |  | 21 | 23 | 0.404 | 0.596 |
| 1:52-1st |  | 21 | 23 | 0.397 | 0.603 |
| 1:49-1st |  | 21 | 23 | 0.417 | 0.583 |
| 1:46-1st |  | 21 | 23 | 0.397 | 0.603 |
| 1:44-1st |  | 21 | 25 | 0.369 | 0.631 |
| 1:30-1st |  | 22 | 25 | 0.374 | 0.626 |
| 1:23-1st |  | 22 | 25 | 0.379 | 0.621 |
| 1:22-1st |  | 22 | 25 | 0.396 | 0.604 |
| 1:19-1st |  | 24 | 25 | 0.419 | 0.581 |
| 1:12-1st |  | 24 | 28 | 0.369 | 0.631 |
| 1:03-1st |  | 24 | 28 | 0.343 | 0.657 |
| 48.1-1st |  | 24 | 28 | 0.362 | 0.638 |
| 45.7-1st |  | 24 | 28 | 0.368 | 0.632 |
| 40.3-1st |  | 24 | 28 | 0.343 | 0.657 |
| 34.3-1st |  | 24 | 30 | 0.318 | 0.682 |
| 14.2-1st |  | 24 | 30 | 0.318 | 0.682 |
| 12.8-1st |  | 24 | 30 | 0.292 | 0.708 |
| 0.0-1st |  | 24 | 33 | 0.234 | 0.766 |
| 12:00-2nd |  | 24 | 33 | 0.243 | 0.757 |
| 11:39-2nd |  | 26 | 33 | 0.266 | 0.734 |
| 11:24-2nd |  | 26 | 35 | 0.242 | 0.758 |
| 11:04-2nd |  | 28 | 35 | 0.264 | 0.736 |
| 10:47-2nd |  | 28 | 35 | 0.283 | 0.717 |
| 10:43-2nd |  | 28 | 35 | 0.289 | 0.711 |
| 10:38-2nd |  | 31 | 35 | 0.338 | 0.662 |
| 10:24-2nd |  | 31 | 35 | 0.359 | 0.641 |
| 10:21-2nd |  | 31 | 35 | 0.366 | 0.634 |
| 10:16-2nd |  | 31 | 35 | 0.345 | 0.655 |
| 10:13-2nd |  | 34 | 35 | 0.423 | 0.577 |
| 10:00-2nd |  | 34 | 35 | 0.427 | 0.573 |
| 9:46-2nd |  | 34 | 38 | 0.369 | 0.631 |
| 9:35-2nd |  | 34 | 38 | 0.347 | 0.653 |
| 9:30-2nd |  | 34 | 38 | 0.34 | 0.66 |
| 9:24-2nd |  | 34 | 38 | 0.369 | 0.631 |
| 9:18-2nd |  | 34 | 38 | 0.347 | 0.653 |
| 9:15-2nd |  | 34 | 38 | 0.339 | 0.661 |
| 9:13-2nd |  | 34 | 40 | 0.313 | 0.687 |
| 8:50-2nd |  | 34 | 40 | 0.293 | 0.707 |
| 8:49-2nd |  | 34 | 40 | 0.287 | 0.713 |
| 8:36-2nd |  | 34 | 40 | 0.312 | 0.688 |
| 8:26-2nd |  | 36 | 40 | 0.338 | 0.662 |
| 8:13-2nd |  | 36 | 40 | 0.36 | 0.64 |
| 8:05-2nd |  | 36 | 40 | 0.337 | 0.663 |
| 7:50-2nd |  | 36 | 40 | 0.36 | 0.64 |
| 7:45-2nd |  | 36 | 40 | 0.367 | 0.633 |
| 7:35-2nd |  | 36 | 40 | 0.344 | 0.656 |
| 7:33-2nd |  | 36 | 40 | 0.337 | 0.663 |
| 7:22-2nd |  | 36 | 42 | 0.311 | 0.689 |
| 7:07-2nd |  | 36 | 42 | 0.311 | 0.689 |
| 7:04-2nd |  | 36 | 42 | 0.29 | 0.71 |
| 7:00-2nd |  | 36 | 42 | 0.284 | 0.716 |
| 6:53-2nd |  | 36 | 42 | 0.303 | 0.697 |
| 6:51-2nd |  | 36 | 42 | 0.31 | 0.69 |
| 6:35-2nd |  | 39 | 42 | 0.367 | 0.633 |
| 6:18-2nd |  | 39 | 44 | 0.336 | 0.664 |
| 6:03-2nd |  | 39 | 44 | 0.315 | 0.685 |
| 6:01-2nd |  | 40 | 44 | 0.334 | 0.666 |
| 5:41-2nd |  | 40 | 44 | 0.357 | 0.643 |
| 5:37-2nd |  | 40 | 44 | 0.364 | 0.636 |
| 5:31-2nd |  | 43 | 44 | 0.426 | 0.574 |
| 5:09-2nd |  | 43 | 44 | 0.449 | 0.551 |
| 5:06-2nd |  | 43 | 44 | 0.457 | 0.543 |
| 5:03-2nd |  | 43 | 44 | 0.426 | 0.574 |
| 4:55-2nd |  | 43 | 44 | 0.457 | 0.543 |
| 4:47-2nd |  | 43 | 44 | 0.434 | 0.566 |
| 4:45-2nd |  | 43 | 44 | 0.426 | 0.574 |
| 4:36-2nd |  | 43 | 44 | 0.457 | 0.543 |
| 4:23-2nd |  | 45 | 44 | 0.49 | 0.51 |
| 4:21-2nd |  | 45 | 44 | 0.49 | 0.51 |
| 4:15-2nd |  | 45 | 44 | 0.49 | 0.51 |
| 4:13-2nd |  | 45 | 44 | 0.441 | 0.559 |
| 4:05-2nd |  | 45 | 44 | 0.523 | 0.477 |
| 3:59-2nd |  | 45 | 44 | 0.499 | 0.501 |
| 3:54-2nd |  | 45 | 44 | 0.524 | 0.476 |
| 3:50-2nd |  | 45 | 44 | 0.49 | 0.51 |
| 3:31-2nd |  | 45 | 44 | 0.516 | 0.484 |
| 3:30-2nd |  | 45 | 44 | 0.524 | 0.476 |
| 3:29-2nd |  | 45 | 44 | 0.491 | 0.509 |
| 3:27-2nd |  | 45 | 46 | 0.46 | 0.54 |
| 3:21-2nd |  | 45 | 46 | 0.427 | 0.573 |
| 3:07-2nd |  | 45 | 46 | 0.427 | 0.573 |
| 3:04-2nd |  | 45 | 49 | 0.364 | 0.636 |
| 2:49-2nd |  | 47 | 49 | 0.393 | 0.607 |
| 2:27-2nd |  | 47 | 52 | 0.332 | 0.668 |
| 2:08-2nd |  | 47 | 52 | 0.307 | 0.693 |
| 2:03-2nd |  | 47 | 52 | 0.299 | 0.701 |
| 1:46-2nd |  | 47 | 54 | 0.27 | 0.73 |
| 1:44-2nd |  | 47 | 55 | 0.22 | 0.78 |
| 1:32-2nd |  | 49 | 55 | 0.271 | 0.729 |
| 1:10-2nd |  | 49 | 55 | 0.3 | 0.7 |
| 58.9-2nd |  | 52 | 55 | 0.356 | 0.644 |
| 40.3-2nd |  | 52 | 55 | 0.38 | 0.62 |
| 36.9-2nd |  | 52 | 55 | 0.388 | 0.612 |
| 33.2-2nd |  | 54 | 55 | 0.428 | 0.572 |
| 30.5-2nd |  | 54 | 58 | 0.363 | 0.637 |
| 13.0-2nd |  | 54 | 58 | 0.363 | 0.637 |
| 12.3-2nd |  | 56 | 58 | 0.393 | 0.607 |
| 5.0-2nd |  | 56 | 58 | 0.419 | 0.581 |
| 4.0-2nd |  | 56 | 58 | 0.392 | 0.608 |
| 3.0-2nd |  | 56 | 58 | 0.428 | 0.572 |
| 1.2-2nd |  | 56 | 58 | 0.401 | 0.599 |
| 1.0-2nd |  | 56 | 58 | 0.429 | 0.571 |
| 0.0-2nd |  | 56 | 58 | 0.407 | 0.593 |
| 12:00-3rd |  | 56 | 58 | 0.407 | 0.593 |
| 11:47-3rd |  | 56 | 58 | 0.399 | 0.601 |
| 11:43-3rd |  | 56 | 58 | 0.391 | 0.609 |
| 11:37-3rd |  | 56 | 58 | 0.415 | 0.585 |
| 11:35-3rd |  | 56 | 58 | 0.423 | 0.577 |
| 11:22-3rd |  | 59 | 58 | 0.5 | 0.5 |
| 11:07-3rd |  | 59 | 61 | 0.426 | 0.574 |
| 10:54-3rd |  | 61 | 61 | 0.461 | 0.539 |
| 10:39-3rd |  | 61 | 61 | 0.498 | 0.502 |
| 10:30-3rd |  | 61 | 61 | 0.47 | 0.53 |
| 10:27-3rd |  | 61 | 61 | 0.461 | 0.539 |
| 10:11-3rd |  | 61 | 61 | 0.49 | 0.51 |
| 10:09-3rd |  | 61 | 61 | 0.5 | 0.5 |
| 10:03-3rd |  | 61 | 61 | 0.471 | 0.529 |
| 10:00-3rd |  | 61 | 61 | 0.461 | 0.539 |
| 9:56-3rd |  | 61 | 61 | 0.5 | 0.5 |
| 9:41-3rd |  | 63 | 61 | 0.536 | 0.464 |
| 9:24-3rd |  | 63 | 61 | 0.566 | 0.434 |
| 9:21-3rd |  | 63 | 61 | 0.576 | 0.424 |
| 9:16-3rd |  | 67 | 61 | 0.68 | 0.32 |
| 8:59-3rd |  | 67 | 65 | 0.576 | 0.424 |
| 8:42-3rd |  | 69 | 65 | 0.612 | 0.388 |
| 8:19-3rd |  | 69 | 65 | 0.652 | 0.348 |
| 8:14-3rd |  | 69 | 65 | 0.614 | 0.386 |
| 8:09-3rd |  | 69 | 65 | 0.653 | 0.347 |
| 7:59-3rd |  | 71 | 65 | 0.687 | 0.313 |
| 7:43-3rd |  | 71 | 67 | 0.655 | 0.345 |
| 7:32-3rd |  | 74 | 67 | 0.724 | 0.276 |
| 7:20-3rd |  | 74 | 70 | 0.656 | 0.344 |
| 7:08-3rd |  | 77 | 70 | 0.727 | 0.273 |
| 6:53-3rd |  | 77 | 70 | 0.755 | 0.245 |
| 6:52-3rd |  | 77 | 70 | 0.73 | 0.27 |
| 6:34-3rd |  | 77 | 72 | 0.697 | 0.303 |
| 6:20-3rd |  | 79 | 72 | 0.733 | 0.267 |
| 6:03-3rd |  | 79 | 72 | 0.77 | 0.23 |
| 5:58-3rd |  | 82 | 72 | 0.827 | 0.173 |
| 5:43-3rd |  | 82 | 74 | 0.801 | 0.199 |
| 5:21-3rd |  | 84 | 74 | 0.832 | 0.168 |
| 5:03-3rd |  | 84 | 74 | 0.853 | 0.147 |
| 5:00-3rd |  | 84 | 74 | 0.835 | 0.165 |
| 4:55-3rd |  | 84 | 74 | 0.854 | 0.146 |
| 4:53-3rd |  | 84 | 74 | 0.835 | 0.165 |
| 4:50-3rd |  | 84 | 74 | 0.855 | 0.145 |
| 4:47-3rd |  | 84 | 74 | 0.862 | 0.138 |
| 4:34-3rd |  | 84 | 74 | 0.838 | 0.162 |
| 4:33-3rd |  | 84 | 74 | 0.795 | 0.205 |
| 4:17-3rd |  | 84 | 76 | 0.812 | 0.188 |
| 4:06-3rd |  | 84 | 76 | 0.792 | 0.208 |
| 4:03-3rd |  | 84 | 76 | 0.785 | 0.215 |
| 3:58-3rd |  | 84 | 76 | 0.808 | 0.192 |
| 3:54-3rd |  | 84 | 76 | 0.815 | 0.185 |
| 3:37-3rd |  | 86 | 76 | 0.847 | 0.153 |
| 3:26-3rd |  | 86 | 78 | 0.82 | 0.18 |
| 3:22-3rd |  | 86 | 78 | 0.821 | 0.179 |
| 3:12-3rd |  | 86 | 78 | 0.793 | 0.207 |
| 2:47-3rd |  | 86 | 80 | 0.762 | 0.238 |
| 2:29-3rd |  | 86 | 80 | 0.735 | 0.265 |
| 2:28-3rd |  | 86 | 80 | 0.765 | 0.235 |
| 2:21-3rd |  | 86 | 80 | 0.766 | 0.234 |
| 2:19-3rd |  | 86 | 80 | 0.737 | 0.263 |
| 2:17-3rd |  | 86 | 82 | 0.689 | 0.311 |
| 2:04-3rd |  | 89 | 82 | 0.767 | 0.233 |
| 1:35-3rd |  | 89 | 82 | 0.808 | 0.192 |
| 1:24-3rd |  | 89 | 83 | 0.734 | 0.266 |
| 1:13-3rd |  | 89 | 86 | 0.653 | 0.347 |
| 1:02-3rd |  | 91 | 86 | 0.691 | 0.309 |
| 56.1-3rd |  | 91 | 86 | 0.727 | 0.273 |
| 52.9-3rd |  | 91 | 86 | 0.74 | 0.26 |
| 41.0-3rd |  | 94 | 86 | 0.814 | 0.186 |
| 23.1-3rd |  | 94 | 86 | 0.84 | 0.16 |
| 19.8-3rd |  | 94 | 86 | 0.849 | 0.151 |
| 3.0-3rd |  | 94 | 86 | 0.818 | 0.182 |
| 1.1-3rd |  | 94 | 86 | 0.843 | 0.157 |
| 1.0-3rd |  | 94 | 86 | 0.818 | 0.182 |
| 0.0-3rd |  | 94 | 86 | 0.836 | 0.164 |
| 12:00-4th |  | 94 | 86 | 0.836 | 0.164 |
| 11:38-4th |  | 94 | 89 | 0.756 | 0.244 |
| 11:18-4th |  | 94 | 89 | 0.722 | 0.278 |
| 11:16-4th |  | 94 | 89 | 0.71 | 0.29 |
| 11:10-4th |  | 94 | 92 | 0.618 | 0.382 |
| 10:41-4th |  | 97 | 92 | 0.716 | 0.284 |
| 10:26-4th |  | 97 | 92 | 0.755 | 0.245 |
| 10:23-4th |  | 97 | 92 | 0.768 | 0.232 |
| 10:15-4th |  | 97 | 92 | 0.72 | 0.28 |
| 10:06-4th |  | 97 | 92 | 0.721 | 0.279 |
| 9:57-4th |  | 97 | 92 | 0.76 | 0.24 |
| 9:56-4th |  | 97 | 92 | 0.772 | 0.228 |
| 9:40-4th |  | 100 | 92 | 0.849 | 0.151 |
| 9:18-4th |  | 100 | 92 | 0.877 | 0.123 |
| 9:15-4th |  | 100 | 92 | 0.854 | 0.146 |
| 9:00-4th |  | 100 | 95 | 0.782 | 0.218 |
| 8:43-4th |  | 100 | 95 | 0.747 | 0.253 |
| 8:37-4th |  | 100 | 95 | 0.735 | 0.265 |
| 8:23-4th |  | 100 | 97 | 0.69 | 0.31 |
| 8:22-4th |  | 100 | 97 | 0.69 | 0.31 |
| 8:04-4th |  | 100 | 97 | 0.649 | 0.351 |
| 8:01-4th |  | 100 | 97 | 0.634 | 0.366 |
| 7:57-4th |  | 100 | 97 | 0.679 | 0.321 |
| 7:52-4th |  | 100 | 97 | 0.636 | 0.364 |
| 7:50-4th |  | 100 | 97 | 0.681 | 0.319 |
| 7:47-4th |  | 100 | 97 | 0.696 | 0.304 |
| 7:37-4th |  | 100 | 97 | 0.654 | 0.346 |
| 7:33-4th |  | 100 | 97 | 0.699 | 0.301 |
| 7:30-4th |  | 100 | 97 | 0.641 | 0.359 |
| 7:29-4th |  | 100 | 97 | 0.631 | 0.369 |
| 7:18-4th |  | 100 | 97 | 0.699 | 0.301 |
| 7:13-4th |  | 100 | 97 | 0.655 | 0.345 |
| 7:10-4th |  | 100 | 97 | 0.641 | 0.359 |
| 7:07-4th |  | 100 | 100 | 0.522 | 0.478 |
| 6:49-4th |  | 100 | 100 | 0.475 | 0.525 |
| 6:48-4th |  | 100 | 100 | 0.523 | 0.477 |
| 6:46-4th |  | 100 | 100 | 0.459 | 0.541 |
| 6:43-4th |  | 100 | 102 | 0.389 | 0.611 |
| 6:22-4th |  | 100 | 102 | 0.339 | 0.661 |
| 6:21-4th |  | 100 | 102 | 0.388 | 0.612 |
| 6:20-4th |  | 102 | 102 | 0.45 | 0.55 |
| 5:59-4th |  | 102 | 102 | 0.504 | 0.496 |
| 5:58-4th |  | 102 | 102 | 0.451 | 0.549 |
| 5:55-4th |  | 102 | 102 | 0.504 | 0.496 |
| 5:50-4th |  | 102 | 102 | 0.522 | 0.478 |
| 5:44-4th |  | 104 | 102 | 0.589 | 0.411 |
| 5:26-4th |  | 104 | 104 | 0.525 | 0.475 |
| 5:09-4th |  | 104 | 104 | 0.47 | 0.53 |
| 5:04-4th |  | 104 | 104 | 0.526 | 0.474 |
| 5:03-4th |  | 107 | 104 | 0.664 | 0.336 |
| 4:42-4th |  | 107 | 107 | 0.528 | 0.472 |
| 4:18-4th |  | 107 | 107 | 0.471 | 0.529 |
| 4:16-4th |  | 107 | 107 | 0.452 | 0.548 |
| 4:02-4th |  | 107 | 107 | 0.512 | 0.488 |
| 3:57-4th |  | 107 | 107 | 0.532 | 0.468 |
| 3:43-4th |  | 107 | 107 | 0.472 | 0.528 |
| 3:38-4th |  | 107 | 107 | 0.452 | 0.548 |
| 3:29-4th |  | 107 | 107 | 0.539 | 0.461 |
| 3:12-4th |  | 107 | 107 | 0.451 | 0.549 |
| 3:08-4th |  | 107 | 107 | 0.451 | 0.549 |
| 2:57-4th |  | 107 | 107 | 0.54 | 0.46 |
| 2:41-4th |  | 107 | 107 | 0.451 | 0.549 |
| 2:26-4th |  | 107 | 109 | 0.366 | 0.634 |
| 2:07-4th |  | 109 | 109 | 0.451 | 0.549 |
| 1:57-4th | TARGET | 109 | 109 | 0.287 | 0.713 |
| 1:48-4th |  | 109 | 112 | 0.242 | 0.758 |
| 1:39-4th |  | 109 | 112 | 0.191 | 0.809 |
| 1:17-4th |  | 109 | 112 | 0.244 | 0.756 |
| 1:15-4th |  | 109 | 112 | 0.265 | 0.735 |
| 1:06-4th |  | 109 | 112 | 0.196 | 0.804 |
| 1:03-4th |  | 109 | 112 | 0.171 | 0.829 |
| 38.7-4th |  | 109 | 112 | 0.237 | 0.763 |
| 30.6-4th |  | 109 | 112 | 0.155 | 0.845 |
| 30.2-4th |  | 109 | 112 | 0.13 | 0.87 |
| 9.5-4th |  | 109 | 114 | 0.014 | 0.986 |
| 8.1-4th |  | 109 | 116 | 0.005 | 0.995 |
| 3.4-4th |  | 109 | 116 | 0.002 | 0.998 |
| 1.6-4th |  | 109 | 116 | 0.001 | 0.999 |
| 0.0-4th |  | 109 | 116 | 0.0 | 1.0 |

Question

Which event most likely happened at the marked missing position?

Answer Choices

A. Player 16 (Team A) misses 7-foot pullup jump shot
B. Player 6 (Team A) personal foul
C. Player 7 (Team B) blocks Player 8 (Team B)'s two point shot
D. Player 10 (Team A) makes 23-foot three point jumper (Player 12 (Team B) assists)

Response Format

Return exactly one JSON object:

{
  "answer": "<A|B|C|D>",
  "rationale": "<brief evidence-based justification in 1-3 sentences>",
  "evidence_event_ids": [],
  "evidence_series_times": []
}

Use only event IDs and time labels that are provided above and that support the answer. Use an empty array when the corresponding evidence type is unavailable or unused. Return only the JSON object.
