Task

Reconstruct the missing event in this basketball game. Use the available numerical time-series evidence around the marked row to select the most likely event.

Game

Team A versus Team B, season 22-23.

Time Series

| Game time | Marker | Team A score | Team B score | Team A win probability | Team B win probability |
| --- | --- | --- | --- | --- | --- |
| 12:00-1st |  | 0 | 0 | 0.57 | 0.43 |
| 11:42-1st |  | 0 | 0 | 0.584 | 0.416 |
| 11:40-1st |  | 0 | 0 | 0.589 | 0.411 |
| 11:33-1st |  | 2 | 0 | 0.617 | 0.383 |
| 11:19-1st |  | 2 | 0 | 0.633 | 0.367 |
| 11:15-1st |  | 2 | 2 | 0.589 | 0.411 |
| 10:53-1st |  | 2 | 2 | 0.573 | 0.427 |
| 10:51-1st |  | 2 | 2 | 0.568 | 0.432 |
| 10:50-1st |  | 2 | 2 | 0.588 | 0.412 |
| 10:49-1st |  | 4 | 2 | 0.615 | 0.385 |
| 10:32-1st |  | 2 | 2 | 0.583 | 0.417 |
| 10:29-1st |  | 2 | 2 | 0.588 | 0.412 |
| 10:27-1st |  | 4 | 2 | 0.614 | 0.386 |
| 10:15-1st |  | 6 | 2 | 0.662 | 0.338 |
| 9:59-1st |  | 6 | 2 | 0.679 | 0.321 |
| 9:57-1st |  | 6 | 2 | 0.661 | 0.339 |
| 9:54-1st |  | 6 | 5 | 0.613 | 0.387 |
| 9:45-1st |  | 6 | 5 | 0.589 | 0.411 |
| 9:30-1st |  | 6 | 5 | 0.606 | 0.394 |
| 9:25-1st |  | 6 | 5 | 0.612 | 0.388 |
| 9:20-1st |  | 6 | 5 | 0.594 | 0.406 |
| 9:17-1st |  | 6 | 5 | 0.588 | 0.412 |
| 9:02-1st |  | 6 | 5 | 0.606 | 0.394 |
| 9:00-1st |  | 6 | 5 | 0.612 | 0.388 |
| 8:47-1st |  | 8 | 5 | 0.637 | 0.363 |
| 8:39-1st |  | 8 | 5 | 0.66 | 0.34 |
| 8:34-1st |  | 11 | 5 | 0.704 | 0.296 |
| 8:28-1st |  | 11 | 5 | 0.727 | 0.273 |
| 8:12-1st |  | 13 | 5 | 0.747 | 0.253 |
| 7:53-1st |  | 13 | 5 | 0.763 | 0.237 |
| 7:50-1st |  | 13 | 5 | 0.768 | 0.232 |
| 7:46-1st |  | 14 | 5 | 0.769 | 0.231 |
| 7:27-1st |  | 14 | 5 | 0.783 | 0.217 |
| 7:24-1st |  | 14 | 5 | 0.788 | 0.212 |
| 7:17-1st |  | 14 | 5 | 0.769 | 0.231 |
| 6:57-1st |  | 14 | 5 | 0.784 | 0.216 |
| 6:54-1st |  | 14 | 5 | 0.788 | 0.212 |
| 6:47-1st |  | 14 | 5 | 0.775 | 0.225 |
| 6:44-1st |  | 14 | 5 | 0.77 | 0.23 |
| 6:39-1st |  | 14 | 5 | 0.784 | 0.216 |
| 6:33-1st |  | 14 | 7 | 0.749 | 0.251 |
| 6:16-1st |  | 14 | 7 | 0.733 | 0.267 |
| 6:08-1st |  | 16 | 7 | 0.771 | 0.229 |
| 5:59-1st |  | 16 | 7 | 0.785 | 0.215 |
| 5:56-1st |  | 16 | 7 | 0.789 | 0.211 |
| 5:49-1st |  | 19 | 7 | 0.824 | 0.176 |
| 5:36-1st |  | 19 | 7 | 0.837 | 0.163 |
| 5:34-1st |  | 19 | 7 | 0.824 | 0.176 |
| 5:30-1st |  | 19 | 10 | 0.79 | 0.21 |
| 5:17-1st |  | 21 | 10 | 0.808 | 0.192 |
| 5:04-1st |  | 21 | 10 | 0.808 | 0.192 |
| 4:56-1st |  | 21 | 13 | 0.771 | 0.229 |
| 4:40-1st |  | 21 | 13 | 0.749 | 0.251 |
| 4:35-1st |  | 21 | 13 | 0.766 | 0.234 |
| 4:32-1st |  | 21 | 13 | 0.771 | 0.229 |
| 4:31-1st |  | 23 | 13 | 0.792 | 0.208 |
| 4:11-1st |  | 23 | 13 | 0.806 | 0.194 |
| 4:08-1st |  | 23 | 13 | 0.811 | 0.189 |
| 4:04-1st |  | 26 | 13 | 0.843 | 0.157 |
| 3:40-1st |  | 26 | 15 | 0.828 | 0.172 |
| 3:25-1st |  | 28 | 16 | 0.827 | 0.173 |
| 3:00-1st |  | 28 | 18 | 0.813 | 0.187 |
| 2:46-1st |  | 28 | 18 | 0.799 | 0.201 |
| 2:44-1st |  | 28 | 18 | 0.794 | 0.206 |
| 2:42-1st |  | 28 | 17 | 0.804 | 0.196 |
| 2:27-1st |  | 31 | 17 | 0.864 | 0.136 |
| 2:00-1st |  | 31 | 19 | 0.847 | 0.153 |
| 1:37-1st |  | 31 | 19 | 0.835 | 0.165 |
| 1:32-1st |  | 31 | 19 | 0.831 | 0.169 |
| 1:27-1st |  | 31 | 19 | 0.848 | 0.152 |
| 1:12-1st |  | 34 | 19 | 0.879 | 0.121 |
| 56.0-1st |  | 34 | 19 | 0.857 | 0.143 |
| 45.7-1st |  | 34 | 22 | 0.848 | 0.152 |
| 40.7-1st |  | 35 | 22 | 0.849 | 0.151 |
| 29.6-1st |  | 35 | 24 | 0.835 | 0.165 |
| 13.8-1st |  | 35 | 24 | 0.82 | 0.18 |
| 11.5-1st |  | 35 | 24 | 0.815 | 0.185 |
| 7.1-1st |  | 35 | 24 | 0.829 | 0.171 |
| 4.7-1st |  | 35 | 24 | 0.833 | 0.167 |
| 0.4-1st |  | 35 | 24 | 0.835 | 0.165 |
| 0.0-1st |  | 35 | 24 | 0.825 | 0.175 |
| 12:00-2nd |  | 35 | 24 | 0.825 | 0.175 |
| 11:45-2nd |  | 37 | 24 | 0.854 | 0.146 |
| 11:17-2nd |  | 37 | 24 | 0.866 | 0.134 |
| 11:14-2nd |  | 37 | 24 | 0.869 | 0.131 |
| 11:06-2nd |  | 37 | 24 | 0.859 | 0.141 |
| 11:02-2nd |  | 37 | 24 | 0.855 | 0.145 |
| 10:54-2nd |  | 37 | 24 | 0.866 | 0.134 |
| 10:51-2nd |  | 37 | 24 | 0.87 | 0.13 |
| 10:39-2nd |  | 37 | 24 | 0.859 | 0.141 |
| 10:36-2nd |  | 37 | 24 | 0.856 | 0.144 |
| 10:17-2nd |  | 37 | 26 | 0.838 | 0.162 |
| 10:07-2nd |  | 37 | 26 | 0.826 | 0.174 |
| 10:03-2nd |  | 37 | 26 | 0.822 | 0.178 |
| 9:56-2nd |  | 37 | 26 | 0.835 | 0.165 |
| 9:54-2nd |  | 37 | 26 | 0.839 | 0.161 |
| 9:44-2nd |  | 39 | 26 | 0.857 | 0.143 |
| 9:26-2nd |  | 39 | 28 | 0.84 | 0.16 |
| 9:13-2nd |  | 42 | 28 | 0.875 | 0.125 |
| 8:55-2nd |  | 42 | 28 | 0.886 | 0.114 |
| 8:53-2nd |  | 42 | 28 | 0.89 | 0.11 |
| 8:45-2nd |  | 42 | 28 | 0.88 | 0.12 |
| 8:43-2nd |  | 42 | 28 | 0.876 | 0.124 |
| 8:35-2nd |  | 42 | 28 | 0.887 | 0.113 |
| 8:31-2nd |  | 42 | 28 | 0.891 | 0.109 |
| 8:22-2nd |  | 44 | 28 | 0.904 | 0.096 |
| 8:08-2nd |  | 44 | 31 | 0.877 | 0.123 |
| 7:48-2nd |  | 44 | 31 | 0.864 | 0.136 |
| 7:45-2nd |  | 44 | 31 | 0.86 | 0.14 |
| 7:36-2nd |  | 44 | 34 | 0.828 | 0.172 |
| 7:24-2nd |  | 44 | 34 | 0.812 | 0.188 |
| 7:20-2nd |  | 44 | 34 | 0.807 | 0.193 |
| 7:03-2nd |  | 44 | 34 | 0.824 | 0.176 |
| 7:01-2nd |  | 44 | 34 | 0.829 | 0.171 |
| 6:48-2nd |  | 44 | 34 | 0.813 | 0.187 |
| 6:44-2nd |  | 46 | 34 | 0.847 | 0.153 |
| 6:32-2nd |  | 46 | 36 | 0.83 | 0.17 |
| 6:19-2nd |  | 46 | 36 | 0.814 | 0.186 |
| 6:16-2nd |  | 46 | 36 | 0.831 | 0.169 |
| 6:13-2nd |  | 46 | 36 | 0.831 | 0.169 |
| 6:07-2nd |  | 46 | 38 | 0.788 | 0.212 |
| 5:56-2nd |  | 46 | 38 | 0.769 | 0.231 |
| 5:53-2nd |  | 46 | 38 | 0.762 | 0.238 |
| 5:35-2nd |  | 46 | 40 | 0.741 | 0.259 |
| 5:28-2nd |  | 46 | 40 | 0.713 | 0.287 |
| 5:06-2nd |  | 46 | 42 | 0.688 | 0.312 |
| 4:46-2nd |  | 48 | 42 | 0.713 | 0.287 |
| 4:33-2nd |  | 48 | 42 | 0.714 | 0.286 |
| 4:18-2nd |  | 48 | 44 | 0.689 | 0.311 |
| 3:56-2nd |  | 50 | 44 | 0.715 | 0.285 |
| 3:36-2nd |  | 50 | 44 | 0.737 | 0.263 |
| 3:34-2nd |  | 50 | 44 | 0.744 | 0.256 |
| 3:30-2nd |  | 53 | 44 | 0.794 | 0.206 |
| 3:18-2nd |  | 53 | 44 | 0.811 | 0.189 |
| 3:11-2nd |  | 53 | 44 | 0.794 | 0.206 |
| 3:10-2nd |  | 53 | 44 | 0.817 | 0.183 |
| 3:03-2nd |  | 55 | 44 | 0.838 | 0.162 |
| 2:46-2nd |  | 55 | 44 | 0.854 | 0.146 |
| 2:44-2nd |  | 55 | 44 | 0.859 | 0.141 |
| 2:37-2nd |  | 55 | 44 | 0.844 | 0.156 |
| 2:34-2nd |  | 55 | 44 | 0.839 | 0.161 |
| 2:21-2nd |  | 55 | 44 | 0.86 | 0.14 |
| 2:06-2nd |  | 55 | 44 | 0.846 | 0.154 |
| 2:03-2nd |  | 55 | 44 | 0.846 | 0.154 |
| 2:01-2nd |  | 57 | 44 | 0.878 | 0.122 |
| 1:51-2nd |  | 57 | 44 | 0.891 | 0.109 |
| 1:49-2nd |  | 57 | 44 | 0.896 | 0.104 |
| 1:45-2nd |  | 59 | 44 | 0.91 | 0.09 |
| 1:27-2nd |  | 59 | 44 | 0.923 | 0.077 |
| 1:24-2nd |  | 59 | 44 | 0.923 | 0.077 |
| 1:23-2nd |  | 59 | 44 | 0.911 | 0.089 |
| 1:11-2nd |  | 59 | 47 | 0.881 | 0.119 |
| 1:08-2nd |  | 59 | 48 | 0.843 | 0.157 |
| 52.3-2nd |  | 59 | 48 | 0.849 | 0.151 |
| 49.1-2nd |  | 59 | 48 | 0.844 | 0.156 |
| 44.7-2nd |  | 59 | 51 | 0.803 | 0.197 |
| 29.4-2nd |  | 61 | 51 | 0.823 | 0.177 |
| 7.3-2nd |  | 61 | 51 | 0.841 | 0.159 |
| 3.6-2nd |  | 61 | 51 | 0.847 | 0.153 |
| 0.0-2nd |  | 61 | 51 | 0.837 | 0.163 |
| 12:00-3rd |  | 61 | 51 | 0.837 | 0.163 |
| 11:44-3rd |  | 62 | 51 | 0.847 | 0.153 |
| 11:30-3rd |  | 62 | 51 | 0.864 | 0.136 |
| 11:27-3rd |  | 62 | 51 | 0.869 | 0.131 |
| 11:21-3rd |  | 62 | 51 | 0.849 | 0.151 |
| 11:13-3rd |  | 62 | 54 | 0.807 | 0.193 |
| 11:04-3rd |  | 62 | 54 | 0.78 | 0.22 |
| 11:00-3rd |  | 62 | 54 | 0.801 | 0.199 |
| 10:58-3rd |  | 62 | 54 | 0.807 | 0.193 |
| 10:49-3rd |  | 64 | 54 | 0.829 | 0.171 |
| 10:29-3rd |  | 64 | 54 | 0.848 | 0.152 |
| 10:26-3rd |  | 64 | 54 | 0.831 | 0.169 |
| 10:25-3rd |  | 64 | 54 | 0.848 | 0.152 |
| 10:21-3rd |  | 64 | 54 | 0.854 | 0.146 |
| 10:14-3rd |  | 64 | 54 | 0.853 | 0.147 |
| 10:03-3rd |  | 64 | 54 | 0.838 | 0.162 |
| 10:00-3rd |  | 64 | 54 | 0.855 | 0.145 |
| 9:59-3rd |  | 67 | 54 | 0.894 | 0.106 |
| 9:52-3rd |  | 67 | 54 | 0.893 | 0.107 |
| 9:36-3rd |  | 67 | 57 | 0.857 | 0.143 |
| 9:23-3rd |  | 67 | 57 | 0.858 | 0.142 |
| 9:11-3rd |  | 69 | 57 | 0.879 | 0.121 |
| 8:48-3rd |  | 69 | 60 | 0.839 | 0.161 |
| 8:39-3rd |  | 69 | 60 | 0.838 | 0.162 |
| 8:32-3rd |  | 71 | 60 | 0.861 | 0.139 |
| 8:14-3rd |  | 71 | 60 | 0.862 | 0.138 |
| 8:06-3rd |  | 71 | 62 | 0.842 | 0.158 |
| 7:53-3rd |  | 73 | 63 | 0.841 | 0.159 |
| 7:37-3rd |  | 73 | 65 | 0.819 | 0.181 |
| 7:20-3rd |  | 75 | 65 | 0.844 | 0.156 |
| 7:11-3rd |  | 75 | 65 | 0.862 | 0.138 |
| 7:08-3rd |  | 75 | 65 | 0.868 | 0.132 |
| 6:53-3rd |  | 75 | 65 | 0.852 | 0.148 |
| 6:50-3rd |  | 75 | 65 | 0.869 | 0.131 |
| 6:49-3rd |  | 75 | 65 | 0.852 | 0.148 |
| 6:47-3rd |  | 75 | 65 | 0.847 | 0.153 |
| 6:44-3rd |  | 75 | 65 | 0.864 | 0.136 |
| 6:40-3rd |  | 75 | 65 | 0.848 | 0.152 |
| 6:39-3rd |  | 75 | 65 | 0.87 | 0.13 |
| 6:32-3rd |  | 78 | 65 | 0.908 | 0.092 |
| 6:27-3rd |  | 78 | 65 | 0.908 | 0.092 |
| 6:26-3rd |  | 78 | 65 | 0.925 | 0.075 |
| 6:19-3rd |  | 78 | 67 | 0.892 | 0.108 |
| 6:02-3rd |  | 80 | 67 | 0.91 | 0.09 |
| 5:49-3rd |  | 80 | 69 | 0.895 | 0.105 |
| 5:37-3rd |  | 80 | 69 | 0.875 | 0.125 |
| 5:33-3rd |  | 80 | 71 | 0.855 | 0.145 |
| 5:21-3rd |  | 82 | 71 | 0.876 | 0.124 |
| 5:03-3rd |  | 82 | 71 | 0.894 | 0.106 |
| 5:01-3rd |  | 82 | 71 | 0.899 | 0.101 |
| 4:53-3rd |  | 82 | 71 | 0.879 | 0.121 |
| 4:47-3rd |  | 82 | 73 | 0.859 | 0.141 |
| 4:34-3rd |  | 84 | 73 | 0.881 | 0.119 |
| 4:20-3rd |  | 84 | 75 | 0.862 | 0.138 |
| 4:06-3rd |  | 85 | 75 | 0.862 | 0.138 |
| 4:02-3rd |  | 85 | 75 | 0.862 | 0.138 |
| 3:52-3rd |  | 85 | 75 | 0.88 | 0.12 |
| 3:48-3rd |  | 85 | 75 | 0.886 | 0.114 |
| 3:36-3rd |  | 85 | 75 | 0.871 | 0.129 |
| 3:33-3rd |  | 85 | 75 | 0.865 | 0.135 |
| 3:18-3rd |  | 85 | 78 | 0.815 | 0.185 |
| 3:05-3rd |  | 87 | 78 | 0.843 | 0.157 |
| 2:46-3rd |  | 87 | 81 | 0.788 | 0.212 |
| 2:16-3rd |  | 87 | 81 | 0.763 | 0.237 |
| 2:14-3rd |  | 87 | 81 | 0.791 | 0.209 |
| 2:09-3rd |  | 89 | 81 | 0.822 | 0.178 |
| 1:58-3rd |  | 89 | 83 | 0.793 | 0.207 |
| 1:31-3rd |  | 91 | 83 | 0.826 | 0.174 |
| 1:20-3rd |  | 91 | 85 | 0.799 | 0.201 |
| 1:04-3rd |  | 91 | 85 | 0.769 | 0.231 |
| 59.9-3rd |  | 91 | 85 | 0.759 | 0.241 |
| 43.3-3rd |  | 91 | 85 | 0.76 | 0.24 |
| 40.3-3rd |  | 91 | 85 | 0.793 | 0.207 |
| 38.1-3rd |  | 91 | 85 | 0.761 | 0.239 |
| 36.7-3rd |  | 91 | 85 | 0.805 | 0.195 |
| 26.4-3rd |  | 93 | 85 | 0.835 | 0.165 |
| 6.6-3rd |  | 93 | 85 | 0.858 | 0.142 |
| 5.8-3rd |  | 93 | 85 | 0.866 | 0.134 |
| 1.0-3rd |  | 93 | 85 | 0.867 | 0.133 |
| 0.0-3rd |  | 93 | 85 | 0.852 | 0.148 |
| 12:00-4th |  | 93 | 85 | 0.852 | 0.148 |
| 11:42-4th |  | 93 | 85 | 0.874 | 0.126 |
| 11:33-4th |  | 93 | 85 | 0.846 | 0.154 |
| 11:29-4th |  | 93 | 87 | 0.813 | 0.187 |
| 11:10-4th |  | 93 | 87 | 0.787 | 0.213 |
| 11:08-4th |  | 93 | 87 | 0.778 | 0.222 |
| 11:04-4th |  | 93 | 87 | 0.807 | 0.193 |
| 11:02-4th |  | 93 | 87 | 0.816 | 0.184 |
| 10:54-4th |  | 93 | 87 | 0.78 | 0.22 |
| 10:43-4th |  | 93 | 87 | 0.819 | 0.181 |
| 10:35-4th |  | 93 | 87 | 0.792 | 0.208 |
| 10:34-4th |  | 93 | 87 | 0.82 | 0.18 |
| 10:32-4th |  | 93 | 87 | 0.792 | 0.208 |
| 10:30-4th |  | 93 | 87 | 0.821 | 0.179 |
| 10:29-4th |  | 93 | 87 | 0.793 | 0.207 |
| 10:26-4th |  | 93 | 87 | 0.821 | 0.179 |
| 10:24-4th |  | 93 | 87 | 0.832 | 0.168 |
| 10:15-4th |  | 93 | 87 | 0.798 | 0.202 |
| 10:11-4th |  | 93 | 87 | 0.789 | 0.211 |
| 10:07-4th |  | 93 | 87 | 0.819 | 0.181 |
| 10:05-4th |  | 93 | 87 | 0.79 | 0.21 |
| 10:02-4th |  | 93 | 87 | 0.829 | 0.171 |
| 9:45-4th |  | 94 | 87 | 0.836 | 0.164 |
| 9:35-4th |  | 94 | 89 | 0.794 | 0.206 |
| 9:16-4th |  | 96 | 89 | 0.835 | 0.165 |
| 9:04-4th |  | 96 | 89 | 0.863 | 0.137 |
| 9:02-4th |  | 96 | 89 | 0.872 | 0.128 |
| 8:50-4th |  | 96 | 89 | 0.847 | 0.153 |
| 8:47-4th |  | 96 | 89 | 0.839 | 0.161 |
| 8:38-4th |  | 96 | 91 | 0.802 | 0.198 |
| 8:25-4th |  | 96 | 91 | 0.771 | 0.229 |
| 8:23-4th |  | 96 | 91 | 0.761 | 0.239 |
| 8:18-4th |  | 96 | 92 | 0.757 | 0.243 |
| 8:09-4th |  | 96 | 92 | 0.757 | 0.243 |
| 8:02-4th |  | 96 | 92 | 0.721 | 0.279 |
| 7:56-4th |  | 96 | 92 | 0.722 | 0.278 |
| 7:55-4th |  | 96 | 92 | 0.709 | 0.291 |
| 7:44-4th |  | 96 | 92 | 0.75 | 0.25 |
| 7:42-4th |  | 96 | 92 | 0.763 | 0.237 |
| 7:29-4th |  | 96 | 92 | 0.727 | 0.273 |
| 7:27-4th |  | 96 | 92 | 0.766 | 0.234 |
| 7:25-4th |  | 96 | 92 | 0.715 | 0.285 |
| 7:21-4th |  | 96 | 94 | 0.664 | 0.336 |
| 6:59-4th |  | 99 | 94 | 0.771 | 0.229 |
| 6:58-4th |  | 99 | 94 | 0.816 | 0.184 |
| 6:44-4th | TARGET | 99 | 97 | 0.67 | 0.33 |
| 6:29-4th |  | 102 | 97 | 0.784 | 0.216 |
| 6:13-4th |  | 102 | 97 | 0.823 | 0.177 |
| 6:11-4th |  | 102 | 97 | 0.835 | 0.165 |
| 6:05-4th |  | 102 | 97 | 0.801 | 0.199 |
| 6:03-4th |  | 105 | 97 | 0.908 | 0.092 |
| 5:52-4th |  | 105 | 97 | 0.93 | 0.07 |
| 5:48-4th |  | 105 | 97 | 0.937 | 0.063 |
| 5:30-4th |  | 107 | 97 | 0.956 | 0.044 |
| 5:14-4th |  | 107 | 98 | 0.957 | 0.043 |
| 5:03-4th |  | 107 | 98 | 0.94 | 0.06 |
| 4:55-4th |  | 107 | 98 | 0.956 | 0.044 |
| 4:50-4th |  | 107 | 98 | 0.961 | 0.039 |
| 4:38-4th |  | 109 | 98 | 0.974 | 0.026 |
| 4:23-4th |  | 109 | 101 | 0.951 | 0.049 |
| 4:12-4th |  | 111 | 101 | 0.967 | 0.033 |
| 3:53-4th |  | 111 | 101 | 0.938 | 0.062 |
| 3:45-4th |  | 111 | 101 | 0.982 | 0.018 |
| 3:43-4th |  | 113 | 101 | 0.988 | 0.012 |
| 3:29-4th |  | 113 | 103 | 0.983 | 0.017 |
| 3:10-4th |  | 113 | 103 | 0.978 | 0.022 |
| 3:08-4th |  | 113 | 103 | 0.975 | 0.025 |
| 3:02-4th |  | 113 | 105 | 0.962 | 0.038 |
| 2:55-4th |  | 114 | 105 | 0.963 | 0.037 |
| 2:49-4th |  | 114 | 105 | 0.968 | 0.032 |
| 2:44-4th |  | 114 | 105 | 0.966 | 0.034 |
| 2:36-4th |  | 114 | 105 | 0.977 | 0.023 |
| 2:32-4th |  | 114 | 105 | 0.981 | 0.019 |
| 2:25-4th |  | 116 | 105 | 0.989 | 0.011 |
| 2:17-4th |  | 116 | 106 | 0.991 | 0.009 |
| 1:59-4th |  | 118 | 106 | 0.997 | 0.003 |
| 1:42-4th |  | 118 | 108 | 0.995 | 0.005 |
| 1:30-4th |  | 118 | 108 | 0.99 | 0.01 |
| 1:28-4th |  | 118 | 110 | 0.984 | 0.016 |
| 1:22-4th |  | 120 | 110 | 0.992 | 0.008 |
| 1:07-4th |  | 120 | 110 | 0.997 | 0.003 |
| 1:05-4th |  | 120 | 110 | 0.998 | 0.002 |
| 1:01-4th |  | 120 | 110 | 0.999 | 0.001 |
| 55.2-4th |  | 122 | 110 | 0.999 | 0.001 |
| 47.7-4th |  | 122 | 112 | 0.999 | 0.001 |
| 43.9-4th |  | 122 | 112 | 0.997 | 0.003 |
| 43.6-4th |  | 122 | 112 | 0.999 | 0.001 |
| 37.5-4th |  | 124 | 112 | 0.999 | 0.001 |
| 25.7-4th |  | 124 | 112 | 0.999 | 0.001 |
| 23.5-4th |  | 124 | 112 | 0.999 | 0.001 |
| 2.0-4th |  | 124 | 112 | 0.999 | 0.001 |
| 0.0-4th |  | 124 | 112 | 1.0 | 0.0 |

Question

Which event most likely happened at the marked missing position?

Answer Choices

A. Player 17 (Team B) misses 4-foot tip shot
B. Player 8 (Team B) makes 23-foot three point jumper (Player 3 (Team B) assists)
C. Skylar Mays misses 29-foot three point jumper
D. Player 9 (Team B) bad pass (Player 4 (Team B) steals)

Response Format

Return exactly one JSON object:

{
  "answer": "<A|B|C|D>",
  "rationale": "<brief evidence-based justification in 1-3 sentences>",
  "evidence_event_ids": [],
  "evidence_series_times": []
}

Use only event IDs and time labels that are provided above and that support the answer. Use an empty array when the corresponding evidence type is unavailable or unused. Return only the JSON object.
