Task

Reconstruct the missing event in this basketball game. Use the available numerical time-series evidence around the marked row to select the most likely event.

Game

Team A versus Team B, season 22-23.

Time Series

| Game time | Marker | Team A score | Team B score | Team A win probability | Team B win probability |
| --- | --- | --- | --- | --- | --- |
| 12:00-1st |  | 0.0 | 0.0 | 0.673 | 0.327 |
| 11:36-1st |  | 2.0 | 0.0 | 0.698 | 0.302 |
| 11:18-1st |  | 2.0 | 3.0 | 0.651 | 0.349 |
| 10:58-1st |  | 2.0 | 3.0 | 0.629 | 0.371 |
| 10:54-1st |  | 2.0 | 3.0 | 0.622 | 0.378 |
| 10:49-1st |  | 2.0 | 3.0 | 0.624 | 0.376 |
| 10:48-1st |  | 2.0 | 5.0 | 0.602 | 0.398 |
| 10:38-1st |  | 4.0 | 5.0 | 0.621 | 0.379 |
| 10:24-1st |  | 4.0 | 5.0 | 0.641 | 0.359 |
| 10:21-1st |  | 4.0 | 5.0 | 0.648 | 0.352 |
| 10:15-1st |  | 4.0 | 5.0 | 0.619 | 0.381 |
| 10:10-1st |  | 4.0 | 7.0 | 0.6 | 0.4 |
| 9:57-1st |  | 4.0 | 7.0 | 0.578 | 0.422 |
| 9:55-1st |  | 4.0 | 7.0 | 0.599 | 0.401 |
| 9:54-1st |  | 6.0 | 7.0 | 0.618 | 0.382 |
| 9:44-1st |  | 6.0 | 7.0 | 0.639 | 0.361 |
| 9:41-1st |  | 6.0 | 7.0 | 0.646 | 0.354 |
| 9:38-1st |  | 6.0 | 7.0 | 0.617 | 0.383 |
| 9:34-1st |  | 6.0 | 10.0 | 0.573 | 0.427 |
| 9:13-1st |  | 6.0 | 10.0 | 0.55 | 0.45 |
| 9:11-1st |  | 6.0 | 10.0 | 0.543 | 0.457 |
| 8:58-1st |  | 6.0 | 10.0 | 0.563 | 0.437 |
| 8:56-1st |  | 6.0 | 10.0 | 0.57 | 0.43 |
| 8:50-1st |  | 6.0 | 10.0 | 0.548 | 0.452 |
| 8:47-1st |  | 6.0 | 10.0 | 0.541 | 0.459 |
| 8:45-1st |  | 6.0 | 10.0 | 0.562 | 0.438 |
| 8:42-1st |  | 6.0 | 10.0 | 0.541 | 0.459 |
| 8:40-1st |  | 6.0 | 12.0 | 0.515 | 0.485 |
| 8:30-1st |  | 8.0 | 12.0 | 0.541 | 0.459 |
| 8:16-1st |  | 8.0 | 12.0 | 0.56 | 0.44 |
| 8:13-1st |  | 8.0 | 12.0 | 0.54 | 0.46 |
| 8:09-1st |  | 8.0 | 15.0 | 0.484 | 0.516 |
| 7:56-1st |  | 8.0 | 15.0 | 0.465 | 0.535 |
| 7:52-1st |  | 8.0 | 15.0 | 0.459 | 0.541 |
| 7:48-1st |  | 8.0 | 15.0 | 0.476 | 0.524 |
| 7:45-1st |  | 8.0 | 15.0 | 0.482 | 0.518 |
| 7:39-1st |  | 8.0 | 15.0 | 0.464 | 0.536 |
| 7:36-1st |  | 8.0 | 15.0 | 0.481 | 0.519 |
| 7:34-1st |  | 8.0 | 15.0 | 0.463 | 0.537 |
| 7:31-1st |  | 8.0 | 15.0 | 0.457 | 0.543 |
| 7:27-1st |  | 8.0 | 17.0 | 0.428 | 0.572 |
| 7:14-1st |  | 8.0 | 17.0 | 0.406 | 0.594 |
| 7:13-1st |  | 8.0 | 17.0 | 0.427 | 0.573 |
| 7:04-1st |  | 10.0 | 17.0 | 0.454 | 0.546 |
| 6:48-1st |  | 10.0 | 18.0 | 0.423 | 0.577 |
| 6:36-1st |  | 10.0 | 18.0 | 0.443 | 0.557 |
| 6:33-1st |  | 10.0 | 18.0 | 0.449 | 0.551 |
| 6:27-1st |  | 10.0 | 18.0 | 0.421 | 0.579 |
| 6:18-1st |  | 10.0 | 18.0 | 0.441 | 0.559 |
| 6:15-1st |  | 10.0 | 18.0 | 0.42 | 0.58 |
| 6:14-1st |  | 10.0 | 20.0 | 0.393 | 0.607 |
| 6:04-1st |  | 10.0 | 20.0 | 0.372 | 0.628 |
| 6:03-1st |  | 10.0 | 20.0 | 0.393 | 0.607 |
| 6:00-1st |  | 10.0 | 20.0 | 0.372 | 0.628 |
| 5:57-1st |  | 10.0 | 20.0 | 0.365 | 0.635 |
| 5:48-1st |  | 10.0 | 20.0 | 0.383 | 0.617 |
| 5:45-1st |  | 10.0 | 20.0 | 0.39 | 0.61 |
| 5:38-1st |  | 10.0 | 20.0 | 0.369 | 0.631 |
| 5:36-1st |  | 10.0 | 20.0 | 0.362 | 0.638 |
| 5:33-1st |  | 10.0 | 20.0 | 0.362 | 0.638 |
| 5:28-1st |  | 10.0 | 20.0 | 0.381 | 0.619 |
| 5:26-1st |  | 10.0 | 20.0 | 0.387 | 0.613 |
| 5:24-1st |  | 11.0 | 20.0 | 0.387 | 0.613 |
| 5:19-1st |  | 11.0 | 20.0 | 0.387 | 0.613 |
| 5:09-1st |  | 11.0 | 20.0 | 0.408 | 0.592 |
| 5:03-1st |  | 11.0 | 20.0 | 0.415 | 0.585 |
| 5:01-1st |  | 14.0 | 20.0 | 0.468 | 0.532 |
| 4:52-1st |  | 14.0 | 20.0 | 0.468 | 0.532 |
| 4:42-1st |  | 14.0 | 22.0 | 0.44 | 0.56 |
| 4:27-1st |  | 14.0 | 22.0 | 0.417 | 0.583 |
| 4:25-1st |  | 14.0 | 22.0 | 0.41 | 0.59 |
| 4:17-1st |  | 14.0 | 22.0 | 0.43 | 0.57 |
| 4:14-1st |  | 14.0 | 22.0 | 0.437 | 0.563 |
| 4:09-1st |  | 14.0 | 22.0 | 0.436 | 0.564 |
| 4:03-1st |  | 14.0 | 22.0 | 0.414 | 0.586 |
| 4:00-1st |  | 14.0 | 22.0 | 0.407 | 0.593 |
| 3:54-1st |  | 14.0 | 22.0 | 0.427 | 0.573 |
| 3:51-1st |  | 14.0 | 22.0 | 0.406 | 0.594 |
| 3:49-1st |  | 14.0 | 24.0 | 0.377 | 0.623 |
| 3:35-1st |  | 16.0 | 24.0 | 0.404 | 0.596 |
| 3:24-1st |  | 16.0 | 24.0 | 0.424 | 0.576 |
| 3:22-1st |  | 16.0 | 24.0 | 0.431 | 0.569 |
| 3:15-1st |  | 16.0 | 24.0 | 0.473 | 0.527 |
| 3:00-1st |  | 16.0 | 24.0 | 0.408 | 0.592 |
| 2:55-1st |  | 16.0 | 24.0 | 0.4 | 0.6 |
| 2:51-1st |  | 16.0 | 26.0 | 0.372 | 0.628 |
| 2:30-1st |  | 18.0 | 26.0 | 0.397 | 0.603 |
| 2:21-1st |  | 18.0 | 26.0 | 0.418 | 0.582 |
| 2:19-1st |  | 18.0 | 26.0 | 0.425 | 0.575 |
| 2:09-1st |  | 20.0 | 26.0 | 0.451 | 0.549 |
| 2:08-1st |  | 20.0 | 26.0 | 0.451 | 0.549 |
| 1:52-1st |  | 20.0 | 26.0 | 0.471 | 0.529 |
| 1:49-1st |  | 20.0 | 26.0 | 0.449 | 0.551 |
| 1:39-1st |  | 20.0 | 26.0 | 0.47 | 0.53 |
| 1:37-1st |  | 20.0 | 26.0 | 0.477 | 0.523 |
| 1:33-1st |  | 20.0 | 26.0 | 0.447 | 0.553 |
| 1:30-1st |  | 20.0 | 26.0 | 0.447 | 0.553 |
| 1:26-1st |  | 20.0 | 26.0 | 0.476 | 0.524 |
| 1:08-1st |  | 20.0 | 26.0 | 0.445 | 0.555 |
| 1:01-1st |  | 20.0 | 29.0 | 0.389 | 0.611 |
| 48.0-1st |  | 22.0 | 29.0 | 0.415 | 0.585 |
| 44.0-1st |  | 22.0 | 32.0 | 0.358 | 0.642 |
| 35.2-1st |  | 22.0 | 32.0 | 0.335 | 0.665 |
| 32.0-1st |  | 22.0 | 32.0 | 0.327 | 0.673 |
| 28.1-1st |  | 22.0 | 32.0 | 0.356 | 0.644 |
| 5.1-1st |  | 24.0 | 32.0 | 0.38 | 0.62 |
| 0.0-1st |  | 24.0 | 32.0 | 0.394 | 0.606 |
| 12:00-2nd |  | 24.0 | 32.0 | 0.394 | 0.606 |
| 11:41-2nd |  | 24.0 | 32.0 | 0.4 | 0.6 |
| 11:40-2nd |  | 24.0 | 32.0 | 0.376 | 0.624 |
| 11:37-2nd |  | 24.0 | 34.0 | 0.346 | 0.654 |
| 11:21-2nd |  | 26.0 | 34.0 | 0.373 | 0.627 |
| 11:02-2nd |  | 26.0 | 37.0 | 0.314 | 0.686 |
| 10:49-2nd |  | 26.0 | 37.0 | 0.295 | 0.705 |
| 10:46-2nd |  | 26.0 | 37.0 | 0.288 | 0.712 |
| 10:43-2nd |  | 26.0 | 37.0 | 0.306 | 0.694 |
| 10:40-2nd |  | 26.0 | 37.0 | 0.312 | 0.688 |
| 10:34-2nd |  | 26.0 | 37.0 | 0.287 | 0.713 |
| 10:22-2nd |  | 26.0 | 37.0 | 0.304 | 0.696 |
| 10:17-2nd |  | 26.0 | 37.0 | 0.309 | 0.691 |
| 10:05-2nd |  | 28.0 | 37.0 | 0.338 | 0.662 |
| 9:55-2nd |  | 28.0 | 37.0 | 0.364 | 0.636 |
| 9:47-2nd |  | 30.0 | 37.0 | 0.392 | 0.608 |
| 9:44-2nd |  | 30.0 | 37.0 | 0.424 | 0.576 |
| 9:34-2nd |  | 30.0 | 37.0 | 0.399 | 0.601 |
| 9:30-2nd |  | 30.0 | 37.0 | 0.39 | 0.61 |
| 9:13-2nd |  | 30.0 | 37.0 | 0.412 | 0.588 |
| 9:11-2nd |  | 30.0 | 37.0 | 0.42 | 0.58 |
| 8:52-2nd |  | 30.0 | 37.0 | 0.394 | 0.606 |
| 8:49-2nd |  | 30.0 | 37.0 | 0.385 | 0.615 |
| 8:42-2nd |  | 30.0 | 39.0 | 0.355 | 0.645 |
| 8:25-2nd |  | 30.0 | 39.0 | 0.333 | 0.667 |
| 8:22-2nd |  | 30.0 | 39.0 | 0.326 | 0.674 |
| 8:04-2nd |  | 30.0 | 39.0 | 0.324 | 0.676 |
| 8:00-2nd |  | 30.0 | 39.0 | 0.343 | 0.657 |
| 7:56-2nd |  | 30.0 | 39.0 | 0.349 | 0.651 |
| 7:41-2nd |  | 30.0 | 39.0 | 0.327 | 0.673 |
| 7:39-2nd |  | 30.0 | 39.0 | 0.32 | 0.68 |
| 7:34-2nd |  | 30.0 | 41.0 | 0.291 | 0.709 |
| 7:25-2nd |  | 32.0 | 41.0 | 0.319 | 0.681 |
| 7:13-2nd |  | 32.0 | 44.0 | 0.262 | 0.738 |
| 6:57-2nd |  | 34.0 | 44.0 | 0.285 | 0.715 |
| 6:39-2nd |  | 34.0 | 44.0 | 0.312 | 0.688 |
| 6:18-2nd |  | 34.0 | 44.0 | 0.287 | 0.713 |
| 6:13-2nd |  | 34.0 | 44.0 | 0.309 | 0.691 |
| 6:06-2nd |  | 37.0 | 44.0 | 0.366 | 0.634 |
| 5:49-2nd |  | 37.0 | 47.0 | 0.306 | 0.694 |
| 5:36-2nd |  | 40.0 | 47.0 | 0.362 | 0.638 |
| 5:26-2nd |  | 40.0 | 47.0 | 0.395 | 0.605 |
| 5:08-2nd |  | 42.0 | 47.0 | 0.425 | 0.575 |
| 4:55-2nd |  | 42.0 | 49.0 | 0.392 | 0.608 |
| 4:47-2nd |  | 42.0 | 49.0 | 0.391 | 0.609 |
| 4:43-2nd |  | 42.0 | 49.0 | 0.365 | 0.635 |
| 4:39-2nd |  | 42.0 | 49.0 | 0.356 | 0.644 |
| 4:30-2nd |  | 42.0 | 52.0 | 0.296 | 0.704 |
| 4:22-2nd |  | 44.0 | 52.0 | 0.323 | 0.677 |
| 4:05-2nd |  | 44.0 | 52.0 | 0.346 | 0.654 |
| 4:03-2nd |  | 44.0 | 52.0 | 0.354 | 0.646 |
| 3:54-2nd |  | 47.0 | 52.0 | 0.417 | 0.583 |
| 3:53-2nd |  | 47.0 | 52.0 | 0.417 | 0.583 |
| 3:36-2nd |  | 47.0 | 52.0 | 0.44 | 0.56 |
| 3:32-2nd |  | 47.0 | 52.0 | 0.415 | 0.585 |
| 3:29-2nd |  | 47.0 | 55.0 | 0.35 | 0.65 |
| 3:08-2nd |  | 50.0 | 55.0 | 0.412 | 0.588 |
| 2:57-2nd |  | 50.0 | 55.0 | 0.436 | 0.564 |
| 2:54-2nd |  | 50.0 | 55.0 | 0.444 | 0.556 |
| 2:47-2nd |  | 52.0 | 55.0 | 0.477 | 0.523 |
| 2:24-2nd |  | 52.0 | 58.0 | 0.408 | 0.592 |
| 2:13-2nd |  | 54.0 | 58.0 | 0.439 | 0.561 |
| 1:50-2nd |  | 54.0 | 61.0 | 0.369 | 0.631 |
| 1:38-2nd |  | 54.0 | 61.0 | 0.342 | 0.658 |
| 1:33-2nd |  | 56.0 | 61.0 | 0.402 | 0.598 |
| 1:19-2nd |  | 56.0 | 61.0 | 0.425 | 0.575 |
| 1:16-2nd |  | 56.0 | 61.0 | 0.433 | 0.567 |
| 1:10-2nd |  | 56.0 | 61.0 | 0.407 | 0.593 |
| 1:07-2nd |  | 56.0 | 61.0 | 0.398 | 0.602 |
| 1:01-2nd |  | 56.0 | 63.0 | 0.363 | 0.637 |
| 49.2-2nd |  | 58.0 | 63.0 | 0.396 | 0.604 |
| 34.0-2nd |  | 58.0 | 63.0 | 0.42 | 0.58 |
| 31.0-2nd |  | 58.0 | 63.0 | 0.428 | 0.572 |
| 13.0-2nd |  | 60.0 | 63.0 | 0.46 | 0.54 |
| 0.0-2nd |  | 60.0 | 63.0 | 0.479 | 0.521 |
| 12:00-3rd |  | 60.0 | 63.0 | 0.479 | 0.521 |
| 11:40-3rd |  | 60.0 | 65.0 | 0.42 | 0.58 |
| 11:21-3rd |  | 60.0 | 65.0 | 0.394 | 0.606 |
| 11:18-3rd |  | 60.0 | 65.0 | 0.386 | 0.614 |
| 11:05-3rd |  | 60.0 | 65.0 | 0.408 | 0.592 |
| 11:00-3rd |  | 60.0 | 65.0 | 0.416 | 0.584 |
| 10:51-3rd |  | 60.0 | 65.0 | 0.382 | 0.618 |
| 10:40-3rd |  | 60.0 | 65.0 | 0.381 | 0.619 |
| 10:35-3rd |  | 60.0 | 67.0 | 0.341 | 0.659 |
| 10:26-3rd |  | 60.0 | 67.0 | 0.312 | 0.688 |
| 10:23-3rd |  | 60.0 | 67.0 | 0.303 | 0.697 |
| 10:14-3rd |  | 60.0 | 67.0 | 0.329 | 0.671 |
| 10:12-3rd |  | 60.0 | 67.0 | 0.306 | 0.694 |
| 10:07-3rd |  | 60.0 | 70.0 | 0.243 | 0.757 |
| 9:46-3rd |  | 60.0 | 70.0 | 0.217 | 0.783 |
| 9:44-3rd |  | 60.0 | 70.0 | 0.209 | 0.791 |
| 9:41-3rd |  | 60.0 | 73.0 | 0.157 | 0.843 |
| 9:31-3rd |  | 60.0 | 73.0 | 0.139 | 0.861 |
| 9:30-3rd |  | 60.0 | 73.0 | 0.134 | 0.866 |
| 9:27-3rd |  | 60.0 | 76.0 | 0.096 | 0.904 |
| 9:26-3rd |  | 60.0 | 76.0 | 0.096 | 0.904 |
| 9:07-3rd |  | 62.0 | 76.0 | 0.11 | 0.89 |
| 8:52-3rd |  | 62.0 | 76.0 | 0.128 | 0.872 |
| 8:39-3rd |  | 64.0 | 76.0 | 0.149 | 0.851 |
| 8:27-3rd |  | 64.0 | 78.0 | 0.125 | 0.875 |
| 8:25-3rd |  | 64.0 | 78.0 | 0.125 | 0.875 |
| 8:12-3rd |  | 66.0 | 78.0 | 0.146 | 0.854 |
| 8:00-3rd |  | 66.0 | 78.0 | 0.162 | 0.838 |
| 7:56-3rd |  | 66.0 | 78.0 | 0.168 | 0.832 |
| 7:52-3rd |  | 66.0 | 78.0 | 0.149 | 0.851 |
| 7:50-3rd |  | 66.0 | 78.0 | 0.143 | 0.857 |
| 7:48-3rd |  | 66.0 | 80.0 | 0.12 | 0.88 |
| 7:37-3rd |  | 66.0 | 80.0 | 0.118 | 0.882 |
| 7:30-3rd |  | 68.0 | 80.0 | 0.14 | 0.86 |
| 7:09-3rd |  | 68.0 | 80.0 | 0.106 | 0.894 |
| 6:59-3rd |  | 68.0 | 80.0 | 0.154 | 0.846 |
| 6:55-3rd |  | 68.0 | 80.0 | 0.159 | 0.841 |
| 6:47-3rd |  | 70.0 | 80.0 | 0.185 | 0.815 |
| 6:30-3rd |  | 70.0 | 80.0 | 0.203 | 0.797 |
| 6:28-3rd |  | 70.0 | 80.0 | 0.21 | 0.79 |
| 6:17-3rd |  | 73.0 | 80.0 | 0.272 | 0.728 |
| 5:53-3rd |  | 73.0 | 80.0 | 0.294 | 0.706 |
| 5:52-3rd |  | 73.0 | 80.0 | 0.302 | 0.698 |
| 5:45-3rd |  | 73.0 | 80.0 | 0.265 | 0.735 |
| 5:37-3rd |  | 73.0 | 80.0 | 0.265 | 0.735 |
| 5:27-3rd |  | 73.0 | 80.0 | 0.29 | 0.71 |
| 5:23-3rd |  | 73.0 | 80.0 | 0.298 | 0.702 |
| 5:22-3rd |  | 73.0 | 80.0 | 0.263 | 0.737 |
| 5:15-3rd |  | 75.0 | 80.0 | 0.336 | 0.664 |
| 5:01-3rd |  | 75.0 | 83.0 | 0.258 | 0.742 |
| 4:45-3rd |  | 77.0 | 83.0 | 0.29 | 0.71 |
| 4:25-3rd |  | 77.0 | 83.0 | 0.319 | 0.681 |
| 4:21-3rd |  | 77.0 | 83.0 | 0.329 | 0.671 |
| 4:16-3rd |  | 80.0 | 83.0 | 0.408 | 0.592 |
| 3:55-3rd |  | 80.0 | 86.0 | 0.325 | 0.675 |
| 3:42-3rd |  | 80.0 | 86.0 | 0.29 | 0.71 |
| 3:39-3rd |  | 80.0 | 86.0 | 0.278 | 0.722 |
| 3:27-3rd |  | 80.0 | 89.0 | 0.208 | 0.792 |
| 3:14-3rd |  | 80.0 | 89.0 | 0.181 | 0.819 |
| 3:11-3rd |  | 80.0 | 89.0 | 0.172 | 0.828 |
| 2:59-3rd |  | 80.0 | 91.0 | 0.144 | 0.856 |
| 2:52-3rd |  | 83.0 | 91.0 | 0.2 | 0.8 |
| 2:40-3rd |  | 83.0 | 91.0 | 0.23 | 0.77 |
| 2:39-3rd |  | 83.0 | 91.0 | 0.198 | 0.802 |
| 2:34-3rd |  | 83.0 | 91.0 | 0.222 | 0.778 |
| 2:30-3rd |  | 83.0 | 91.0 | 0.229 | 0.771 |
| 2:21-3rd |  | 83.0 | 91.0 | 0.202 | 0.798 |
| 2:19-3rd |  | 83.0 | 91.0 | 0.193 | 0.807 |
| 2:05-3rd |  | 83.0 | 91.0 | 0.216 | 0.784 |
| 2:02-3rd |  | 83.0 | 91.0 | 0.224 | 0.776 |
| 1:59-3rd |  | 83.0 | 91.0 | 0.189 | 0.811 |
| 1:42-3rd |  | 83.0 | 93.0 | 0.156 | 0.844 |
| 1:28-3rd |  | 83.0 | 93.0 | 0.132 | 0.868 |
| 1:25-3rd |  | 83.0 | 93.0 | 0.125 | 0.875 |
| 1:08-3rd |  | 83.0 | 93.0 | 0.142 | 0.858 |
| 1:05-3rd |  | 83.0 | 93.0 | 0.149 | 0.851 |
| 46.0-3rd |  | 85.0 | 93.0 | 0.174 | 0.826 |
| 37.2-3rd |  | 85.0 | 93.0 | 0.2 | 0.8 |
| 33.2-3rd |  | 85.0 | 93.0 | 0.208 | 0.792 |
| 30.1-3rd |  | 85.0 | 93.0 | 0.18 | 0.82 |
| 26.2-3rd |  | 85.0 | 93.0 | 0.171 | 0.829 |
| 9.1-3rd |  | 85.0 | 96.0 | 0.109 | 0.891 |
| 4.2-3rd |  | 85.0 | 96.0 | 0.152 | 0.848 |
| 3.1-3rd |  | 85.0 | 96.0 | 0.092 | 0.908 |
| 0.0-3rd |  | 85.0 | 96.0 | 0.099 | 0.901 |
| 12:00-4th |  | 85.0 | 96.0 | 0.099 | 0.901 |
| 11:51-4th |  | 85.0 | 96.0 | 0.083 | 0.917 |
| 11:40-4th |  | 85.0 | 96.0 | 0.097 | 0.903 |
| 11:37-4th |  | 85.0 | 96.0 | 0.102 | 0.898 |
| 11:35-4th |  | 87.0 | 96.0 | 0.132 | 0.868 |
| 11:18-4th |  | 87.0 | 96.0 | 0.153 | 0.847 |
| 11:16-4th |  | 87.0 | 96.0 | 0.161 | 0.839 |
| 11:14-4th |  | 87.0 | 96.0 | 0.125 | 0.875 |
| 11:11-4th |  | 87.0 | 96.0 | 0.091 | 0.909 |
| 10:52-4th |  | 87.0 | 96.0 | 0.151 | 0.849 |
| 10:41-4th |  | 90.0 | 96.0 | 0.218 | 0.782 |
| 10:23-4th |  | 90.0 | 96.0 | 0.258 | 0.742 |
| 10:15-4th |  | 92.0 | 96.0 | 0.349 | 0.651 |
| 9:56-4th |  | 92.0 | 96.0 | 0.335 | 0.665 |
| 9:53-4th |  | 92.0 | 96.0 | 0.348 | 0.652 |
| 9:38-4th |  | 94.0 | 96.0 | 0.395 | 0.605 |
| 9:20-4th |  | 94.0 | 96.0 | 0.438 | 0.562 |
| 9:16-4th |  | 94.0 | 96.0 | 0.453 | 0.547 |
| 9:09-4th |  | 96.0 | 96.0 | 0.51 | 0.49 |
| 8:45-4th |  | 96.0 | 96.0 | 0.557 | 0.443 |
| 8:44-4th |  | 96.0 | 96.0 | 0.508 | 0.492 |
| 8:43-4th |  | 96.0 | 96.0 | 0.556 | 0.444 |
| 8:41-4th |  | 96.0 | 96.0 | 0.508 | 0.492 |
| 8:40-4th |  | 96.0 | 99.0 | 0.391 | 0.609 |
| 8:24-4th |  | 98.0 | 99.0 | 0.453 | 0.547 |
| 8:10-4th |  | 98.0 | 99.0 | 0.498 | 0.502 |
| 8:09-4th |  | 98.0 | 99.0 | 0.452 | 0.548 |
| 7:59-4th |  | 98.0 | 99.0 | 0.513 | 0.487 |
| 7:51-4th |  | 98.0 | 99.0 | 0.465 | 0.535 |
| 7:48-4th |  | 98.0 | 99.0 | 0.448 | 0.552 |
| 7:35-4th |  | 98.0 | 101.0 | 0.388 | 0.612 |
| 7:17-4th |  | 98.0 | 101.0 | 0.49 | 0.51 |
| 7:08-4th |  | 100.0 | 101.0 | 0.453 | 0.547 |
| 6:39-4th |  | 100.0 | 103.0 | 0.387 | 0.613 |
| 6:16-4th |  | 102.0 | 103.0 | 0.445 | 0.555 |
| 6:01-4th |  | 102.0 | 103.0 | 0.515 | 0.485 |
| 5:51-4th |  | 105.0 | 103.0 | 0.642 | 0.358 |
| 5:38-4th |  | 105.0 | 103.0 | 0.708 | 0.292 |
| 5:25-4th |  | 105.0 | 103.0 | 0.66 | 0.34 |
| 5:23-4th |  | 105.0 | 103.0 | 0.644 | 0.356 |
| 5:19-4th |  | 105.0 | 103.0 | 0.71 | 0.29 |
| 5:06-4th |  | 107.0 | 103.0 | 0.766 | 0.234 |
| 4:46-4th |  | 107.0 | 103.0 | 0.811 | 0.189 |
| 4:43-4th |  | 107.0 | 103.0 | 0.826 | 0.174 |
| 4:41-4th |  | 107.0 | 103.0 | 0.784 | 0.216 |
| 4:39-4th |  | 107.0 | 103.0 | 0.771 | 0.229 |
| 4:23-4th |  | 107.0 | 103.0 | 0.816 | 0.184 |
| 4:20-4th |  | 107.0 | 105.0 | 0.718 | 0.282 |
| 4:19-4th |  | 107.0 | 103.0 | 0.831 | 0.169 |
| 4:00-4th | TARGET | 107.0 | 105.0 | 0.667 | 0.333 |
| 3:57-4th |  | 107.0 | 105.0 | 0.722 | 0.278 |
| 3:55-4th |  | 107.0 | 105.0 | 0.722 | 0.278 |
| 3:51-4th |  | 109.0 | 105.0 | 0.781 | 0.219 |
| 3:28-4th |  | 109.0 | 105.0 | 0.833 | 0.167 |
| 3:27-4th |  | 109.0 | 105.0 | 0.848 | 0.152 |
| 3:16-4th |  | 109.0 | 105.0 | 0.852 | 0.148 |
| 3:10-4th |  | 109.0 | 105.0 | 0.797 | 0.203 |
| 2:45-4th |  | 109.0 | 105.0 | 0.851 | 0.149 |
| 2:42-4th |  | 109.0 | 105.0 | 0.867 | 0.133 |
| 2:31-4th |  | 109.0 | 105.0 | 0.829 | 0.171 |
| 2:27-4th |  | 109.0 | 105.0 | 0.816 | 0.184 |
| 2:09-4th |  | 109.0 | 105.0 | 0.796 | 0.204 |
| 1:55-4th |  | 109.0 | 105.0 | 0.869 | 0.131 |
| 1:52-4th |  | 109.0 | 105.0 | 0.826 | 0.174 |
| 1:43-4th |  | 109.0 | 105.0 | 0.873 | 0.127 |
| 1:39-4th |  | 109.0 | 105.0 | 0.889 | 0.111 |
| 1:30-4th |  | 111.0 | 105.0 | 0.927 | 0.073 |
| 1:17-4th |  | 111.0 | 105.0 | 0.841 | 0.159 |
| 1:10-4th |  | 111.0 | 105.0 | 0.947 | 0.053 |
| 1:07-4th |  | 111.0 | 105.0 | 0.957 | 0.043 |
| 59.0-4th |  | 113.0 | 105.0 | 0.977 | 0.023 |
| 52.1-4th |  | 113.0 | 106.0 | 0.983 | 0.017 |
| 43.1-4th |  | 113.0 | 106.0 | 0.968 | 0.032 |
| 43.0-4th |  | 113.0 | 106.0 | 0.969 | 0.031 |
| 38.1-4th |  | 113.0 | 109.0 | 0.908 | 0.092 |
| 37.1-4th |  | 115.0 | 109.0 | 0.947 | 0.053 |
| 31.1-4th |  | 115.0 | 109.0 | 0.971 | 0.029 |
| 28.1-4th |  | 115.0 | 109.0 | 0.98 | 0.02 |
| 23.1-4th |  | 116.0 | 109.0 | 0.982 | 0.018 |
| 23.0-4th |  | 116.0 | 109.0 | 0.982 | 0.018 |
| 21.0-4th |  | 116.0 | 109.0 | 0.993 | 0.007 |
| 18.1-4th |  | 116.0 | 109.0 | 0.996 | 0.004 |
| 0.0-4th |  | 116.0 | 109.0 | 1.0 | 0.0 |

Question

Which event most likely happened at the marked missing position?

Answer Choices

A. Player 13 (Team B) makes dunk (Player 12 (Team A) assists)
B. Player 3 (Team A) misses 18-foot two point shot
C. Player 10 (Team B) bad pass (Player 17 (Team A) steals)
D. Player 17 (Team B) makes 13-foot pullup jump shot (Player 8 (Team A) assists)

Response Format

Return exactly one JSON object:

{
  "answer": "<A|B|C|D>",
  "rationale": "<brief evidence-based justification in 1-3 sentences>",
  "evidence_event_ids": [],
  "evidence_series_times": []
}

Use only event IDs and time labels that are provided above and that support the answer. Use an empty array when the corresponding evidence type is unavailable or unused. Return only the JSON object.
