Task

Reconstruct the missing event in this basketball game. Use the available numerical time-series evidence around the marked row to select the most likely event.

Game

Team A versus Team B, season 22-23.

Time Series

| Game time | Marker | Team A score | Team B score | Team A win probability | Team B win probability |
| --- | --- | --- | --- | --- | --- |
| 12:00-1st |  | 0 | 0 | 0.366 | 0.634 |
| 11:33-1st |  | 0 | 0 | 0.354 | 0.646 |
| 11:29-1st |  | 0 | 0 | 0.368 | 0.632 |
| 11:21-1st |  | 0 | 0 | 0.354 | 0.646 |
| 11:18-1st |  | 0 | 0 | 0.369 | 0.631 |
| 11:04-1st |  | 0 | 0 | 0.355 | 0.645 |
| 11:00-1st |  | 0 | 0 | 0.355 | 0.645 |
| 10:59-1st |  | 0 | 0 | 0.351 | 0.649 |
| 10:45-1st |  | 0 | 2 | 0.325 | 0.675 |
| 10:27-1st |  | 2 | 2 | 0.352 | 0.648 |
| 10:03-1st |  | 2 | 5 | 0.307 | 0.693 |
| 9:51-1st |  | 2 | 5 | 0.283 | 0.717 |
| 9:44-1st |  | 2 | 5 | 0.289 | 0.711 |
| 9:40-1st |  | 2 | 5 | 0.307 | 0.693 |
| 9:29-1st |  | 2 | 5 | 0.29 | 0.71 |
| 9:26-1st |  | 2 | 5 | 0.284 | 0.716 |
| 9:15-1st |  | 2 | 5 | 0.308 | 0.692 |
| 9:06-1st |  | 4 | 5 | 0.326 | 0.674 |
| 8:50-1st |  | 4 | 8 | 0.288 | 0.712 |
| 8:32-1st |  | 5 | 8 | 0.286 | 0.714 |
| 8:14-1st |  | 5 | 8 | 0.304 | 0.696 |
| 8:12-1st |  | 5 | 8 | 0.31 | 0.69 |
| 8:00-1st |  | 5 | 8 | 0.293 | 0.707 |
| 7:59-1st |  | 8 | 8 | 0.356 | 0.644 |
| 7:44-1st |  | 8 | 11 | 0.311 | 0.689 |
| 7:28-1st |  | 10 | 11 | 0.334 | 0.666 |
| 7:13-1st |  | 10 | 13 | 0.312 | 0.688 |
| 6:57-1st |  | 10 | 13 | 0.294 | 0.706 |
| 6:55-1st |  | 10 | 13 | 0.289 | 0.711 |
| 6:37-1st |  | 10 | 15 | 0.268 | 0.732 |
| 6:21-1st |  | 10 | 15 | 0.247 | 0.753 |
| 6:16-1st |  | 10 | 17 | 0.229 | 0.771 |
| 5:54-1st |  | 13 | 17 | 0.269 | 0.731 |
| 5:32-1st |  | 13 | 19 | 0.248 | 0.752 |
| 5:19-1st |  | 15 | 19 | 0.269 | 0.731 |
| 5:00-1st |  | 15 | 19 | 0.287 | 0.713 |
| 4:58-1st |  | 15 | 19 | 0.293 | 0.707 |
| 4:49-1st |  | 17 | 19 | 0.315 | 0.685 |
| 4:42-1st |  | 17 | 21 | 0.293 | 0.707 |
| 4:20-1st |  | 17 | 21 | 0.276 | 0.724 |
| 4:16-1st |  | 17 | 21 | 0.27 | 0.73 |
| 4:09-1st |  | 17 | 21 | 0.288 | 0.712 |
| 4:06-1st |  | 17 | 21 | 0.271 | 0.729 |
| 4:03-1st |  | 17 | 21 | 0.289 | 0.711 |
| 3:59-1st |  | 17 | 21 | 0.271 | 0.729 |
| 3:51-1st |  | 17 | 21 | 0.289 | 0.711 |
| 3:48-1st |  | 17 | 21 | 0.295 | 0.705 |
| 3:46-1st |  | 17 | 21 | 0.295 | 0.705 |
| 3:39-1st |  | 18 | 21 | 0.294 | 0.706 |
| 3:24-1st |  | 18 | 23 | 0.271 | 0.729 |
| 3:03-1st |  | 18 | 23 | 0.249 | 0.751 |
| 2:43-1st |  | 18 | 26 | 0.211 | 0.789 |
| 2:24-1st |  | 20 | 26 | 0.229 | 0.771 |
| 2:15-1st |  | 20 | 26 | 0.245 | 0.755 |
| 2:10-1st |  | 20 | 26 | 0.251 | 0.749 |
| 2:03-1st |  | 20 | 26 | 0.235 | 0.765 |
| 2:01-1st |  | 20 | 26 | 0.23 | 0.77 |
| 1:55-1st |  | 20 | 28 | 0.212 | 0.788 |
| 1:41-1st |  | 20 | 28 | 0.192 | 0.808 |
| 1:36-1st |  | 20 | 30 | 0.174 | 0.826 |
| 1:18-1st |  | 23 | 30 | 0.212 | 0.788 |
| 1:02-1st |  | 23 | 30 | 0.227 | 0.773 |
| 59.7-1st |  | 23 | 30 | 0.212 | 0.788 |
| 58.6-1st |  | 23 | 30 | 0.232 | 0.768 |
| 50.8-1st |  | 23 | 30 | 0.212 | 0.788 |
| 48.4-1st |  | 23 | 30 | 0.212 | 0.788 |
| 38.9-1st |  | 23 | 30 | 0.232 | 0.768 |
| 30.4-1st |  | 25 | 30 | 0.251 | 0.749 |
| 13.6-1st |  | 25 | 30 | 0.269 | 0.731 |
| 11.0-1st |  | 25 | 30 | 0.254 | 0.746 |
| 1.4-1st |  | 25 | 30 | 0.275 | 0.725 |
| 0.0-1st |  | 25 | 30 | 0.263 | 0.737 |
| 11:40-2nd |  | 25 | 32 | 0.232 | 0.768 |
| 11:24-2nd |  | 28 | 32 | 0.274 | 0.726 |
| 11:00-2nd |  | 28 | 34 | 0.254 | 0.746 |
| 10:48-2nd |  | 30 | 34 | 0.275 | 0.725 |
| 10:29-2nd |  | 30 | 36 | 0.255 | 0.745 |
| 10:18-2nd |  | 30 | 36 | 0.238 | 0.762 |
| 10:16-2nd |  | 30 | 36 | 0.255 | 0.745 |
| 10:11-2nd |  | 30 | 36 | 0.238 | 0.762 |
| 10:08-2nd |  | 30 | 36 | 0.232 | 0.768 |
| 10:02-2nd |  | 30 | 36 | 0.249 | 0.751 |
| 9:59-2nd |  | 30 | 36 | 0.232 | 0.768 |
| 9:55-2nd |  | 30 | 37 | 0.233 | 0.767 |
| 9:40-2nd |  | 32 | 37 | 0.253 | 0.747 |
| 9:25-2nd |  | 32 | 37 | 0.271 | 0.729 |
| 9:22-2nd |  | 32 | 37 | 0.253 | 0.747 |
| 9:20-2nd |  | 32 | 40 | 0.21 | 0.79 |
| 8:53-2nd |  | 36 | 40 | 0.279 | 0.721 |
| 8:40-2nd |  | 36 | 40 | 0.279 | 0.721 |
| 8:36-2nd |  | 36 | 40 | 0.299 | 0.701 |
| 8:32-2nd |  | 36 | 40 | 0.306 | 0.694 |
| 8:22-2nd |  | 40 | 40 | 0.387 | 0.613 |
| 8:12-2nd |  | 40 | 42 | 0.36 | 0.64 |
| 8:09-2nd |  | 40 | 42 | 0.36 | 0.64 |
| 8:00-2nd |  | 40 | 42 | 0.339 | 0.661 |
| 7:54-2nd |  | 40 | 42 | 0.332 | 0.668 |
| 7:51-2nd |  | 40 | 42 | 0.354 | 0.646 |
| 7:48-2nd |  | 40 | 42 | 0.361 | 0.639 |
| 7:37-2nd |  | 40 | 42 | 0.332 | 0.668 |
| 7:23-2nd |  | 40 | 42 | 0.332 | 0.668 |
| 7:17-2nd |  | 40 | 42 | 0.355 | 0.645 |
| 7:16-2nd |  | 40 | 42 | 0.362 | 0.638 |
| 7:10-2nd |  | 40 | 42 | 0.333 | 0.667 |
| 7:05-2nd |  | 40 | 45 | 0.28 | 0.72 |
| 6:49-2nd |  | 40 | 45 | 0.256 | 0.744 |
| 6:46-2nd |  | 40 | 47 | 0.233 | 0.767 |
| 6:28-2nd |  | 40 | 47 | 0.215 | 0.785 |
| 6:26-2nd |  | 40 | 47 | 0.209 | 0.791 |
| 6:12-2nd |  | 40 | 47 | 0.227 | 0.773 |
| 6:10-2nd |  | 40 | 47 | 0.233 | 0.767 |
| 5:59-2nd |  | 40 | 47 | 0.209 | 0.791 |
| 5:44-2nd |  | 40 | 47 | 0.226 | 0.774 |
| 5:41-2nd |  | 40 | 47 | 0.232 | 0.768 |
| 5:33-2nd |  | 42 | 47 | 0.256 | 0.744 |
| 5:30-2nd |  | 42 | 47 | 0.256 | 0.744 |
| 5:20-2nd |  | 42 | 47 | 0.276 | 0.724 |
| 5:19-2nd |  | 42 | 49 | 0.232 | 0.768 |
| 5:04-2nd |  | 44 | 49 | 0.256 | 0.744 |
| 4:49-2nd |  | 44 | 49 | 0.283 | 0.717 |
| 4:30-2nd |  | 46 | 49 | 0.31 | 0.69 |
| 4:22-2nd |  | 46 | 49 | 0.331 | 0.669 |
| 4:21-2nd |  | 46 | 49 | 0.384 | 0.616 |
| 4:05-2nd |  | 48 | 49 | 0.369 | 0.631 |
| 3:51-2nd |  | 48 | 49 | 0.393 | 0.607 |
| 3:49-2nd |  | 48 | 49 | 0.401 | 0.599 |
| 3:43-2nd |  | 48 | 49 | 0.37 | 0.63 |
| 3:27-2nd |  | 48 | 49 | 0.394 | 0.606 |
| 3:24-2nd |  | 48 | 49 | 0.402 | 0.598 |
| 3:16-2nd |  | 51 | 49 | 0.466 | 0.534 |
| 3:08-2nd |  | 51 | 49 | 0.467 | 0.533 |
| 2:50-2nd |  | 51 | 49 | 0.494 | 0.506 |
| 2:42-2nd |  | 51 | 49 | 0.468 | 0.532 |
| 2:29-2nd |  | 51 | 49 | 0.495 | 0.505 |
| 2:26-2nd |  | 51 | 49 | 0.504 | 0.496 |
| 2:23-2nd |  | 54 | 49 | 0.571 | 0.429 |
| 2:10-2nd |  | 54 | 49 | 0.599 | 0.401 |
| 2:07-2nd |  | 54 | 49 | 0.572 | 0.428 |
| 1:57-2nd |  | 54 | 49 | 0.6 | 0.4 |
| 1:52-2nd |  | 54 | 51 | 0.544 | 0.456 |
| 1:38-2nd |  | 54 | 51 | 0.511 | 0.489 |
| 1:35-2nd |  | 54 | 51 | 0.512 | 0.488 |
| 1:23-2nd |  | 54 | 51 | 0.539 | 0.461 |
| 1:21-2nd |  | 54 | 51 | 0.513 | 0.487 |
| 1:08-2nd |  | 54 | 51 | 0.549 | 0.451 |
| 1:01-2nd |  | 56 | 51 | 0.579 | 0.421 |
| 51.8-2nd |  | 56 | 51 | 0.607 | 0.393 |
| 48.7-2nd |  | 56 | 51 | 0.617 | 0.383 |
| 45.8-2nd |  | 58 | 51 | 0.65 | 0.35 |
| 38.4-2nd |  | 58 | 51 | 0.687 | 0.313 |
| 32.6-2nd |  | 58 | 51 | 0.688 | 0.312 |
| 30.8-2nd |  | 58 | 51 | 0.66 | 0.34 |
| 27.0-2nd |  | 58 | 51 | 0.688 | 0.312 |
| 14.7-2nd |  | 58 | 51 | 0.656 | 0.344 |
| 10.7-2nd |  | 58 | 53 | 0.624 | 0.376 |
| 0.0-2nd |  | 58 | 53 | 0.598 | 0.402 |
| 12:00-3rd |  | 58 | 53 | 0.598 | 0.402 |
| 11:46-3rd |  | 58 | 53 | 0.591 | 0.409 |
| 11:39-3rd |  | 58 | 56 | 0.518 | 0.482 |
| 11:17-3rd |  | 60 | 56 | 0.555 | 0.445 |
| 10:59-3rd |  | 60 | 56 | 0.585 | 0.415 |
| 10:51-3rd |  | 60 | 56 | 0.586 | 0.414 |
| 10:48-3rd |  | 60 | 56 | 0.595 | 0.405 |
| 10:37-3rd |  | 60 | 56 | 0.56 | 0.44 |
| 10:23-3rd |  | 60 | 56 | 0.562 | 0.438 |
| 10:19-3rd |  | 60 | 56 | 0.589 | 0.411 |
| 10:16-3rd |  | 60 | 56 | 0.563 | 0.437 |
| 10:14-3rd |  | 60 | 56 | 0.59 | 0.41 |
| 10:11-3rd |  | 60 | 56 | 0.599 | 0.401 |
| 10:08-3rd |  | 60 | 56 | 0.573 | 0.427 |
| 10:05-3rd |  | 60 | 56 | 0.564 | 0.436 |
| 10:00-3rd |  | 60 | 59 | 0.488 | 0.512 |
| 9:56-3rd |  | 60 | 59 | 0.452 | 0.548 |
| 9:32-3rd |  | 60 | 59 | 0.453 | 0.547 |
| 9:23-3rd |  | 60 | 61 | 0.418 | 0.582 |
| 9:14-3rd |  | 60 | 61 | 0.383 | 0.617 |
| 9:10-3rd |  | 60 | 63 | 0.349 | 0.651 |
| 8:54-3rd |  | 60 | 63 | 0.322 | 0.678 |
| 8:51-3rd |  | 60 | 63 | 0.313 | 0.687 |
| 8:33-3rd |  | 60 | 63 | 0.34 | 0.66 |
| 8:25-3rd |  | 60 | 65 | 0.282 | 0.718 |
| 8:12-3rd |  | 60 | 65 | 0.249 | 0.751 |
| 8:00-3rd |  | 60 | 67 | 0.219 | 0.781 |
| 7:48-3rd |  | 60 | 67 | 0.218 | 0.782 |
| 7:40-3rd |  | 60 | 67 | 0.2 | 0.8 |
| 7:38-3rd |  | 60 | 67 | 0.194 | 0.806 |
| 7:30-3rd |  | 60 | 69 | 0.168 | 0.832 |
| 7:15-3rd |  | 60 | 69 | 0.142 | 0.858 |
| 7:11-3rd |  | 60 | 72 | 0.104 | 0.896 |
| 7:09-3rd |  | 60 | 72 | 0.104 | 0.896 |
| 6:50-3rd |  | 62 | 72 | 0.122 | 0.878 |
| 6:30-3rd |  | 62 | 72 | 0.135 | 0.865 |
| 6:28-3rd |  | 62 | 72 | 0.139 | 0.861 |
| 6:12-3rd |  | 62 | 72 | 0.124 | 0.876 |
| 6:10-3rd |  | 62 | 72 | 0.119 | 0.881 |
| 5:52-3rd |  | 62 | 72 | 0.138 | 0.862 |
| 5:36-3rd |  | 62 | 72 | 0.121 | 0.879 |
| 5:31-3rd |  | 62 | 72 | 0.136 | 0.864 |
| 5:30-3rd |  | 65 | 72 | 0.184 | 0.816 |
| 5:16-3rd |  | 65 | 72 | 0.204 | 0.796 |
| 5:12-3rd |  | 65 | 72 | 0.21 | 0.79 |
| 4:55-3rd |  | 68 | 72 | 0.275 | 0.725 |
| 4:37-3rd |  | 68 | 72 | 0.302 | 0.698 |
| 4:35-3rd |  | 68 | 72 | 0.311 | 0.689 |
| 4:32-3rd |  | 69 | 72 | 0.31 | 0.69 |
| 4:30-3rd |  | 69 | 72 | 0.31 | 0.69 |
| 4:21-3rd |  | 69 | 72 | 0.338 | 0.662 |
| 4:17-3rd |  | 69 | 72 | 0.347 | 0.653 |
| 4:10-3rd |  | 72 | 72 | 0.43 | 0.57 |
| 3:48-3rd |  | 72 | 74 | 0.389 | 0.611 |
| 3:35-3rd |  | 73 | 74 | 0.387 | 0.613 |
| 3:17-3rd |  | 73 | 74 | 0.421 | 0.579 |
| 3:13-3rd |  | 73 | 74 | 0.432 | 0.568 |
| 3:10-3rd |  | 75 | 74 | 0.475 | 0.525 |
| 2:55-3rd |  | 75 | 74 | 0.512 | 0.488 |
| 2:49-3rd |  | 75 | 74 | 0.525 | 0.475 |
| 2:42-3rd | TARGET | 78 | 74 | 0.613 | 0.387 |
| 2:25-3rd |  | 78 | 76 | 0.572 | 0.428 |
| 2:08-3rd |  | 78 | 76 | 0.528 | 0.472 |
| 2:04-3rd |  | 78 | 78 | 0.48 | 0.52 |
| 1:47-3rd |  | 80 | 78 | 0.53 | 0.47 |
| 1:42-3rd |  | 80 | 79 | 0.532 | 0.468 |
| 1:33-3rd |  | 82 | 79 | 0.575 | 0.425 |
| 1:16-3rd |  | 82 | 79 | 0.613 | 0.387 |
| 1:13-3rd |  | 82 | 79 | 0.625 | 0.375 |
| 1:08-3rd |  | 82 | 79 | 0.59 | 0.41 |
| 1:05-3rd |  | 82 | 79 | 0.626 | 0.374 |
| 52.7-3rd |  | 84 | 79 | 0.665 | 0.335 |
| 47.9-3rd |  | 84 | 79 | 0.718 | 0.282 |
| 27.3-3rd |  | 86 | 79 | 0.759 | 0.241 |
| 11.8-3rd |  | 86 | 79 | 0.804 | 0.196 |
| 0.0-3rd |  | 86 | 79 | 0.786 | 0.214 |
| 12:00-4th |  | 86 | 79 | 0.786 | 0.214 |
| 11:48-4th |  | 86 | 79 | 0.772 | 0.228 |
| 11:31-4th |  | 86 | 79 | 0.806 | 0.194 |
| 11:28-4th |  | 86 | 79 | 0.776 | 0.224 |
| 11:27-4th |  | 86 | 79 | 0.765 | 0.235 |
| 11:15-4th |  | 86 | 81 | 0.734 | 0.266 |
| 10:56-4th |  | 88 | 81 | 0.778 | 0.222 |
| 10:51-4th |  | 88 | 81 | 0.765 | 0.235 |
| 10:33-4th |  | 89 | 83 | 0.771 | 0.229 |
| 10:18-4th |  | 89 | 83 | 0.749 | 0.251 |
| 10:17-4th |  | 89 | 83 | 0.781 | 0.219 |
| 10:12-4th |  | 91 | 83 | 0.818 | 0.182 |
| 9:54-4th |  | 91 | 83 | 0.851 | 0.149 |
| 9:51-4th |  | 91 | 83 | 0.823 | 0.177 |
| 9:49-4th |  | 91 | 83 | 0.852 | 0.148 |
| 9:46-4th |  | 91 | 85 | 0.788 | 0.212 |
| 9:32-4th |  | 92 | 85 | 0.794 | 0.206 |
| 9:18-4th |  | 92 | 85 | 0.839 | 0.161 |
| 9:00-4th |  | 92 | 85 | 0.8 | 0.2 |
| 8:48-4th |  | 92 | 85 | 0.845 | 0.155 |
| 8:43-4th |  | 92 | 85 | 0.814 | 0.186 |
| 8:40-4th |  | 92 | 85 | 0.804 | 0.196 |
| 8:37-4th |  | 92 | 85 | 0.847 | 0.153 |
| 8:14-4th |  | 94 | 85 | 0.879 | 0.121 |
| 7:58-4th |  | 94 | 85 | 0.912 | 0.088 |
| 7:38-4th |  | 96 | 85 | 0.938 | 0.062 |
| 7:28-4th |  | 96 | 87 | 0.915 | 0.085 |
| 7:23-4th |  | 96 | 87 | 0.916 | 0.084 |
| 7:11-4th |  | 98 | 87 | 0.941 | 0.059 |
| 7:07-4th |  | 98 | 87 | 0.942 | 0.058 |
| 7:03-4th |  | 98 | 87 | 0.955 | 0.045 |
| 6:58-4th |  | 98 | 87 | 0.96 | 0.04 |
| 6:38-4th |  | 98 | 87 | 0.951 | 0.049 |
| 6:35-4th |  | 98 | 87 | 0.948 | 0.052 |
| 6:26-4th |  | 98 | 87 | 0.965 | 0.035 |
| 6:23-4th |  | 100 | 87 | 0.976 | 0.024 |
| 6:18-4th |  | 100 | 87 | 0.976 | 0.024 |
| 6:00-4th |  | 100 | 87 | 0.984 | 0.016 |
| 5:56-4th |  | 100 | 87 | 0.986 | 0.014 |
| 5:44-4th |  | 100 | 87 | 0.982 | 0.018 |
| 5:41-4th |  | 100 | 87 | 0.981 | 0.019 |
| 5:34-4th |  | 100 | 89 | 0.973 | 0.027 |
| 5:17-4th |  | 100 | 89 | 0.967 | 0.033 |
| 5:14-4th |  | 100 | 89 | 0.964 | 0.036 |
| 4:56-4th |  | 100 | 89 | 0.989 | 0.011 |
| 4:35-4th |  | 100 | 89 | 0.975 | 0.025 |
| 4:33-4th |  | 100 | 89 | 0.973 | 0.027 |
| 4:10-4th |  | 100 | 93 | 0.894 | 0.106 |
| 3:53-4th |  | 100 | 93 | 0.907 | 0.093 |
| 3:50-4th |  | 100 | 93 | 0.901 | 0.099 |
| 3:36-4th |  | 100 | 93 | 0.929 | 0.071 |
| 3:32-4th |  | 100 | 93 | 0.938 | 0.062 |
| 3:20-4th |  | 100 | 93 | 0.942 | 0.058 |
| 3:13-4th |  | 100 | 93 | 0.922 | 0.078 |
| 3:10-4th |  | 100 | 93 | 0.916 | 0.084 |
| 2:56-4th |  | 100 | 93 | 0.95 | 0.05 |
| 2:42-4th |  | 101 | 93 | 0.953 | 0.047 |
| 2:30-4th |  | 101 | 93 | 0.974 | 0.026 |
| 2:12-4th |  | 101 | 93 | 0.963 | 0.037 |
| 2:08-4th |  | 101 | 93 | 0.975 | 0.025 |
| 2:05-4th |  | 101 | 93 | 0.979 | 0.021 |
| 1:48-4th |  | 103 | 93 | 0.99 | 0.01 |
| 1:34-4th |  | 103 | 93 | 0.973 | 0.027 |
| 1:21-4th |  | 103 | 95 | 0.985 | 0.015 |
| 1:03-4th |  | 105 | 95 | 0.994 | 0.006 |
| 55.3-4th |  | 105 | 95 | 0.998 | 0.002 |
| 51.3-4th |  | 105 | 95 | 0.999 | 0.001 |
| 40.1-4th |  | 105 | 95 | 0.997 | 0.003 |
| 32.5-4th |  | 105 | 95 | 0.999 | 0.001 |
| 30.3-4th |  | 105 | 95 | 0.999 | 0.001 |
| 8.5-4th |  | 105 | 95 | 0.999 | 0.001 |
| 0.0-4th |  | 105 | 95 | 1.0 | 0.0 |

Question

Which event most likely happened at the marked missing position?

Answer Choices

A. Player 12 (Team A) misses 8-foot two point shot
B. Player 5 (Team A) makes 17-foot pullup jump shot
C. Player 13 (Team A) makes 6-foot two point shot (Player 8 (Team A) assists)
D. Player 3 (Team A) makes 30-foot step back jumpshot

Response Format

Return exactly one JSON object:

{
  "answer": "<A|B|C|D>",
  "rationale": "<brief evidence-based justification in 1-3 sentences>",
  "evidence_event_ids": [],
  "evidence_series_times": []
}

Use only event IDs and time labels that are provided above and that support the answer. Use an empty array when the corresponding evidence type is unavailable or unused. Return only the JSON object.
