Task

Reconstruct the missing event in this basketball game. Use the available numerical time-series evidence around the marked row to select the most likely event.

Game

Team A versus Team B, season 22-23.

Time Series

| Game time | Marker | Team A score | Team B score | Team A win probability | Team B win probability |
| --- | --- | --- | --- | --- | --- |
| 12:00-1st |  | 0.0 | 0.0 | 0.33 | 0.67 |
| 11:41-1st |  | 0.0 | 2.0 | 0.305 | 0.695 |
| 11:28-1st |  | 0.0 | 2.0 | 0.286 | 0.714 |
| 11:25-1st |  | 0.0 | 4.0 | 0.268 | 0.732 |
| 11:01-1st |  | 0.0 | 4.0 | 0.267 | 0.733 |
| 10:54-1st |  | 3.0 | 4.0 | 0.309 | 0.691 |
| 10:35-1st |  | 3.0 | 6.0 | 0.289 | 0.711 |
| 10:34-1st |  | 3.0 | 6.0 | 0.289 | 0.711 |
| 10:25-1st |  | 3.0 | 6.0 | 0.273 | 0.727 |
| 10:23-1st |  | 3.0 | 6.0 | 0.267 | 0.733 |
| 10:20-1st |  | 3.0 | 6.0 | 0.284 | 0.716 |
| 10:17-1st |  | 3.0 | 6.0 | 0.29 | 0.71 |
| 10:08-1st |  | 3.0 | 6.0 | 0.273 | 0.727 |
| 10:04-1st |  | 3.0 | 6.0 | 0.268 | 0.732 |
| 9:44-1st |  | 3.0 | 6.0 | 0.285 | 0.715 |
| 9:43-1st |  | 3.0 | 6.0 | 0.291 | 0.709 |
| 9:18-1st |  | 3.0 | 6.0 | 0.275 | 0.725 |
| 9:16-1st |  | 3.0 | 6.0 | 0.269 | 0.731 |
| 9:11-1st |  | 3.0 | 6.0 | 0.271 | 0.729 |
| 8:58-1st |  | 3.0 | 6.0 | 0.286 | 0.714 |
| 8:55-1st |  | 3.0 | 6.0 | 0.292 | 0.708 |
| 8:53-1st |  | 3.0 | 6.0 | 0.271 | 0.729 |
| 8:43-1st |  | 3.0 | 8.0 | 0.251 | 0.749 |
| 8:28-1st |  | 3.0 | 8.0 | 0.237 | 0.763 |
| 8:25-1st |  | 3.0 | 8.0 | 0.232 | 0.768 |
| 8:14-1st |  | 3.0 | 10.0 | 0.214 | 0.786 |
| 7:59-1st |  | 3.0 | 10.0 | 0.201 | 0.799 |
| 7:57-1st |  | 3.0 | 10.0 | 0.197 | 0.803 |
| 7:50-1st |  | 3.0 | 10.0 | 0.215 | 0.785 |
| 7:42-1st |  | 3.0 | 10.0 | 0.215 | 0.785 |
| 7:26-1st |  | 3.0 | 10.0 | 0.201 | 0.799 |
| 7:23-1st |  | 3.0 | 10.0 | 0.196 | 0.804 |
| 7:12-1st |  | 3.0 | 10.0 | 0.211 | 0.789 |
| 7:09-1st |  | 3.0 | 10.0 | 0.196 | 0.804 |
| 7:08-1st |  | 3.0 | 12.0 | 0.181 | 0.819 |
| 6:52-1st |  | 3.0 | 12.0 | 0.165 | 0.835 |
| 6:47-1st |  | 3.0 | 12.0 | 0.177 | 0.823 |
| 6:42-1st |  | 3.0 | 12.0 | 0.177 | 0.823 |
| 6:41-1st |  | 3.0 | 12.0 | 0.177 | 0.823 |
| 6:39-1st |  | 3.0 | 12.0 | 0.165 | 0.835 |
| 6:38-1st |  | 3.0 | 12.0 | 0.177 | 0.823 |
| 6:35-1st |  | 3.0 | 12.0 | 0.181 | 0.819 |
| 6:31-1st |  | 6.0 | 12.0 | 0.216 | 0.784 |
| 6:11-1st |  | 6.0 | 14.0 | 0.198 | 0.802 |
| 6:07-1st |  | 6.0 | 14.0 | 0.181 | 0.819 |
| 5:58-1st |  | 6.0 | 17.0 | 0.149 | 0.851 |
| 5:37-1st |  | 6.0 | 17.0 | 0.138 | 0.862 |
| 5:34-1st |  | 6.0 | 17.0 | 0.135 | 0.865 |
| 5:30-1st |  | 6.0 | 19.0 | 0.122 | 0.878 |
| 5:10-1st |  | 8.0 | 19.0 | 0.135 | 0.865 |
| 4:52-1st |  | 8.0 | 19.0 | 0.145 | 0.855 |
| 4:49-1st |  | 8.0 | 19.0 | 0.134 | 0.866 |
| 4:47-1st |  | 8.0 | 19.0 | 0.145 | 0.855 |
| 4:46-1st |  | 8.0 | 19.0 | 0.149 | 0.851 |
| 4:42-1st |  | 8.0 | 19.0 | 0.134 | 0.866 |
| 4:35-1st |  | 8.0 | 19.0 | 0.149 | 0.851 |
| 4:32-1st |  | 8.0 | 19.0 | 0.134 | 0.866 |
| 4:31-1st |  | 8.0 | 19.0 | 0.134 | 0.866 |
| 4:10-1st |  | 8.0 | 21.0 | 0.122 | 0.878 |
| 3:50-1st |  | 8.0 | 21.0 | 0.112 | 0.888 |
| 3:48-1st |  | 8.0 | 21.0 | 0.109 | 0.891 |
| 3:35-1st |  | 8.0 | 22.0 | 0.109 | 0.891 |
| 3:24-1st |  | 10.0 | 22.0 | 0.121 | 0.879 |
| 3:14-1st |  | 10.0 | 22.0 | 0.134 | 0.866 |
| 3:11-1st |  | 10.0 | 22.0 | 0.121 | 0.879 |
| 3:07-1st |  | 10.0 | 22.0 | 0.134 | 0.866 |
| 3:01-1st |  | 13.0 | 22.0 | 0.165 | 0.835 |
| 2:52-1st |  | 13.0 | 26.0 | 0.122 | 0.878 |
| 2:42-1st |  | 15.0 | 26.0 | 0.135 | 0.865 |
| 2:24-1st |  | 15.0 | 28.0 | 0.121 | 0.879 |
| 1:58-1st |  | 15.0 | 28.0 | 0.112 | 0.888 |
| 1:56-1st |  | 15.0 | 28.0 | 0.109 | 0.891 |
| 1:51-1st |  | 15.0 | 31.0 | 0.086 | 0.914 |
| 1:36-1st |  | 16.0 | 31.0 | 0.084 | 0.916 |
| 1:33-1st |  | 16.0 | 31.0 | 0.084 | 0.916 |
| 1:20-1st |  | 16.0 | 33.0 | 0.076 | 0.924 |
| 1:10-1st |  | 16.0 | 33.0 | 0.065 | 0.935 |
| 1:07-1st |  | 16.0 | 33.0 | 0.076 | 0.924 |
| 1:04-1st |  | 16.0 | 33.0 | 0.065 | 0.935 |
| 1:00-1st |  | 16.0 | 35.0 | 0.058 | 0.942 |
| 47.6-1st |  | 16.0 | 35.0 | 0.052 | 0.948 |
| 44.4-1st |  | 16.0 | 35.0 | 0.05 | 0.95 |
| 31.8-1st |  | 16.0 | 35.0 | 0.055 | 0.945 |
| 26.3-1st |  | 16.0 | 35.0 | 0.057 | 0.943 |
| 21.5-1st |  | 17.0 | 35.0 | 0.055 | 0.945 |
| 0.3-1st |  | 17.0 | 35.0 | 0.065 | 0.935 |
| 0.1-1st |  | 17.0 | 35.0 | 0.058 | 0.942 |
| 0.0-1st |  | 17.0 | 35.0 | 0.062 | 0.938 |
| 12:00-2nd |  | 17.0 | 35.0 | 0.062 | 0.938 |
| 11:44-2nd |  | 19.0 | 35.0 | 0.074 | 0.926 |
| 11:26-2nd |  | 19.0 | 38.0 | 0.056 | 0.944 |
| 11:13-2nd |  | 19.0 | 38.0 | 0.05 | 0.95 |
| 11:10-2nd |  | 19.0 | 38.0 | 0.048 | 0.952 |
| 11:08-2nd |  | 19.0 | 41.0 | 0.031 | 0.969 |
| 10:59-2nd |  | 19.0 | 41.0 | 0.036 | 0.964 |
| 10:38-2nd |  | 19.0 | 41.0 | 0.03 | 0.97 |
| 10:34-2nd |  | 19.0 | 41.0 | 0.034 | 0.966 |
| 10:29-2nd |  | 19.0 | 41.0 | 0.036 | 0.964 |
| 10:26-2nd |  | 20.0 | 41.0 | 0.036 | 0.964 |
| 10:19-2nd |  | 20.0 | 41.0 | 0.04 | 0.96 |
| 10:17-2nd |  | 20.0 | 41.0 | 0.042 | 0.958 |
| 10:08-2nd |  | 22.0 | 41.0 | 0.047 | 0.953 |
| 9:47-2nd |  | 22.0 | 44.0 | 0.036 | 0.964 |
| 9:28-2nd |  | 24.0 | 44.0 | 0.04 | 0.96 |
| 9:13-2nd |  | 24.0 | 44.0 | 0.047 | 0.953 |
| 9:06-2nd |  | 24.0 | 44.0 | 0.041 | 0.959 |
| 9:04-2nd |  | 24.0 | 44.0 | 0.04 | 0.96 |
| 8:47-2nd |  | 24.0 | 44.0 | 0.046 | 0.954 |
| 8:46-2nd |  | 24.0 | 44.0 | 0.047 | 0.953 |
| 8:44-2nd |  | 24.0 | 44.0 | 0.058 | 0.942 |
| 8:40-2nd |  | 24.0 | 44.0 | 0.041 | 0.959 |
| 8:39-2nd |  | 24.0 | 44.0 | 0.039 | 0.961 |
| 8:16-2nd |  | 24.0 | 47.0 | 0.03 | 0.97 |
| 8:02-2nd |  | 27.0 | 47.0 | 0.039 | 0.961 |
| 7:53-2nd |  | 27.0 | 47.0 | 0.044 | 0.956 |
| 7:49-2nd |  | 27.0 | 47.0 | 0.038 | 0.962 |
| 7:46-2nd |  | 27.0 | 49.0 | 0.033 | 0.967 |
| 7:38-2nd |  | 30.0 | 49.0 | 0.044 | 0.956 |
| 7:27-2nd |  | 30.0 | 49.0 | 0.051 | 0.949 |
| 7:04-2nd |  | 33.0 | 49.0 | 0.067 | 0.933 |
| 6:45-2nd |  | 33.0 | 51.0 | 0.058 | 0.942 |
| 6:29-2nd |  | 35.0 | 51.0 | 0.066 | 0.934 |
| 6:20-2nd |  | 35.0 | 51.0 | 0.076 | 0.924 |
| 6:18-2nd |  | 37.0 | 51.0 | 0.086 | 0.914 |
| 6:04-2nd |  | 37.0 | 51.0 | 0.096 | 0.904 |
| 6:01-2nd |  | 37.0 | 51.0 | 0.099 | 0.901 |
| 5:58-2nd |  | 40.0 | 51.0 | 0.126 | 0.874 |
| 5:57-2nd |  | 40.0 | 51.0 | 0.126 | 0.874 |
| 5:43-2nd |  | 40.0 | 51.0 | 0.138 | 0.862 |
| 5:42-2nd |  | 40.0 | 51.0 | 0.125 | 0.875 |
| 5:33-2nd |  | 40.0 | 51.0 | 0.138 | 0.862 |
| 5:31-2nd |  | 40.0 | 51.0 | 0.143 | 0.857 |
| 5:26-2nd |  | 40.0 | 51.0 | 0.129 | 0.871 |
| 5:22-2nd |  | 40.0 | 51.0 | 0.125 | 0.875 |
| 5:11-2nd |  | 40.0 | 53.0 | 0.111 | 0.889 |
| 4:57-2nd |  | 42.0 | 53.0 | 0.124 | 0.876 |
| 4:47-2nd |  | 42.0 | 53.0 | 0.137 | 0.863 |
| 4:45-2nd |  | 42.0 | 53.0 | 0.124 | 0.876 |
| 4:43-2nd |  | 42.0 | 53.0 | 0.142 | 0.858 |
| 4:24-2nd |  | 44.0 | 53.0 | 0.159 | 0.841 |
| 4:14-2nd |  | 44.0 | 53.0 | 0.173 | 0.827 |
| 4:12-2nd |  | 44.0 | 53.0 | 0.178 | 0.822 |
| 4:00-2nd |  | 46.0 | 53.0 | 0.198 | 0.802 |
| 3:46-2nd |  | 46.0 | 53.0 | 0.216 | 0.784 |
| 3:45-2nd |  | 46.0 | 54.0 | 0.199 | 0.801 |
| 3:36-2nd |  | 48.0 | 54.0 | 0.224 | 0.776 |
| 3:17-2nd |  | 48.0 | 57.0 | 0.176 | 0.824 |
| 3:06-2nd |  | 51.0 | 57.0 | 0.223 | 0.777 |
| 2:51-2nd |  | 51.0 | 59.0 | 0.197 | 0.803 |
| 2:41-2nd |  | 51.0 | 59.0 | 0.178 | 0.822 |
| 2:37-2nd |  | 51.0 | 61.0 | 0.156 | 0.844 |
| 2:24-2nd |  | 51.0 | 61.0 | 0.138 | 0.862 |
| 2:18-2nd |  | 51.0 | 61.0 | 0.151 | 0.849 |
| 2:15-2nd |  | 51.0 | 61.0 | 0.155 | 0.845 |
| 2:08-2nd |  | 51.0 | 61.0 | 0.142 | 0.858 |
| 2:04-2nd |  | 51.0 | 61.0 | 0.137 | 0.863 |
| 1:54-2nd |  | 51.0 | 61.0 | 0.15 | 0.85 |
| 1:52-2nd |  | 51.0 | 61.0 | 0.155 | 0.845 |
| 1:48-2nd |  | 54.0 | 61.0 | 0.195 | 0.805 |
| 1:21-2nd |  | 54.0 | 61.0 | 0.221 | 0.779 |
| 1:15-2nd |  | 57.0 | 61.0 | 0.272 | 0.728 |
| 59.9-2nd |  | 57.0 | 61.0 | 0.306 | 0.694 |
| 51.2-2nd |  | 58.0 | 61.0 | 0.299 | 0.701 |
| 49.9-2nd |  | 58.0 | 61.0 | 0.299 | 0.701 |
| 35.8-2nd |  | 59.0 | 63.0 | 0.307 | 0.693 |
| 29.6-2nd |  | 59.0 | 63.0 | 0.281 | 0.719 |
| 25.1-2nd |  | 59.0 | 63.0 | 0.273 | 0.727 |
| 10.6-2nd |  | 59.0 | 63.0 | 0.297 | 0.703 |
| 8.1-2nd |  | 59.0 | 63.0 | 0.305 | 0.695 |
| 3.2-2nd |  | 61.0 | 63.0 | 0.334 | 0.666 |
| 0.0-2nd |  | 61.0 | 63.0 | 0.349 | 0.651 |
| 12:00-3rd |  | 61.0 | 63.0 | 0.349 | 0.651 |
| 11:37-3rd |  | 61.0 | 63.0 | 0.342 | 0.658 |
| 11:34-3rd |  | 61.0 | 63.0 | 0.365 | 0.635 |
| 11:33-3rd |  | 63.0 | 63.0 | 0.399 | 0.601 |
| 11:19-3rd |  | 63.0 | 63.0 | 0.44 | 0.56 |
| 11:08-3rd |  | 65.0 | 63.0 | 0.476 | 0.524 |
| 10:53-3rd |  | 65.0 | 65.0 | 0.442 | 0.558 |
| 10:45-3rd |  | 65.0 | 65.0 | 0.411 | 0.589 |
| 10:43-3rd |  | 65.0 | 65.0 | 0.401 | 0.599 |
| 10:36-3rd |  | 65.0 | 65.0 | 0.433 | 0.567 |
| 10:33-3rd |  | 65.0 | 65.0 | 0.443 | 0.557 |
| 10:22-3rd |  | 65.0 | 65.0 | 0.402 | 0.598 |
| 10:19-3rd |  | 65.0 | 65.0 | 0.444 | 0.556 |
| 10:15-3rd |  | 65.0 | 65.0 | 0.413 | 0.587 |
| 10:12-3rd |  | 65.0 | 65.0 | 0.403 | 0.597 |
| 10:03-3rd |  | 65.0 | 65.0 | 0.435 | 0.565 |
| 9:58-3rd |  | 65.0 | 65.0 | 0.435 | 0.565 |
| 9:57-3rd |  | 65.0 | 65.0 | 0.446 | 0.554 |
| 9:55-3rd |  | 65.0 | 65.0 | 0.442 | 0.558 |
| 9:45-3rd |  | 67.0 | 65.0 | 0.48 | 0.52 |
| 9:19-3rd |  | 67.0 | 65.0 | 0.511 | 0.489 |
| 9:16-3rd |  | 67.0 | 67.0 | 0.446 | 0.554 |
| 9:10-3rd |  | 69.0 | 67.0 | 0.482 | 0.518 |
| 8:57-3rd |  | 69.0 | 67.0 | 0.513 | 0.487 |
| 8:55-3rd |  | 69.0 | 67.0 | 0.523 | 0.477 |
| 8:53-3rd |  | 72.0 | 67.0 | 0.598 | 0.402 |
| 8:51-3rd |  | 71.0 | 67.0 | 0.561 | 0.439 |
| 8:35-3rd |  | 72.0 | 67.0 | 0.639 | 0.361 |
| 8:29-3rd |  | 75.0 | 67.0 | 0.71 | 0.29 |
| 8:10-3rd |  | 75.0 | 70.0 | 0.642 | 0.358 |
| 7:59-3rd |  | 75.0 | 70.0 | 0.642 | 0.358 |
| 7:50-3rd |  | 78.0 | 70.0 | 0.716 | 0.284 |
| 7:26-3rd |  | 78.0 | 72.0 | 0.684 | 0.316 |
| 7:09-3rd |  | 80.0 | 72.0 | 0.723 | 0.277 |
| 6:55-3rd |  | 80.0 | 72.0 | 0.76 | 0.24 |
| 6:46-3rd |  | 80.0 | 72.0 | 0.736 | 0.264 |
| 6:44-3rd |  | 80.0 | 72.0 | 0.727 | 0.273 |
| 6:40-3rd |  | 80.0 | 72.0 | 0.762 | 0.238 |
| 6:28-3rd |  | 80.0 | 72.0 | 0.739 | 0.261 |
| 6:27-3rd |  | 80.0 | 72.0 | 0.765 | 0.235 |
| 6:24-3rd |  | 80.0 | 72.0 | 0.739 | 0.261 |
| 6:21-3rd |  | 80.0 | 72.0 | 0.731 | 0.269 |
| 6:14-3rd |  | 80.0 | 74.0 | 0.696 | 0.304 |
| 5:46-3rd |  | 80.0 | 74.0 | 0.671 | 0.329 |
| 5:43-3rd |  | 80.0 | 74.0 | 0.662 | 0.338 |
| 5:30-3rd |  | 80.0 | 76.0 | 0.627 | 0.373 |
| 5:14-3rd |  | 80.0 | 76.0 | 0.598 | 0.402 |
| 5:11-3rd |  | 80.0 | 76.0 | 0.588 | 0.412 |
| 5:02-3rd |  | 80.0 | 76.0 | 0.621 | 0.379 |
| 5:00-3rd |  | 80.0 | 76.0 | 0.589 | 0.411 |
| 4:58-3rd |  | 80.0 | 76.0 | 0.632 | 0.368 |
| 4:54-3rd |  | 80.0 | 76.0 | 0.631 | 0.369 |
| 4:48-3rd |  | 80.0 | 76.0 | 0.59 | 0.41 |
| 4:42-3rd |  | 80.0 | 76.0 | 0.623 | 0.377 |
| 4:40-3rd |  | 80.0 | 76.0 | 0.634 | 0.366 |
| 4:36-3rd |  | 82.0 | 76.0 | 0.671 | 0.329 |
| 4:26-3rd |  | 82.0 | 76.0 | 0.671 | 0.329 |
| 4:22-3rd |  | 82.0 | 76.0 | 0.673 | 0.327 |
| 4:12-3rd |  | 82.0 | 76.0 | 0.717 | 0.283 |
| 4:07-3rd |  | 82.0 | 76.0 | 0.675 | 0.325 |
| 4:02-3rd |  | 82.0 | 78.0 | 0.639 | 0.361 |
| 3:49-3rd |  | 82.0 | 78.0 | 0.597 | 0.403 |
| 3:43-3rd |  | 82.0 | 78.0 | 0.631 | 0.369 |
| 3:39-3rd |  | 82.0 | 80.0 | 0.556 | 0.444 |
| 3:24-3rd |  | 85.0 | 80.0 | 0.642 | 0.358 |
| 3:07-3rd |  | 85.0 | 81.0 | 0.603 | 0.397 |
| 2:58-3rd |  | 85.0 | 81.0 | 0.639 | 0.361 |
| 2:55-3rd |  | 85.0 | 81.0 | 0.651 | 0.349 |
| 2:49-3rd |  | 88.0 | 81.0 | 0.732 | 0.268 |
| 2:29-3rd |  | 88.0 | 81.0 | 0.765 | 0.235 |
| 2:28-3rd |  | 88.0 | 81.0 | 0.736 | 0.264 |
| 2:25-3rd |  | 88.0 | 83.0 | 0.696 | 0.304 |
| 2:18-3rd |  | 90.0 | 83.0 | 0.738 | 0.262 |
| 2:00-3rd |  | 90.0 | 85.0 | 0.701 | 0.299 |
| 1:46-3rd |  | 90.0 | 85.0 | 0.659 | 0.341 |
| 1:41-3rd |  | 90.0 | 85.0 | 0.704 | 0.296 |
| 1:34-3rd |  | 90.0 | 85.0 | 0.672 | 0.328 |
| 1:30-3rd |  | 90.0 | 85.0 | 0.661 | 0.339 |
| 1:18-3rd |  | 90.0 | 86.0 | 0.618 | 0.382 |
| 1:09-3rd |  | 90.0 | 88.0 | 0.573 | 0.427 |
| 49.9-3rd |  | 90.0 | 88.0 | 0.542 | 0.458 |
| 47.7-3rd |  | 90.0 | 88.0 | 0.531 | 0.469 |
| 36.1-3rd |  | 90.0 | 88.0 | 0.566 | 0.434 |
| 33.1-3rd |  | 90.0 | 88.0 | 0.577 | 0.423 |
| 14.3-3rd |  | 90.0 | 88.0 | 0.544 | 0.456 |
| 11.7-3rd |  | 90.0 | 88.0 | 0.532 | 0.468 |
| 0.0-3rd |  | 90.0 | 90.0 | 0.478 | 0.522 |
| 12:00-4th |  | 90.0 | 90.0 | 0.478 | 0.522 |
| 11:46-4th |  | 90.0 | 92.0 | 0.383 | 0.617 |
| 11:29-4th |  | 90.0 | 92.0 | 0.35 | 0.65 |
| 11:27-4th |  | 90.0 | 92.0 | 0.339 | 0.661 |
| 11:15-4th |  | 90.0 | 94.0 | 0.295 | 0.705 |
| 10:59-4th |  | 90.0 | 94.0 | 0.245 | 0.755 |
| 10:51-4th |  | 90.0 | 94.0 | 0.293 | 0.707 |
| 10:34-4th |  | 90.0 | 94.0 | 0.255 | 0.745 |
| 10:31-4th |  | 90.0 | 94.0 | 0.243 | 0.757 |
| 10:22-4th |  | 90.0 | 94.0 | 0.279 | 0.721 |
| 10:19-4th |  | 90.0 | 94.0 | 0.242 | 0.758 |
| 10:11-4th |  | 90.0 | 94.0 | 0.29 | 0.71 |
| 9:50-4th |  | 92.0 | 94.0 | 0.334 | 0.666 |
| 9:35-4th |  | 92.0 | 94.0 | 0.384 | 0.616 |
| 9:20-4th |  | 94.0 | 94.0 | 0.442 | 0.558 |
| 9:03-4th |  | 94.0 | 96.0 | 0.384 | 0.616 |
| 8:45-4th |  | 94.0 | 96.0 | 0.345 | 0.655 |
| 8:44-4th |  | 94.0 | 96.0 | 0.345 | 0.655 |
| 8:43-4th |  | 94.0 | 96.0 | 0.385 | 0.615 |
| 8:37-4th |  | 94.0 | 96.0 | 0.344 | 0.656 |
| 8:35-4th |  | 94.0 | 96.0 | 0.331 | 0.669 |
| 8:30-4th |  | 94.0 | 96.0 | 0.319 | 0.681 |
| 8:24-4th |  | 94.0 | 96.0 | 0.368 | 0.632 |
| 8:19-4th |  | 94.0 | 96.0 | 0.382 | 0.618 |
| 8:15-4th |  | 94.0 | 96.0 | 0.339 | 0.661 |
| 8:12-4th |  | 94.0 | 96.0 | 0.324 | 0.676 |
| 7:58-4th |  | 94.0 | 98.0 | 0.277 | 0.723 |
| 7:37-4th |  | 94.0 | 98.0 | 0.236 | 0.764 |
| 7:36-4th |  | 94.0 | 98.0 | 0.223 | 0.777 |
| 7:30-4th |  | 94.0 | 100.0 | 0.177 | 0.823 |
| 7:09-4th |  | 96.0 | 100.0 | 0.212 | 0.788 |
| 6:45-4th |  | 96.0 | 103.0 | 0.129 | 0.871 |
| 6:25-4th |  | 96.0 | 103.0 | 0.093 | 0.907 |
| 6:14-4th |  | 96.0 | 103.0 | 0.091 | 0.909 |
| 6:01-4th |  | 96.0 | 105.0 | 0.067 | 0.933 |
| 5:50-4th |  | 99.0 | 105.0 | 0.118 | 0.882 |
| 5:34-4th |  | 99.0 | 105.0 | 0.153 | 0.847 |
| 5:27-4th |  | 99.0 | 105.0 | 0.123 | 0.877 |
| 5:26-4th |  | 99.0 | 105.0 | 0.113 | 0.887 |
| 5:14-4th |  | 99.0 | 105.0 | 0.14 | 0.86 |
| 5:11-4th |  | 99.0 | 105.0 | 0.148 | 0.852 |
| 5:02-4th |  | 102.0 | 105.0 | 0.24 | 0.76 |
| 4:41-4th |  | 102.0 | 108.0 | 0.142 | 0.858 |
| 4:29-4th |  | 104.0 | 108.0 | 0.184 | 0.816 |
| 4:07-4th |  | 104.0 | 108.0 | 0.222 | 0.778 |
| 4:04-4th |  | 104.0 | 108.0 | 0.236 | 0.764 |
| 3:54-4th |  | 104.0 | 108.0 | 0.177 | 0.823 |
| 3:41-4th |  | 104.0 | 108.0 | 0.215 | 0.785 |
| 3:39-4th |  | 104.0 | 108.0 | 0.198 | 0.802 |
| 3:38-4th |  | 104.0 | 108.0 | 0.155 | 0.845 |
| 3:36-4th |  | 104.0 | 108.0 | 0.228 | 0.772 |
| 3:28-4th |  | 104.0 | 108.0 | 0.182 | 0.818 |
| 3:22-4th |  | 104.0 | 108.0 | 0.165 | 0.835 |
| 3:03-4th |  | 104.0 | 111.0 | 0.078 | 0.922 |
| 2:47-4th |  | 107.0 | 111.0 | 0.15 | 0.85 |
| 2:27-4th |  | 107.0 | 111.0 | 0.187 | 0.813 |
| 2:23-4th |  | 107.0 | 111.0 | 0.201 | 0.799 |
| 2:01-4th |  | 109.0 | 111.0 | 0.26 | 0.74 |
| 1:44-4th |  | 109.0 | 113.0 | 0.17 | 0.83 |
| 1:33-4th |  | 109.0 | 113.0 | 0.121 | 0.879 |
| 1:28-4th |  | 109.0 | 113.0 | 0.163 | 0.837 |
| 1:27-4th |  | 112.0 | 113.0 | 0.324 | 0.676 |
| 1:02-4th |  | 112.0 | 115.0 | 0.217 | 0.783 |
| 50.5-4th | TARGET | 115.0 | 115.0 | 0.421 | 0.579 |
| 32.8-4th |  | 115.0 | 117.0 | 0.277 | 0.723 |
| 11.4-4th |  | 115.0 | 117.0 | 0.189 | 0.811 |
| 9.0-4th |  | 115.0 | 119.0 | 0.073 | 0.927 |
| 8.1-4th |  | 115.0 | 119.0 | 0.026 | 0.974 |
| 3.2-4th |  | 115.0 | 121.0 | 0.008 | 0.992 |
| 0.0-4th |  | 115.0 | 121.0 | 0.0 | 1.0 |

Question

Which event most likely happened at the marked missing position?

Answer Choices

A. Player 3 (Team A) makes three point jumper (Player 2 (Team A) assists)
B. Kenneth Lofton Jr. makes 16-foot step back jumpshot
C. Player 7 (Team B) blocks Player 13 (Team B) 's 4-foot driving layup
D. Player 15 (Team B) makes 6-foot hook shot

Response Format

Return exactly one JSON object:

{
  "answer": "<A|B|C|D>",
  "rationale": "<brief evidence-based justification in 1-3 sentences>",
  "evidence_event_ids": [],
  "evidence_series_times": []
}

Use only event IDs and time labels that are provided above and that support the answer. Use an empty array when the corresponding evidence type is unavailable or unused. Return only the JSON object.
