Task

Reconstruct the missing event in this basketball game. Use the available numerical time-series evidence around the marked row to select the most likely event.

Game

Team A versus Team B, season 22-23.

Time Series

| Game time | Marker | Team A score | Team B score | Team A win probability | Team B win probability |
| --- | --- | --- | --- | --- | --- |
| 12:00-1st |  | 0 | 0 | 0.09 | 0.91 |
| 11:44-1st |  | 0 | 0 | 0.098 | 0.902 |
| 11:30-1st |  | 0 | 0 | 0.093 | 0.907 |
| 11:28-1st |  | 0 | 0 | 0.092 | 0.908 |
| 11:18-1st |  | 0 | 0 | 0.098 | 0.902 |
| 11:15-1st |  | 0 | 0 | 0.1 | 0.9 |
| 11:00-1st |  | 0 | 0 | 0.095 | 0.905 |
| 10:57-1st |  | 0 | 0 | 0.101 | 0.899 |
| 10:51-1st |  | 0 | 0 | 0.096 | 0.904 |
| 10:48-1st |  | 0 | 0 | 0.095 | 0.905 |
| 10:37-1st |  | 0 | 2 | 0.086 | 0.914 |
| 10:17-1st |  | 3 | 2 | 0.105 | 0.895 |
| 10:02-1st |  | 3 | 2 | 0.115 | 0.885 |
| 10:00-1st |  | 3 | 2 | 0.118 | 0.882 |
| 9:51-1st |  | 5 | 2 | 0.128 | 0.872 |
| 9:39-1st |  | 5 | 4 | 0.118 | 0.882 |
| 9:22-1st |  | 5 | 4 | 0.112 | 0.888 |
| 9:21-1st |  | 5 | 4 | 0.109 | 0.891 |
| 9:16-1st |  | 5 | 6 | 0.1 | 0.9 |
| 9:02-1st |  | 8 | 6 | 0.121 | 0.879 |
| 8:48-1st |  | 8 | 8 | 0.112 | 0.888 |
| 8:33-1st |  | 8 | 8 | 0.106 | 0.894 |
| 8:31-1st |  | 8 | 8 | 0.104 | 0.896 |
| 8:26-1st |  | 8 | 8 | 0.111 | 0.889 |
| 8:17-1st |  | 8 | 8 | 0.105 | 0.895 |
| 8:13-1st |  | 8 | 10 | 0.096 | 0.904 |
| 8:12-1st |  | 8 | 10 | 0.096 | 0.904 |
| 7:51-1st |  | 10 | 10 | 0.107 | 0.893 |
| 7:35-1st |  | 10 | 13 | 0.088 | 0.912 |
| 7:21-1st |  | 10 | 13 | 0.083 | 0.917 |
| 7:20-1st |  | 10 | 13 | 0.082 | 0.918 |
| 7:04-1st |  | 10 | 13 | 0.088 | 0.912 |
| 7:00-1st |  | 10 | 13 | 0.091 | 0.909 |
| 6:58-1st |  | 13 | 13 | 0.11 | 0.89 |
| 6:56-1st |  | 13 | 13 | 0.11 | 0.89 |
| 6:41-1st |  | 13 | 13 | 0.12 | 0.88 |
| 6:38-1st |  | 13 | 13 | 0.123 | 0.877 |
| 6:32-1st |  | 13 | 13 | 0.115 | 0.885 |
| 6:30-1st |  | 13 | 13 | 0.112 | 0.888 |
| 6:25-1st |  | 13 | 16 | 0.093 | 0.907 |
| 6:12-1st |  | 15 | 16 | 0.103 | 0.897 |
| 5:59-1st |  | 15 | 18 | 0.094 | 0.906 |
| 5:41-1st |  | 15 | 18 | 0.089 | 0.911 |
| 5:40-1st |  | 15 | 18 | 0.087 | 0.913 |
| 5:25-1st |  | 15 | 18 | 0.096 | 0.904 |
| 5:21-1st |  | 17 | 18 | 0.107 | 0.893 |
| 5:11-1st |  | 17 | 18 | 0.116 | 0.884 |
| 5:03-1st |  | 19 | 18 | 0.13 | 0.87 |
| 4:44-1st |  | 19 | 21 | 0.11 | 0.89 |
| 4:31-1st |  | 19 | 21 | 0.1 | 0.9 |
| 4:26-1st |  | 19 | 23 | 0.091 | 0.909 |
| 4:06-1st |  | 19 | 23 | 0.085 | 0.915 |
| 4:05-1st |  | 19 | 23 | 0.083 | 0.917 |
| 3:54-1st |  | 19 | 25 | 0.076 | 0.924 |
| 3:34-1st |  | 21 | 25 | 0.085 | 0.915 |
| 3:19-1st |  | 21 | 25 | 0.093 | 0.907 |
| 3:10-1st |  | 21 | 25 | 0.089 | 0.911 |
| 3:06-1st |  | 21 | 25 | 0.086 | 0.914 |
| 3:00-1st |  | 21 | 27 | 0.079 | 0.921 |
| 2:34-1st |  | 21 | 27 | 0.074 | 0.926 |
| 2:32-1st |  | 21 | 27 | 0.072 | 0.928 |
| 2:25-1st |  | 21 | 27 | 0.078 | 0.922 |
| 2:23-1st |  | 21 | 27 | 0.08 | 0.92 |
| 2:18-1st |  | 21 | 27 | 0.075 | 0.925 |
| 2:16-1st |  | 21 | 27 | 0.073 | 0.927 |
| 2:04-1st |  | 21 | 27 | 0.079 | 0.921 |
| 1:54-1st |  | 23 | 27 | 0.091 | 0.909 |
| 1:38-1st |  | 23 | 27 | 0.101 | 0.899 |
| 1:34-1st |  | 23 | 27 | 0.092 | 0.908 |
| 1:31-1st |  | 23 | 29 | 0.083 | 0.917 |
| 1:13-1st |  | 25 | 29 | 0.093 | 0.907 |
| 59.2-1st |  | 25 | 31 | 0.085 | 0.915 |
| 44.1-1st |  | 25 | 31 | 0.079 | 0.921 |
| 42.0-1st |  | 25 | 31 | 0.077 | 0.923 |
| 33.1-1st |  | 25 | 34 | 0.062 | 0.938 |
| 14.2-1st |  | 26 | 34 | 0.062 | 0.938 |
| 13.0-1st |  | 26 | 34 | 0.062 | 0.938 |
| 0.1-1st |  | 26 | 34 | 0.061 | 0.939 |
| 0.0-1st |  | 26 | 34 | 0.066 | 0.934 |
| 12:00-2nd |  | 26 | 34 | 0.066 | 0.934 |
| 11:39-2nd |  | 29 | 34 | 0.087 | 0.913 |
| 11:20-2nd |  | 29 | 37 | 0.072 | 0.928 |
| 11:10-2nd |  | 32 | 37 | 0.089 | 0.911 |
| 10:55-2nd |  | 32 | 39 | 0.081 | 0.919 |
| 10:45-2nd |  | 32 | 39 | 0.075 | 0.925 |
| 10:43-2nd |  | 32 | 39 | 0.073 | 0.927 |
| 10:30-2nd |  | 32 | 39 | 0.08 | 0.92 |
| 10:25-2nd |  | 32 | 39 | 0.082 | 0.918 |
| 10:19-2nd |  | 32 | 39 | 0.076 | 0.924 |
| 10:14-2nd |  | 32 | 39 | 0.074 | 0.926 |
| 10:10-2nd |  | 32 | 41 | 0.066 | 0.934 |
| 9:58-2nd |  | 35 | 41 | 0.084 | 0.916 |
| 9:44-2nd |  | 35 | 44 | 0.067 | 0.933 |
| 9:28-2nd |  | 38 | 44 | 0.085 | 0.915 |
| 9:13-2nd |  | 38 | 46 | 0.076 | 0.924 |
| 8:58-2nd |  | 38 | 46 | 0.07 | 0.93 |
| 8:55-2nd |  | 38 | 46 | 0.068 | 0.932 |
| 8:48-2nd |  | 38 | 49 | 0.054 | 0.946 |
| 8:28-2nd |  | 38 | 49 | 0.048 | 0.952 |
| 8:20-2nd |  | 38 | 49 | 0.055 | 0.945 |
| 8:18-2nd |  | 38 | 49 | 0.055 | 0.945 |
| 8:07-2nd |  | 38 | 49 | 0.051 | 0.949 |
| 8:03-2nd |  | 40 | 49 | 0.063 | 0.937 |
| 7:43-2nd |  | 40 | 51 | 0.055 | 0.945 |
| 7:29-2nd |  | 40 | 51 | 0.056 | 0.944 |
| 7:22-2nd |  | 42 | 51 | 0.063 | 0.937 |
| 7:13-2nd |  | 42 | 51 | 0.064 | 0.936 |
| 7:05-2nd |  | 42 | 51 | 0.071 | 0.929 |
| 7:01-2nd |  | 42 | 51 | 0.073 | 0.927 |
| 6:49-2nd |  | 44 | 51 | 0.082 | 0.918 |
| 6:33-2nd |  | 44 | 53 | 0.074 | 0.926 |
| 6:21-2nd |  | 44 | 53 | 0.065 | 0.935 |
| 6:02-2nd |  | 44 | 53 | 0.073 | 0.927 |
| 6:00-2nd |  | 44 | 53 | 0.075 | 0.925 |
| 5:56-2nd |  | 44 | 53 | 0.065 | 0.935 |
| 5:39-2nd |  | 44 | 53 | 0.074 | 0.926 |
| 5:29-2nd |  | 46 | 53 | 0.085 | 0.915 |
| 5:13-2nd |  | 46 | 55 | 0.077 | 0.923 |
| 5:02-2nd |  | 46 | 55 | 0.07 | 0.93 |
| 5:01-2nd |  | 46 | 57 | 0.059 | 0.941 |
| 4:50-2nd |  | 48 | 57 | 0.068 | 0.932 |
| 4:36-2nd |  | 48 | 57 | 0.078 | 0.922 |
| 4:28-2nd |  | 50 | 57 | 0.088 | 0.912 |
| 4:12-2nd |  | 50 | 57 | 0.1 | 0.9 |
| 3:56-2nd |  | 50 | 57 | 0.092 | 0.908 |
| 3:53-2nd |  | 50 | 57 | 0.101 | 0.899 |
| 3:48-2nd |  | 53 | 57 | 0.129 | 0.871 |
| 3:36-2nd |  | 53 | 59 | 0.116 | 0.884 |
| 3:34-2nd |  | 53 | 59 | 0.116 | 0.884 |
| 3:21-2nd |  | 53 | 59 | 0.106 | 0.894 |
| 3:19-2nd |  | 53 | 59 | 0.103 | 0.897 |
| 3:06-2nd |  | 53 | 59 | 0.114 | 0.886 |
| 3:04-2nd |  | 53 | 59 | 0.104 | 0.896 |
| 2:58-2nd |  | 53 | 61 | 0.092 | 0.908 |
| 2:44-2nd |  | 55 | 61 | 0.105 | 0.895 |
| 2:34-2nd |  | 55 | 64 | 0.081 | 0.919 |
| 2:25-2nd |  | 55 | 64 | 0.074 | 0.926 |
| 2:23-2nd |  | 55 | 64 | 0.071 | 0.929 |
| 2:08-2nd |  | 55 | 66 | 0.063 | 0.937 |
| 1:47-2nd |  | 55 | 66 | 0.056 | 0.944 |
| 1:44-2nd |  | 55 | 66 | 0.054 | 0.946 |
| 1:33-2nd |  | 55 | 66 | 0.061 | 0.939 |
| 1:31-2nd |  | 55 | 66 | 0.063 | 0.937 |
| 1:26-2nd |  | 58 | 66 | 0.084 | 0.916 |
| 1:05-2nd |  | 58 | 69 | 0.064 | 0.936 |
| 41.1-2nd |  | 60 | 69 | 0.074 | 0.926 |
| 32.2-2nd |  | 60 | 72 | 0.054 | 0.946 |
| 13.1-2nd |  | 63 | 72 | 0.073 | 0.927 |
| 0.1-2nd |  | 63 | 74 | 0.065 | 0.935 |
| 0.0-2nd |  | 63 | 74 | 0.06 | 0.94 |
| 12:00-3rd |  | 63 | 74 | 0.06 | 0.94 |
| 11:43-3rd |  | 63 | 74 | 0.055 | 0.945 |
| 11:21-3rd |  | 63 | 77 | 0.041 | 0.959 |
| 11:11-3rd |  | 64 | 77 | 0.04 | 0.96 |
| 10:56-3rd |  | 64 | 79 | 0.034 | 0.966 |
| 10:41-3rd |  | 66 | 79 | 0.04 | 0.96 |
| 10:19-3rd |  | 66 | 79 | 0.04 | 0.96 |
| 10:04-3rd |  | 66 | 79 | 0.045 | 0.955 |
| 10:01-3rd |  | 66 | 79 | 0.047 | 0.953 |
| 9:48-3rd |  | 66 | 79 | 0.039 | 0.961 |
| 9:44-3rd |  | 66 | 79 | 0.045 | 0.955 |
| 9:41-3rd |  | 66 | 79 | 0.047 | 0.953 |
| 9:34-3rd |  | 66 | 79 | 0.047 | 0.953 |
| 9:23-3rd |  | 68 | 79 | 0.055 | 0.945 |
| 9:09-3rd |  | 68 | 80 | 0.055 | 0.945 |
| 8:50-3rd |  | 68 | 80 | 0.047 | 0.953 |
| 8:42-3rd |  | 68 | 82 | 0.039 | 0.961 |
| 8:30-3rd |  | 68 | 82 | 0.033 | 0.967 |
| 8:18-3rd |  | 68 | 84 | 0.027 | 0.973 |
| 8:01-3rd |  | 70 | 84 | 0.033 | 0.967 |
| 7:39-3rd |  | 70 | 84 | 0.037 | 0.963 |
| 7:37-3rd |  | 70 | 84 | 0.038 | 0.962 |
| 7:31-3rd |  | 70 | 84 | 0.034 | 0.966 |
| 7:28-3rd |  | 70 | 84 | 0.032 | 0.968 |
| 7:20-3rd |  | 70 | 84 | 0.038 | 0.962 |
| 7:17-3rd |  | 70 | 84 | 0.032 | 0.968 |
| 6:50-3rd |  | 70 | 84 | 0.036 | 0.964 |
| 6:49-3rd |  | 70 | 84 | 0.037 | 0.963 |
| 6:47-3rd |  | 70 | 84 | 0.038 | 0.962 |
| 6:43-3rd |  | 72 | 84 | 0.046 | 0.954 |
| 6:30-3rd |  | 72 | 85 | 0.046 | 0.954 |
| 6:27-3rd |  | 72 | 85 | 0.046 | 0.954 |
| 6:10-3rd |  | 75 | 85 | 0.065 | 0.935 |
| 5:52-3rd |  | 75 | 88 | 0.045 | 0.955 |
| 5:32-3rd |  | 75 | 88 | 0.037 | 0.963 |
| 5:20-3rd |  | 75 | 88 | 0.042 | 0.958 |
| 5:17-3rd |  | 75 | 88 | 0.044 | 0.956 |
| 5:05-3rd |  | 76 | 88 | 0.044 | 0.956 |
| 5:03-3rd |  | 76 | 88 | 0.044 | 0.956 |
| 4:49-3rd |  | 76 | 88 | 0.051 | 0.949 |
| 4:47-3rd |  | 76 | 88 | 0.053 | 0.947 |
| 4:43-3rd |  | 76 | 88 | 0.046 | 0.954 |
| 4:41-3rd |  | 78 | 88 | 0.064 | 0.936 |
| 4:20-3rd |  | 78 | 88 | 0.048 | 0.952 |
| 4:12-3rd |  | 78 | 89 | 0.065 | 0.935 |
| 4:09-3rd |  | 78 | 89 | 0.065 | 0.935 |
| 3:58-3rd |  | 80 | 89 | 0.076 | 0.924 |
| 3:41-3rd |  | 80 | 92 | 0.053 | 0.947 |
| 3:20-3rd |  | 83 | 92 | 0.075 | 0.925 |
| 3:13-3rd |  | 83 | 92 | 0.093 | 0.907 |
| 3:00-3rd |  | 83 | 92 | 0.079 | 0.921 |
| 2:57-3rd |  | 83 | 92 | 0.092 | 0.908 |
| 2:55-3rd |  | 84 | 92 | 0.091 | 0.909 |
| 2:52-3rd |  | 84 | 92 | 0.091 | 0.909 |
| 2:41-3rd | TARGET | 84 | 95 | 0.063 | 0.937 |
| 2:31-3rd |  | 84 | 95 | 0.05 | 0.95 |
| 2:21-3rd |  | 84 | 95 | 0.062 | 0.938 |
| 2:18-3rd |  | 84 | 95 | 0.062 | 0.938 |
| 1:58-3rd |  | 87 | 95 | 0.09 | 0.91 |
| 1:41-3rd |  | 87 | 97 | 0.073 | 0.927 |
| 1:27-3rd |  | 89 | 97 | 0.089 | 0.911 |
| 1:09-3rd |  | 89 | 99 | 0.072 | 0.928 |
| 54.0-3rd |  | 89 | 99 | 0.057 | 0.943 |
| 35.1-3rd |  | 89 | 99 | 0.067 | 0.933 |
| 32.1-3rd |  | 89 | 99 | 0.071 | 0.929 |
| 27.1-3rd |  | 90 | 99 | 0.069 | 0.931 |
| 25.0-3rd |  | 90 | 99 | 0.07 | 0.93 |
| 8.1-3rd |  | 90 | 99 | 0.083 | 0.917 |
| 5.1-3rd |  | 90 | 99 | 0.087 | 0.913 |
| 0.0-3rd |  | 90 | 99 | 0.079 | 0.921 |
| 12:00-4th |  | 90 | 100 | 0.054 | 0.946 |
| 11:50-4th |  | 90 | 100 | 0.064 | 0.936 |
| 11:47-4th |  | 90 | 100 | 0.053 | 0.947 |
| 11:45-4th |  | 90 | 103 | 0.034 | 0.966 |
| 11:23-4th |  | 91 | 103 | 0.033 | 0.967 |
| 11:19-4th |  | 91 | 103 | 0.033 | 0.967 |
| 11:08-4th |  | 91 | 106 | 0.019 | 0.981 |
| 10:55-4th |  | 93 | 106 | 0.024 | 0.976 |
| 10:45-4th |  | 93 | 106 | 0.032 | 0.968 |
| 10:35-4th |  | 93 | 106 | 0.023 | 0.977 |
| 10:24-4th |  | 93 | 108 | 0.017 | 0.983 |
| 10:10-4th |  | 93 | 108 | 0.013 | 0.987 |
| 10:08-4th |  | 93 | 108 | 0.012 | 0.988 |
| 9:58-4th |  | 93 | 111 | 0.006 | 0.994 |
| 9:56-4th |  | 93 | 111 | 0.006 | 0.994 |
| 9:40-4th |  | 95 | 111 | 0.009 | 0.991 |
| 9:23-4th |  | 95 | 114 | 0.004 | 0.996 |
| 9:03-4th |  | 95 | 114 | 0.003 | 0.997 |
| 9:00-4th |  | 95 | 114 | 0.003 | 0.997 |
| 8:54-4th |  | 95 | 116 | 0.002 | 0.998 |
| 8:39-4th |  | 95 | 116 | 0.002 | 0.998 |
| 8:36-4th |  | 95 | 116 | 0.001 | 0.999 |
| 8:32-4th |  | 95 | 116 | 0.002 | 0.998 |
| 8:29-4th |  | 95 | 116 | 0.002 | 0.998 |
| 8:21-4th |  | 95 | 116 | 0.002 | 0.998 |
| 8:20-4th |  | 98 | 116 | 0.003 | 0.997 |
| 8:06-4th |  | 98 | 119 | 0.002 | 0.998 |
| 7:54-4th |  | 98 | 119 | 0.001 | 0.999 |
| 7:52-4th |  | 98 | 119 | 0.001 | 0.999 |
| 7:45-4th |  | 98 | 119 | 0.001 | 0.999 |
| 7:42-4th |  | 98 | 119 | 0.001 | 0.999 |
| 7:32-4th |  | 98 | 121 | 0.001 | 0.999 |
| 7:30-4th |  | 98 | 121 | 0.001 | 0.999 |
| 7:20-4th |  | 98 | 121 | 0.001 | 0.999 |
| 7:17-4th |  | 98 | 121 | 0.001 | 0.999 |
| 7:13-4th |  | 98 | 123 | 0.001 | 0.999 |
| 6:56-4th |  | 98 | 123 | 0.001 | 0.999 |
| 6:54-4th |  | 98 | 123 | 0.001 | 0.999 |
| 6:46-4th |  | 98 | 123 | 0.001 | 0.999 |
| 6:43-4th |  | 98 | 123 | 0.001 | 0.999 |
| 6:32-4th |  | 100 | 123 | 0.001 | 0.999 |
| 6:18-4th |  | 100 | 123 | 0.001 | 0.999 |
| 6:15-4th |  | 100 | 123 | 0.001 | 0.999 |
| 6:10-4th |  | 100 | 123 | 0.001 | 0.999 |
| 6:07-4th |  | 100 | 123 | 0.001 | 0.999 |
| 5:58-4th |  | 100 | 126 | 0.001 | 0.999 |
| 5:56-4th |  | 100 | 126 | 0.001 | 0.999 |
| 5:41-4th |  | 100 | 126 | 0.001 | 0.999 |
| 5:35-4th |  | 100 | 129 | 0.001 | 0.999 |
| 5:12-4th |  | 102 | 129 | 0.001 | 0.999 |
| 4:59-4th |  | 102 | 129 | 0.001 | 0.999 |
| 4:57-4th |  | 102 | 132 | 0.001 | 0.999 |
| 4:43-4th |  | 105 | 132 | 0.001 | 0.999 |
| 4:35-4th |  | 105 | 132 | 0.001 | 0.999 |
| 4:32-4th |  | 105 | 132 | 0.001 | 0.999 |
| 4:26-4th |  | 105 | 132 | 0.001 | 0.999 |
| 4:12-4th |  | 105 | 132 | 0.001 | 0.999 |
| 4:09-4th |  | 105 | 132 | 0.001 | 0.999 |
| 3:53-4th |  | 105 | 132 | 0.001 | 0.999 |
| 3:50-4th |  | 105 | 132 | 0.001 | 0.999 |
| 3:49-4th |  | 107 | 132 | 0.001 | 0.999 |
| 3:34-4th |  | 107 | 134 | 0.001 | 0.999 |
| 3:14-4th |  | 107 | 134 | 0.001 | 0.999 |
| 3:10-4th |  | 107 | 134 | 0.001 | 0.999 |
| 3:07-4th |  | 110 | 134 | 0.001 | 0.999 |
| 2:53-4th |  | 110 | 134 | 0.001 | 0.999 |
| 2:51-4th |  | 110 | 134 | 0.001 | 0.999 |
| 2:34-4th |  | 112 | 134 | 0.001 | 0.999 |
| 2:06-4th |  | 112 | 137 | 0.001 | 0.999 |
| 1:51-4th |  | 112 | 137 | 0.001 | 0.999 |
| 1:47-4th |  | 112 | 137 | 0.001 | 0.999 |
| 1:33-4th |  | 112 | 140 | 0.001 | 0.999 |
| 1:23-4th |  | 112 | 140 | 0.001 | 0.999 |
| 1:21-4th |  | 112 | 140 | 0.001 | 0.999 |
| 1:07-4th |  | 112 | 142 | 0.001 | 0.999 |
| 53.0-4th |  | 112 | 142 | 0.001 | 0.999 |
| 50.0-4th |  | 114 | 142 | 0.001 | 0.999 |
| 35.1-4th |  | 114 | 142 | 0.001 | 0.999 |
| 32.0-4th |  | 114 | 142 | 0.001 | 0.999 |
| 30.1-4th |  | 116 | 142 | 0.001 | 0.999 |
| 6.1-4th |  | 116 | 142 | 0.001 | 0.999 |
| 0.0-4th |  | 116 | 142 | 0.0 | 1.0 |

Question

Which event most likely happened at the marked missing position?

Answer Choices

A. Player 9 (Team B) makes 27-foot three point jumper (Player 16 (Team B) assists)
B. Player 8 (Team B) makes two point shot (Player 2 (Team B) assists)
C. Player 17 (Team B) makes 24-foot three point jumper (Player 1 (Team B) assists)
D. Player 5 (Team A) makes 8-foot driving floating jump shot (Player 9 (Team A) assists)

Response Format

Return exactly one JSON object:

{
  "answer": "<A|B|C|D>",
  "rationale": "<brief evidence-based justification in 1-3 sentences>",
  "evidence_event_ids": [],
  "evidence_series_times": []
}

Use only event IDs and time labels that are provided above and that support the answer. Use an empty array when the corresponding evidence type is unavailable or unused. Return only the JSON object.
