Task

Reconstruct the missing event in this basketball game. Use the available numerical time-series evidence around the marked row to select the most likely event.

Game

Team A versus Team B, season 22-23.

Time Series

| Game time | Marker | Team A score | Team B score | Team A win probability | Team B win probability |
| --- | --- | --- | --- | --- | --- |
| 12:00-1st |  | 0 | 0 | 0.406 | 0.594 |
| 11:48-1st |  | 0 | 2 | 0.38 | 0.62 |
| 11:28-1st |  | 2 | 2 | 0.406 | 0.594 |
| 11:14-1st |  | 2 | 3 | 0.38 | 0.62 |
| 11:09-1st |  | 2 | 5 | 0.358 | 0.642 |
| 10:56-1st |  | 2 | 5 | 0.343 | 0.657 |
| 10:53-1st |  | 2 | 5 | 0.338 | 0.662 |
| 10:43-1st |  | 2 | 7 | 0.314 | 0.686 |
| 10:24-1st |  | 2 | 7 | 0.297 | 0.703 |
| 10:22-1st |  | 2 | 7 | 0.291 | 0.709 |
| 10:17-1st |  | 2 | 9 | 0.272 | 0.728 |
| 10:04-1st |  | 5 | 9 | 0.313 | 0.687 |
| 9:53-1st |  | 5 | 9 | 0.281 | 0.719 |
| 9:44-1st |  | 5 | 11 | 0.292 | 0.708 |
| 9:26-1st |  | 5 | 11 | 0.275 | 0.725 |
| 9:25-1st |  | 5 | 11 | 0.292 | 0.708 |
| 9:16-1st |  | 5 | 11 | 0.275 | 0.725 |
| 9:15-1st |  | 5 | 11 | 0.269 | 0.731 |
| 9:01-1st |  | 5 | 11 | 0.286 | 0.714 |
| 8:57-1st |  | 5 | 11 | 0.292 | 0.708 |
| 8:48-1st |  | 5 | 11 | 0.269 | 0.731 |
| 8:44-1st |  | 5 | 11 | 0.292 | 0.708 |
| 8:41-1st |  | 5 | 11 | 0.292 | 0.708 |
| 8:28-1st |  | 5 | 11 | 0.274 | 0.726 |
| 8:26-1st |  | 5 | 11 | 0.268 | 0.732 |
| 8:16-1st |  | 5 | 13 | 0.248 | 0.752 |
| 8:02-1st |  | 5 | 13 | 0.25 | 0.75 |
| 7:54-1st |  | 7 | 13 | 0.269 | 0.731 |
| 7:42-1st |  | 7 | 15 | 0.249 | 0.751 |
| 7:29-1st |  | 9 | 15 | 0.269 | 0.731 |
| 7:16-1st |  | 9 | 15 | 0.293 | 0.707 |
| 7:06-1st |  | 11 | 15 | 0.314 | 0.686 |
| 6:49-1st |  | 11 | 17 | 0.293 | 0.707 |
| 6:30-1st |  | 13 | 17 | 0.314 | 0.686 |
| 6:13-1st |  | 13 | 17 | 0.334 | 0.666 |
| 6:09-1st |  | 13 | 19 | 0.292 | 0.708 |
| 5:55-1st |  | 13 | 19 | 0.275 | 0.725 |
| 5:54-1st |  | 13 | 19 | 0.269 | 0.731 |
| 5:36-1st |  | 13 | 21 | 0.248 | 0.752 |
| 5:23-1st |  | 13 | 21 | 0.232 | 0.768 |
| 5:20-1st |  | 13 | 21 | 0.227 | 0.773 |
| 5:15-1st |  | 13 | 23 | 0.207 | 0.793 |
| 5:07-1st |  | 13 | 23 | 0.194 | 0.806 |
| 5:05-1st |  | 13 | 23 | 0.189 | 0.811 |
| 5:01-1st |  | 13 | 23 | 0.207 | 0.793 |
| 4:50-1st |  | 16 | 23 | 0.247 | 0.753 |
| 4:32-1st |  | 16 | 23 | 0.263 | 0.737 |
| 4:29-1st |  | 16 | 23 | 0.268 | 0.732 |
| 4:27-1st |  | 18 | 23 | 0.293 | 0.707 |
| 4:17-1st |  | 18 | 23 | 0.316 | 0.684 |
| 4:01-1st |  | 18 | 23 | 0.299 | 0.701 |
| 4:00-1st |  | 18 | 23 | 0.293 | 0.707 |
| 3:49-1st |  | 18 | 26 | 0.248 | 0.752 |
| 3:27-1st |  | 20 | 26 | 0.269 | 0.731 |
| 3:15-1st |  | 20 | 26 | 0.269 | 0.731 |
| 3:04-1st |  | 20 | 29 | 0.223 | 0.777 |
| 2:55-1st |  | 20 | 29 | 0.224 | 0.776 |
| 2:41-1st |  | 22 | 29 | 0.244 | 0.756 |
| 2:32-1st |  | 22 | 29 | 0.261 | 0.739 |
| 2:30-1st |  | 22 | 29 | 0.243 | 0.757 |
| 2:21-1st |  | 22 | 29 | 0.267 | 0.733 |
| 2:15-1st |  | 22 | 29 | 0.249 | 0.751 |
| 2:11-1st |  | 24 | 29 | 0.292 | 0.708 |
| 1:55-1st |  | 24 | 31 | 0.267 | 0.733 |
| 1:43-1st |  | 26 | 31 | 0.291 | 0.709 |
| 1:28-1st |  | 26 | 31 | 0.311 | 0.689 |
| 1:23-1st |  | 26 | 31 | 0.318 | 0.682 |
| 1:15-1st |  | 28 | 31 | 0.341 | 0.659 |
| 59.2-1st |  | 28 | 33 | 0.318 | 0.682 |
| 56.0-1st |  | 28 | 33 | 0.291 | 0.709 |
| 52.1-1st |  | 28 | 33 | 0.291 | 0.709 |
| 39.1-1st |  | 28 | 35 | 0.266 | 0.734 |
| 31.2-1st |  | 28 | 35 | 0.247 | 0.753 |
| 30.1-1st |  | 30 | 35 | 0.291 | 0.709 |
| 16.1-1st |  | 30 | 37 | 0.265 | 0.735 |
| 2.2-1st |  | 33 | 37 | 0.315 | 0.685 |
| 0.0-1st |  | 33 | 37 | 0.33 | 0.67 |
| 12:00-2nd |  | 33 | 37 | 0.33 | 0.67 |
| 11:51-2nd |  | 33 | 37 | 0.319 | 0.681 |
| 11:50-2nd |  | 34 | 37 | 0.339 | 0.661 |
| 11:47-2nd |  | 34 | 37 | 0.34 | 0.66 |
| 11:34-2nd |  | 34 | 40 | 0.289 | 0.711 |
| 11:08-2nd |  | 34 | 40 | 0.27 | 0.73 |
| 11:07-2nd |  | 34 | 40 | 0.263 | 0.737 |
| 10:59-2nd |  | 34 | 40 | 0.29 | 0.71 |
| 10:55-2nd |  | 34 | 40 | 0.289 | 0.711 |
| 10:51-2nd |  | 36 | 40 | 0.314 | 0.686 |
| 10:50-2nd |  | 36 | 40 | 0.314 | 0.686 |
| 10:39-2nd |  | 36 | 40 | 0.335 | 0.665 |
| 10:37-2nd |  | 36 | 40 | 0.314 | 0.686 |
| 10:36-2nd |  | 36 | 40 | 0.335 | 0.665 |
| 10:35-2nd |  | 36 | 40 | 0.342 | 0.658 |
| 10:29-2nd |  | 38 | 40 | 0.368 | 0.632 |
| 10:07-2nd |  | 38 | 40 | 0.396 | 0.604 |
| 9:56-2nd |  | 38 | 40 | 0.369 | 0.631 |
| 9:39-2nd |  | 38 | 40 | 0.396 | 0.604 |
| 9:36-2nd |  | 38 | 40 | 0.376 | 0.624 |
| 9:34-2nd |  | 38 | 40 | 0.369 | 0.631 |
| 9:28-2nd |  | 38 | 40 | 0.369 | 0.631 |
| 9:23-2nd | TARGET | 38 | 43 | 0.314 | 0.686 |
| 9:01-2nd |  | 38 | 43 | 0.294 | 0.706 |
| 8:58-2nd |  | 38 | 43 | 0.287 | 0.713 |
| 8:55-2nd |  | 38 | 45 | 0.264 | 0.736 |
| 8:43-2nd |  | 38 | 45 | 0.264 | 0.736 |
| 8:40-2nd |  | 38 | 45 | 0.244 | 0.756 |
| 8:37-2nd |  | 38 | 45 | 0.263 | 0.737 |
| 8:27-2nd |  | 38 | 45 | 0.243 | 0.757 |
| 8:25-2nd |  | 38 | 45 | 0.263 | 0.737 |
| 8:24-2nd |  | 38 | 45 | 0.243 | 0.757 |
| 8:22-2nd |  | 38 | 45 | 0.263 | 0.737 |
| 8:21-2nd |  | 40 | 45 | 0.287 | 0.713 |
| 8:07-2nd |  | 40 | 45 | 0.313 | 0.687 |
| 7:55-2nd |  | 40 | 45 | 0.293 | 0.707 |
| 7:51-2nd |  | 40 | 45 | 0.287 | 0.713 |
| 7:40-2nd |  | 40 | 45 | 0.313 | 0.687 |
| 7:24-2nd |  | 41 | 45 | 0.312 | 0.688 |
| 7:11-2nd |  | 41 | 45 | 0.342 | 0.658 |
| 6:51-2nd |  | 43 | 45 | 0.371 | 0.629 |
| 6:46-2nd |  | 43 | 47 | 0.342 | 0.658 |
| 6:37-2nd |  | 45 | 47 | 0.369 | 0.631 |
| 6:31-2nd |  | 45 | 49 | 0.341 | 0.659 |
| 6:15-2nd |  | 47 | 49 | 0.369 | 0.631 |
| 6:03-2nd |  | 47 | 51 | 0.341 | 0.659 |
| 5:52-2nd |  | 47 | 51 | 0.311 | 0.689 |
| 5:46-2nd |  | 47 | 53 | 0.286 | 0.714 |
| 5:33-2nd |  | 47 | 53 | 0.266 | 0.734 |
| 5:30-2nd |  | 47 | 53 | 0.259 | 0.741 |
| 5:27-2nd |  | 47 | 53 | 0.279 | 0.721 |
| 5:24-2nd |  | 47 | 53 | 0.286 | 0.714 |
| 5:19-2nd |  | 47 | 53 | 0.286 | 0.714 |
| 5:14-2nd |  | 47 | 53 | 0.266 | 0.734 |
| 5:11-2nd |  | 47 | 53 | 0.259 | 0.741 |
| 5:08-2nd |  | 47 | 53 | 0.285 | 0.715 |
| 5:05-2nd |  | 49 | 53 | 0.311 | 0.689 |
| 4:50-2nd |  | 49 | 55 | 0.285 | 0.715 |
| 4:24-2nd |  | 49 | 55 | 0.265 | 0.735 |
| 4:19-2nd |  | 49 | 55 | 0.284 | 0.716 |
| 4:13-2nd |  | 49 | 55 | 0.264 | 0.736 |
| 4:12-2nd |  | 50 | 55 | 0.283 | 0.717 |
| 3:59-2nd |  | 50 | 57 | 0.256 | 0.744 |
| 3:40-2nd |  | 50 | 57 | 0.235 | 0.765 |
| 3:36-2nd |  | 50 | 57 | 0.229 | 0.771 |
| 3:29-2nd |  | 50 | 60 | 0.185 | 0.815 |
| 3:07-2nd |  | 52 | 60 | 0.202 | 0.798 |
| 2:43-2nd |  | 52 | 62 | 0.183 | 0.817 |
| 2:26-2nd |  | 52 | 62 | 0.166 | 0.834 |
| 2:23-2nd |  | 52 | 62 | 0.16 | 0.84 |
| 2:12-2nd |  | 52 | 62 | 0.176 | 0.824 |
| 2:10-2nd |  | 52 | 62 | 0.159 | 0.841 |
| 2:08-2nd |  | 52 | 62 | 0.176 | 0.824 |
| 2:05-2nd |  | 52 | 62 | 0.181 | 0.819 |
| 1:56-2nd |  | 52 | 62 | 0.164 | 0.836 |
| 1:53-2nd |  | 52 | 62 | 0.158 | 0.842 |
| 1:44-2nd |  | 52 | 62 | 0.18 | 0.82 |
| 1:37-2nd |  | 52 | 62 | 0.163 | 0.837 |
| 1:35-2nd |  | 52 | 62 | 0.157 | 0.843 |
| 1:14-2nd |  | 52 | 65 | 0.119 | 0.881 |
| 51.0-2nd |  | 52 | 65 | 0.107 | 0.893 |
| 48.1-2nd |  | 52 | 65 | 0.103 | 0.897 |
| 42.1-2nd |  | 52 | 65 | 0.114 | 0.886 |
| 41.0-2nd |  | 52 | 65 | 0.103 | 0.897 |
| 40.1-2nd |  | 52 | 68 | 0.075 | 0.925 |
| 27.0-2nd |  | 54 | 68 | 0.086 | 0.914 |
| 3.1-2nd |  | 54 | 68 | 0.097 | 0.903 |
| 2.1-2nd |  | 54 | 68 | 0.101 | 0.899 |
| 0.0-2nd |  | 54 | 68 | 0.094 | 0.906 |
| 12:00-3rd |  | 54 | 68 | 0.094 | 0.906 |
| 11:47-3rd |  | 54 | 68 | 0.088 | 0.912 |
| 11:46-3rd |  | 54 | 68 | 0.101 | 0.899 |
| 11:42-3rd |  | 54 | 68 | 0.088 | 0.912 |
| 11:40-3rd |  | 54 | 68 | 0.084 | 0.916 |
| 11:36-3rd |  | 54 | 70 | 0.07 | 0.93 |
| 11:22-3rd |  | 54 | 70 | 0.062 | 0.938 |
| 11:20-3rd |  | 54 | 70 | 0.059 | 0.941 |
| 11:11-3rd |  | 54 | 72 | 0.049 | 0.951 |
| 10:53-3rd |  | 55 | 72 | 0.048 | 0.952 |
| 10:51-3rd |  | 55 | 72 | 0.048 | 0.952 |
| 10:33-3rd |  | 55 | 72 | 0.054 | 0.946 |
| 10:29-3rd |  | 55 | 72 | 0.056 | 0.944 |
| 10:10-3rd |  | 55 | 72 | 0.048 | 0.952 |
| 10:08-3rd |  | 55 | 72 | 0.045 | 0.955 |
| 10:04-3rd |  | 55 | 74 | 0.037 | 0.963 |
| 9:51-3rd |  | 55 | 74 | 0.031 | 0.969 |
| 9:48-3rd |  | 55 | 74 | 0.029 | 0.971 |
| 9:40-3rd |  | 55 | 74 | 0.037 | 0.963 |
| 9:32-3rd |  | 57 | 74 | 0.043 | 0.957 |
| 9:19-3rd |  | 57 | 74 | 0.052 | 0.948 |
| 9:14-3rd |  | 59 | 74 | 0.061 | 0.939 |
| 8:56-3rd |  | 59 | 76 | 0.05 | 0.95 |
| 8:48-3rd |  | 61 | 76 | 0.06 | 0.94 |
| 8:26-3rd |  | 61 | 78 | 0.048 | 0.952 |
| 8:07-3rd |  | 63 | 78 | 0.058 | 0.942 |
| 7:53-3rd |  | 63 | 80 | 0.046 | 0.954 |
| 7:44-3rd |  | 66 | 80 | 0.068 | 0.932 |
| 7:17-3rd |  | 66 | 83 | 0.044 | 0.956 |
| 6:53-3rd |  | 66 | 83 | 0.037 | 0.963 |
| 6:51-3rd |  | 66 | 83 | 0.035 | 0.965 |
| 6:39-3rd |  | 66 | 83 | 0.04 | 0.96 |
| 6:35-3rd |  | 66 | 83 | 0.041 | 0.959 |
| 6:28-3rd |  | 66 | 83 | 0.035 | 0.965 |
| 6:25-3rd |  | 66 | 83 | 0.034 | 0.966 |
| 6:03-3rd |  | 66 | 83 | 0.038 | 0.962 |
| 6:00-3rd |  | 66 | 83 | 0.032 | 0.968 |
| 5:46-3rd |  | 66 | 83 | 0.037 | 0.963 |
| 5:41-3rd |  | 66 | 85 | 0.025 | 0.975 |
| 5:25-3rd |  | 66 | 85 | 0.019 | 0.981 |
| 5:19-3rd |  | 66 | 87 | 0.014 | 0.986 |
| 5:11-3rd |  | 68 | 87 | 0.018 | 0.982 |
| 4:54-3rd |  | 68 | 89 | 0.013 | 0.987 |
| 4:42-3rd |  | 68 | 89 | 0.011 | 0.989 |
| 4:41-3rd |  | 69 | 89 | 0.013 | 0.987 |
| 4:24-3rd |  | 69 | 89 | 0.016 | 0.984 |
| 4:12-3rd |  | 69 | 89 | 0.013 | 0.987 |
| 3:57-3rd |  | 69 | 92 | 0.007 | 0.993 |
| 3:37-3rd |  | 69 | 92 | 0.005 | 0.995 |
| 3:36-3rd |  | 69 | 92 | 0.006 | 0.994 |
| 3:29-3rd |  | 72 | 92 | 0.011 | 0.989 |
| 3:17-3rd |  | 72 | 92 | 0.013 | 0.987 |
| 3:16-3rd |  | 72 | 92 | 0.014 | 0.986 |
| 3:08-3rd |  | 72 | 92 | 0.011 | 0.989 |
| 3:05-3rd |  | 72 | 92 | 0.014 | 0.986 |
| 3:02-3rd |  | 72 | 92 | 0.02 | 0.98 |
| 2:48-3rd |  | 72 | 92 | 0.011 | 0.989 |
| 2:44-3rd |  | 72 | 92 | 0.01 | 0.99 |
| 2:41-3rd |  | 72 | 92 | 0.012 | 0.988 |
| 2:40-3rd |  | 72 | 92 | 0.01 | 0.99 |
| 2:39-3rd |  | 72 | 92 | 0.009 | 0.991 |
| 2:34-3rd |  | 72 | 92 | 0.012 | 0.988 |
| 2:31-3rd |  | 72 | 92 | 0.013 | 0.987 |
| 2:28-3rd |  | 74 | 92 | 0.016 | 0.984 |
| 2:27-3rd |  | 74 | 92 | 0.016 | 0.984 |
| 2:10-3rd |  | 74 | 92 | 0.019 | 0.981 |
| 2:06-3rd |  | 74 | 92 | 0.02 | 0.98 |
| 2:01-3rd |  | 76 | 92 | 0.026 | 0.974 |
| 1:45-3rd |  | 76 | 92 | 0.031 | 0.969 |
| 1:42-3rd |  | 76 | 92 | 0.03 | 0.97 |
| 1:22-3rd |  | 79 | 92 | 0.049 | 0.951 |
| 1:19-3rd |  | 79 | 92 | 0.049 | 0.951 |
| 1:02-3rd |  | 79 | 94 | 0.037 | 0.963 |
| 48.1-3rd |  | 79 | 94 | 0.028 | 0.972 |
| 46.0-3rd |  | 79 | 95 | 0.021 | 0.979 |
| 37.1-3rd |  | 79 | 97 | 0.016 | 0.984 |
| 30.0-3rd |  | 79 | 97 | 0.012 | 0.988 |
| 28.1-3rd |  | 79 | 97 | 0.01 | 0.99 |
| 13.0-3rd |  | 79 | 100 | 0.006 | 0.994 |
| 0.0-3rd |  | 79 | 100 | 0.005 | 0.995 |
| 12:00-4th |  | 79 | 100 | 0.005 | 0.995 |
| 11:46-4th |  | 79 | 102 | 0.003 | 0.997 |
| 11:43-4th |  | 79 | 102 | 0.003 | 0.997 |
| 11:20-4th |  | 79 | 102 | 0.002 | 0.998 |
| 11:19-4th |  | 79 | 102 | 0.002 | 0.998 |
| 11:05-4th |  | 79 | 102 | 0.002 | 0.998 |
| 10:53-4th |  | 79 | 102 | 0.002 | 0.998 |
| 10:51-4th |  | 79 | 102 | 0.001 | 0.999 |
| 10:47-4th |  | 79 | 102 | 0.002 | 0.998 |
| 10:44-4th |  | 79 | 102 | 0.002 | 0.998 |
| 10:42-4th |  | 81 | 102 | 0.003 | 0.997 |
| 10:25-4th |  | 81 | 106 | 0.001 | 0.999 |
| 10:09-4th |  | 83 | 106 | 0.002 | 0.998 |
| 9:53-4th |  | 83 | 106 | 0.002 | 0.998 |
| 9:49-4th |  | 83 | 106 | 0.002 | 0.998 |
| 9:44-4th |  | 85 | 106 | 0.002 | 0.998 |
| 9:31-4th |  | 85 | 106 | 0.003 | 0.997 |
| 9:28-4th |  | 85 | 106 | 0.003 | 0.997 |
| 9:22-4th |  | 88 | 106 | 0.006 | 0.994 |
| 9:21-4th |  | 88 | 106 | 0.006 | 0.994 |
| 9:02-4th |  | 88 | 106 | 0.008 | 0.992 |
| 8:57-4th |  | 88 | 106 | 0.008 | 0.992 |
| 8:52-4th |  | 90 | 106 | 0.011 | 0.989 |
| 8:49-4th |  | 90 | 106 | 0.011 | 0.989 |
| 8:40-4th |  | 90 | 108 | 0.007 | 0.993 |
| 8:24-4th |  | 91 | 108 | 0.007 | 0.993 |
| 8:12-4th |  | 91 | 111 | 0.003 | 0.997 |
| 7:49-4th |  | 91 | 111 | 0.002 | 0.998 |
| 7:47-4th |  | 91 | 111 | 0.002 | 0.998 |
| 7:39-4th |  | 91 | 111 | 0.002 | 0.998 |
| 7:38-4th |  | 91 | 111 | 0.002 | 0.998 |
| 7:18-4th |  | 94 | 111 | 0.005 | 0.995 |
| 7:02-4th |  | 94 | 111 | 0.006 | 0.994 |
| 7:00-4th |  | 94 | 111 | 0.004 | 0.996 |
| 6:59-4th |  | 94 | 111 | 0.006 | 0.994 |
| 6:58-4th |  | 94 | 111 | 0.006 | 0.994 |
| 6:53-4th |  | 94 | 111 | 0.004 | 0.996 |
| 6:48-4th |  | 94 | 111 | 0.006 | 0.994 |
| 6:37-4th |  | 96 | 111 | 0.008 | 0.992 |
| 6:34-4th |  | 96 | 111 | 0.008 | 0.992 |
| 6:25-4th |  | 96 | 111 | 0.004 | 0.996 |
| 6:10-4th |  | 96 | 114 | 0.003 | 0.997 |
| 5:57-4th |  | 98 | 114 | 0.004 | 0.996 |
| 5:54-4th |  | 98 | 114 | 0.005 | 0.995 |
| 5:51-4th |  | 98 | 114 | 0.004 | 0.996 |
| 5:49-4th |  | 98 | 114 | 0.006 | 0.994 |
| 5:46-4th |  | 98 | 114 | 0.005 | 0.995 |
| 5:44-4th |  | 98 | 114 | 0.005 | 0.995 |
| 5:43-4th |  | 98 | 114 | 0.005 | 0.995 |
| 5:42-4th |  | 98 | 114 | 0.004 | 0.996 |
| 5:35-4th |  | 98 | 114 | 0.005 | 0.995 |
| 5:31-4th |  | 98 | 114 | 0.004 | 0.996 |
| 5:22-4th |  | 98 | 115 | 0.004 | 0.996 |
| 5:21-4th |  | 98 | 115 | 0.002 | 0.998 |
| 5:19-4th |  | 98 | 115 | 0.003 | 0.997 |
| 5:14-4th |  | 98 | 115 | 0.002 | 0.998 |
| 5:00-4th |  | 98 | 117 | 0.002 | 0.998 |
| 4:45-4th |  | 100 | 117 | 0.002 | 0.998 |
| 4:28-4th |  | 100 | 119 | 0.001 | 0.999 |
| 4:07-4th |  | 100 | 119 | 0.001 | 0.999 |
| 4:04-4th |  | 100 | 119 | 0.001 | 0.999 |
| 3:44-4th |  | 100 | 119 | 0.001 | 0.999 |
| 3:40-4th |  | 100 | 119 | 0.001 | 0.999 |
| 3:29-4th |  | 100 | 119 | 0.001 | 0.999 |
| 3:25-4th |  | 100 | 119 | 0.001 | 0.999 |
| 3:18-4th |  | 100 | 121 | 0.001 | 0.999 |
| 2:58-4th |  | 102 | 121 | 0.001 | 0.999 |
| 2:41-4th |  | 102 | 121 | 0.001 | 0.999 |
| 2:37-4th |  | 102 | 121 | 0.001 | 0.999 |
| 2:30-4th |  | 104 | 121 | 0.001 | 0.999 |
| 2:12-4th |  | 104 | 121 | 0.001 | 0.999 |
| 2:10-4th |  | 104 | 121 | 0.001 | 0.999 |
| 1:53-4th |  | 107 | 121 | 0.001 | 0.999 |
| 1:43-4th |  | 107 | 123 | 0.001 | 0.999 |
| 1:37-4th |  | 109 | 123 | 0.001 | 0.999 |
| 1:23-4th |  | 109 | 125 | 0.001 | 0.999 |
| 1:13-4th |  | 109 | 125 | 0.001 | 0.999 |
| 1:09-4th |  | 109 | 125 | 0.001 | 0.999 |
| 1:01-4th |  | 109 | 128 | 0.001 | 0.999 |
| 41.0-4th |  | 112 | 128 | 0.001 | 0.999 |
| 32.1-4th |  | 112 | 128 | 0.001 | 0.999 |
| 29.0-4th |  | 112 | 128 | 0.001 | 0.999 |
| 25.1-4th |  | 112 | 128 | 0.001 | 0.999 |
| 21.1-4th |  | 112 | 128 | 0.001 | 0.999 |
| 20.1-4th |  | 112 | 128 | 0.001 | 0.999 |
| 18.1-4th |  | 112 | 128 | 0.001 | 0.999 |
| 17.0-4th |  | 112 | 128 | 0.001 | 0.999 |
| 14.1-4th |  | 112 | 128 | 0.001 | 0.999 |
| 10.0-4th |  | 112 | 128 | 0.001 | 0.999 |
| 7.2-4th |  | 112 | 128 | 0.001 | 0.999 |
| 5.0-4th |  | 115 | 128 | 0.001 | 0.999 |
| 1.0-4th |  | 115 | 128 | 0.001 | 0.999 |
| 0.0-4th |  | 115 | 128 | 0.0 | 1.0 |

Question

Which event most likely happened at the marked missing position?

Answer Choices

A. Player 12 (Team A) blocks Player 17 (Team A)'s driving layup
B. Player 5 (Team A) misses tip shot
C. Player 9 (Team A) blocks Player 7 (Team B) 's 12-foot pullup jump shot
D. Player 10 (Team B) makes 26-foot step back jumpshot (Player 11 (Team B) assists)

Response Format

Return exactly one JSON object:

{
  "answer": "<A|B|C|D>",
  "rationale": "<brief evidence-based justification in 1-3 sentences>",
  "evidence_event_ids": [],
  "evidence_series_times": []
}

Use only event IDs and time labels that are provided above and that support the answer. Use an empty array when the corresponding evidence type is unavailable or unused. Return only the JSON object.
