Task

Reconstruct the missing event in this basketball game. Use the available numerical time-series evidence around the marked row to select the most likely event.

Game

Team A versus Team B, season 22-23.

Time Series

| Game time | Marker | Team A score | Team B score | Team A win probability | Team B win probability |
| --- | --- | --- | --- | --- | --- |
| 12:00-1st |  | 0.0 | 0.0 | 0.242 | 0.758 |
| 11:46-1st |  | 3.0 | 0.0 | 0.284 | 0.716 |
| 11:29-1st |  | 3.0 | 2.0 | 0.269 | 0.731 |
| 11:10-1st |  | 6.0 | 2.0 | 0.307 | 0.693 |
| 10:55-1st |  | 6.0 | 2.0 | 0.328 | 0.672 |
| 10:54-1st |  | 6.0 | 2.0 | 0.335 | 0.665 |
| 10:46-1st |  | 6.0 | 2.0 | 0.309 | 0.691 |
| 10:36-1st |  | 6.0 | 5.0 | 0.274 | 0.726 |
| 10:19-1st |  | 6.0 | 5.0 | 0.257 | 0.743 |
| 10:18-1st |  | 6.0 | 5.0 | 0.275 | 0.725 |
| 10:14-1st |  | 6.0 | 5.0 | 0.258 | 0.742 |
| 10:13-1st |  | 6.0 | 5.0 | 0.252 | 0.748 |
| 9:59-1st |  | 6.0 | 7.0 | 0.235 | 0.765 |
| 9:47-1st |  | 6.0 | 7.0 | 0.22 | 0.78 |
| 9:46-1st |  | 6.0 | 7.0 | 0.214 | 0.786 |
| 9:40-1st |  | 6.0 | 8.0 | 0.218 | 0.782 |
| 9:31-1st |  | 8.0 | 8.0 | 0.238 | 0.762 |
| 9:23-1st |  | 8.0 | 11.0 | 0.202 | 0.798 |
| 9:01-1st |  | 11.0 | 11.0 | 0.238 | 0.762 |
| 8:50-1st |  | 11.0 | 11.0 | 0.239 | 0.761 |
| 8:36-1st |  | 11.0 | 11.0 | 0.255 | 0.745 |
| 8:35-1st |  | 11.0 | 11.0 | 0.261 | 0.739 |
| 8:23-1st |  | 12.0 | 11.0 | 0.261 | 0.739 |
| 8:07-1st |  | 12.0 | 11.0 | 0.277 | 0.723 |
| 8:05-1st |  | 12.0 | 11.0 | 0.262 | 0.738 |
| 7:59-1st |  | 12.0 | 13.0 | 0.242 | 0.758 |
| 7:41-1st |  | 12.0 | 13.0 | 0.226 | 0.774 |
| 7:27-1st |  | 12.0 | 13.0 | 0.227 | 0.773 |
| 7:22-1st |  | 12.0 | 15.0 | 0.208 | 0.792 |
| 7:14-1st |  | 12.0 | 15.0 | 0.209 | 0.791 |
| 7:11-1st |  | 12.0 | 15.0 | 0.209 | 0.791 |
| 7:09-1st |  | 14.0 | 15.0 | 0.228 | 0.772 |
| 6:58-1st |  | 14.0 | 15.0 | 0.248 | 0.752 |
| 6:52-1st |  | 14.0 | 15.0 | 0.234 | 0.766 |
| 6:51-1st |  | 14.0 | 15.0 | 0.249 | 0.751 |
| 6:50-1st |  | 14.0 | 15.0 | 0.228 | 0.772 |
| 6:35-1st |  | 14.0 | 15.0 | 0.244 | 0.756 |
| 6:34-1st |  | 14.0 | 15.0 | 0.249 | 0.751 |
| 6:27-1st |  | 16.0 | 15.0 | 0.27 | 0.73 |
| 6:13-1st |  | 16.0 | 17.0 | 0.251 | 0.749 |
| 5:55-1st |  | 16.0 | 17.0 | 0.237 | 0.763 |
| 5:51-1st |  | 16.0 | 17.0 | 0.232 | 0.768 |
| 5:42-1st |  | 16.0 | 17.0 | 0.233 | 0.767 |
| 5:32-1st |  | 16.0 | 17.0 | 0.25 | 0.75 |
| 5:31-1st |  | 16.0 | 17.0 | 0.255 | 0.745 |
| 5:20-1st |  | 18.0 | 17.0 | 0.276 | 0.724 |
| 5:06-1st |  | 18.0 | 20.0 | 0.237 | 0.763 |
| 4:52-1st |  | 18.0 | 20.0 | 0.224 | 0.776 |
| 4:51-1st |  | 18.0 | 20.0 | 0.219 | 0.781 |
| 4:42-1st |  | 18.0 | 23.0 | 0.183 | 0.817 |
| 4:29-1st |  | 20.0 | 23.0 | 0.201 | 0.799 |
| 4:14-1st |  | 20.0 | 23.0 | 0.216 | 0.784 |
| 4:12-1st |  | 20.0 | 23.0 | 0.221 | 0.779 |
| 4:08-1st |  | 20.0 | 23.0 | 0.202 | 0.798 |
| 4:05-1st |  | 20.0 | 25.0 | 0.185 | 0.815 |
| 3:49-1st |  | 22.0 | 25.0 | 0.203 | 0.797 |
| 3:26-1st |  | 22.0 | 27.0 | 0.189 | 0.811 |
| 3:21-1st |  | 22.0 | 27.0 | 0.189 | 0.811 |
| 3:09-1st |  | 24.0 | 27.0 | 0.207 | 0.793 |
| 2:57-1st |  | 24.0 | 28.0 | 0.189 | 0.811 |
| 2:52-1st |  | 24.0 | 31.0 | 0.157 | 0.843 |
| 2:41-1st |  | 26.0 | 31.0 | 0.174 | 0.826 |
| 2:29-1st |  | 26.0 | 31.0 | 0.191 | 0.809 |
| 2:26-1st |  | 26.0 | 31.0 | 0.179 | 0.821 |
| 2:25-1st |  | 26.0 | 31.0 | 0.175 | 0.825 |
| 2:21-1st |  | 26.0 | 31.0 | 0.191 | 0.809 |
| 2:05-1st |  | 28.0 | 31.0 | 0.243 | 0.757 |
| 1:46-1st |  | 28.0 | 31.0 | 0.225 | 0.775 |
| 1:45-1st |  | 28.0 | 31.0 | 0.229 | 0.771 |
| 1:30-1st |  | 28.0 | 31.0 | 0.214 | 0.786 |
| 1:12-1st |  | 28.0 | 31.0 | 0.231 | 0.769 |
| 56.0-1st |  | 28.0 | 31.0 | 0.22 | 0.78 |
| 54.1-1st |  | 28.0 | 31.0 | 0.216 | 0.784 |
| 50.2-1st |  | 28.0 | 31.0 | 0.228 | 0.772 |
| 49.1-1st |  | 28.0 | 31.0 | 0.216 | 0.784 |
| 36.1-1st |  | 28.0 | 31.0 | 0.229 | 0.771 |
| 35.1-1st |  | 28.0 | 31.0 | 0.233 | 0.767 |
| 17.1-1st |  | 28.0 | 31.0 | 0.222 | 0.778 |
| 13.2-1st |  | 28.0 | 31.0 | 0.234 | 0.766 |
| 9.2-1st |  | 28.0 | 31.0 | 0.235 | 0.765 |
| 0.0-1st |  | 28.0 | 31.0 | 0.224 | 0.776 |
| 12:00-2nd |  | 28.0 | 31.0 | 0.224 | 0.776 |
| 11:41-2nd |  | 28.0 | 33.0 | 0.198 | 0.802 |
| 11:28-2nd |  | 30.0 | 33.0 | 0.216 | 0.784 |
| 11:22-2nd |  | 30.0 | 33.0 | 0.239 | 0.761 |
| 11:17-2nd |  | 30.0 | 33.0 | 0.222 | 0.778 |
| 11:16-2nd |  | 32.0 | 33.0 | 0.258 | 0.742 |
| 10:56-2nd |  | 32.0 | 33.0 | 0.28 | 0.72 |
| 10:55-2nd |  | 32.0 | 33.0 | 0.287 | 0.713 |
| 10:44-2nd |  | 35.0 | 33.0 | 0.338 | 0.662 |
| 10:28-2nd |  | 35.0 | 33.0 | 0.36 | 0.64 |
| 10:25-2nd |  | 35.0 | 33.0 | 0.34 | 0.66 |
| 10:21-2nd |  | 35.0 | 33.0 | 0.34 | 0.66 |
| 10:20-2nd |  | 35.0 | 33.0 | 0.341 | 0.659 |
| 10:11-2nd |  | 35.0 | 33.0 | 0.36 | 0.64 |
| 10:09-2nd |  | 35.0 | 33.0 | 0.341 | 0.659 |
| 10:03-2nd |  | 35.0 | 33.0 | 0.342 | 0.658 |
| 10:02-2nd |  | 35.0 | 33.0 | 0.361 | 0.639 |
| 10:01-2nd |  | 35.0 | 33.0 | 0.368 | 0.632 |
| 9:55-2nd |  | 35.0 | 33.0 | 0.349 | 0.651 |
| 9:52-2nd |  | 35.0 | 33.0 | 0.343 | 0.657 |
| 9:46-2nd |  | 35.0 | 35.0 | 0.318 | 0.682 |
| 9:33-2nd |  | 37.0 | 35.0 | 0.345 | 0.655 |
| 9:21-2nd |  | 37.0 | 37.0 | 0.32 | 0.68 |
| 9:07-2nd |  | 37.0 | 37.0 | 0.294 | 0.706 |
| 9:03-2nd |  | 37.0 | 39.0 | 0.271 | 0.729 |
| 8:49-2nd |  | 39.0 | 39.0 | 0.296 | 0.704 |
| 8:30-2nd |  | 39.0 | 41.0 | 0.273 | 0.727 |
| 8:14-2nd |  | 39.0 | 41.0 | 0.256 | 0.744 |
| 8:13-2nd |  | 39.0 | 41.0 | 0.274 | 0.726 |
| 8:12-2nd |  | 41.0 | 41.0 | 0.299 | 0.701 |
| 8:05-2nd |  | 41.0 | 41.0 | 0.328 | 0.672 |
| 8:00-2nd |  | 41.0 | 41.0 | 0.306 | 0.694 |
| 7:59-2nd |  | 41.0 | 41.0 | 0.299 | 0.701 |
| 7:56-2nd |  | 41.0 | 41.0 | 0.328 | 0.672 |
| 7:42-2nd |  | 41.0 | 41.0 | 0.308 | 0.692 |
| 7:41-2nd |  | 41.0 | 41.0 | 0.301 | 0.699 |
| 7:26-2nd |  | 41.0 | 43.0 | 0.279 | 0.721 |
| 7:13-2nd |  | 41.0 | 43.0 | 0.278 | 0.722 |
| 7:01-2nd |  | 44.0 | 43.0 | 0.332 | 0.668 |
| 6:35-2nd |  | 44.0 | 45.0 | 0.306 | 0.694 |
| 6:14-2nd |  | 44.0 | 45.0 | 0.283 | 0.717 |
| 6:06-2nd |  | 44.0 | 47.0 | 0.26 | 0.74 |
| 5:58-2nd |  | 46.0 | 47.0 | 0.284 | 0.716 |
| 5:51-2nd |  | 46.0 | 47.0 | 0.285 | 0.715 |
| 5:43-2nd |  | 46.0 | 49.0 | 0.261 | 0.739 |
| 5:31-2nd |  | 46.0 | 49.0 | 0.261 | 0.739 |
| 5:20-2nd |  | 46.0 | 49.0 | 0.263 | 0.737 |
| 5:19-2nd |  | 48.0 | 49.0 | 0.287 | 0.713 |
| 5:01-2nd |  | 48.0 | 49.0 | 0.308 | 0.692 |
| 5:00-2nd |  | 48.0 | 49.0 | 0.314 | 0.686 |
| 4:50-2nd |  | 48.0 | 49.0 | 0.296 | 0.704 |
| 4:49-2nd |  | 48.0 | 49.0 | 0.289 | 0.711 |
| 4:38-2nd |  | 48.0 | 49.0 | 0.31 | 0.69 |
| 4:37-2nd |  | 48.0 | 49.0 | 0.316 | 0.684 |
| 4:26-2nd |  | 50.0 | 49.0 | 0.348 | 0.652 |
| 4:17-2nd |  | 51.0 | 49.0 | 0.41 | 0.59 |
| 4:06-2nd |  | 51.0 | 49.0 | 0.404 | 0.596 |
| 4:05-2nd |  | 51.0 | 49.0 | 0.412 | 0.588 |
| 4:00-2nd |  | 53.0 | 49.0 | 0.444 | 0.556 |
| 3:47-2nd |  | 53.0 | 49.0 | 0.471 | 0.529 |
| 3:44-2nd |  | 53.0 | 49.0 | 0.446 | 0.554 |
| 3:33-2nd |  | 53.0 | 49.0 | 0.473 | 0.527 |
| 3:32-2nd |  | 53.0 | 49.0 | 0.447 | 0.553 |
| 3:31-2nd |  | 53.0 | 49.0 | 0.473 | 0.527 |
| 3:30-2nd |  | 53.0 | 49.0 | 0.481 | 0.519 |
| 3:22-2nd |  | 56.0 | 49.0 | 0.551 | 0.449 |
| 3:12-2nd |  | 56.0 | 49.0 | 0.552 | 0.448 |
| 3:04-2nd |  | 56.0 | 49.0 | 0.58 | 0.42 |
| 3:02-2nd |  | 56.0 | 49.0 | 0.589 | 0.411 |
| 2:56-2nd |  | 56.0 | 49.0 | 0.555 | 0.445 |
| 2:42-2nd |  | 56.0 | 49.0 | 0.557 | 0.443 |
| 2:33-2nd |  | 56.0 | 51.0 | 0.524 | 0.476 |
| 2:12-2nd |  | 59.0 | 51.0 | 0.598 | 0.402 |
| 1:56-2nd |  | 59.0 | 51.0 | 0.626 | 0.374 |
| 1:55-2nd |  | 59.0 | 51.0 | 0.635 | 0.365 |
| 1:49-2nd |  | 59.0 | 51.0 | 0.686 | 0.314 |
| 1:38-2nd |  | 59.0 | 51.0 | 0.604 | 0.396 |
| 1:23-2nd |  | 59.0 | 53.0 | 0.57 | 0.43 |
| 1:09-2nd |  | 61.0 | 53.0 | 0.609 | 0.391 |
| 53.1-2nd |  | 61.0 | 55.0 | 0.575 | 0.425 |
| 37.0-2nd |  | 61.0 | 55.0 | 0.55 | 0.45 |
| 36.0-2nd |  | 61.0 | 55.0 | 0.541 | 0.459 |
| 29.1-2nd |  | 61.0 | 58.0 | 0.473 | 0.527 |
| 8.1-2nd |  | 61.0 | 58.0 | 0.45 | 0.55 |
| 6.1-2nd |  | 61.0 | 58.0 | 0.441 | 0.559 |
| 0.0-2nd |  | 61.0 | 58.0 | 0.456 | 0.544 |
| 12:00-3rd |  | 61.0 | 58.0 | 0.456 | 0.544 |
| 11:41-3rd |  | 61.0 | 60.0 | 0.41 | 0.59 |
| 11:24-3rd |  | 64.0 | 60.0 | 0.48 | 0.52 |
| 11:12-3rd |  | 64.0 | 60.0 | 0.485 | 0.515 |
| 11:04-3rd |  | 64.0 | 62.0 | 0.45 | 0.55 |
| 10:51-3rd |  | 64.0 | 62.0 | 0.425 | 0.575 |
| 10:50-3rd |  | 64.0 | 62.0 | 0.416 | 0.584 |
| 10:36-3rd |  | 64.0 | 62.0 | 0.445 | 0.555 |
| 10:35-3rd |  | 64.0 | 62.0 | 0.454 | 0.546 |
| 10:31-3rd |  | 65.0 | 62.0 | 0.453 | 0.547 |
| 10:30-3rd |  | 65.0 | 62.0 | 0.492 | 0.508 |
| 10:23-3rd |  | 65.0 | 62.0 | 0.464 | 0.536 |
| 10:21-3rd |  | 65.0 | 62.0 | 0.494 | 0.506 |
| 10:09-3rd |  | 65.0 | 62.0 | 0.466 | 0.534 |
| 10:08-3rd |  | 65.0 | 62.0 | 0.456 | 0.544 |
| 10:03-3rd |  | 65.0 | 64.0 | 0.422 | 0.578 |
| 9:51-3rd |  | 67.0 | 64.0 | 0.457 | 0.543 |
| 9:40-3rd |  | 67.0 | 64.0 | 0.491 | 0.509 |
| 9:39-3rd |  | 67.0 | 64.0 | 0.501 | 0.499 |
| 9:28-3rd |  | 67.0 | 64.0 | 0.471 | 0.529 |
| 9:27-3rd |  | 67.0 | 64.0 | 0.46 | 0.54 |
| 9:21-3rd |  | 67.0 | 66.0 | 0.427 | 0.573 |
| 9:02-3rd |  | 70.0 | 66.0 | 0.505 | 0.495 |
| 8:44-3rd |  | 70.0 | 69.0 | 0.431 | 0.569 |
| 8:23-3rd |  | 70.0 | 69.0 | 0.405 | 0.595 |
| 8:22-3rd |  | 70.0 | 69.0 | 0.395 | 0.605 |
| 8:02-3rd |  | 70.0 | 69.0 | 0.427 | 0.573 |
| 8:00-3rd |  | 70.0 | 69.0 | 0.398 | 0.602 |
| 7:56-3rd |  | 70.0 | 72.0 | 0.328 | 0.672 |
| 7:55-3rd |  | 70.0 | 72.0 | 0.328 | 0.672 |
| 7:39-3rd |  | 70.0 | 72.0 | 0.303 | 0.697 |
| 7:36-3rd |  | 70.0 | 72.0 | 0.295 | 0.705 |
| 7:18-3rd |  | 70.0 | 72.0 | 0.296 | 0.704 |
| 7:13-3rd |  | 70.0 | 72.0 | 0.331 | 0.669 |
| 6:59-3rd |  | 72.0 | 72.0 | 0.366 | 0.634 |
| 6:37-3rd |  | 72.0 | 72.0 | 0.409 | 0.591 |
| 6:25-3rd |  | 72.0 | 72.0 | 0.379 | 0.621 |
| 6:24-3rd |  | 72.0 | 72.0 | 0.369 | 0.631 |
| 6:19-3rd |  | 72.0 | 73.0 | 0.373 | 0.627 |
| 6:06-3rd |  | 74.0 | 73.0 | 0.41 | 0.59 |
| 5:51-3rd |  | 74.0 | 75.0 | 0.375 | 0.625 |
| 5:30-3rd |  | 76.0 | 75.0 | 0.414 | 0.586 |
| 5:15-3rd |  | 76.0 | 78.0 | 0.338 | 0.662 |
| 5:02-3rd |  | 76.0 | 78.0 | 0.339 | 0.661 |
| 4:54-3rd |  | 76.0 | 78.0 | 0.302 | 0.698 |
| 4:44-3rd |  | 76.0 | 80.0 | 0.269 | 0.731 |
| 4:35-3rd |  | 76.0 | 80.0 | 0.269 | 0.731 |
| 4:25-3rd |  | 76.0 | 80.0 | 0.323 | 0.677 |
| 4:18-3rd |  | 78.0 | 80.0 | 0.303 | 0.697 |
| 4:00-3rd |  | 78.0 | 80.0 | 0.333 | 0.667 |
| 3:57-3rd |  | 78.0 | 80.0 | 0.343 | 0.657 |
| 3:53-3rd |  | 80.0 | 80.0 | 0.383 | 0.617 |
| 3:33-3rd |  | 80.0 | 80.0 | 0.426 | 0.574 |
| 3:28-3rd |  | 82.0 | 80.0 | 0.471 | 0.529 |
| 3:27-3rd |  | 82.0 | 80.0 | 0.471 | 0.529 |
| 3:08-3rd |  | 82.0 | 82.0 | 0.429 | 0.571 |
| 2:49-3rd |  | 82.0 | 82.0 | 0.4 | 0.6 |
| 2:48-3rd |  | 82.0 | 82.0 | 0.431 | 0.569 |
| 2:47-3rd |  | 84.0 | 82.0 | 0.477 | 0.523 |
| 2:21-3rd |  | 84.0 | 82.0 | 0.516 | 0.484 |
| 2:20-3rd |  | 84.0 | 82.0 | 0.528 | 0.472 |
| 2:15-3rd |  | 86.0 | 82.0 | 0.573 | 0.427 |
| 2:01-3rd |  | 86.0 | 83.0 | 0.577 | 0.423 |
| 1:50-3rd |  | 86.0 | 83.0 | 0.531 | 0.469 |
| 1:36-3rd |  | 86.0 | 85.0 | 0.49 | 0.51 |
| 1:18-3rd |  | 88.0 | 85.0 | 0.536 | 0.464 |
| 1:06-3rd |  | 88.0 | 88.0 | 0.441 | 0.559 |
| 46.0-3rd |  | 88.0 | 88.0 | 0.402 | 0.598 |
| 33.1-3rd |  | 88.0 | 89.0 | 0.401 | 0.599 |
| 29.1-3rd |  | 89.0 | 89.0 | 0.403 | 0.597 |
| 13.1-3rd |  | 89.0 | 89.0 | 0.437 | 0.563 |
| 12.0-3rd |  | 89.0 | 89.0 | 0.404 | 0.596 |
| 10.1-3rd |  | 89.0 | 91.0 | 0.355 | 0.645 |
| 3.0-3rd |  | 92.0 | 91.0 | 0.45 | 0.55 |
| 0.0-3rd |  | 92.0 | 91.0 | 0.478 | 0.522 |
| 12:00-4th |  | 92.0 | 91.0 | 0.478 | 0.522 |
| 11:45-4th |  | 92.0 | 91.0 | 0.462 | 0.538 |
| 11:43-4th |  | 92.0 | 91.0 | 0.449 | 0.551 |
| 11:29-4th |  | 92.0 | 91.0 | 0.491 | 0.509 |
| 11:28-4th |  | 92.0 | 91.0 | 0.504 | 0.496 |
| 11:13-4th |  | 92.0 | 91.0 | 0.453 | 0.547 |
| 11:10-4th |  | 92.0 | 93.0 | 0.411 | 0.589 |
| 10:53-4th |  | 92.0 | 93.0 | 0.374 | 0.626 |
| 10:50-4th |  | 92.0 | 93.0 | 0.361 | 0.639 |
| 10:41-4th |  | 92.0 | 95.0 | 0.309 | 0.691 |
| 10:26-4th |  | 92.0 | 95.0 | 0.271 | 0.729 |
| 10:25-4th |  | 92.0 | 95.0 | 0.309 | 0.691 |
| 10:22-4th |  | 93.0 | 95.0 | 0.31 | 0.69 |
| 10:00-4th |  | 93.0 | 95.0 | 0.351 | 0.649 |
| 9:59-4th |  | 93.0 | 95.0 | 0.364 | 0.636 |
| 9:49-4th |  | 93.0 | 95.0 | 0.324 | 0.676 |
| 9:47-4th |  | 93.0 | 95.0 | 0.31 | 0.69 |
| 9:35-4th |  | 93.0 | 95.0 | 0.351 | 0.649 |
| 9:34-4th |  | 93.0 | 95.0 | 0.352 | 0.648 |
| 9:32-4th |  | 93.0 | 95.0 | 0.365 | 0.635 |
| 9:27-4th |  | 93.0 | 95.0 | 0.366 | 0.634 |
| 9:12-4th |  | 93.0 | 95.0 | 0.31 | 0.69 |
| 9:04-4th |  | 93.0 | 95.0 | 0.367 | 0.633 |
| 8:59-4th |  | 95.0 | 95.0 | 0.415 | 0.585 |
| 8:34-4th |  | 95.0 | 98.0 | 0.315 | 0.685 |
| 8:20-4th |  | 96.0 | 98.0 | 0.369 | 0.631 |
| 8:06-4th |  | 96.0 | 98.0 | 0.325 | 0.675 |
| 8:05-4th |  | 96.0 | 98.0 | 0.31 | 0.69 |
| 7:53-4th |  | 96.0 | 100.0 | 0.262 | 0.738 |
| 7:36-4th |  | 99.0 | 100.0 | 0.364 | 0.636 |
| 7:22-4th |  | 99.0 | 100.0 | 0.41 | 0.59 |
| 7:21-4th |  | 99.0 | 100.0 | 0.425 | 0.575 |
| 7:07-4th |  | 102.0 | 100.0 | 0.548 | 0.452 |
| 6:51-4th |  | 102.0 | 102.0 | 0.492 | 0.508 |
| 6:34-4th |  | 102.0 | 102.0 | 0.426 | 0.574 |
| 6:30-4th |  | 102.0 | 102.0 | 0.426 | 0.574 |
| 6:21-4th |  | 102.0 | 102.0 | 0.479 | 0.521 |
| 6:20-4th |  | 102.0 | 102.0 | 0.427 | 0.573 |
| 6:16-4th |  | 102.0 | 104.0 | 0.36 | 0.64 |
| 6:02-4th |  | 102.0 | 104.0 | 0.31 | 0.69 |
| 6:01-4th |  | 102.0 | 104.0 | 0.293 | 0.707 |
| 5:47-4th |  | 102.0 | 104.0 | 0.36 | 0.64 |
| 5:38-4th |  | 104.0 | 104.0 | 0.422 | 0.578 |
| 5:27-4th |  | 104.0 | 104.0 | 0.498 | 0.502 |
| 5:22-4th |  | 104.0 | 104.0 | 0.516 | 0.484 |
| 5:18-4th |  | 104.0 | 104.0 | 0.449 | 0.551 |
| 5:17-4th |  | 104.0 | 104.0 | 0.43 | 0.57 |
| 4:59-4th | TARGET | 104.0 | 107.0 | 0.29 | 0.71 |
| 4:43-4th |  | 104.0 | 107.0 | 0.242 | 0.758 |
| 4:42-4th |  | 104.0 | 107.0 | 0.227 | 0.773 |
| 4:28-4th |  | 104.0 | 107.0 | 0.276 | 0.724 |
| 4:12-4th |  | 106.0 | 107.0 | 0.339 | 0.661 |
| 3:54-4th |  | 106.0 | 107.0 | 0.396 | 0.604 |
| 3:52-4th |  | 106.0 | 107.0 | 0.338 | 0.662 |
| 3:48-4th |  | 106.0 | 109.0 | 0.271 | 0.729 |
| 3:34-4th |  | 106.0 | 109.0 | 0.22 | 0.78 |
| 3:33-4th |  | 106.0 | 109.0 | 0.268 | 0.732 |
| 3:32-4th |  | 107.0 | 109.0 | 0.273 | 0.727 |
| 3:21-4th |  | 107.0 | 109.0 | 0.326 | 0.674 |
| 3:19-4th |  | 107.0 | 109.0 | 0.269 | 0.731 |
| 3:15-4th |  | 107.0 | 110.0 | 0.273 | 0.727 |
| 3:08-4th |  | 107.0 | 110.0 | 0.237 | 0.763 |
| 3:07-4th |  | 107.0 | 110.0 | 0.288 | 0.712 |
| 3:06-4th |  | 108.0 | 110.0 | 0.283 | 0.717 |
| 2:47-4th |  | 108.0 | 110.0 | 0.342 | 0.658 |
| 2:46-4th |  | 108.0 | 110.0 | 0.362 | 0.638 |
| 2:37-4th |  | 108.0 | 110.0 | 0.276 | 0.724 |
| 2:32-4th |  | 108.0 | 112.0 | 0.211 | 0.789 |
| 2:30-4th |  | 108.0 | 112.0 | 0.21 | 0.79 |
| 2:09-4th |  | 108.0 | 112.0 | 0.142 | 0.858 |
| 1:53-4th |  | 108.0 | 112.0 | 0.181 | 0.819 |
| 1:52-4th |  | 108.0 | 112.0 | 0.196 | 0.804 |
| 1:36-4th |  | 108.0 | 112.0 | 0.145 | 0.855 |
| 1:35-4th |  | 108.0 | 112.0 | 0.129 | 0.871 |
| 1:31-4th |  | 108.0 | 113.0 | 0.13 | 0.87 |
| 1:30-4th |  | 108.0 | 113.0 | 0.13 | 0.87 |
| 1:29-4th |  | 108.0 | 113.0 | 0.13 | 0.87 |
| 1:18-4th |  | 110.0 | 113.0 | 0.176 | 0.824 |
| 59.0-4th |  | 110.0 | 116.0 | 0.074 | 0.926 |
| 54.1-4th |  | 112.0 | 116.0 | 0.11 | 0.89 |
| 37.0-4th |  | 112.0 | 118.0 | 0.054 | 0.946 |
| 29.0-4th |  | 112.0 | 118.0 | 0.028 | 0.972 |
| 28.0-4th |  | 112.0 | 118.0 | 0.021 | 0.979 |
| 23.1-4th |  | 112.0 | 119.0 | 0.019 | 0.981 |
| 22.2-4th |  | 112.0 | 119.0 | 0.018 | 0.982 |
| 21.2-4th |  | 112.0 | 119.0 | 0.017 | 0.983 |
| 21.0-4th |  | 113.0 | 119.0 | 0.015 | 0.985 |
| 20.1-4th |  | 113.0 | 119.0 | 0.014 | 0.986 |
| 15.0-4th |  | 113.0 | 119.0 | 0.009 | 0.991 |
| 9.0-4th |  | 113.0 | 121.0 | 0.002 | 0.998 |
| 2.1-4th |  | 115.0 | 121.0 | 0.002 | 0.998 |
| 0.0-4th |  | 115.0 | 121.0 | 0.0 | 1.0 |

Question

Which event most likely happened at the marked missing position?

Answer Choices

A. Player 9 (Team A) makes 25-foot three point jumper (Player 17 (Team B) assists)
B. Player 9 (Team A) lost ball turnover (Player 9 (Team B) steals)
C. Player 18 (Team A) shooting foul | Dwane Casey technical foul (1st technical foul) | Player 2 (Team B) makes technical free throw | Player 5 (Team B) makes free throw 1 of 2 | Player 5 (Team B) makes free throw 2 of 2
D. Player 11 (Team B) makes 26-foot three point jumper (Player 15 (Team B) assists)

Response Format

Return exactly one JSON object:

{
  "answer": "<A|B|C|D>",
  "rationale": "<brief evidence-based justification in 1-3 sentences>",
  "evidence_event_ids": [],
  "evidence_series_times": []
}

Use only event IDs and time labels that are provided above and that support the answer. Use an empty array when the corresponding evidence type is unavailable or unused. Return only the JSON object.
