Task

Reconstruct the missing event in this basketball game. Use the available numerical time-series evidence around the marked row to select the most likely event.

Game

Team A versus Team B, season 22-23.

Time Series

| Game time | Marker | Team A score | Team B score | Team A win probability | Team B win probability |
| --- | --- | --- | --- | --- | --- |
| 12:00-1st |  | 0 | 0 | 0.124 | 0.876 |
| 11:39-1st |  | 0 | 0 | 0.119 | 0.881 |
| 11:32-1st |  | 0 | 0 | 0.126 | 0.874 |
| 11:31-1st |  | 0 | 0 | 0.12 | 0.88 |
| 11:27-1st |  | 0 | 0 | 0.118 | 0.882 |
| 11:24-1st |  | 0 | 2 | 0.107 | 0.893 |
| 11:19-1st |  | 0 | 0 | 0.119 | 0.881 |
| 11:11-1st |  | 0 | 0 | 0.126 | 0.874 |
| 11:09-1st |  | 0 | 0 | 0.128 | 0.872 |
| 10:59-1st |  | 3 | 2 | 0.13 | 0.87 |
| 10:42-1st |  | 3 | 2 | 0.146 | 0.854 |
| 10:35-1st |  | 3 | 2 | 0.143 | 0.857 |
| 10:30-1st |  | 3 | 2 | 0.147 | 0.853 |
| 10:28-1st |  | 3 | 2 | 0.132 | 0.868 |
| 10:23-1st |  | 3 | 4 | 0.122 | 0.878 |
| 10:09-1st |  | 3 | 4 | 0.11 | 0.89 |
| 9:58-1st |  | 3 | 6 | 0.103 | 0.897 |
| 9:49-1st |  | 5 | 6 | 0.112 | 0.888 |
| 9:35-1st |  | 5 | 8 | 0.105 | 0.895 |
| 9:17-1st |  | 5 | 8 | 0.095 | 0.905 |
| 9:03-1st |  | 5 | 8 | 0.104 | 0.896 |
| 9:00-1st |  | 7 | 8 | 0.117 | 0.883 |
| 8:46-1st |  | 7 | 8 | 0.129 | 0.871 |
| 8:33-1st |  | 10 | 8 | 0.155 | 0.845 |
| 8:16-1st |  | 10 | 10 | 0.143 | 0.857 |
| 8:02-1st |  | 12 | 10 | 0.158 | 0.842 |
| 7:45-1st |  | 12 | 10 | 0.17 | 0.83 |
| 7:42-1st |  | 12 | 10 | 0.16 | 0.84 |
| 7:41-1st |  | 12 | 10 | 0.171 | 0.829 |
| 7:39-1st |  | 12 | 10 | 0.16 | 0.84 |
| 7:36-1st |  | 12 | 10 | 0.171 | 0.829 |
| 7:34-1st |  | 12 | 10 | 0.175 | 0.825 |
| 7:26-1st |  | 12 | 10 | 0.165 | 0.835 |
| 7:24-1st |  | 12 | 10 | 0.176 | 0.824 |
| 7:23-1st |  | 14 | 10 | 0.192 | 0.808 |
| 7:06-1st |  | 14 | 10 | 0.212 | 0.788 |
| 6:59-1st |  | 14 | 10 | 0.199 | 0.801 |
| 6:56-1st |  | 14 | 10 | 0.195 | 0.805 |
| 6:54-1st |  | 14 | 13 | 0.164 | 0.836 |
| 6:33-1st |  | 14 | 13 | 0.156 | 0.844 |
| 6:29-1st |  | 14 | 13 | 0.153 | 0.847 |
| 6:10-1st |  | 14 | 13 | 0.165 | 0.835 |
| 6:07-1st |  | 14 | 13 | 0.169 | 0.831 |
| 6:04-1st |  | 14 | 13 | 0.155 | 0.845 |
| 5:53-1st |  | 14 | 15 | 0.143 | 0.857 |
| 5:35-1st |  | 17 | 15 | 0.173 | 0.827 |
| 5:16-1st |  | 17 | 15 | 0.187 | 0.813 |
| 5:13-1st |  | 17 | 15 | 0.192 | 0.808 |
| 5:11-1st |  | 17 | 15 | 0.191 | 0.809 |
| 5:02-1st |  | 17 | 15 | 0.18 | 0.82 |
| 5:00-1st |  | 17 | 15 | 0.176 | 0.824 |
| 4:51-1st |  | 17 | 18 | 0.148 | 0.852 |
| 4:28-1st |  | 17 | 18 | 0.137 | 0.863 |
| 4:16-1st |  | 17 | 18 | 0.148 | 0.852 |
| 4:12-1st |  | 17 | 18 | 0.151 | 0.849 |
| 4:06-1st |  | 19 | 18 | 0.165 | 0.835 |
| 3:49-1st |  | 19 | 21 | 0.14 | 0.86 |
| 3:40-1st |  | 19 | 21 | 0.13 | 0.87 |
| 3:37-1st |  | 19 | 21 | 0.127 | 0.873 |
| 3:26-1st |  | 19 | 21 | 0.138 | 0.862 |
| 3:22-1st |  | 19 | 21 | 0.142 | 0.858 |
| 3:09-1st |  | 19 | 21 | 0.129 | 0.871 |
| 3:05-1st |  | 19 | 21 | 0.129 | 0.871 |
| 2:56-1st |  | 19 | 22 | 0.13 | 0.87 |
| 2:53-1st |  | 19 | 22 | 0.131 | 0.869 |
| 2:33-1st |  | 19 | 22 | 0.132 | 0.868 |
| 2:16-1st |  | 21 | 22 | 0.146 | 0.854 |
| 2:00-1st |  | 21 | 24 | 0.135 | 0.865 |
| 1:53-1st |  | 21 | 24 | 0.123 | 0.877 |
| 1:44-1st |  | 21 | 26 | 0.111 | 0.889 |
| 1:43-1st |  | 21 | 26 | 0.111 | 0.889 |
| 1:29-1st |  | 21 | 26 | 0.1 | 0.9 |
| 1:17-1st |  | 21 | 26 | 0.11 | 0.89 |
| 1:14-1st |  | 21 | 26 | 0.113 | 0.887 |
| 1:11-1st |  | 23 | 26 | 0.126 | 0.874 |
| 47.1-1st |  | 23 | 26 | 0.137 | 0.863 |
| 45.0-1st |  | 23 | 26 | 0.141 | 0.859 |
| 42.0-1st |  | 25 | 26 | 0.154 | 0.846 |
| 26.0-1st |  | 25 | 26 | 0.168 | 0.832 |
| 21.1-1st |  | 25 | 26 | 0.173 | 0.827 |
| 19.2-1st |  | 28 | 26 | 0.208 | 0.792 |
| 4.2-1st |  | 28 | 26 | 0.182 | 0.818 |
| 0.0-1st |  | 28 | 28 | 0.184 | 0.816 |
| 11:38-2nd |  | 28 | 31 | 0.146 | 0.854 |
| 11:23-2nd |  | 30 | 31 | 0.16 | 0.84 |
| 11:18-2nd |  | 30 | 32 | 0.162 | 0.838 |
| 11:04-2nd |  | 33 | 32 | 0.198 | 0.802 |
| 10:51-2nd |  | 33 | 32 | 0.221 | 0.779 |
| 10:48-2nd |  | 35 | 32 | 0.24 | 0.76 |
| 10:25-2nd |  | 35 | 34 | 0.223 | 0.777 |
| 10:14-2nd |  | 38 | 34 | 0.267 | 0.733 |
| 9:58-2nd |  | 38 | 34 | 0.289 | 0.711 |
| 9:54-2nd |  | 38 | 34 | 0.296 | 0.704 |
| 9:53-2nd |  | 41 | 34 | 0.347 | 0.653 |
| 9:39-2nd |  | 41 | 34 | 0.351 | 0.649 |
| 9:33-2nd |  | 41 | 34 | 0.375 | 0.625 |
| 9:30-2nd |  | 41 | 34 | 0.383 | 0.617 |
| 9:26-2nd |  | 41 | 34 | 0.361 | 0.639 |
| 9:22-2nd |  | 41 | 34 | 0.385 | 0.615 |
| 9:16-2nd |  | 41 | 34 | 0.357 | 0.643 |
| 9:06-2nd |  | 41 | 34 | 0.387 | 0.613 |
| 9:03-2nd |  | 41 | 34 | 0.435 | 0.565 |
| 8:51-2nd |  | 43 | 34 | 0.419 | 0.581 |
| 8:30-2nd |  | 43 | 34 | 0.424 | 0.576 |
| 8:25-2nd |  | 43 | 36 | 0.396 | 0.604 |
| 8:05-2nd |  | 46 | 36 | 0.462 | 0.538 |
| 7:51-2nd |  | 46 | 37 | 0.436 | 0.564 |
| 7:38-2nd |  | 46 | 37 | 0.415 | 0.585 |
| 7:35-2nd |  | 46 | 37 | 0.407 | 0.593 |
| 7:27-2nd |  | 46 | 37 | 0.466 | 0.534 |
| 7:26-2nd |  | 46 | 39 | 0.411 | 0.589 |
| 7:06-2nd |  | 48 | 39 | 0.414 | 0.586 |
| 6:51-2nd |  | 48 | 39 | 0.476 | 0.524 |
| 6:47-2nd |  | 48 | 39 | 0.485 | 0.515 |
| 6:41-2nd |  | 48 | 39 | 0.462 | 0.538 |
| 6:38-2nd |  | 48 | 39 | 0.454 | 0.546 |
| 6:34-2nd |  | 48 | 41 | 0.424 | 0.576 |
| 6:25-2nd |  | 48 | 41 | 0.401 | 0.599 |
| 6:24-2nd |  | 49 | 41 | 0.424 | 0.576 |
| 6:21-2nd |  | 49 | 41 | 0.425 | 0.575 |
| 6:04-2nd |  | 49 | 41 | 0.453 | 0.547 |
| 6:01-2nd |  | 50 | 41 | 0.464 | 0.536 |
| 5:46-2nd |  | 51 | 43 | 0.466 | 0.534 |
| 5:36-2nd |  | 54 | 43 | 0.538 | 0.462 |
| 5:21-2nd |  | 54 | 43 | 0.57 | 0.43 |
| 5:17-2nd |  | 54 | 43 | 0.543 | 0.457 |
| 5:10-2nd |  | 54 | 45 | 0.511 | 0.489 |
| 4:54-2nd |  | 54 | 45 | 0.49 | 0.51 |
| 4:52-2nd |  | 54 | 45 | 0.482 | 0.518 |
| 4:46-2nd |  | 54 | 45 | 0.517 | 0.483 |
| 4:42-2nd |  | 56 | 45 | 0.553 | 0.447 |
| 4:26-2nd |  | 56 | 47 | 0.522 | 0.478 |
| 4:02-2nd |  | 56 | 47 | 0.503 | 0.497 |
| 3:59-2nd |  | 56 | 47 | 0.495 | 0.505 |
| 3:57-2nd |  | 56 | 47 | 0.53 | 0.47 |
| 3:47-2nd |  | 56 | 47 | 0.507 | 0.493 |
| 3:44-2nd |  | 56 | 47 | 0.5 | 0.5 |
| 3:38-2nd |  | 56 | 49 | 0.468 | 0.532 |
| 3:33-2nd |  | 56 | 49 | 0.469 | 0.531 |
| 3:24-2nd |  | 56 | 49 | 0.444 | 0.556 |
| 3:21-2nd |  | 56 | 49 | 0.435 | 0.565 |
| 3:14-2nd |  | 56 | 50 | 0.434 | 0.566 |
| 2:56-2nd |  | 56 | 50 | 0.413 | 0.587 |
| 2:53-2nd |  | 56 | 50 | 0.405 | 0.595 |
| 2:43-2nd |  | 56 | 52 | 0.379 | 0.621 |
| 2:28-2nd |  | 56 | 52 | 0.346 | 0.654 |
| 2:17-2nd |  | 56 | 52 | 0.375 | 0.625 |
| 2:14-2nd |  | 56 | 52 | 0.385 | 0.615 |
| 2:07-2nd |  | 58 | 52 | 0.415 | 0.585 |
| 1:51-2nd |  | 58 | 52 | 0.455 | 0.545 |
| 1:43-2nd |  | 59 | 52 | 0.459 | 0.541 |
| 1:27-2nd |  | 59 | 54 | 0.428 | 0.572 |
| 1:14-2nd |  | 59 | 54 | 0.395 | 0.605 |
| 58.0-2nd |  | 59 | 57 | 0.332 | 0.668 |
| 48.1-2nd |  | 59 | 57 | 0.312 | 0.688 |
| 45.1-2nd |  | 59 | 57 | 0.306 | 0.694 |
| 42.1-2nd |  | 59 | 59 | 0.278 | 0.722 |
| 23.1-2nd |  | 61 | 59 | 0.309 | 0.691 |
| 2.1-2nd |  | 61 | 59 | 0.344 | 0.656 |
| 0.0-2nd |  | 61 | 59 | 0.33 | 0.67 |
| 12:00-3rd |  | 61 | 59 | 0.33 | 0.67 |
| 11:48-3rd |  | 61 | 59 | 0.34 | 0.66 |
| 11:45-3rd |  | 61 | 59 | 0.348 | 0.652 |
| 11:42-3rd |  | 63 | 59 | 0.38 | 0.62 |
| 11:28-3rd |  | 63 | 59 | 0.411 | 0.589 |
| 11:25-3rd |  | 63 | 59 | 0.384 | 0.616 |
| 11:23-3rd |  | 63 | 59 | 0.412 | 0.588 |
| 11:20-3rd |  | 63 | 59 | 0.422 | 0.578 |
| 11:15-3rd |  | 63 | 59 | 0.395 | 0.605 |
| 11:09-3rd |  | 63 | 59 | 0.387 | 0.613 |
| 11:04-3rd |  | 63 | 59 | 0.416 | 0.584 |
| 11:01-3rd |  | 63 | 59 | 0.426 | 0.574 |
| 10:46-3rd |  | 63 | 59 | 0.402 | 0.598 |
| 10:43-3rd |  | 63 | 59 | 0.393 | 0.607 |
| 10:34-3rd |  | 63 | 59 | 0.423 | 0.577 |
| 10:31-3rd |  | 63 | 59 | 0.396 | 0.604 |
| 10:28-3rd |  | 63 | 61 | 0.363 | 0.637 |
| 10:10-3rd |  | 63 | 61 | 0.365 | 0.635 |
| 9:55-3rd |  | 63 | 61 | 0.342 | 0.658 |
| 9:52-3rd |  | 63 | 61 | 0.333 | 0.667 |
| 9:48-3rd |  | 63 | 61 | 0.361 | 0.639 |
| 9:47-3rd |  | 63 | 61 | 0.361 | 0.639 |
| 9:43-3rd |  | 63 | 61 | 0.371 | 0.629 |
| 9:31-3rd |  | 66 | 61 | 0.445 | 0.555 |
| 9:13-3rd |  | 66 | 64 | 0.377 | 0.623 |
| 8:54-3rd |  | 68 | 64 | 0.418 | 0.582 |
| 8:40-3rd |  | 68 | 64 | 0.449 | 0.551 |
| 8:36-3rd |  | 68 | 64 | 0.46 | 0.54 |
| 8:15-3rd |  | 71 | 64 | 0.546 | 0.454 |
| 7:52-3rd |  | 71 | 66 | 0.511 | 0.489 |
| 7:43-3rd |  | 74 | 66 | 0.595 | 0.405 |
| 7:26-3rd |  | 74 | 66 | 0.599 | 0.401 |
| 7:11-3rd |  | 74 | 68 | 0.565 | 0.435 |
| 7:02-3rd |  | 74 | 68 | 0.522 | 0.478 |
| 6:57-3rd |  | 74 | 70 | 0.485 | 0.515 |
| 6:44-3rd |  | 76 | 70 | 0.528 | 0.472 |
| 6:25-3rd |  | 76 | 72 | 0.493 | 0.507 |
| 6:19-3rd |  | 76 | 72 | 0.452 | 0.548 |
| 6:15-3rd |  | 76 | 74 | 0.414 | 0.586 |
| 5:54-3rd |  | 76 | 74 | 0.389 | 0.611 |
| 5:52-3rd |  | 76 | 74 | 0.379 | 0.621 |
| 5:41-3rd |  | 76 | 76 | 0.344 | 0.656 |
| 5:14-3rd |  | 78 | 76 | 0.386 | 0.614 |
| 5:00-3rd |  | 78 | 78 | 0.351 | 0.649 |
| 4:43-3rd |  | 78 | 78 | 0.324 | 0.676 |
| 4:40-3rd |  | 78 | 78 | 0.315 | 0.685 |
| 4:37-3rd |  | 78 | 80 | 0.28 | 0.72 |
| 4:25-3rd |  | 80 | 80 | 0.317 | 0.683 |
| 4:04-3rd |  | 80 | 80 | 0.36 | 0.64 |
| 3:57-3rd |  | 82 | 80 | 0.401 | 0.599 |
| 3:37-3rd |  | 82 | 80 | 0.438 | 0.562 |
| 3:34-3rd |  | 82 | 80 | 0.449 | 0.551 |
| 3:26-3rd |  | 83 | 80 | 0.451 | 0.549 |
| 3:04-3rd |  | 83 | 80 | 0.39 | 0.61 |
| 2:50-3rd |  | 83 | 80 | 0.507 | 0.493 |
| 2:28-3rd |  | 83 | 80 | 0.475 | 0.525 |
| 2:24-3rd |  | 83 | 80 | 0.464 | 0.536 |
| 2:16-3rd |  | 83 | 80 | 0.503 | 0.497 |
| 2:12-3rd |  | 83 | 80 | 0.517 | 0.483 |
| 2:05-3rd |  | 83 | 80 | 0.481 | 0.519 |
| 2:03-3rd |  | 83 | 80 | 0.469 | 0.531 |
| 1:57-3rd |  | 83 | 80 | 0.508 | 0.492 |
| 1:55-3rd |  | 83 | 80 | 0.521 | 0.479 |
| 1:48-3rd |  | 83 | 80 | 0.473 | 0.527 |
| 1:37-3rd | TARGET | 83 | 83 | 0.343 | 0.657 |
| 1:26-3rd |  | 83 | 83 | 0.375 | 0.625 |
| 1:23-3rd |  | 83 | 83 | 0.386 | 0.614 |
| 1:07-3rd |  | 85 | 83 | 0.438 | 0.562 |
| 45.1-3rd |  | 85 | 83 | 0.478 | 0.522 |
| 44.0-3rd |  | 85 | 83 | 0.444 | 0.556 |
| 43.0-3rd |  | 85 | 85 | 0.393 | 0.607 |
| 30.1-3rd |  | 85 | 85 | 0.363 | 0.637 |
| 25.1-3rd |  | 85 | 85 | 0.396 | 0.604 |
| 22.1-3rd |  | 87 | 85 | 0.446 | 0.554 |
| 16.1-3rd |  | 87 | 86 | 0.448 | 0.552 |
| 0.0-3rd |  | 87 | 86 | 0.428 | 0.572 |
| 12:00-4th |  | 87 | 86 | 0.428 | 0.572 |
| 11:36-4th |  | 87 | 86 | 0.402 | 0.598 |
| 11:16-4th |  | 87 | 87 | 0.404 | 0.596 |
| 11:06-4th |  | 89 | 87 | 0.454 | 0.546 |
| 10:52-4th |  | 89 | 89 | 0.409 | 0.591 |
| 10:39-4th |  | 89 | 89 | 0.343 | 0.657 |
| 10:29-4th |  | 89 | 92 | 0.265 | 0.735 |
| 10:07-4th |  | 89 | 92 | 0.222 | 0.778 |
| 9:54-4th |  | 89 | 92 | 0.268 | 0.732 |
| 9:36-4th |  | 89 | 92 | 0.235 | 0.765 |
| 9:33-4th |  | 89 | 92 | 0.223 | 0.777 |
| 9:16-4th |  | 89 | 92 | 0.211 | 0.789 |
| 9:11-4th |  | 89 | 94 | 0.182 | 0.818 |
| 8:58-4th |  | 91 | 94 | 0.218 | 0.782 |
| 8:39-4th |  | 91 | 94 | 0.157 | 0.843 |
| 8:23-4th |  | 91 | 94 | 0.247 | 0.753 |
| 8:20-4th |  | 91 | 94 | 0.258 | 0.742 |
| 8:10-4th |  | 93 | 94 | 0.3 | 0.7 |
| 7:52-4th |  | 93 | 95 | 0.305 | 0.695 |
| 7:45-4th |  | 93 | 95 | 0.318 | 0.682 |
| 7:40-4th |  | 93 | 95 | 0.26 | 0.74 |
| 7:29-4th |  | 93 | 95 | 0.311 | 0.689 |
| 7:25-4th |  | 93 | 95 | 0.26 | 0.74 |
| 7:12-4th |  | 93 | 95 | 0.299 | 0.701 |
| 7:10-4th |  | 93 | 97 | 0.215 | 0.785 |
| 6:56-4th |  | 93 | 97 | 0.18 | 0.82 |
| 6:53-4th |  | 93 | 97 | 0.168 | 0.832 |
| 6:41-4th |  | 93 | 99 | 0.135 | 0.865 |
| 6:36-4th |  | 93 | 99 | 0.134 | 0.866 |
| 6:14-4th |  | 93 | 99 | 0.106 | 0.894 |
| 6:12-4th |  | 93 | 99 | 0.097 | 0.903 |
| 6:03-4th |  | 93 | 99 | 0.121 | 0.879 |
| 6:01-4th |  | 93 | 99 | 0.129 | 0.871 |
| 5:59-4th |  | 93 | 99 | 0.104 | 0.896 |
| 5:52-4th |  | 95 | 99 | 0.161 | 0.839 |
| 5:33-4th |  | 95 | 99 | 0.196 | 0.804 |
| 5:29-4th |  | 95 | 99 | 0.159 | 0.841 |
| 5:21-4th |  | 95 | 99 | 0.195 | 0.805 |
| 5:20-4th |  | 95 | 99 | 0.207 | 0.793 |
| 5:12-4th |  | 95 | 99 | 0.157 | 0.843 |
| 5:03-4th |  | 95 | 99 | 0.206 | 0.794 |
| 4:55-4th |  | 95 | 99 | 0.155 | 0.845 |
| 4:54-4th |  | 95 | 100 | 0.157 | 0.843 |
| 4:51-4th |  | 95 | 100 | 0.157 | 0.843 |
| 4:40-4th |  | 95 | 100 | 0.114 | 0.886 |
| 4:22-4th |  | 95 | 100 | 0.143 | 0.857 |
| 4:19-4th |  | 95 | 100 | 0.153 | 0.847 |
| 4:06-4th |  | 95 | 100 | 0.119 | 0.881 |
| 4:01-4th |  | 95 | 100 | 0.107 | 0.893 |
| 3:59-4th |  | 95 | 102 | 0.078 | 0.922 |
| 3:54-4th |  | 97 | 102 | 0.109 | 0.891 |
| 3:37-4th |  | 97 | 105 | 0.051 | 0.949 |
| 3:22-4th |  | 99 | 105 | 0.069 | 0.931 |
| 3:02-4th |  | 99 | 105 | 0.09 | 0.91 |
| 3:00-4th |  | 99 | 105 | 0.063 | 0.937 |
| 2:54-4th |  | 99 | 105 | 0.087 | 0.913 |
| 2:51-4th |  | 99 | 105 | 0.095 | 0.905 |
| 2:46-4th |  | 99 | 105 | 0.068 | 0.932 |
| 2:45-4th |  | 99 | 105 | 0.067 | 0.933 |
| 2:44-4th |  | 99 | 105 | 0.058 | 0.942 |
| 2:41-4th |  | 99 | 107 | 0.039 | 0.961 |
| 2:35-4th |  | 99 | 107 | 0.024 | 0.976 |
| 2:19-4th |  | 99 | 110 | 0.008 | 0.992 |
| 2:08-4th |  | 101 | 110 | 0.011 | 0.989 |
| 1:52-4th |  | 101 | 113 | 0.003 | 0.997 |
| 1:36-4th |  | 101 | 113 | 0.002 | 0.998 |
| 1:33-4th |  | 101 | 113 | 0.002 | 0.998 |
| 1:30-4th |  | 101 | 113 | 0.001 | 0.999 |
| 1:15-4th |  | 101 | 115 | 0.001 | 0.999 |
| 1:06-4th |  | 101 | 115 | 0.001 | 0.999 |
| 1:03-4th |  | 101 | 115 | 0.001 | 0.999 |
| 53.2-4th |  | 103 | 115 | 0.001 | 0.999 |
| 29.2-4th |  | 103 | 115 | 0.001 | 0.999 |
| 25.0-4th |  | 105 | 115 | 0.001 | 0.999 |
| 10.1-4th |  | 105 | 115 | 0.001 | 0.999 |
| 1.1-4th |  | 105 | 115 | 0.001 | 0.999 |
| 0.0-4th |  | 105 | 115 | 0.0 | 1.0 |

Question

Which event most likely happened at the marked missing position?

Answer Choices

A. Player 6 (Team A) flagrant foul type 1 | Player 1 (Team B) makes free throw flagrant 1 of 3 | Player 1 (Team B) makes free throw flagrant 2 of 3 | Player 14 (Team A) enters the game for Player 8 (Team A) | Player 1 (Team B) makes free throw flagrant 3 of 3
B. Player 6 (Team B) flagrant foul type 1
C. Player 4 (Team B) lost ball turnover (Player 11 (Team A) steals)
D. Player 6 (Team A) makes 16-foot two point shot

Response Format

Return exactly one JSON object:

{
  "answer": "<A|B|C|D>",
  "rationale": "<brief evidence-based justification in 1-3 sentences>",
  "evidence_event_ids": [],
  "evidence_series_times": []
}

Use only event IDs and time labels that are provided above and that support the answer. Use an empty array when the corresponding evidence type is unavailable or unused. Return only the JSON object.
