Task

Reconstruct the missing event in this basketball game. Use the available numerical time-series evidence around the marked row to select the most likely event.

Game

Team A versus Team B, season 22-23.

Time Series

| Game time | Marker | Team A score | Team B score | Team A win probability | Team B win probability |
| --- | --- | --- | --- | --- | --- |
| 12:00-1st |  | 0.0 | 0.0 | 0.222 | 0.778 |
| 11:35-1st |  | 0.0 | 0.0 | 0.21 | 0.79 |
| 11:14-1st |  | 0.0 | 0.0 | 0.222 | 0.778 |
| 11:09-1st |  | 0.0 | 0.0 | 0.226 | 0.774 |
| 11:00-1st |  | 0.0 | 0.0 | 0.216 | 0.784 |
| 10:59-1st |  | 0.0 | 0.0 | 0.213 | 0.787 |
| 10:40-1st |  | 0.0 | 0.0 | 0.225 | 0.775 |
| 10:38-1st |  | 0.0 | 0.0 | 0.229 | 0.771 |
| 10:26-1st |  | 0.0 | 0.0 | 0.215 | 0.785 |
| 10:19-1st |  | 0.0 | 2.0 | 0.198 | 0.802 |
| 10:01-1st |  | 0.0 | 2.0 | 0.183 | 0.817 |
| 9:47-1st |  | 0.0 | 2.0 | 0.196 | 0.804 |
| 9:43-1st |  | 0.0 | 2.0 | 0.196 | 0.804 |
| 9:42-1st |  | 0.0 | 2.0 | 0.2 | 0.8 |
| 9:36-1st |  | 0.0 | 2.0 | 0.189 | 0.811 |
| 9:33-1st |  | 0.0 | 2.0 | 0.185 | 0.815 |
| 9:30-1st |  | 0.0 | 4.0 | 0.17 | 0.83 |
| 9:12-1st |  | 0.0 | 4.0 | 0.16 | 0.84 |
| 9:10-1st |  | 0.0 | 4.0 | 0.171 | 0.829 |
| 9:08-1st |  | 2.0 | 4.0 | 0.187 | 0.813 |
| 8:53-1st |  | 2.0 | 6.0 | 0.172 | 0.828 |
| 8:29-1st |  | 4.0 | 6.0 | 0.189 | 0.811 |
| 8:06-1st |  | 4.0 | 6.0 | 0.203 | 0.797 |
| 8:04-1st |  | 4.0 | 6.0 | 0.191 | 0.809 |
| 8:03-1st |  | 4.0 | 6.0 | 0.207 | 0.793 |
| 7:49-1st |  | 6.0 | 6.0 | 0.227 | 0.773 |
| 7:30-1st |  | 6.0 | 8.0 | 0.21 | 0.79 |
| 7:13-1st |  | 6.0 | 8.0 | 0.198 | 0.802 |
| 7:10-1st |  | 6.0 | 8.0 | 0.194 | 0.806 |
| 7:03-1st |  | 6.0 | 11.0 | 0.163 | 0.837 |
| 7:02-1st |  | 6.0 | 11.0 | 0.163 | 0.837 |
| 6:41-1st |  | 6.0 | 11.0 | 0.149 | 0.851 |
| 6:22-1st |  | 6.0 | 13.0 | 0.136 | 0.864 |
| 6:01-1st |  | 6.0 | 13.0 | 0.128 | 0.872 |
| 5:59-1st |  | 6.0 | 13.0 | 0.126 | 0.874 |
| 5:54-1st |  | 6.0 | 13.0 | 0.134 | 0.866 |
| 5:52-1st |  | 6.0 | 13.0 | 0.137 | 0.863 |
| 5:44-1st |  | 6.0 | 13.0 | 0.129 | 0.871 |
| 5:41-1st |  | 6.0 | 14.0 | 0.126 | 0.874 |
| 5:24-1st |  | 6.0 | 14.0 | 0.118 | 0.882 |
| 5:22-1st |  | 6.0 | 14.0 | 0.115 | 0.885 |
| 5:17-1st |  | 6.0 | 14.0 | 0.124 | 0.876 |
| 5:14-1st |  | 6.0 | 14.0 | 0.127 | 0.873 |
| 5:05-1st |  | 6.0 | 14.0 | 0.115 | 0.885 |
| 5:01-1st |  | 6.0 | 16.0 | 0.104 | 0.896 |
| 4:39-1st |  | 6.0 | 16.0 | 0.104 | 0.896 |
| 4:34-1st |  | 6.0 | 16.0 | 0.096 | 0.904 |
| 4:31-1st |  | 6.0 | 16.0 | 0.094 | 0.906 |
| 4:26-1st |  | 6.0 | 18.0 | 0.085 | 0.915 |
| 4:04-1st |  | 8.0 | 18.0 | 0.094 | 0.906 |
| 3:51-1st |  | 8.0 | 20.0 | 0.086 | 0.914 |
| 3:32-1st |  | 8.0 | 20.0 | 0.078 | 0.922 |
| 3:29-1st |  | 8.0 | 20.0 | 0.076 | 0.924 |
| 3:23-1st |  | 8.0 | 20.0 | 0.076 | 0.924 |
| 3:09-1st |  | 8.0 | 22.0 | 0.069 | 0.931 |
| 2:51-1st |  | 9.0 | 22.0 | 0.077 | 0.923 |
| 2:39-1st |  | 11.0 | 22.0 | 0.085 | 0.915 |
| 2:21-1st |  | 11.0 | 22.0 | 0.094 | 0.906 |
| 2:19-1st |  | 11.0 | 22.0 | 0.097 | 0.903 |
| 2:06-1st |  | 14.0 | 22.0 | 0.12 | 0.88 |
| 1:51-1st |  | 14.0 | 25.0 | 0.097 | 0.903 |
| 1:30-1st |  | 16.0 | 25.0 | 0.107 | 0.893 |
| 1:06-1st |  | 16.0 | 25.0 | 0.121 | 0.879 |
| 47.1-1st |  | 19.0 | 25.0 | 0.149 | 0.851 |
| 29.1-1st |  | 19.0 | 27.0 | 0.137 | 0.863 |
| 11.0-1st |  | 19.0 | 27.0 | 0.126 | 0.874 |
| 9.1-1st |  | 19.0 | 27.0 | 0.136 | 0.864 |
| 7.1-1st |  | 19.0 | 27.0 | 0.126 | 0.874 |
| 4.2-1st |  | 19.0 | 27.0 | 0.123 | 0.877 |
| 0.0-1st |  | 19.0 | 27.0 | 0.128 | 0.872 |
| 12:00-2nd |  | 19.0 | 27.0 | 0.128 | 0.872 |
| 11:44-2nd |  | 19.0 | 27.0 | 0.133 | 0.867 |
| 11:41-2nd |  | 19.0 | 27.0 | 0.122 | 0.878 |
| 11:38-2nd |  | 19.0 | 29.0 | 0.109 | 0.891 |
| 11:21-2nd |  | 19.0 | 29.0 | 0.102 | 0.898 |
| 11:18-2nd |  | 19.0 | 29.0 | 0.099 | 0.901 |
| 11:11-2nd |  | 19.0 | 29.0 | 0.107 | 0.893 |
| 11:08-2nd |  | 19.0 | 29.0 | 0.11 | 0.89 |
| 11:02-2nd |  | 21.0 | 29.0 | 0.123 | 0.877 |
| 10:52-2nd |  | 21.0 | 29.0 | 0.123 | 0.877 |
| 10:43-2nd |  | 21.0 | 29.0 | 0.134 | 0.866 |
| 10:39-2nd |  | 21.0 | 29.0 | 0.138 | 0.862 |
| 10:24-2nd |  | 21.0 | 29.0 | 0.127 | 0.873 |
| 10:22-2nd |  | 21.0 | 29.0 | 0.123 | 0.877 |
| 10:16-2nd |  | 21.0 | 31.0 | 0.111 | 0.889 |
| 9:59-2nd |  | 21.0 | 31.0 | 0.112 | 0.888 |
| 9:49-2nd |  | 24.0 | 31.0 | 0.139 | 0.861 |
| 9:39-2nd |  | 24.0 | 32.0 | 0.125 | 0.875 |
| 9:31-2nd |  | 24.0 | 34.0 | 0.112 | 0.888 |
| 9:16-2nd |  | 24.0 | 34.0 | 0.112 | 0.888 |
| 9:12-2nd |  | 26.0 | 34.0 | 0.126 | 0.874 |
| 9:05-2nd |  | 26.0 | 36.0 | 0.113 | 0.887 |
| 8:59-2nd |  | 26.0 | 36.0 | 0.114 | 0.886 |
| 8:41-2nd |  | 26.0 | 36.0 | 0.1 | 0.9 |
| 8:22-2nd |  | 26.0 | 36.0 | 0.11 | 0.89 |
| 8:16-2nd |  | 26.0 | 36.0 | 0.1 | 0.9 |
| 8:15-2nd |  | 26.0 | 36.0 | 0.114 | 0.886 |
| 8:09-2nd |  | 26.0 | 36.0 | 0.103 | 0.897 |
| 8:06-2nd |  | 26.0 | 36.0 | 0.1 | 0.9 |
| 7:59-2nd |  | 26.0 | 36.0 | 0.111 | 0.889 |
| 7:57-2nd |  | 26.0 | 36.0 | 0.114 | 0.886 |
| 7:50-2nd |  | 27.0 | 36.0 | 0.114 | 0.886 |
| 7:47-2nd |  | 27.0 | 36.0 | 0.127 | 0.873 |
| 7:45-2nd |  | 27.0 | 36.0 | 0.117 | 0.883 |
| 7:43-2nd |  | 27.0 | 36.0 | 0.114 | 0.886 |
| 7:38-2nd |  | 27.0 | 36.0 | 0.124 | 0.876 |
| 7:35-2nd |  | 27.0 | 36.0 | 0.127 | 0.873 |
| 7:31-2nd |  | 27.0 | 36.0 | 0.117 | 0.883 |
| 7:29-2nd |  | 27.0 | 36.0 | 0.114 | 0.886 |
| 7:28-2nd |  | 27.0 | 36.0 | 0.127 | 0.873 |
| 7:12-2nd |  | 29.0 | 36.0 | 0.142 | 0.858 |
| 7:11-2nd |  | 29.0 | 36.0 | 0.142 | 0.858 |
| 6:51-2nd |  | 29.0 | 36.0 | 0.156 | 0.844 |
| 6:46-2nd |  | 29.0 | 36.0 | 0.16 | 0.84 |
| 6:45-2nd |  | 31.0 | 36.0 | 0.178 | 0.822 |
| 6:29-2nd |  | 31.0 | 36.0 | 0.194 | 0.806 |
| 6:27-2nd |  | 31.0 | 36.0 | 0.199 | 0.801 |
| 6:25-2nd |  | 33.0 | 36.0 | 0.218 | 0.782 |
| 6:13-2nd |  | 33.0 | 36.0 | 0.22 | 0.78 |
| 5:59-2nd |  | 33.0 | 36.0 | 0.239 | 0.761 |
| 5:56-2nd |  | 33.0 | 36.0 | 0.245 | 0.755 |
| 5:40-2nd |  | 33.0 | 36.0 | 0.227 | 0.773 |
| 5:37-2nd |  | 33.0 | 36.0 | 0.221 | 0.779 |
| 5:29-2nd |  | 33.0 | 39.0 | 0.183 | 0.817 |
| 5:00-2nd |  | 33.0 | 39.0 | 0.169 | 0.831 |
| 4:57-2nd |  | 33.0 | 39.0 | 0.164 | 0.836 |
| 4:52-2nd |  | 33.0 | 39.0 | 0.138 | 0.862 |
| 4:41-2nd |  | 33.0 | 41.0 | 0.147 | 0.853 |
| 4:17-2nd |  | 33.0 | 41.0 | 0.132 | 0.868 |
| 4:08-2nd |  | 33.0 | 41.0 | 0.147 | 0.853 |
| 4:03-2nd |  | 35.0 | 41.0 | 0.167 | 0.833 |
| 3:50-2nd |  | 35.0 | 43.0 | 0.147 | 0.853 |
| 3:32-2nd |  | 38.0 | 43.0 | 0.186 | 0.814 |
| 3:21-2nd |  | 38.0 | 45.0 | 0.167 | 0.833 |
| 2:56-2nd |  | 40.0 | 45.0 | 0.187 | 0.813 |
| 2:52-2nd |  | 40.0 | 47.0 | 0.167 | 0.833 |
| 2:37-2nd |  | 40.0 | 47.0 | 0.168 | 0.832 |
| 2:32-2nd |  | 42.0 | 47.0 | 0.188 | 0.812 |
| 2:16-2nd |  | 42.0 | 49.0 | 0.168 | 0.832 |
| 2:02-2nd |  | 43.0 | 49.0 | 0.169 | 0.831 |
| 1:43-2nd |  | 43.0 | 49.0 | 0.186 | 0.814 |
| 1:40-2nd |  | 43.0 | 49.0 | 0.192 | 0.808 |
| 1:27-2nd |  | 43.0 | 49.0 | 0.176 | 0.824 |
| 1:25-2nd |  | 43.0 | 49.0 | 0.192 | 0.808 |
| 1:10-2nd |  | 43.0 | 51.0 | 0.148 | 0.852 |
| 59.1-2nd |  | 46.0 | 51.0 | 0.19 | 0.81 |
| 42.1-2nd |  | 46.0 | 53.0 | 0.17 | 0.83 |
| 37.0-2nd |  | 46.0 | 53.0 | 0.154 | 0.846 |
| 36.0-2nd |  | 48.0 | 53.0 | 0.216 | 0.784 |
| 27.0-2nd |  | 48.0 | 55.0 | 0.17 | 0.83 |
| 4.1-2nd |  | 50.0 | 55.0 | 0.189 | 0.811 |
| 1.0-2nd |  | 50.0 | 55.0 | 0.209 | 0.791 |
| 0.0-2nd |  | 50.0 | 55.0 | 0.208 | 0.792 |
| 12:00-3rd |  | 50.0 | 55.0 | 0.208 | 0.792 |
| 11:44-3rd |  | 50.0 | 55.0 | 0.21 | 0.79 |
| 11:40-3rd |  | 50.0 | 57.0 | 0.169 | 0.831 |
| 11:29-3rd |  | 50.0 | 57.0 | 0.171 | 0.829 |
| 11:25-3rd |  | 50.0 | 57.0 | 0.154 | 0.846 |
| 11:22-3rd |  | 50.0 | 57.0 | 0.17 | 0.83 |
| 11:19-3rd |  | 50.0 | 57.0 | 0.148 | 0.852 |
| 11:09-3rd |  | 50.0 | 57.0 | 0.217 | 0.783 |
| 11:01-3rd | TARGET | 50.0 | 60.0 | 0.116 | 0.884 |
| 10:40-3rd |  | 50.0 | 60.0 | 0.103 | 0.897 |
| 10:34-3rd |  | 50.0 | 60.0 | 0.098 | 0.902 |
| 10:26-3rd |  | 50.0 | 60.0 | 0.115 | 0.885 |
| 10:16-3rd |  | 52.0 | 60.0 | 0.131 | 0.869 |
| 10:04-3rd |  | 52.0 | 60.0 | 0.131 | 0.869 |
| 9:53-3rd |  | 52.0 | 60.0 | 0.146 | 0.854 |
| 9:50-3rd |  | 52.0 | 60.0 | 0.151 | 0.849 |
| 9:32-3rd |  | 52.0 | 60.0 | 0.131 | 0.869 |
| 9:28-3rd |  | 52.0 | 62.0 | 0.114 | 0.886 |
| 9:21-3rd |  | 52.0 | 62.0 | 0.097 | 0.903 |
| 9:08-3rd |  | 52.0 | 62.0 | 0.109 | 0.891 |
| 9:06-3rd |  | 52.0 | 62.0 | 0.114 | 0.886 |
| 9:01-3rd |  | 52.0 | 62.0 | 0.101 | 0.899 |
| 9:00-3rd |  | 52.0 | 62.0 | 0.097 | 0.903 |
| 8:55-3rd |  | 52.0 | 65.0 | 0.07 | 0.93 |
| 8:54-3rd |  | 52.0 | 65.0 | 0.07 | 0.93 |
| 8:33-3rd |  | 54.0 | 65.0 | 0.082 | 0.918 |
| 8:31-3rd |  | 54.0 | 65.0 | 0.082 | 0.918 |
| 8:17-3rd |  | 54.0 | 67.0 | 0.07 | 0.93 |
| 8:01-3rd |  | 54.0 | 67.0 | 0.059 | 0.941 |
| 7:59-3rd |  | 54.0 | 67.0 | 0.056 | 0.944 |
| 7:54-3rd |  | 54.0 | 67.0 | 0.069 | 0.931 |
| 7:49-3rd |  | 57.0 | 67.0 | 0.095 | 0.905 |
| 7:21-3rd |  | 57.0 | 67.0 | 0.111 | 0.889 |
| 7:08-3rd |  | 59.0 | 67.0 | 0.129 | 0.871 |
| 6:48-3rd |  | 59.0 | 70.0 | 0.093 | 0.907 |
| 6:39-3rd |  | 59.0 | 70.0 | 0.093 | 0.907 |
| 6:25-3rd |  | 59.0 | 70.0 | 0.081 | 0.919 |
| 6:23-3rd |  | 59.0 | 70.0 | 0.077 | 0.923 |
| 6:17-3rd |  | 59.0 | 71.0 | 0.077 | 0.923 |
| 6:04-3rd |  | 61.0 | 71.0 | 0.092 | 0.908 |
| 5:51-3rd |  | 61.0 | 71.0 | 0.104 | 0.896 |
| 5:47-3rd |  | 61.0 | 71.0 | 0.108 | 0.892 |
| 5:46-3rd |  | 63.0 | 71.0 | 0.127 | 0.873 |
| 5:33-3rd |  | 63.0 | 73.0 | 0.107 | 0.893 |
| 5:12-3rd |  | 65.0 | 73.0 | 0.126 | 0.874 |
| 4:54-3rd |  | 65.0 | 75.0 | 0.105 | 0.895 |
| 4:32-3rd |  | 65.0 | 75.0 | 0.092 | 0.908 |
| 4:30-3rd |  | 65.0 | 75.0 | 0.088 | 0.912 |
| 4:16-3rd |  | 65.0 | 77.0 | 0.072 | 0.928 |
| 3:57-3rd |  | 67.0 | 77.0 | 0.086 | 0.914 |
| 3:56-3rd |  | 67.0 | 77.0 | 0.086 | 0.914 |
| 3:32-3rd |  | 67.0 | 77.0 | 0.097 | 0.903 |
| 3:29-3rd |  | 67.0 | 77.0 | 0.101 | 0.899 |
| 3:07-3rd |  | 67.0 | 77.0 | 0.083 | 0.917 |
| 2:50-3rd |  | 67.0 | 77.0 | 0.094 | 0.906 |
| 2:47-3rd |  | 67.0 | 77.0 | 0.099 | 0.901 |
| 2:34-3rd |  | 67.0 | 77.0 | 0.098 | 0.902 |
| 2:25-3rd |  | 67.0 | 77.0 | 0.084 | 0.916 |
| 2:22-3rd |  | 67.0 | 77.0 | 0.08 | 0.92 |
| 2:09-3rd |  | 67.0 | 80.0 | 0.052 | 0.948 |
| 1:39-3rd |  | 67.0 | 80.0 | 0.042 | 0.958 |
| 1:35-3rd |  | 67.0 | 80.0 | 0.039 | 0.961 |
| 1:24-3rd |  | 67.0 | 80.0 | 0.047 | 0.953 |
| 1:20-3rd |  | 67.0 | 80.0 | 0.049 | 0.951 |
| 1:01-3rd |  | 69.0 | 80.0 | 0.06 | 0.94 |
| 57.0-3rd |  | 69.0 | 80.0 | 0.042 | 0.958 |
| 48.2-3rd |  | 69.0 | 80.0 | 0.071 | 0.929 |
| 40.0-3rd |  | 69.0 | 80.0 | 0.075 | 0.925 |
| 31.1-3rd |  | 69.0 | 80.0 | 0.062 | 0.938 |
| 28.0-3rd |  | 69.0 | 80.0 | 0.058 | 0.942 |
| 10.0-3rd |  | 69.0 | 81.0 | 0.057 | 0.943 |
| 8.1-3rd |  | 69.0 | 81.0 | 0.057 | 0.943 |
| 0.1-3rd |  | 69.0 | 81.0 | 0.056 | 0.944 |
| 0.0-3rd |  | 69.0 | 81.0 | 0.05 | 0.95 |
| 12:00-4th |  | 69.0 | 81.0 | 0.05 | 0.95 |
| 11:40-4th |  | 69.0 | 81.0 | 0.044 | 0.956 |
| 11:37-4th |  | 69.0 | 81.0 | 0.041 | 0.959 |
| 11:31-4th |  | 69.0 | 81.0 | 0.049 | 0.951 |
| 11:28-4th |  | 69.0 | 81.0 | 0.052 | 0.948 |
| 11:18-4th |  | 69.0 | 81.0 | 0.043 | 0.957 |
| 11:16-4th |  | 69.0 | 81.0 | 0.051 | 0.949 |
| 11:14-4th |  | 69.0 | 81.0 | 0.042 | 0.958 |
| 11:10-4th |  | 69.0 | 81.0 | 0.039 | 0.961 |
| 10:47-4th |  | 69.0 | 84.0 | 0.022 | 0.978 |
| 10:20-4th |  | 71.0 | 84.0 | 0.027 | 0.973 |
| 10:03-4th |  | 71.0 | 86.0 | 0.019 | 0.981 |
| 9:54-4th |  | 71.0 | 86.0 | 0.021 | 0.979 |
| 9:44-4th |  | 71.0 | 86.0 | 0.022 | 0.978 |
| 9:38-4th |  | 71.0 | 86.0 | 0.016 | 0.984 |
| 9:35-4th |  | 71.0 | 86.0 | 0.014 | 0.986 |
| 9:26-4th |  | 71.0 | 88.0 | 0.011 | 0.989 |
| 9:12-4th |  | 73.0 | 88.0 | 0.013 | 0.987 |
| 8:58-4th |  | 73.0 | 90.0 | 0.009 | 0.991 |
| 8:39-4th |  | 75.0 | 90.0 | 0.012 | 0.988 |
| 8:22-4th |  | 75.0 | 93.0 | 0.005 | 0.995 |
| 8:03-4th |  | 75.0 | 93.0 | 0.003 | 0.997 |
| 7:47-4th |  | 75.0 | 95.0 | 0.002 | 0.998 |
| 7:33-4th |  | 75.0 | 95.0 | 0.001 | 0.999 |
| 7:28-4th |  | 75.0 | 98.0 | 0.001 | 0.999 |
| 7:27-4th |  | 75.0 | 98.0 | 0.002 | 0.998 |
| 7:15-4th |  | 78.0 | 98.0 | 0.001 | 0.999 |
| 6:50-4th |  | 78.0 | 100.0 | 0.001 | 0.999 |
| 6:40-4th |  | 78.0 | 100.0 | 0.001 | 0.999 |
| 6:37-4th |  | 78.0 | 100.0 | 0.001 | 0.999 |
| 6:28-4th |  | 78.0 | 100.0 | 0.001 | 0.999 |
| 6:25-4th |  | 78.0 | 100.0 | 0.001 | 0.999 |
| 6:24-4th |  | 78.0 | 100.0 | 0.001 | 0.999 |
| 6:12-4th |  | 78.0 | 103.0 | 0.001 | 0.999 |
| 5:54-4th |  | 78.0 | 103.0 | 0.001 | 0.999 |
| 5:47-4th |  | 78.0 | 103.0 | 0.001 | 0.999 |
| 5:44-4th |  | 78.0 | 103.0 | 0.001 | 0.999 |
| 5:41-4th |  | 78.0 | 103.0 | 0.001 | 0.999 |
| 5:32-4th |  | 80.0 | 103.0 | 0.001 | 0.999 |
| 5:21-4th |  | 80.0 | 104.0 | 0.001 | 0.999 |
| 5:08-4th |  | 80.0 | 104.0 | 0.001 | 0.999 |
| 5:05-4th |  | 80.0 | 104.0 | 0.001 | 0.999 |
| 4:52-4th |  | 80.0 | 104.0 | 0.001 | 0.999 |
| 4:50-4th |  | 80.0 | 104.0 | 0.001 | 0.999 |
| 4:48-4th |  | 82.0 | 104.0 | 0.001 | 0.999 |
| 4:26-4th |  | 82.0 | 104.0 | 0.001 | 0.999 |
| 4:24-4th |  | 82.0 | 104.0 | 0.001 | 0.999 |
| 4:18-4th |  | 85.0 | 104.0 | 0.001 | 0.999 |
| 3:58-4th |  | 85.0 | 106.0 | 0.001 | 0.999 |
| 3:35-4th |  | 85.0 | 106.0 | 0.001 | 0.999 |
| 3:32-4th |  | 85.0 | 106.0 | 0.001 | 0.999 |
| 3:26-4th |  | 85.0 | 108.0 | 0.001 | 0.999 |
| 3:15-4th |  | 88.0 | 108.0 | 0.001 | 0.999 |
| 3:00-4th |  | 88.0 | 108.0 | 0.001 | 0.999 |
| 2:52-4th |  | 88.0 | 108.0 | 0.001 | 0.999 |
| 2:49-4th |  | 88.0 | 108.0 | 0.001 | 0.999 |
| 2:41-4th |  | 88.0 | 108.0 | 0.001 | 0.999 |
| 2:34-4th |  | 88.0 | 108.0 | 0.001 | 0.999 |
| 2:15-4th |  | 89.0 | 108.0 | 0.001 | 0.999 |
| 1:52-4th |  | 89.0 | 108.0 | 0.001 | 0.999 |
| 1:48-4th |  | 89.0 | 108.0 | 0.001 | 0.999 |
| 1:38-4th |  | 89.0 | 110.0 | 0.001 | 0.999 |
| 1:30-4th |  | 89.0 | 110.0 | 0.001 | 0.999 |
| 1:26-4th |  | 89.0 | 110.0 | 0.001 | 0.999 |
| 1:19-4th |  | 91.0 | 110.0 | 0.001 | 0.999 |
| 1:02-4th |  | 91.0 | 110.0 | 0.001 | 0.999 |
| 59.1-4th |  | 91.0 | 110.0 | 0.001 | 0.999 |
| 50.1-4th |  | 91.0 | 110.0 | 0.001 | 0.999 |
| 47.1-4th |  | 91.0 | 110.0 | 0.001 | 0.999 |
| 47.0-4th |  | 93.0 | 110.0 | 0.001 | 0.999 |
| 36.1-4th |  | 93.0 | 112.0 | 0.001 | 0.999 |
| 18.1-4th |  | 93.0 | 112.0 | 0.001 | 0.999 |
| 17.0-4th |  | 93.0 | 112.0 | 0.001 | 0.999 |
| 0.0-4th |  | 93.0 | 112.0 | 0.0 | 1.0 |

Question

Which event most likely happened at the marked missing position?

Answer Choices

A. Player 13 (Team B) makes 11-foot driving floating jump shot (Player 11 (Team A) assists)
B. Player 2 (Team B) lost ball turnover (Player 11 (Team A) steals)
C. Player 3 (Team B) makes 24-foot three point jumper (Player 2 (Team B) assists)
D. Player 20 (Team A) bad pass (Player 15 (Team B) steals)

Response Format

Return exactly one JSON object:

{
  "answer": "<A|B|C|D>",
  "rationale": "<brief evidence-based justification in 1-3 sentences>",
  "evidence_event_ids": [],
  "evidence_series_times": []
}

Use only event IDs and time labels that are provided above and that support the answer. Use an empty array when the corresponding evidence type is unavailable or unused. Return only the JSON object.
