Task

Reconstruct the missing event in this basketball game. Use the available numerical time-series evidence around the marked row to select the most likely event.

Game

Team A versus Team B, season 22-23.

Time Series

| Game time | Marker | Team A score | Team B score | Team A win probability | Team B win probability |
| --- | --- | --- | --- | --- | --- |
| 12:00-1st |  | 0 | 0 | 0.345 | 0.655 |
| 11:34-1st |  | 0 | 0 | 0.364 | 0.636 |
| 11:28-1st |  | 0 | 0 | 0.351 | 0.649 |
| 11:25-1st |  | 0 | 0 | 0.346 | 0.654 |
| 11:20-1st |  | 0 | 0 | 0.36 | 0.64 |
| 11:16-1st |  | 0 | 0 | 0.365 | 0.635 |
| 11:14-1st |  | 0 | 0 | 0.351 | 0.649 |
| 11:10-1st |  | 0 | 0 | 0.347 | 0.653 |
| 11:00-1st |  | 0 | 2 | 0.321 | 0.679 |
| 10:41-1st |  | 0 | 2 | 0.307 | 0.693 |
| 10:36-1st |  | 0 | 2 | 0.307 | 0.693 |
| 10:35-1st |  | 0 | 2 | 0.302 | 0.698 |
| 10:32-1st |  | 0 | 4 | 0.282 | 0.718 |
| 10:21-1st |  | 0 | 4 | 0.265 | 0.735 |
| 10:18-1st |  | 0 | 4 | 0.259 | 0.741 |
| 9:59-1st |  | 0 | 4 | 0.283 | 0.717 |
| 9:54-1st |  | 2 | 4 | 0.303 | 0.697 |
| 9:42-1st |  | 2 | 5 | 0.303 | 0.697 |
| 9:31-1st |  | 4 | 5 | 0.324 | 0.676 |
| 9:17-1st |  | 4 | 5 | 0.344 | 0.656 |
| 9:14-1st |  | 4 | 5 | 0.351 | 0.649 |
| 9:04-1st |  | 6 | 5 | 0.374 | 0.626 |
| 8:46-1st |  | 6 | 7 | 0.352 | 0.648 |
| 8:41-1st |  | 8 | 7 | 0.375 | 0.625 |
| 8:24-1st |  | 8 | 9 | 0.352 | 0.648 |
| 8:13-1st |  | 8 | 9 | 0.336 | 0.664 |
| 8:08-1st |  | 8 | 9 | 0.33 | 0.67 |
| 8:05-1st |  | 8 | 11 | 0.306 | 0.694 |
| 8:01-1st |  | 8 | 11 | 0.306 | 0.694 |
| 7:48-1st |  | 8 | 11 | 0.29 | 0.71 |
| 7:44-1st |  | 8 | 11 | 0.284 | 0.716 |
| 7:39-1st |  | 8 | 11 | 0.301 | 0.699 |
| 7:37-1st |  | 8 | 11 | 0.307 | 0.693 |
| 7:33-1st |  | 11 | 11 | 0.354 | 0.646 |
| 7:31-1st |  | 11 | 11 | 0.354 | 0.646 |
| 7:12-1st |  | 11 | 13 | 0.331 | 0.669 |
| 6:59-1st |  | 11 | 13 | 0.313 | 0.687 |
| 6:57-1st |  | 11 | 13 | 0.332 | 0.668 |
| 6:55-1st |  | 11 | 13 | 0.314 | 0.686 |
| 6:53-1st |  | 11 | 13 | 0.332 | 0.668 |
| 6:52-1st |  | 13 | 13 | 0.356 | 0.644 |
| 6:38-1st |  | 13 | 13 | 0.375 | 0.625 |
| 6:35-1st |  | 13 | 13 | 0.382 | 0.618 |
| 6:26-1st |  | 13 | 13 | 0.381 | 0.619 |
| 6:12-1st |  | 15 | 13 | 0.407 | 0.593 |
| 6:06-1st |  | 15 | 13 | 0.435 | 0.565 |
| 6:00-1st |  | 17 | 13 | 0.461 | 0.539 |
| 5:51-1st |  | 17 | 16 | 0.409 | 0.591 |
| 5:30-1st |  | 17 | 16 | 0.409 | 0.591 |
| 5:26-1st |  | 19 | 16 | 0.437 | 0.563 |
| 5:12-1st |  | 19 | 16 | 0.458 | 0.542 |
| 5:08-1st |  | 19 | 16 | 0.465 | 0.535 |
| 5:01-1st |  | 19 | 16 | 0.445 | 0.555 |
| 4:56-1st |  | 21 | 16 | 0.494 | 0.506 |
| 4:43-1st |  | 21 | 18 | 0.467 | 0.533 |
| 4:33-1st |  | 23 | 18 | 0.496 | 0.504 |
| 4:17-1st |  | 23 | 20 | 0.469 | 0.531 |
| 4:02-1st |  | 23 | 20 | 0.45 | 0.55 |
| 4:00-1st |  | 23 | 20 | 0.47 | 0.53 |
| 3:58-1st |  | 25 | 20 | 0.499 | 0.501 |
| 3:40-1st |  | 25 | 20 | 0.522 | 0.478 |
| 3:38-1st |  | 25 | 20 | 0.529 | 0.471 |
| 3:34-1st |  | 25 | 20 | 0.508 | 0.492 |
| 3:31-1st |  | 25 | 20 | 0.501 | 0.499 |
| 3:28-1st |  | 25 | 20 | 0.523 | 0.477 |
| 3:24-1st |  | 25 | 20 | 0.531 | 0.469 |
| 3:22-1st |  | 27 | 20 | 0.558 | 0.442 |
| 3:08-1st |  | 27 | 20 | 0.582 | 0.418 |
| 3:05-1st |  | 27 | 20 | 0.559 | 0.441 |
| 3:02-1st |  | 27 | 20 | 0.582 | 0.418 |
| 3:00-1st |  | 27 | 20 | 0.59 | 0.41 |
| 2:54-1st |  | 27 | 20 | 0.568 | 0.432 |
| 2:51-1st |  | 27 | 20 | 0.561 | 0.439 |
| 2:41-1st |  | 27 | 20 | 0.592 | 0.408 |
| 2:27-1st |  | 30 | 20 | 0.647 | 0.353 |
| 2:11-1st |  | 30 | 20 | 0.647 | 0.353 |
| 2:04-1st |  | 30 | 22 | 0.621 | 0.379 |
| 1:47-1st |  | 30 | 22 | 0.601 | 0.399 |
| 1:44-1st |  | 30 | 22 | 0.594 | 0.406 |
| 1:38-1st |  | 30 | 25 | 0.54 | 0.46 |
| 1:22-1st |  | 30 | 25 | 0.518 | 0.482 |
| 1:19-1st |  | 30 | 25 | 0.511 | 0.489 |
| 1:12-1st |  | 30 | 27 | 0.482 | 0.518 |
| 48.2-1st |  | 30 | 27 | 0.463 | 0.537 |
| 47.0-1st |  | 30 | 27 | 0.456 | 0.544 |
| 32.0-1st |  | 30 | 27 | 0.478 | 0.522 |
| 28.1-1st |  | 30 | 27 | 0.485 | 0.515 |
| 17.1-1st |  | 32 | 27 | 0.515 | 0.485 |
| 4.1-1st |  | 32 | 27 | 0.517 | 0.483 |
| 0.0-1st |  | 32 | 27 | 0.529 | 0.471 |
| 12:00-2nd |  | 32 | 27 | 0.529 | 0.471 |
| 11:42-2nd |  | 32 | 27 | 0.527 | 0.473 |
| 11:38-2nd |  | 32 | 27 | 0.519 | 0.481 |
| 11:30-2nd |  | 32 | 29 | 0.493 | 0.507 |
| 11:19-2nd |  | 35 | 29 | 0.551 | 0.449 |
| 11:06-2nd |  | 35 | 29 | 0.553 | 0.447 |
| 11:01-2nd |  | 35 | 31 | 0.526 | 0.474 |
| 10:42-2nd |  | 37 | 31 | 0.555 | 0.445 |
| 10:30-2nd |  | 37 | 33 | 0.53 | 0.47 |
| 10:11-2nd |  | 37 | 33 | 0.506 | 0.494 |
| 10:08-2nd |  | 37 | 33 | 0.498 | 0.502 |
| 10:04-2nd |  | 37 | 33 | 0.523 | 0.477 |
| 10:00-2nd |  | 37 | 33 | 0.532 | 0.468 |
| 9:53-2nd |  | 37 | 33 | 0.507 | 0.493 |
| 9:50-2nd |  | 37 | 33 | 0.533 | 0.467 |
| 9:49-2nd |  | 39 | 33 | 0.56 | 0.44 |
| 9:43-2nd |  | 39 | 33 | 0.592 | 0.408 |
| 9:40-2nd |  | 41 | 33 | 0.621 | 0.379 |
| 9:34-2nd |  | 41 | 33 | 0.575 | 0.425 |
| 9:28-2nd |  | 41 | 35 | 0.591 | 0.409 |
| 9:21-2nd |  | 41 | 35 | 0.592 | 0.408 |
| 9:18-2nd |  | 43 | 35 | 0.621 | 0.379 |
| 8:58-2nd |  | 43 | 37 | 0.594 | 0.406 |
| 8:41-2nd |  | 43 | 37 | 0.563 | 0.437 |
| 8:30-2nd |  | 43 | 37 | 0.589 | 0.411 |
| 8:27-2nd |  | 43 | 37 | 0.597 | 0.403 |
| 8:12-2nd |  | 43 | 37 | 0.574 | 0.426 |
| 8:09-2nd |  | 43 | 37 | 0.566 | 0.434 |
| 8:02-2nd |  | 43 | 40 | 0.51 | 0.49 |
| 7:40-2nd |  | 43 | 40 | 0.478 | 0.522 |
| 7:38-2nd |  | 43 | 42 | 0.512 | 0.488 |
| 7:28-2nd |  | 43 | 42 | 0.418 | 0.582 |
| 7:08-2nd |  | 43 | 42 | 0.442 | 0.558 |
| 7:03-2nd |  | 43 | 42 | 0.419 | 0.581 |
| 7:02-2nd |  | 43 | 42 | 0.45 | 0.55 |
| 6:50-2nd |  | 45 | 42 | 0.482 | 0.518 |
| 6:29-2nd |  | 45 | 42 | 0.518 | 0.482 |
| 6:26-2nd |  | 47 | 42 | 0.547 | 0.453 |
| 6:13-2nd |  | 47 | 42 | 0.573 | 0.427 |
| 6:09-2nd |  | 47 | 42 | 0.581 | 0.419 |
| 6:01-2nd |  | 47 | 42 | 0.557 | 0.443 |
| 5:58-2nd |  | 47 | 42 | 0.549 | 0.451 |
| 5:53-2nd |  | 47 | 44 | 0.521 | 0.479 |
| 5:38-2nd |  | 47 | 44 | 0.496 | 0.504 |
| 5:37-2nd |  | 47 | 46 | 0.456 | 0.544 |
| 5:23-2nd |  | 47 | 46 | 0.433 | 0.567 |
| 5:19-2nd |  | 47 | 46 | 0.426 | 0.574 |
| 5:14-2nd |  | 47 | 49 | 0.365 | 0.635 |
| 5:03-2nd |  | 47 | 49 | 0.334 | 0.666 |
| 4:51-2nd |  | 47 | 49 | 0.365 | 0.635 |
| 4:47-2nd |  | 50 | 49 | 0.428 | 0.572 |
| 4:32-2nd |  | 50 | 52 | 0.366 | 0.634 |
| 4:21-2nd |  | 50 | 52 | 0.343 | 0.657 |
| 4:18-2nd |  | 50 | 52 | 0.335 | 0.665 |
| 4:12-2nd |  | 50 | 52 | 0.359 | 0.641 |
| 4:09-2nd |  | 50 | 52 | 0.335 | 0.665 |
| 4:08-2nd |  | 50 | 54 | 0.308 | 0.692 |
| 4:03-2nd |  | 50 | 54 | 0.28 | 0.72 |
| 3:51-2nd |  | 50 | 54 | 0.301 | 0.699 |
| 3:48-2nd |  | 50 | 54 | 0.308 | 0.692 |
| 3:45-2nd |  | 50 | 54 | 0.287 | 0.713 |
| 3:41-2nd |  | 50 | 54 | 0.28 | 0.72 |
| 3:34-2nd |  | 50 | 54 | 0.301 | 0.699 |
| 3:32-2nd |  | 50 | 54 | 0.309 | 0.691 |
| 3:19-2nd |  | 52 | 54 | 0.337 | 0.663 |
| 3:00-2nd |  | 52 | 56 | 0.309 | 0.691 |
| 2:35-2nd |  | 52 | 56 | 0.287 | 0.713 |
| 2:34-2nd |  | 52 | 56 | 0.28 | 0.72 |
| 2:21-2nd |  | 52 | 56 | 0.302 | 0.698 |
| 2:17-2nd |  | 52 | 56 | 0.31 | 0.69 |
| 2:14-2nd |  | 52 | 56 | 0.28 | 0.72 |
| 2:10-2nd |  | 52 | 56 | 0.31 | 0.69 |
| 2:09-2nd |  | 55 | 56 | 0.371 | 0.629 |
| 1:53-2nd |  | 56 | 56 | 0.402 | 0.598 |
| 1:49-2nd |  | 56 | 56 | 0.402 | 0.598 |
| 1:32-2nd |  | 56 | 58 | 0.372 | 0.628 |
| 1:17-2nd |  | 56 | 58 | 0.349 | 0.651 |
| 1:15-2nd |  | 56 | 58 | 0.372 | 0.628 |
| 1:09-2nd |  | 56 | 58 | 0.35 | 0.65 |
| 1:06-2nd |  | 56 | 58 | 0.342 | 0.658 |
| 1:00-2nd |  | 56 | 60 | 0.313 | 0.687 |
| 47.1-2nd |  | 59 | 60 | 0.374 | 0.626 |
| 26.1-2nd |  | 59 | 63 | 0.313 | 0.687 |
| 8.1-2nd |  | 59 | 63 | 0.281 | 0.719 |
| 1.0-2nd |  | 59 | 65 | 0.251 | 0.749 |
| 0.0-2nd |  | 59 | 65 | 0.24 | 0.76 |
| 12:00-3rd |  | 59 | 65 | 0.24 | 0.76 |
| 11:42-3rd |  | 59 | 65 | 0.22 | 0.78 |
| 11:30-3rd |  | 59 | 67 | 0.199 | 0.801 |
| 11:10-3rd |  | 61 | 67 | 0.22 | 0.78 |
| 10:54-3rd |  | 61 | 67 | 0.242 | 0.758 |
| 10:50-3rd |  | 61 | 67 | 0.249 | 0.751 |
| 10:44-3rd |  | 63 | 67 | 0.278 | 0.722 |
| 10:25-3rd |  | 63 | 67 | 0.28 | 0.72 |
| 10:16-3rd |  | 63 | 67 | 0.303 | 0.697 |
| 10:14-3rd |  | 63 | 67 | 0.311 | 0.689 |
| 10:12-3rd |  | 63 | 67 | 0.287 | 0.713 |
| 10:08-3rd |  | 63 | 67 | 0.279 | 0.721 |
| 9:55-3rd |  | 63 | 67 | 0.303 | 0.697 |
| 9:53-3rd |  | 63 | 67 | 0.311 | 0.689 |
| 9:51-3rd |  | 65 | 67 | 0.343 | 0.657 |
| 9:49-3rd |  | 65 | 67 | 0.343 | 0.657 |
| 9:34-3rd |  | 65 | 67 | 0.37 | 0.63 |
| 9:30-3rd |  | 65 | 67 | 0.38 | 0.62 |
| 9:26-3rd |  | 65 | 67 | 0.343 | 0.657 |
| 9:19-3rd |  | 65 | 67 | 0.371 | 0.629 |
| 9:17-3rd |  | 65 | 67 | 0.38 | 0.62 |
| 9:15-3rd |  | 65 | 67 | 0.343 | 0.657 |
| 9:11-3rd |  | 65 | 67 | 0.371 | 0.629 |
| 9:08-3rd |  | 65 | 67 | 0.343 | 0.657 |
| 9:06-3rd |  | 65 | 70 | 0.279 | 0.721 |
| 8:49-3rd |  | 65 | 70 | 0.256 | 0.744 |
| 8:45-3rd |  | 65 | 70 | 0.248 | 0.752 |
| 8:41-3rd |  | 65 | 72 | 0.22 | 0.78 |
| 8:29-3rd |  | 68 | 72 | 0.279 | 0.721 |
| 8:14-3rd |  | 68 | 75 | 0.219 | 0.781 |
| 8:01-3rd |  | 70 | 75 | 0.247 | 0.753 |
| 7:44-3rd |  | 70 | 75 | 0.27 | 0.73 |
| 7:42-3rd |  | 70 | 75 | 0.278 | 0.722 |
| 7:26-3rd |  | 72 | 75 | 0.31 | 0.69 |
| 7:02-3rd |  | 72 | 75 | 0.311 | 0.689 |
| 6:53-3rd |  | 72 | 75 | 0.311 | 0.689 |
| 6:45-3rd |  | 72 | 75 | 0.338 | 0.662 |
| 6:42-3rd |  | 72 | 75 | 0.347 | 0.653 |
| 6:41-3rd |  | 72 | 75 | 0.311 | 0.689 |
| 6:30-3rd |  | 75 | 75 | 0.422 | 0.578 |
| 6:04-3rd |  | 75 | 75 | 0.455 | 0.545 |
| 6:02-3rd |  | 75 | 75 | 0.423 | 0.577 |
| 5:59-3rd |  | 75 | 78 | 0.347 | 0.653 |
| 5:34-3rd |  | 75 | 78 | 0.319 | 0.681 |
| 5:33-3rd |  | 75 | 78 | 0.346 | 0.654 |
| 5:26-3rd |  | 77 | 78 | 0.385 | 0.615 |
| 5:09-3rd |  | 77 | 81 | 0.311 | 0.689 |
| 4:54-3rd |  | 77 | 81 | 0.284 | 0.716 |
| 4:52-3rd |  | 77 | 81 | 0.311 | 0.689 |
| 4:44-3rd |  | 80 | 81 | 0.385 | 0.615 |
| 4:32-3rd |  | 80 | 83 | 0.345 | 0.655 |
| 4:22-3rd |  | 83 | 83 | 0.428 | 0.572 |
| 3:59-3rd |  | 83 | 83 | 0.461 | 0.539 |
| 3:58-3rd |  | 83 | 83 | 0.472 | 0.528 |
| 3:50-3rd |  | 83 | 83 | 0.441 | 0.559 |
| 3:49-3rd |  | 83 | 83 | 0.43 | 0.57 |
| 3:32-3rd |  | 83 | 83 | 0.463 | 0.537 |
| 3:29-3rd |  | 83 | 83 | 0.474 | 0.526 |
| 3:25-3rd |  | 85 | 83 | 0.519 | 0.481 |
| 3:11-3rd |  | 85 | 83 | 0.565 | 0.435 |
| 2:53-3rd |  | 85 | 83 | 0.567 | 0.433 |
| 2:46-3rd |  | 85 | 83 | 0.533 | 0.467 |
| 2:42-3rd |  | 85 | 83 | 0.522 | 0.478 |
| 2:25-3rd |  | 85 | 83 | 0.57 | 0.43 |
| 2:09-3rd |  | 88 | 83 | 0.654 | 0.346 |
| 1:50-3rd |  | 88 | 85 | 0.619 | 0.381 |
| 1:36-3rd |  | 91 | 85 | 0.704 | 0.296 |
| 1:13-3rd |  | 91 | 85 | 0.744 | 0.256 |
| 1:09-3rd |  | 91 | 85 | 0.757 | 0.243 |
| 54.1-3rd |  | 91 | 85 | 0.723 | 0.277 |
| 52.0-3rd |  | 91 | 85 | 0.711 | 0.289 |
| 46.1-3rd |  | 91 | 88 | 0.628 | 0.372 |
| 32.0-3rd |  | 94 | 88 | 0.714 | 0.286 |
| 8.1-3rd |  | 94 | 90 | 0.683 | 0.317 |
| 1.0-3rd |  | 96 | 90 | 0.727 | 0.273 |
| 0.0-3rd |  | 96 | 90 | 0.745 | 0.255 |
| 12:00-4th |  | 96 | 90 | 0.745 | 0.255 |
| 11:44-4th |  | 96 | 93 | 0.644 | 0.356 |
| 11:15-4th |  | 96 | 93 | 0.604 | 0.396 |
| 11:13-4th |  | 96 | 93 | 0.649 | 0.351 |
| 11:07-4th |  | 96 | 93 | 0.59 | 0.41 |
| 11:03-4th |  | 96 | 95 | 0.541 | 0.459 |
| 10:42-4th |  | 96 | 95 | 0.503 | 0.497 |
| 10:41-4th |  | 96 | 95 | 0.561 | 0.439 |
| 10:36-4th |  | 98 | 95 | 0.602 | 0.398 |
| 10:14-4th |  | 98 | 97 | 0.555 | 0.445 |
| 9:51-4th |  | 98 | 97 | 0.501 | 0.499 |
| 9:47-4th |  | 98 | 99 | 0.451 | 0.549 |
| 9:31-4th |  | 98 | 99 | 0.408 | 0.592 |
| 9:28-4th |  | 98 | 99 | 0.394 | 0.606 |
| 9:22-4th |  | 98 | 99 | 0.437 | 0.563 |
| 9:18-4th |  | 98 | 99 | 0.394 | 0.606 |
| 9:07-4th |  | 98 | 99 | 0.437 | 0.563 |
| 9:05-4th |  | 98 | 99 | 0.381 | 0.619 |
| 8:55-4th |  | 98 | 101 | 0.339 | 0.661 |
| 8:36-4th |  | 100 | 101 | 0.396 | 0.604 |
| 8:23-4th |  | 100 | 101 | 0.44 | 0.56 |
| 8:18-4th |  | 100 | 101 | 0.455 | 0.545 |
| 8:08-4th |  | 100 | 101 | 0.4 | 0.6 |
| 7:51-4th |  | 100 | 101 | 0.456 | 0.544 |
| 7:31-4th |  | 102 | 101 | 0.513 | 0.487 |
| 7:28-4th |  | 102 | 101 | 0.514 | 0.486 |
| 7:05-4th |  | 102 | 101 | 0.565 | 0.435 |
| 7:02-4th |  | 102 | 101 | 0.582 | 0.418 |
| 6:40-4th |  | 105 | 101 | 0.704 | 0.296 |
| 6:22-4th |  | 105 | 101 | 0.752 | 0.248 |
| 6:19-4th |  | 105 | 101 | 0.767 | 0.233 |
| 6:10-4th |  | 105 | 101 | 0.726 | 0.274 |
| 6:08-4th |  | 105 | 101 | 0.712 | 0.288 |
| 6:03-4th |  | 105 | 101 | 0.697 | 0.303 |
| 5:48-4th |  | 105 | 101 | 0.77 | 0.23 |
| 5:35-4th |  | 105 | 101 | 0.791 | 0.209 |
| 5:26-4th |  | 108 | 101 | 0.87 | 0.13 |
| 5:07-4th |  | 108 | 104 | 0.78 | 0.22 |
| 4:50-4th |  | 108 | 104 | 0.724 | 0.276 |
| 4:38-4th |  | 108 | 106 | 0.668 | 0.332 |
| 4:15-4th |  | 111 | 106 | 0.794 | 0.206 |
| 3:53-4th |  | 111 | 109 | 0.68 | 0.32 |
| 3:29-4th |  | 113 | 109 | 0.751 | 0.249 |
| 3:11-4th |  | 113 | 112 | 0.617 | 0.383 |
| 2:45-4th | TARGET | 113 | 112 | 0.756 | 0.244 |
| 2:36-4th |  | 115 | 112 | 0.723 | 0.277 |
| 2:20-4th |  | 115 | 112 | 0.787 | 0.213 |
| 2:17-4th |  | 115 | 112 | 0.807 | 0.193 |
| 2:04-4th |  | 118 | 112 | 0.91 | 0.09 |
| 1:48-4th |  | 118 | 112 | 0.942 | 0.058 |
| 1:46-4th |  | 118 | 112 | 0.951 | 0.049 |
| 1:31-4th |  | 120 | 112 | 0.973 | 0.027 |
| 1:30-4th |  | 120 | 112 | 0.974 | 0.026 |
| 1:24-4th |  | 120 | 112 | 0.985 | 0.015 |
| 1:19-4th |  | 120 | 112 | 0.989 | 0.011 |
| 1:09-4th |  | 122 | 112 | 0.995 | 0.005 |
| 59.1-4th |  | 122 | 112 | 0.999 | 0.001 |
| 57.1-4th |  | 124 | 112 | 0.999 | 0.001 |
| 46.1-4th |  | 124 | 112 | 0.999 | 0.001 |
| 43.1-4th |  | 124 | 112 | 0.999 | 0.001 |
| 40.2-4th |  | 126 | 112 | 0.999 | 0.001 |
| 34.1-4th |  | 126 | 112 | 0.999 | 0.001 |
| 30.1-4th |  | 128 | 112 | 0.999 | 0.001 |
| 24.0-4th |  | 128 | 112 | 0.999 | 0.001 |
| 0.0-4th |  | 128 | 112 | 1.0 | 0.0 |

Question

Which event most likely happened at the marked missing position?

Answer Choices

A. Player 14 (Team B) lost ball turnover (Player 17 (Team A) steals)
B. Player 4 (Team B) makes two point shot (Player 14 (Team B) assists)
C. Player 6 (Team A) misses 8-foot two point shot | Team A offensive team rebound | Player 6 (Team B) loose ball foul
D. Player 9 (Team B) misses 19-foot step back jumpshot

Response Format

Return exactly one JSON object:

{
  "answer": "<A|B|C|D>",
  "rationale": "<brief evidence-based justification in 1-3 sentences>",
  "evidence_event_ids": [],
  "evidence_series_times": []
}

Use only event IDs and time labels that are provided above and that support the answer. Use an empty array when the corresponding evidence type is unavailable or unused. Return only the JSON object.
