Task

Reconstruct the missing event in this basketball game. Use the available numerical time-series evidence around the marked row to select the most likely event.

Game

Team A versus Team B, season 22-23.

Time Series

| Game time | Marker | Team A score | Team B score | Team A win probability | Team B win probability |
| --- | --- | --- | --- | --- | --- |
| 12:00-1st |  | 0 | 0 | 0.233 | 0.767 |
| 11:38-1st |  | 2 | 0 | 0.257 | 0.743 |
| 11:23-1st |  | 2 | 0 | 0.272 | 0.728 |
| 11:19-1st |  | 2 | 0 | 0.277 | 0.723 |
| 11:11-1st |  | 2 | 0 | 0.259 | 0.741 |
| 11:08-1st |  | 2 | 2 | 0.237 | 0.763 |
| 10:47-1st |  | 4 | 2 | 0.261 | 0.739 |
| 10:35-1st |  | 4 | 2 | 0.276 | 0.724 |
| 10:30-1st |  | 4 | 2 | 0.281 | 0.719 |
| 10:23-1st |  | 4 | 2 | 0.267 | 0.733 |
| 10:21-1st |  | 4 | 2 | 0.263 | 0.737 |
| 10:18-1st |  | 4 | 4 | 0.243 | 0.757 |
| 10:02-1st |  | 4 | 4 | 0.235 | 0.765 |
| 9:46-1st |  | 4 | 7 | 0.193 | 0.807 |
| 9:27-1st |  | 4 | 7 | 0.182 | 0.818 |
| 9:23-1st |  | 4 | 7 | 0.179 | 0.821 |
| 9:12-1st |  | 4 | 7 | 0.191 | 0.809 |
| 9:10-1st |  | 4 | 7 | 0.195 | 0.805 |
| 9:01-1st |  | 4 | 7 | 0.184 | 0.816 |
| 8:59-1st |  | 5 | 7 | 0.195 | 0.805 |
| 8:56-1st |  | 5 | 7 | 0.195 | 0.805 |
| 8:47-1st |  | 5 | 7 | 0.209 | 0.791 |
| 8:46-1st |  | 5 | 7 | 0.213 | 0.787 |
| 8:29-1st |  | 5 | 7 | 0.197 | 0.803 |
| 8:24-1st |  | 5 | 7 | 0.211 | 0.789 |
| 8:22-1st |  | 5 | 7 | 0.215 | 0.785 |
| 8:08-1st |  | 5 | 7 | 0.203 | 0.797 |
| 8:05-1st |  | 5 | 7 | 0.198 | 0.802 |
| 7:54-1st |  | 5 | 7 | 0.213 | 0.787 |
| 7:51-1st |  | 5 | 7 | 0.199 | 0.801 |
| 7:44-1st |  | 5 | 9 | 0.184 | 0.816 |
| 7:23-1st |  | 8 | 9 | 0.22 | 0.78 |
| 7:04-1st |  | 8 | 9 | 0.235 | 0.765 |
| 7:00-1st |  | 8 | 9 | 0.24 | 0.76 |
| 6:48-1st |  | 8 | 9 | 0.227 | 0.773 |
| 6:46-1st |  | 8 | 9 | 0.222 | 0.778 |
| 6:38-1st |  | 8 | 9 | 0.237 | 0.763 |
| 6:35-1st |  | 8 | 9 | 0.242 | 0.758 |
| 6:17-1st |  | 8 | 9 | 0.229 | 0.771 |
| 6:16-1st |  | 8 | 9 | 0.224 | 0.776 |
| 6:04-1st |  | 8 | 9 | 0.244 | 0.756 |
| 5:49-1st |  | 8 | 9 | 0.231 | 0.769 |
| 5:47-1st |  | 8 | 9 | 0.226 | 0.774 |
| 5:41-1st |  | 8 | 9 | 0.246 | 0.754 |
| 5:37-1st |  | 10 | 9 | 0.266 | 0.734 |
| 5:23-1st |  | 12 | 9 | 0.313 | 0.687 |
| 5:12-1st |  | 12 | 9 | 0.332 | 0.668 |
| 5:10-1st |  | 12 | 9 | 0.338 | 0.662 |
| 4:51-1st |  | 12 | 9 | 0.322 | 0.678 |
| 4:48-1st |  | 12 | 9 | 0.316 | 0.684 |
| 4:38-1st |  | 12 | 11 | 0.293 | 0.707 |
| 4:23-1st |  | 12 | 11 | 0.278 | 0.722 |
| 4:19-1st |  | 12 | 11 | 0.272 | 0.728 |
| 4:14-1st |  | 12 | 11 | 0.274 | 0.726 |
| 4:05-1st |  | 12 | 11 | 0.291 | 0.709 |
| 4:03-1st |  | 12 | 11 | 0.297 | 0.703 |
| 3:59-1st |  | 12 | 11 | 0.28 | 0.72 |
| 3:56-1st |  | 12 | 11 | 0.297 | 0.703 |
| 3:48-1st |  | 12 | 11 | 0.281 | 0.719 |
| 3:43-1st |  | 12 | 11 | 0.276 | 0.724 |
| 3:39-1st |  | 12 | 13 | 0.256 | 0.744 |
| 3:33-1st |  | 14 | 13 | 0.277 | 0.723 |
| 3:17-1st |  | 14 | 15 | 0.301 | 0.699 |
| 2:53-1st |  | 16 | 15 | 0.281 | 0.719 |
| 2:37-1st |  | 16 | 15 | 0.305 | 0.695 |
| 2:32-1st |  | 18 | 15 | 0.331 | 0.669 |
| 2:18-1st |  | 18 | 18 | 0.284 | 0.716 |
| 2:04-1st |  | 20 | 18 | 0.309 | 0.691 |
| 1:47-1st |  | 20 | 18 | 0.329 | 0.671 |
| 1:45-1st |  | 20 | 18 | 0.335 | 0.665 |
| 1:43-1st |  | 20 | 18 | 0.375 | 0.625 |
| 1:29-1st |  | 20 | 18 | 0.313 | 0.687 |
| 1:26-1st |  | 20 | 18 | 0.278 | 0.722 |
| 1:18-1st |  | 20 | 20 | 0.288 | 0.712 |
| 1:02-1st |  | 23 | 20 | 0.341 | 0.659 |
| 52.0-1st |  | 23 | 20 | 0.358 | 0.642 |
| 50.1-1st |  | 23 | 20 | 0.363 | 0.637 |
| 45.0-1st |  | 25 | 20 | 0.393 | 0.607 |
| 33.1-1st |  | 25 | 22 | 0.365 | 0.635 |
| 15.0-1st |  | 27 | 22 | 0.4 | 0.6 |
| 9.1-1st |  | 27 | 22 | 0.426 | 0.574 |
| 5.1-1st |  | 27 | 22 | 0.409 | 0.591 |
| 2.1-1st |  | 27 | 22 | 0.404 | 0.596 |
| 0.0-1st |  | 27 | 22 | 0.414 | 0.586 |
| 12:00-2nd |  | 27 | 22 | 0.414 | 0.586 |
| 11:53-2nd |  | 27 | 24 | 0.377 | 0.623 |
| 11:38-2nd |  | 27 | 24 | 0.348 | 0.652 |
| 11:25-2nd |  | 27 | 26 | 0.327 | 0.673 |
| 11:07-2nd |  | 29 | 26 | 0.351 | 0.649 |
| 10:48-2nd |  | 29 | 28 | 0.331 | 0.669 |
| 10:25-2nd |  | 29 | 28 | 0.311 | 0.689 |
| 10:24-2nd |  | 29 | 28 | 0.333 | 0.667 |
| 10:22-2nd |  | 31 | 28 | 0.356 | 0.644 |
| 10:01-2nd |  | 31 | 29 | 0.36 | 0.64 |
| 9:58-2nd |  | 31 | 29 | 0.361 | 0.639 |
| 9:48-2nd |  | 31 | 29 | 0.342 | 0.658 |
| 9:47-2nd |  | 31 | 29 | 0.362 | 0.638 |
| 9:45-2nd |  | 33 | 29 | 0.39 | 0.61 |
| 9:33-2nd |  | 33 | 32 | 0.336 | 0.664 |
| 9:11-2nd |  | 33 | 32 | 0.319 | 0.681 |
| 9:09-2nd |  | 33 | 32 | 0.312 | 0.688 |
| 9:02-2nd |  | 33 | 32 | 0.333 | 0.667 |
| 9:00-2nd |  | 33 | 32 | 0.34 | 0.66 |
| 8:53-2nd |  | 35 | 32 | 0.367 | 0.633 |
| 8:46-2nd |  | 35 | 34 | 0.339 | 0.661 |
| 8:36-2nd |  | 38 | 34 | 0.399 | 0.601 |
| 8:24-2nd |  | 38 | 34 | 0.423 | 0.577 |
| 8:21-2nd |  | 38 | 34 | 0.401 | 0.599 |
| 8:20-2nd |  | 38 | 36 | 0.373 | 0.627 |
| 8:12-2nd |  | 38 | 36 | 0.352 | 0.648 |
| 8:10-2nd |  | 38 | 36 | 0.344 | 0.656 |
| 8:02-2nd | TARGET | 38 | 36 | 0.417 | 0.583 |
| 7:49-2nd |  | 38 | 36 | 0.353 | 0.647 |
| 7:47-2nd |  | 38 | 36 | 0.346 | 0.654 |
| 7:41-2nd |  | 38 | 37 | 0.347 | 0.653 |
| 7:38-2nd |  | 38 | 37 | 0.347 | 0.653 |
| 7:23-2nd |  | 38 | 37 | 0.329 | 0.671 |
| 7:21-2nd |  | 38 | 37 | 0.323 | 0.677 |
| 7:17-2nd |  | 38 | 39 | 0.296 | 0.704 |
| 7:04-2nd |  | 38 | 39 | 0.271 | 0.729 |
| 6:57-2nd |  | 38 | 41 | 0.249 | 0.751 |
| 6:44-2nd |  | 38 | 41 | 0.231 | 0.769 |
| 6:41-2nd |  | 38 | 41 | 0.225 | 0.775 |
| 6:29-2nd |  | 38 | 44 | 0.187 | 0.813 |
| 6:28-2nd |  | 39 | 44 | 0.206 | 0.794 |
| 6:10-2nd |  | 41 | 44 | 0.226 | 0.774 |
| 6:04-2nd |  | 41 | 44 | 0.252 | 0.748 |
| 5:47-2nd |  | 41 | 44 | 0.228 | 0.772 |
| 5:38-2nd |  | 41 | 44 | 0.253 | 0.747 |
| 5:31-2nd |  | 43 | 44 | 0.278 | 0.722 |
| 5:13-2nd |  | 43 | 44 | 0.3 | 0.7 |
| 5:12-2nd |  | 43 | 44 | 0.306 | 0.694 |
| 5:09-2nd |  | 43 | 44 | 0.287 | 0.713 |
| 5:06-2nd |  | 43 | 44 | 0.307 | 0.693 |
| 4:54-2nd |  | 45 | 44 | 0.336 | 0.664 |
| 4:28-2nd |  | 45 | 46 | 0.31 | 0.69 |
| 4:05-2nd |  | 48 | 46 | 0.371 | 0.629 |
| 3:50-2nd |  | 48 | 46 | 0.398 | 0.602 |
| 3:49-2nd |  | 48 | 46 | 0.406 | 0.594 |
| 3:42-2nd |  | 48 | 46 | 0.382 | 0.618 |
| 3:40-2nd |  | 48 | 46 | 0.382 | 0.618 |
| 3:37-2nd |  | 48 | 46 | 0.407 | 0.593 |
| 3:36-2nd |  | 50 | 46 | 0.439 | 0.561 |
| 3:19-2nd |  | 50 | 46 | 0.467 | 0.533 |
| 3:15-2nd |  | 50 | 46 | 0.476 | 0.524 |
| 3:06-2nd |  | 52 | 46 | 0.509 | 0.491 |
| 2:50-2nd |  | 52 | 48 | 0.48 | 0.52 |
| 2:34-2nd |  | 52 | 48 | 0.456 | 0.544 |
| 2:32-2nd |  | 52 | 48 | 0.447 | 0.553 |
| 2:29-2nd |  | 52 | 50 | 0.414 | 0.586 |
| 2:08-2nd |  | 52 | 50 | 0.386 | 0.614 |
| 2:04-2nd |  | 52 | 52 | 0.355 | 0.645 |
| 1:43-2nd |  | 52 | 52 | 0.333 | 0.667 |
| 1:40-2nd |  | 52 | 52 | 0.326 | 0.674 |
| 1:35-2nd |  | 52 | 52 | 0.35 | 0.65 |
| 1:33-2nd |  | 52 | 52 | 0.358 | 0.642 |
| 1:24-2nd |  | 52 | 52 | 0.335 | 0.665 |
| 1:21-2nd |  | 52 | 52 | 0.327 | 0.673 |
| 1:15-2nd |  | 52 | 55 | 0.269 | 0.731 |
| 49.0-2nd |  | 52 | 55 | 0.249 | 0.751 |
| 47.0-2nd |  | 52 | 55 | 0.242 | 0.758 |
| 40.1-2nd |  | 52 | 58 | 0.199 | 0.801 |
| 28.0-2nd |  | 52 | 58 | 0.182 | 0.818 |
| 26.1-2nd |  | 52 | 58 | 0.176 | 0.824 |
| 3.1-2nd |  | 52 | 61 | 0.135 | 0.865 |
| 0.0-2nd |  | 52 | 61 | 0.129 | 0.871 |
| 12:00-3rd |  | 52 | 61 | 0.129 | 0.871 |
| 11:42-3rd |  | 52 | 61 | 0.129 | 0.871 |
| 11:39-3rd |  | 52 | 61 | 0.133 | 0.867 |
| 11:23-3rd |  | 52 | 61 | 0.121 | 0.879 |
| 11:20-3rd |  | 52 | 61 | 0.117 | 0.883 |
| 11:15-3rd |  | 52 | 63 | 0.104 | 0.896 |
| 11:00-3rd |  | 52 | 63 | 0.091 | 0.909 |
| 10:59-3rd |  | 52 | 63 | 0.087 | 0.913 |
| 10:54-3rd |  | 52 | 66 | 0.066 | 0.934 |
| 10:53-3rd |  | 52 | 66 | 0.066 | 0.934 |
| 10:37-3rd |  | 52 | 66 | 0.057 | 0.943 |
| 10:34-3rd |  | 52 | 66 | 0.065 | 0.935 |
| 10:32-3rd |  | 52 | 66 | 0.057 | 0.943 |
| 10:30-3rd |  | 52 | 66 | 0.065 | 0.935 |
| 10:18-3rd |  | 54 | 66 | 0.074 | 0.926 |
| 9:54-3rd |  | 54 | 66 | 0.082 | 0.918 |
| 9:52-3rd |  | 54 | 66 | 0.085 | 0.915 |
| 9:50-3rd |  | 56 | 66 | 0.1 | 0.9 |
| 9:27-3rd |  | 56 | 66 | 0.112 | 0.888 |
| 9:23-3rd |  | 56 | 66 | 0.117 | 0.883 |
| 9:20-3rd |  | 56 | 66 | 0.104 | 0.896 |
| 9:18-3rd |  | 56 | 66 | 0.116 | 0.884 |
| 9:15-3rd |  | 59 | 66 | 0.152 | 0.848 |
| 9:01-3rd |  | 59 | 69 | 0.116 | 0.884 |
| 8:38-3rd |  | 59 | 69 | 0.098 | 0.902 |
| 8:31-3rd |  | 59 | 71 | 0.083 | 0.917 |
| 8:28-3rd |  | 59 | 71 | 0.083 | 0.917 |
| 8:17-3rd |  | 59 | 71 | 0.074 | 0.926 |
| 8:15-3rd |  | 59 | 71 | 0.07 | 0.93 |
| 8:11-3rd |  | 59 | 74 | 0.049 | 0.951 |
| 7:54-3rd |  | 59 | 74 | 0.04 | 0.96 |
| 7:48-3rd |  | 59 | 74 | 0.046 | 0.954 |
| 7:45-3rd |  | 59 | 74 | 0.048 | 0.952 |
| 7:39-3rd |  | 59 | 74 | 0.04 | 0.96 |
| 7:33-3rd |  | 59 | 78 | 0.021 | 0.979 |
| 7:18-3rd |  | 61 | 78 | 0.026 | 0.974 |
| 6:57-3rd |  | 61 | 80 | 0.02 | 0.98 |
| 6:41-3rd |  | 63 | 80 | 0.025 | 0.975 |
| 6:22-3rd |  | 63 | 80 | 0.03 | 0.97 |
| 6:18-3rd |  | 65 | 80 | 0.037 | 0.963 |
| 6:07-3rd |  | 65 | 83 | 0.024 | 0.976 |
| 5:51-3rd |  | 65 | 83 | 0.02 | 0.98 |
| 5:49-3rd |  | 65 | 83 | 0.018 | 0.982 |
| 5:47-3rd |  | 65 | 83 | 0.023 | 0.977 |
| 5:41-3rd |  | 67 | 83 | 0.029 | 0.971 |
| 5:29-3rd |  | 67 | 83 | 0.028 | 0.972 |
| 5:15-3rd |  | 68 | 83 | 0.042 | 0.958 |
| 5:09-3rd |  | 68 | 83 | 0.034 | 0.966 |
| 4:59-3rd |  | 68 | 86 | 0.022 | 0.978 |
| 4:49-3rd |  | 68 | 86 | 0.016 | 0.984 |
| 4:37-3rd |  | 68 | 89 | 0.01 | 0.99 |
| 4:24-3rd |  | 71 | 89 | 0.016 | 0.984 |
| 4:09-3rd |  | 71 | 91 | 0.012 | 0.988 |
| 4:02-3rd |  | 74 | 91 | 0.02 | 0.98 |
| 3:52-3rd |  | 74 | 91 | 0.025 | 0.975 |
| 3:27-3rd |  | 74 | 91 | 0.02 | 0.98 |
| 3:26-3rd |  | 74 | 91 | 0.019 | 0.981 |
| 3:21-3rd |  | 74 | 93 | 0.015 | 0.985 |
| 3:06-3rd |  | 76 | 93 | 0.018 | 0.982 |
| 2:55-3rd |  | 76 | 93 | 0.021 | 0.979 |
| 2:53-3rd |  | 76 | 93 | 0.017 | 0.983 |
| 2:47-3rd |  | 76 | 94 | 0.017 | 0.983 |
| 2:44-3rd |  | 76 | 94 | 0.017 | 0.983 |
| 2:32-3rd |  | 78 | 94 | 0.021 | 0.979 |
| 2:23-3rd |  | 78 | 94 | 0.028 | 0.972 |
| 2:08-3rd |  | 78 | 94 | 0.022 | 0.978 |
| 2:06-3rd |  | 78 | 94 | 0.02 | 0.98 |
| 1:56-3rd |  | 78 | 96 | 0.016 | 0.984 |
| 1:46-3rd |  | 78 | 96 | 0.012 | 0.988 |
| 1:43-3rd |  | 78 | 96 | 0.011 | 0.989 |
| 1:25-3rd |  | 78 | 98 | 0.008 | 0.992 |
| 1:19-3rd |  | 80 | 98 | 0.011 | 0.989 |
| 1:13-3rd |  | 80 | 98 | 0.014 | 0.986 |
| 59.1-3rd |  | 80 | 98 | 0.01 | 0.99 |
| 57.0-3rd |  | 80 | 99 | 0.01 | 0.99 |
| 54.0-3rd |  | 80 | 99 | 0.01 | 0.99 |
| 48.1-3rd |  | 80 | 99 | 0.008 | 0.992 |
| 46.2-3rd |  | 80 | 99 | 0.007 | 0.993 |
| 38.2-3rd |  | 80 | 102 | 0.004 | 0.996 |
| 33.1-3rd |  | 82 | 102 | 0.005 | 0.995 |
| 21.0-3rd |  | 82 | 102 | 0.006 | 0.994 |
| 4.1-3rd |  | 82 | 102 | 0.006 | 0.994 |
| 2.1-3rd |  | 82 | 102 | 0.004 | 0.996 |
| 0.0-3rd |  | 82 | 102 | 0.005 | 0.995 |
| 12:00-4th |  | 82 | 102 | 0.005 | 0.995 |
| 11:58-4th |  | 82 | 102 | 0.004 | 0.996 |
| 11:57-4th |  | 82 | 104 | 0.004 | 0.996 |
| 11:39-4th |  | 84 | 104 | 0.004 | 0.996 |
| 11:17-4th |  | 84 | 104 | 0.005 | 0.995 |
| 11:14-4th |  | 84 | 104 | 0.005 | 0.995 |
| 11:12-4th |  | 84 | 104 | 0.004 | 0.996 |
| 11:09-4th |  | 84 | 107 | 0.002 | 0.998 |
| 10:46-4th |  | 84 | 107 | 0.002 | 0.998 |
| 10:42-4th |  | 84 | 107 | 0.001 | 0.999 |
| 10:28-4th |  | 84 | 107 | 0.002 | 0.998 |
| 10:16-4th |  | 85 | 107 | 0.002 | 0.998 |
| 10:00-4th |  | 85 | 109 | 0.001 | 0.999 |
| 9:48-4th |  | 85 | 109 | 0.001 | 0.999 |
| 9:38-4th |  | 85 | 109 | 0.001 | 0.999 |
| 9:35-4th |  | 85 | 109 | 0.001 | 0.999 |
| 9:27-4th |  | 85 | 109 | 0.001 | 0.999 |
| 9:25-4th |  | 85 | 109 | 0.001 | 0.999 |
| 9:17-4th |  | 87 | 109 | 0.001 | 0.999 |
| 8:58-4th |  | 87 | 109 | 0.002 | 0.998 |
| 8:55-4th |  | 87 | 109 | 0.002 | 0.998 |
| 8:49-4th |  | 87 | 109 | 0.001 | 0.999 |
| 8:46-4th |  | 87 | 109 | 0.001 | 0.999 |
| 8:24-4th |  | 87 | 109 | 0.001 | 0.999 |
| 8:21-4th |  | 87 | 109 | 0.001 | 0.999 |
| 8:18-4th |  | 87 | 109 | 0.001 | 0.999 |
| 8:14-4th |  | 87 | 109 | 0.002 | 0.998 |
| 8:01-4th |  | 89 | 109 | 0.002 | 0.998 |
| 7:40-4th |  | 89 | 112 | 0.001 | 0.999 |
| 7:26-4th |  | 92 | 112 | 0.002 | 0.998 |
| 7:11-4th |  | 92 | 114 | 0.001 | 0.999 |
| 7:08-4th |  | 92 | 114 | 0.001 | 0.999 |
| 7:00-4th |  | 92 | 114 | 0.001 | 0.999 |
| 6:53-4th |  | 92 | 114 | 0.001 | 0.999 |
| 6:50-4th |  | 92 | 116 | 0.001 | 0.999 |
| 6:41-4th |  | 93 | 116 | 0.001 | 0.999 |
| 6:31-4th |  | 93 | 116 | 0.001 | 0.999 |
| 6:22-4th |  | 93 | 116 | 0.001 | 0.999 |
| 6:19-4th |  | 93 | 116 | 0.001 | 0.999 |
| 6:07-4th |  | 93 | 116 | 0.001 | 0.999 |
| 6:02-4th |  | 93 | 118 | 0.001 | 0.999 |
| 5:42-4th |  | 93 | 120 | 0.001 | 0.999 |
| 5:31-4th |  | 93 | 120 | 0.001 | 0.999 |
| 5:27-4th |  | 93 | 120 | 0.001 | 0.999 |
| 5:23-4th |  | 94 | 120 | 0.001 | 0.999 |
| 5:09-4th |  | 94 | 120 | 0.001 | 0.999 |
| 5:08-4th |  | 94 | 120 | 0.001 | 0.999 |
| 5:06-4th |  | 94 | 122 | 0.001 | 0.999 |
| 4:54-4th |  | 94 | 122 | 0.001 | 0.999 |
| 4:52-4th |  | 94 | 122 | 0.001 | 0.999 |
| 4:39-4th |  | 94 | 123 | 0.001 | 0.999 |
| 4:36-4th |  | 94 | 123 | 0.001 | 0.999 |
| 4:30-4th |  | 94 | 123 | 0.001 | 0.999 |
| 4:28-4th |  | 94 | 123 | 0.001 | 0.999 |
| 4:07-4th |  | 94 | 124 | 0.001 | 0.999 |
| 4:04-4th |  | 94 | 124 | 0.001 | 0.999 |
| 3:56-4th |  | 95 | 124 | 0.001 | 0.999 |
| 3:32-4th |  | 95 | 124 | 0.001 | 0.999 |
| 3:29-4th |  | 95 | 124 | 0.001 | 0.999 |
| 3:26-4th |  | 95 | 124 | 0.001 | 0.999 |
| 3:13-4th |  | 95 | 124 | 0.001 | 0.999 |
| 3:10-4th |  | 95 | 124 | 0.001 | 0.999 |
| 3:05-4th |  | 97 | 124 | 0.001 | 0.999 |
| 2:58-4th |  | 97 | 125 | 0.001 | 0.999 |
| 2:44-4th |  | 97 | 127 | 0.001 | 0.999 |
| 2:28-4th |  | 97 | 127 | 0.001 | 0.999 |
| 2:24-4th |  | 97 | 129 | 0.001 | 0.999 |
| 2:12-4th |  | 97 | 129 | 0.001 | 0.999 |
| 2:10-4th |  | 97 | 131 | 0.001 | 0.999 |
| 1:50-4th |  | 97 | 131 | 0.001 | 0.999 |
| 1:49-4th |  | 97 | 131 | 0.001 | 0.999 |
| 1:44-4th |  | 97 | 131 | 0.001 | 0.999 |
| 1:42-4th |  | 99 | 131 | 0.001 | 0.999 |
| 1:31-4th |  | 99 | 131 | 0.001 | 0.999 |
| 1:30-4th |  | 101 | 131 | 0.001 | 0.999 |
| 1:09-4th |  | 101 | 131 | 0.001 | 0.999 |
| 1:08-4th |  | 101 | 133 | 0.001 | 0.999 |
| 58.1-4th |  | 104 | 133 | 0.001 | 0.999 |
| 51.1-4th |  | 104 | 133 | 0.001 | 0.999 |
| 49.1-4th |  | 104 | 133 | 0.001 | 0.999 |
| 47.0-4th |  | 104 | 135 | 0.001 | 0.999 |
| 28.0-4th |  | 104 | 135 | 0.001 | 0.999 |
| 25.1-4th |  | 104 | 135 | 0.001 | 0.999 |
| 23.1-4th |  | 104 | 135 | 0.001 | 0.999 |
| 17.1-4th |  | 106 | 135 | 0.001 | 0.999 |
| 0.0-4th |  | 106 | 135 | 0.0 | 1.0 |

Question

Which event most likely happened at the marked missing position?

Answer Choices

A. Player 7 (Team B) makes 26-foot three point jumper (Player 16 (Team A) assists)
B. Player 11 (Team A) makes 13-foot two point shot (Player 4 (Team A) assists)
C. Player 11 (Team B) makes 26-foot three point jumper (Gabe York assists)
D. Player 6 (Team B) bad pass | Player 3 (Team B) loose ball foul | Player 17 (Team B) enters the game for Player 5 (Team B) | Player 7 (Team B) enters the game for Player 8 (Team B)

Response Format

Return exactly one JSON object:

{
  "answer": "<A|B|C|D>",
  "rationale": "<brief evidence-based justification in 1-3 sentences>",
  "evidence_event_ids": [],
  "evidence_series_times": []
}

Use only event IDs and time labels that are provided above and that support the answer. Use an empty array when the corresponding evidence type is unavailable or unused. Return only the JSON object.
