Task

Reconstruct the missing event in this basketball game. Use the available numerical time-series evidence around the marked row to select the most likely event.

Game

Team A versus Team B, season 22-23.

Time Series

| Game time | Marker | Team A score | Team B score | Team A win probability | Team B win probability |
| --- | --- | --- | --- | --- | --- |
| 12:00-1st |  | 0 | 0 | 0.548 | 0.452 |
| 11:45-1st |  | 1 | 0 | 0.549 | 0.451 |
| 11:36-1st |  | 1 | 0 | 0.57 | 0.43 |
| 11:31-1st |  | 1 | 0 | 0.577 | 0.423 |
| 11:20-1st |  | 4 | 0 | 0.623 | 0.377 |
| 11:12-1st |  | 4 | 3 | 0.577 | 0.423 |
| 10:52-1st |  | 4 | 3 | 0.555 | 0.445 |
| 10:50-1st |  | 4 | 3 | 0.548 | 0.452 |
| 10:41-1st |  | 4 | 3 | 0.577 | 0.423 |
| 10:39-1st |  | 6 | 3 | 0.6 | 0.4 |
| 10:35-1st |  | 6 | 3 | 0.624 | 0.376 |
| 10:31-1st |  | 8 | 3 | 0.645 | 0.355 |
| 10:30-1st |  | 8 | 3 | 0.645 | 0.355 |
| 10:17-1st |  | 8 | 3 | 0.665 | 0.335 |
| 10:12-1st |  | 8 | 3 | 0.672 | 0.328 |
| 10:05-1st |  | 10 | 3 | 0.694 | 0.306 |
| 9:42-1st |  | 10 | 6 | 0.648 | 0.352 |
| 9:25-1st |  | 10 | 6 | 0.629 | 0.371 |
| 9:22-1st |  | 10 | 6 | 0.623 | 0.377 |
| 9:16-1st |  | 10 | 6 | 0.642 | 0.358 |
| 9:13-1st |  | 10 | 6 | 0.648 | 0.352 |
| 9:11-1st |  | 11 | 6 | 0.647 | 0.353 |
| 9:10-1st |  | 11 | 6 | 0.647 | 0.353 |
| 9:01-1st |  | 11 | 6 | 0.666 | 0.334 |
| 8:58-1st |  | 11 | 6 | 0.672 | 0.328 |
| 8:47-1st |  | 12 | 6 | 0.671 | 0.329 |
| 8:28-1st |  | 12 | 6 | 0.696 | 0.304 |
| 8:25-1st |  | 12 | 6 | 0.677 | 0.323 |
| 8:20-1st |  | 12 | 6 | 0.671 | 0.329 |
| 8:18-1st |  | 12 | 9 | 0.622 | 0.378 |
| 7:58-1st |  | 15 | 9 | 0.671 | 0.329 |
| 7:48-1st |  | 15 | 9 | 0.691 | 0.309 |
| 7:45-1st |  | 15 | 9 | 0.697 | 0.303 |
| 7:29-1st |  | 18 | 9 | 0.74 | 0.26 |
| 7:13-1st |  | 18 | 9 | 0.756 | 0.244 |
| 7:09-1st |  | 18 | 9 | 0.74 | 0.26 |
| 7:01-1st |  | 18 | 11 | 0.717 | 0.283 |
| 6:46-1st |  | 21 | 11 | 0.762 | 0.238 |
| 6:36-1st |  | 21 | 13 | 0.742 | 0.258 |
| 6:19-1st |  | 21 | 13 | 0.726 | 0.274 |
| 6:16-1st |  | 21 | 13 | 0.721 | 0.279 |
| 6:09-1st |  | 21 | 13 | 0.737 | 0.263 |
| 6:06-1st |  | 21 | 13 | 0.743 | 0.257 |
| 5:49-1st |  | 23 | 13 | 0.764 | 0.236 |
| 5:42-1st |  | 23 | 15 | 0.743 | 0.257 |
| 5:28-1st |  | 23 | 15 | 0.726 | 0.274 |
| 5:24-1st |  | 25 | 15 | 0.765 | 0.235 |
| 5:14-1st |  | 25 | 15 | 0.78 | 0.22 |
| 5:10-1st |  | 25 | 15 | 0.766 | 0.234 |
| 5:05-1st |  | 25 | 15 | 0.781 | 0.219 |
| 5:02-1st |  | 25 | 15 | 0.766 | 0.234 |
| 4:55-1st |  | 25 | 15 | 0.786 | 0.214 |
| 4:38-1st |  | 25 | 15 | 0.772 | 0.228 |
| 4:35-1st |  | 25 | 15 | 0.767 | 0.233 |
| 4:31-1st |  | 25 | 17 | 0.745 | 0.255 |
| 4:13-1st |  | 25 | 17 | 0.727 | 0.273 |
| 4:10-1st |  | 25 | 17 | 0.746 | 0.254 |
| 4:03-1st |  | 27 | 17 | 0.768 | 0.232 |
| 3:53-1st |  | 27 | 19 | 0.746 | 0.254 |
| 3:35-1st |  | 27 | 19 | 0.728 | 0.272 |
| 3:28-1st |  | 27 | 19 | 0.722 | 0.278 |
| 3:24-1st |  | 27 | 19 | 0.741 | 0.259 |
| 3:20-1st |  | 27 | 19 | 0.748 | 0.252 |
| 3:18-1st |  | 29 | 19 | 0.769 | 0.231 |
| 3:02-1st |  | 29 | 19 | 0.786 | 0.214 |
| 2:58-1st |  | 29 | 19 | 0.791 | 0.209 |
| 2:44-1st |  | 29 | 19 | 0.776 | 0.224 |
| 2:40-1st |  | 29 | 19 | 0.77 | 0.23 |
| 2:29-1st |  | 29 | 19 | 0.787 | 0.213 |
| 2:27-1st |  | 29 | 19 | 0.793 | 0.207 |
| 2:24-1st |  | 29 | 19 | 0.771 | 0.229 |
| 2:21-1st |  | 29 | 19 | 0.787 | 0.213 |
| 2:20-1st |  | 29 | 19 | 0.793 | 0.207 |
| 2:16-1st |  | 31 | 19 | 0.809 | 0.191 |
| 2:15-1st |  | 31 | 19 | 0.809 | 0.191 |
| 1:54-1st |  | 31 | 19 | 0.81 | 0.19 |
| 1:51-1st |  | 31 | 19 | 0.829 | 0.171 |
| 1:35-1st |  | 31 | 19 | 0.815 | 0.185 |
| 1:33-1st |  | 31 | 19 | 0.811 | 0.189 |
| 1:23-1st |  | 31 | 19 | 0.811 | 0.189 |
| 1:14-1st |  | 31 | 19 | 0.826 | 0.174 |
| 1:10-1st |  | 31 | 19 | 0.831 | 0.169 |
| 1:07-1st |  | 31 | 19 | 0.817 | 0.183 |
| 1:04-1st |  | 31 | 19 | 0.812 | 0.188 |
| 49.8-1st |  | 31 | 22 | 0.776 | 0.224 |
| 32.7-1st |  | 31 | 22 | 0.761 | 0.239 |
| 29.9-1st |  | 31 | 22 | 0.777 | 0.223 |
| 29.8-1st |  | 33 | 22 | 0.795 | 0.205 |
| 14.0-1st |  | 33 | 25 | 0.754 | 0.246 |
| 0.8-1st |  | 36 | 25 | 0.794 | 0.206 |
| 0.0-1st |  | 36 | 25 | 0.804 | 0.196 |
| 11:49-2nd |  | 36 | 25 | 0.812 | 0.188 |
| 11:45-2nd |  | 36 | 25 | 0.816 | 0.184 |
| 11:29-2nd |  | 36 | 25 | 0.804 | 0.196 |
| 11:26-2nd |  | 36 | 25 | 0.8 | 0.2 |
| 11:22-2nd |  | 36 | 25 | 0.799 | 0.201 |
| 11:19-2nd |  | 36 | 27 | 0.779 | 0.221 |
| 11:02-2nd |  | 38 | 27 | 0.8 | 0.2 |
| 10:43-2nd |  | 38 | 27 | 0.816 | 0.184 |
| 10:41-2nd |  | 38 | 29 | 0.78 | 0.22 |
| 10:30-2nd |  | 39 | 29 | 0.78 | 0.22 |
| 10:15-2nd |  | 39 | 29 | 0.796 | 0.204 |
| 10:14-2nd |  | 39 | 29 | 0.802 | 0.198 |
| 10:10-2nd |  | 39 | 29 | 0.781 | 0.219 |
| 9:52-2nd |  | 39 | 29 | 0.797 | 0.203 |
| 9:48-2nd |  | 39 | 29 | 0.803 | 0.197 |
| 9:47-2nd |  | 39 | 29 | 0.782 | 0.218 |
| 9:40-2nd |  | 39 | 29 | 0.798 | 0.202 |
| 9:38-2nd |  | 39 | 29 | 0.803 | 0.197 |
| 9:34-2nd |  | 41 | 29 | 0.823 | 0.177 |
| 9:31-2nd |  | 41 | 29 | 0.823 | 0.177 |
| 9:22-2nd |  | 41 | 29 | 0.838 | 0.162 |
| 9:21-2nd |  | 41 | 29 | 0.843 | 0.157 |
| 9:09-2nd |  | 41 | 29 | 0.829 | 0.171 |
| 9:06-2nd |  | 41 | 29 | 0.824 | 0.176 |
| 8:48-2nd |  | 41 | 29 | 0.839 | 0.161 |
| 8:45-2nd |  | 41 | 29 | 0.844 | 0.156 |
| 8:29-2nd |  | 41 | 29 | 0.83 | 0.17 |
| 8:27-2nd |  | 41 | 29 | 0.826 | 0.174 |
| 8:21-2nd |  | 41 | 29 | 0.84 | 0.16 |
| 8:18-2nd |  | 41 | 31 | 0.808 | 0.192 |
| 8:02-2nd |  | 41 | 31 | 0.808 | 0.192 |
| 7:57-2nd |  | 43 | 31 | 0.827 | 0.173 |
| 7:44-2nd |  | 43 | 31 | 0.829 | 0.171 |
| 7:34-2nd |  | 43 | 31 | 0.843 | 0.157 |
| 7:30-2nd |  | 43 | 31 | 0.829 | 0.171 |
| 7:21-2nd |  | 43 | 34 | 0.788 | 0.212 |
| 7:08-2nd |  | 44 | 34 | 0.788 | 0.212 |
| 6:59-2nd |  | 44 | 36 | 0.766 | 0.234 |
| 6:57-2nd |  | 44 | 36 | 0.766 | 0.234 |
| 6:36-2nd |  | 44 | 36 | 0.749 | 0.251 |
| 6:30-2nd |  | 44 | 36 | 0.743 | 0.257 |
| 6:19-2nd |  | 44 | 38 | 0.715 | 0.285 |
| 6:00-2nd |  | 44 | 38 | 0.696 | 0.304 |
| 5:56-2nd |  | 44 | 38 | 0.689 | 0.311 |
| 5:48-2nd |  | 44 | 41 | 0.632 | 0.368 |
| 5:46-2nd |  | 44 | 41 | 0.632 | 0.368 |
| 5:30-2nd |  | 44 | 41 | 0.608 | 0.392 |
| 5:26-2nd |  | 44 | 41 | 0.601 | 0.399 |
| 5:17-2nd |  | 44 | 43 | 0.571 | 0.429 |
| 5:06-2nd |  | 46 | 43 | 0.601 | 0.399 |
| 4:51-2nd |  | 46 | 43 | 0.625 | 0.375 |
| 4:46-2nd |  | 46 | 43 | 0.633 | 0.367 |
| 4:31-2nd |  | 48 | 43 | 0.664 | 0.336 |
| 4:15-2nd |  | 48 | 43 | 0.692 | 0.308 |
| 4:07-2nd |  | 48 | 43 | 0.672 | 0.328 |
| 4:04-2nd |  | 48 | 43 | 0.693 | 0.307 |
| 4:03-2nd |  | 48 | 43 | 0.672 | 0.328 |
| 4:01-2nd |  | 48 | 43 | 0.665 | 0.335 |
| 3:58-2nd |  | 48 | 43 | 0.693 | 0.307 |
| 3:47-2nd |  | 48 | 43 | 0.673 | 0.327 |
| 3:44-2nd |  | 48 | 43 | 0.673 | 0.327 |
| 3:43-2nd |  | 48 | 43 | 0.694 | 0.306 |
| 3:40-2nd |  | 48 | 43 | 0.666 | 0.334 |
| 3:37-2nd |  | 48 | 43 | 0.687 | 0.313 |
| 3:33-2nd |  | 48 | 43 | 0.694 | 0.306 |
| 3:29-2nd |  | 50 | 43 | 0.724 | 0.276 |
| 3:20-2nd |  | 50 | 43 | 0.751 | 0.249 |
| 3:07-2nd |  | 52 | 43 | 0.776 | 0.224 |
| 2:52-2nd |  | 52 | 43 | 0.796 | 0.204 |
| 2:49-2nd |  | 52 | 43 | 0.802 | 0.198 |
| 2:39-2nd |  | 55 | 43 | 0.845 | 0.155 |
| 2:28-2nd |  | 55 | 43 | 0.866 | 0.134 |
| 2:04-2nd |  | 55 | 43 | 0.847 | 0.153 |
| 1:59-2nd |  | 55 | 45 | 0.829 | 0.171 |
| 1:47-2nd |  | 58 | 45 | 0.869 | 0.131 |
| 1:29-2nd |  | 58 | 45 | 0.882 | 0.118 |
| 1:26-2nd |  | 58 | 45 | 0.87 | 0.13 |
| 1:23-2nd |  | 58 | 47 | 0.851 | 0.149 |
| 1:13-2nd |  | 58 | 47 | 0.835 | 0.165 |
| 1:11-2nd |  | 58 | 47 | 0.852 | 0.148 |
| 1:10-2nd |  | 58 | 47 | 0.835 | 0.165 |
| 1:08-2nd |  | 58 | 47 | 0.829 | 0.171 |
| 1:02-2nd |  | 58 | 50 | 0.784 | 0.216 |
| 45.9-2nd |  | 60 | 50 | 0.81 | 0.19 |
| 38.4-2nd |  | 60 | 50 | 0.829 | 0.171 |
| 35.9-2nd |  | 60 | 50 | 0.835 | 0.165 |
| 15.6-2nd |  | 60 | 50 | 0.811 | 0.189 |
| 12.1-2nd |  | 60 | 50 | 0.811 | 0.189 |
| 10.3-2nd |  | 60 | 52 | 0.787 | 0.213 |
| 0.0-2nd |  | 60 | 52 | 0.772 | 0.228 |
| 12:00-3rd |  | 60 | 52 | 0.772 | 0.228 |
| 11:46-3rd |  | 60 | 54 | 0.739 | 0.261 |
| 11:27-3rd |  | 63 | 54 | 0.794 | 0.206 |
| 10:59-3rd |  | 63 | 54 | 0.814 | 0.186 |
| 10:55-3rd |  | 63 | 54 | 0.82 | 0.18 |
| 10:49-3rd |  | 63 | 54 | 0.803 | 0.197 |
| 10:46-3rd |  | 63 | 54 | 0.797 | 0.203 |
| 10:41-3rd |  | 63 | 56 | 0.772 | 0.228 |
| 10:13-3rd |  | 66 | 56 | 0.82 | 0.18 |
| 10:01-3rd |  | 66 | 56 | 0.821 | 0.179 |
| 10:00-3rd |  | 66 | 58 | 0.798 | 0.202 |
| 9:42-3rd |  | 68 | 58 | 0.823 | 0.177 |
| 9:34-3rd |  | 68 | 59 | 0.826 | 0.174 |
| 9:33-3rd |  | 68 | 59 | 0.826 | 0.174 |
| 9:18-3rd |  | 68 | 59 | 0.808 | 0.192 |
| 9:14-3rd |  | 68 | 59 | 0.802 | 0.198 |
| 9:04-3rd |  | 68 | 61 | 0.776 | 0.224 |
| 8:55-3rd |  | 70 | 61 | 0.803 | 0.197 |
| 8:39-3rd |  | 70 | 63 | 0.778 | 0.222 |
| 8:18-3rd |  | 70 | 63 | 0.756 | 0.244 |
| 8:14-3rd |  | 70 | 63 | 0.748 | 0.252 |
| 8:07-3rd |  | 70 | 65 | 0.719 | 0.281 |
| 7:51-3rd |  | 72 | 65 | 0.749 | 0.251 |
| 7:43-3rd |  | 72 | 65 | 0.774 | 0.226 |
| 7:40-3rd |  | 72 | 65 | 0.782 | 0.218 |
| 7:38-3rd |  | 74 | 65 | 0.809 | 0.191 |
| 7:25-3rd |  | 74 | 65 | 0.83 | 0.17 |
| 7:21-3rd |  | 74 | 65 | 0.836 | 0.164 |
| 7:06-3rd |  | 74 | 65 | 0.812 | 0.188 |
| 7:01-3rd |  | 74 | 68 | 0.756 | 0.244 |
| 7:00-3rd |  | 74 | 68 | 0.756 | 0.244 |
| 6:41-3rd |  | 76 | 68 | 0.786 | 0.214 |
| 6:19-3rd |  | 76 | 68 | 0.809 | 0.191 |
| 6:16-3rd |  | 76 | 68 | 0.817 | 0.183 |
| 6:07-3rd |  | 79 | 68 | 0.867 | 0.133 |
| 5:47-3rd |  | 79 | 68 | 0.89 | 0.11 |
| 5:30-3rd |  | 79 | 68 | 0.876 | 0.124 |
| 5:26-3rd |  | 79 | 68 | 0.872 | 0.128 |
| 5:16-3rd |  | 79 | 68 | 0.888 | 0.112 |
| 5:14-3rd |  | 79 | 68 | 0.894 | 0.106 |
| 5:07-3rd |  | 79 | 68 | 0.879 | 0.121 |
| 5:06-3rd |  | 79 | 68 | 0.895 | 0.105 |
| 5:04-3rd |  | 81 | 68 | 0.912 | 0.088 |
| 4:53-3rd |  | 81 | 71 | 0.876 | 0.124 |
| 4:24-3rd |  | 81 | 71 | 0.855 | 0.145 |
| 4:15-3rd |  | 81 | 73 | 0.829 | 0.171 |
| 4:02-3rd |  | 81 | 73 | 0.809 | 0.191 |
| 3:59-3rd |  | 81 | 73 | 0.802 | 0.198 |
| 3:56-3rd |  | 81 | 73 | 0.824 | 0.176 |
| 3:52-3rd |  | 81 | 73 | 0.803 | 0.197 |
| 3:51-3rd |  | 81 | 73 | 0.831 | 0.169 |
| 3:27-3rd |  | 81 | 73 | 0.813 | 0.187 |
| 3:24-3rd |  | 81 | 73 | 0.806 | 0.194 |
| 3:17-3rd |  | 81 | 73 | 0.829 | 0.171 |
| 3:16-3rd |  | 81 | 73 | 0.836 | 0.164 |
| 3:01-3rd |  | 83 | 73 | 0.865 | 0.135 |
| 2:44-3rd |  | 83 | 73 | 0.884 | 0.116 |
| 2:41-3rd |  | 83 | 73 | 0.891 | 0.109 |
| 2:37-3rd |  | 83 | 73 | 0.89 | 0.11 |
| 2:28-3rd |  | 83 | 73 | 0.892 | 0.108 |
| 2:20-3rd |  | 83 | 73 | 0.869 | 0.131 |
| 2:17-3rd |  | 83 | 73 | 0.893 | 0.107 |
| 2:16-3rd |  | 83 | 73 | 0.87 | 0.13 |
| 2:04-3rd |  | 83 | 73 | 0.895 | 0.105 |
| 1:42-3rd |  | 85 | 73 | 0.916 | 0.084 |
| 1:20-3rd |  | 85 | 75 | 0.9 | 0.1 |
| 1:06-3rd |  | 87 | 75 | 0.921 | 0.079 |
| 54.4-3rd |  | 87 | 75 | 0.935 | 0.065 |
| 51.5-3rd |  | 87 | 75 | 0.939 | 0.061 |
| 47.6-3rd |  | 87 | 75 | 0.923 | 0.077 |
| 27.2-3rd |  | 87 | 75 | 0.938 | 0.062 |
| 24.7-3rd |  | 87 | 75 | 0.895 | 0.105 |
| 19.9-3rd |  | 87 | 77 | 0.908 | 0.092 |
| 1.0-3rd |  | 87 | 77 | 0.91 | 0.09 |
| 0.0-3rd |  | 87 | 77 | 0.895 | 0.105 |
| 11:35-4th |  | 89 | 77 | 0.933 | 0.067 |
| 11:22-4th |  | 89 | 77 | 0.949 | 0.051 |
| 11:14-4th |  | 89 | 77 | 0.955 | 0.045 |
| 11:09-4th |  | 89 | 77 | 0.937 | 0.063 |
| 10:59-4th |  | 89 | 77 | 0.938 | 0.062 |
| 10:58-4th |  | 89 | 77 | 0.95 | 0.05 |
| 10:53-4th |  | 89 | 77 | 0.955 | 0.045 |
| 10:44-4th |  | 91 | 77 | 0.966 | 0.034 |
| 10:35-4th |  | 91 | 77 | 0.975 | 0.025 |
| 10:26-4th |  | 91 | 77 | 0.97 | 0.03 |
| 10:22-4th |  | 91 | 77 | 0.968 | 0.032 |
| 10:18-4th |  | 91 | 80 | 0.944 | 0.056 |
| 9:59-4th |  | 91 | 80 | 0.931 | 0.069 |
| 9:43-4th |  | 91 | 80 | 0.944 | 0.056 |
| 9:39-4th |  | 91 | 80 | 0.949 | 0.051 |
| 9:35-4th |  | 94 | 80 | 0.972 | 0.028 |
| 9:33-4th |  | 95 | 80 | 0.986 | 0.014 |
| 9:24-4th |  | 95 | 81 | 0.979 | 0.021 |
| 9:17-4th |  | 95 | 81 | 0.981 | 0.019 |
| 9:12-4th |  | 97 | 81 | 0.986 | 0.014 |
| 8:48-4th |  | 97 | 81 | 0.992 | 0.008 |
| 8:41-4th |  | 99 | 81 | 0.994 | 0.006 |
| 8:40-4th |  | 99 | 81 | 0.994 | 0.006 |
| 8:30-4th |  | 99 | 83 | 0.993 | 0.007 |
| 8:13-4th |  | 99 | 83 | 0.991 | 0.009 |
| 8:09-4th |  | 101 | 83 | 0.996 | 0.004 |
| 7:57-4th |  | 101 | 86 | 0.991 | 0.009 |
| 7:43-4th |  | 101 | 86 | 0.987 | 0.013 |
| 7:35-4th |  | 101 | 89 | 0.974 | 0.026 |
| 7:14-4th |  | 101 | 89 | 0.967 | 0.033 |
| 7:12-4th |  | 101 | 89 | 0.965 | 0.035 |
| 7:03-4th |  | 101 | 89 | 0.974 | 0.026 |
| 7:01-4th |  | 101 | 89 | 0.977 | 0.023 |
| 6:50-4th |  | 101 | 89 | 0.97 | 0.03 |
| 6:49-4th |  | 101 | 89 | 0.978 | 0.022 |
| 6:48-4th |  | 101 | 89 | 0.97 | 0.03 |
| 6:47-4th |  | 101 | 89 | 0.968 | 0.032 |
| 6:37-4th |  | 101 | 89 | 0.976 | 0.024 |
| 6:34-4th |  | 101 | 89 | 0.969 | 0.031 |
| 6:33-4th |  | 101 | 89 | 0.978 | 0.022 |
| 6:32-4th |  | 101 | 89 | 0.978 | 0.022 |
| 6:15-4th |  | 101 | 89 | 0.982 | 0.018 |
| 6:09-4th |  | 101 | 89 | 0.974 | 0.026 |
| 6:04-4th |  | 101 | 89 | 0.973 | 0.027 |
| 6:00-4th |  | 101 | 92 | 0.945 | 0.055 |
| 5:36-4th |  | 101 | 92 | 0.934 | 0.066 |
| 5:33-4th |  | 101 | 92 | 0.95 | 0.05 |
| 5:32-4th |  | 103 | 92 | 0.964 | 0.036 |
| 5:20-4th |  | 103 | 95 | 0.926 | 0.074 |
| 4:57-4th |  | 103 | 95 | 0.912 | 0.088 |
| 4:53-4th |  | 103 | 95 | 0.907 | 0.093 |
| 4:46-4th |  | 103 | 95 | 0.928 | 0.072 |
| 4:45-4th |  | 103 | 95 | 0.934 | 0.066 |
| 4:42-4th |  | 105 | 95 | 0.958 | 0.042 |
| 4:33-4th |  | 105 | 97 | 0.942 | 0.058 |
| 4:16-4th |  | 105 | 97 | 0.92 | 0.08 |
| 4:00-4th |  | 105 | 97 | 0.949 | 0.051 |
| 3:59-4th |  | 105 | 97 | 0.949 | 0.051 |
| 3:38-4th |  | 108 | 97 | 0.979 | 0.021 |
| 3:25-4th |  | 108 | 97 | 0.988 | 0.012 |
| 3:24-4th |  | 108 | 97 | 0.99 | 0.01 |
| 3:10-4th |  | 108 | 97 | 0.984 | 0.016 |
| 2:55-4th |  | 108 | 99 | 0.977 | 0.023 |
| 2:32-4th |  | 108 | 99 | 0.971 | 0.029 |
| 2:30-4th |  | 108 | 99 | 0.969 | 0.031 |
| 2:28-4th |  | 108 | 99 | 0.979 | 0.021 |
| 2:22-4th |  | 108 | 99 | 0.98 | 0.02 |
| 2:21-4th |  | 108 | 99 | 0.983 | 0.017 |
| 2:14-4th |  | 108 | 99 | 0.984 | 0.016 |
| 2:03-4th |  | 110 | 99 | 0.992 | 0.008 |
| 1:54-4th |  | 110 | 99 | 0.996 | 0.004 |
| 1:49-4th |  | 110 | 99 | 0.997 | 0.003 |
| 1:28-4th |  | 110 | 99 | 0.996 | 0.004 |
| 1:26-4th |  | 110 | 99 | 0.996 | 0.004 |
| 1:23-4th |  | 110 | 102 | 0.985 | 0.015 |
| 1:03-4th |  | 110 | 102 | 0.979 | 0.021 |
| 59.2-4th |  | 110 | 102 | 0.99 | 0.01 |
| 53.2-4th |  | 110 | 102 | 0.982 | 0.018 |
| 50.2-4th |  | 110 | 102 | 0.98 | 0.02 |
| 45.9-4th |  | 110 | 105 | 0.941 | 0.059 |
| 40.9-4th |  | 110 | 105 | 0.898 | 0.102 |
| 37.4-4th |  | 110 | 105 | 0.936 | 0.064 |
| 33.6-4th |  | 110 | 105 | 0.906 | 0.094 |
| 32.5-4th |  | 110 | 105 | 0.907 | 0.093 |
| 31.2-4th |  | 110 | 107 | 0.87 | 0.13 |
| 29.5-4th | TARGET | 110 | 107 | 0.775 | 0.225 |
| 28.1-4th |  | 110 | 107 | 0.851 | 0.149 |
| 24.5-4th |  | 110 | 107 | 0.884 | 0.116 |
| 14.8-4th |  | 112 | 107 | 0.946 | 0.054 |
| 10.7-4th |  | 112 | 107 | 0.978 | 0.022 |
| 9.7-4th |  | 114 | 107 | 0.995 | 0.005 |
| 4.9-4th |  | 114 | 107 | 0.999 | 0.001 |
| 1.4-4th |  | 114 | 107 | 0.999 | 0.001 |
| 0.0-4th |  | 114 | 107 | 1.0 | 0.0 |

Question

Which event most likely happened at the marked missing position?

Answer Choices

A. Player 4 (Team B) lost ball turnover (Player 9 (Team A) steals)
B. Player 4 (Team B) offensive rebound
C. Player 3 (Team B) makes 11-foot pullup jump shot (Player 1 (Team B) assists)
D. Player 2 (Team B) makes 25-foot three point jumper (Player 14 (Team A) assists)

Response Format

Return exactly one JSON object:

{
  "answer": "<A|B|C|D>",
  "rationale": "<brief evidence-based justification in 1-3 sentences>",
  "evidence_event_ids": [],
  "evidence_series_times": []
}

Use only event IDs and time labels that are provided above and that support the answer. Use an empty array when the corresponding evidence type is unavailable or unused. Return only the JSON object.
