Task

Reconstruct the missing event in this basketball game. Use the available numerical time-series evidence around the marked row to select the most likely event.

Game

Team A versus Team B, season 22-23.

Time Series

| Game time | Marker | Team A score | Team B score | Team A win probability | Team B win probability |
| --- | --- | --- | --- | --- | --- |
| 12:00-1st |  | 0 | 0 | 0.043 | 0.957 |
| 11:45-1st |  | 0 | 3 | 0.036 | 0.964 |
| 11:32-1st |  | 0 | 3 | 0.033 | 0.967 |
| 11:17-1st |  | 0 | 3 | 0.036 | 0.964 |
| 11:13-1st |  | 0 | 3 | 0.037 | 0.963 |
| 10:52-1st |  | 0 | 3 | 0.035 | 0.965 |
| 10:50-1st |  | 0 | 3 | 0.034 | 0.966 |
| 10:34-1st |  | 0 | 3 | 0.038 | 0.962 |
| 10:32-1st |  | 0 | 3 | 0.039 | 0.961 |
| 10:25-1st |  | 0 | 3 | 0.039 | 0.961 |
| 10:22-1st |  | 2 | 3 | 0.042 | 0.958 |
| 10:17-1st |  | 2 | 6 | 0.036 | 0.964 |
| 10:05-1st |  | 2 | 6 | 0.033 | 0.967 |
| 10:01-1st |  | 2 | 6 | 0.032 | 0.968 |
| 9:54-1st |  | 2 | 6 | 0.037 | 0.963 |
| 9:49-1st |  | 4 | 6 | 0.04 | 0.96 |
| 9:32-1st |  | 4 | 6 | 0.044 | 0.956 |
| 9:29-1st |  | 4 | 6 | 0.041 | 0.959 |
| 9:28-1st |  | 4 | 9 | 0.034 | 0.966 |
| 9:11-1st |  | 4 | 9 | 0.032 | 0.968 |
| 9:10-1st |  | 4 | 9 | 0.031 | 0.969 |
| 9:03-1st |  | 4 | 9 | 0.035 | 0.965 |
| 8:59-1st |  | 4 | 9 | 0.032 | 0.968 |
| 8:56-1st |  | 4 | 9 | 0.035 | 0.965 |
| 8:55-1st |  | 4 | 9 | 0.032 | 0.968 |
| 8:54-1st |  | 4 | 9 | 0.032 | 0.968 |
| 8:43-1st |  | 4 | 12 | 0.026 | 0.974 |
| 8:19-1st |  | 4 | 12 | 0.024 | 0.976 |
| 8:16-1st |  | 4 | 12 | 0.024 | 0.976 |
| 8:04-1st |  | 4 | 14 | 0.022 | 0.978 |
| 8:03-1st |  | 4 | 14 | 0.022 | 0.978 |
| 7:54-1st |  | 4 | 14 | 0.02 | 0.98 |
| 7:53-1st |  | 4 | 14 | 0.022 | 0.978 |
| 7:50-1st |  | 7 | 14 | 0.027 | 0.973 |
| 7:41-1st |  | 7 | 14 | 0.03 | 0.97 |
| 7:38-1st |  | 7 | 14 | 0.03 | 0.97 |
| 7:30-1st |  | 7 | 14 | 0.028 | 0.972 |
| 7:28-1st |  | 7 | 14 | 0.028 | 0.972 |
| 7:20-1st |  | 7 | 17 | 0.022 | 0.978 |
| 7:03-1st |  | 7 | 17 | 0.023 | 0.977 |
| 6:52-1st |  | 10 | 17 | 0.028 | 0.972 |
| 6:29-1st |  | 10 | 17 | 0.032 | 0.968 |
| 6:26-1st |  | 10 | 17 | 0.033 | 0.967 |
| 6:25-1st |  | 10 | 17 | 0.029 | 0.971 |
| 6:17-1st |  | 10 | 17 | 0.033 | 0.967 |
| 6:05-1st |  | 10 | 17 | 0.03 | 0.97 |
| 6:00-1st |  | 10 | 17 | 0.033 | 0.967 |
| 5:58-1st |  | 11 | 17 | 0.033 | 0.967 |
| 5:40-1st |  | 11 | 17 | 0.036 | 0.964 |
| 5:38-1st |  | 11 | 17 | 0.037 | 0.963 |
| 5:30-1st |  | 11 | 17 | 0.035 | 0.965 |
| 5:29-1st |  | 11 | 17 | 0.034 | 0.966 |
| 5:19-1st |  | 11 | 19 | 0.031 | 0.969 |
| 5:01-1st |  | 11 | 19 | 0.031 | 0.969 |
| 4:56-1st |  | 12 | 19 | 0.031 | 0.969 |
| 4:41-1st |  | 12 | 19 | 0.036 | 0.964 |
| 4:37-1st |  | 14 | 19 | 0.039 | 0.961 |
| 4:21-1st |  | 14 | 19 | 0.043 | 0.957 |
| 4:18-1st |  | 14 | 19 | 0.045 | 0.955 |
| 4:13-1st |  | 16 | 19 | 0.05 | 0.95 |
| 3:57-1st |  | 16 | 19 | 0.05 | 0.95 |
| 3:50-1st |  | 16 | 19 | 0.056 | 0.944 |
| 3:43-1st |  | 16 | 19 | 0.053 | 0.947 |
| 3:40-1st |  | 16 | 19 | 0.057 | 0.943 |
| 3:38-1st |  | 16 | 19 | 0.051 | 0.949 |
| 3:27-1st |  | 16 | 19 | 0.052 | 0.948 |
| 3:24-1st |  | 16 | 22 | 0.042 | 0.958 |
| 3:05-1st |  | 16 | 22 | 0.039 | 0.961 |
| 3:02-1st |  | 16 | 22 | 0.043 | 0.957 |
| 2:56-1st |  | 18 | 22 | 0.048 | 0.952 |
| 2:43-1st |  | 18 | 24 | 0.044 | 0.956 |
| 2:20-1st |  | 20 | 24 | 0.05 | 0.95 |
| 2:09-1st |  | 20 | 24 | 0.055 | 0.945 |
| 2:06-1st |  | 20 | 24 | 0.057 | 0.943 |
| 1:58-1st |  | 23 | 24 | 0.07 | 0.93 |
| 1:46-1st |  | 23 | 24 | 0.061 | 0.939 |
| 1:41-1st |  | 23 | 26 | 0.064 | 0.936 |
| 1:29-1st |  | 25 | 26 | 0.071 | 0.929 |
| 1:14-1st |  | 25 | 26 | 0.078 | 0.922 |
| 1:12-1st |  | 25 | 26 | 0.081 | 0.919 |
| 1:03-1st |  | 27 | 26 | 0.091 | 0.909 |
| 47.1-1st |  | 27 | 26 | 0.101 | 0.899 |
| 42.1-1st |  | 27 | 26 | 0.105 | 0.895 |
| 33.0-1st |  | 29 | 26 | 0.115 | 0.885 |
| 16.1-1st |  | 29 | 28 | 0.106 | 0.894 |
| 0.0-1st |  | 32 | 28 | 0.138 | 0.862 |
| 12:00-2nd |  | 32 | 28 | 0.138 | 0.862 |
| 11:45-2nd |  | 32 | 28 | 0.149 | 0.851 |
| 11:34-2nd |  | 32 | 28 | 0.136 | 0.864 |
| 11:31-2nd |  | 32 | 28 | 0.151 | 0.849 |
| 11:27-2nd |  | 32 | 28 | 0.141 | 0.859 |
| 11:25-2nd |  | 32 | 28 | 0.137 | 0.863 |
| 11:15-2nd |  | 32 | 28 | 0.15 | 0.85 |
| 11:12-2nd |  | 32 | 28 | 0.154 | 0.846 |
| 11:05-2nd |  | 34 | 28 | 0.17 | 0.83 |
| 10:44-2nd |  | 34 | 28 | 0.187 | 0.813 |
| 10:42-2nd |  | 34 | 28 | 0.192 | 0.808 |
| 10:35-2nd |  | 34 | 28 | 0.192 | 0.808 |
| 10:20-2nd |  | 34 | 28 | 0.182 | 0.818 |
| 10:18-2nd |  | 34 | 28 | 0.177 | 0.823 |
| 10:15-2nd |  | 34 | 29 | 0.179 | 0.821 |
| 9:58-2nd |  | 34 | 29 | 0.169 | 0.831 |
| 9:56-2nd |  | 34 | 29 | 0.165 | 0.835 |
| 9:50-2nd |  | 34 | 29 | 0.179 | 0.821 |
| 9:47-2nd |  | 34 | 29 | 0.184 | 0.816 |
| 9:27-2nd |  | 34 | 29 | 0.17 | 0.83 |
| 9:16-2nd |  | 34 | 32 | 0.139 | 0.861 |
| 9:02-2nd |  | 36 | 32 | 0.157 | 0.843 |
| 8:47-2nd |  | 36 | 35 | 0.129 | 0.871 |
| 8:32-2nd |  | 36 | 35 | 0.121 | 0.879 |
| 8:28-2nd |  | 38 | 35 | 0.146 | 0.854 |
| 8:19-2nd |  | 38 | 35 | 0.16 | 0.84 |
| 8:17-2nd |  | 38 | 35 | 0.148 | 0.852 |
| 8:15-2nd |  | 38 | 35 | 0.165 | 0.835 |
| 7:58-2nd |  | 41 | 35 | 0.204 | 0.796 |
| 7:41-2nd |  | 41 | 35 | 0.224 | 0.776 |
| 7:38-2nd |  | 41 | 35 | 0.231 | 0.769 |
| 7:33-2nd |  | 44 | 35 | 0.28 | 0.72 |
| 7:17-2nd |  | 44 | 37 | 0.26 | 0.74 |
| 7:13-2nd |  | 44 | 37 | 0.237 | 0.763 |
| 7:06-2nd |  | 44 | 39 | 0.217 | 0.783 |
| 6:48-2nd |  | 46 | 39 | 0.243 | 0.757 |
| 6:33-2nd |  | 46 | 39 | 0.266 | 0.734 |
| 6:31-2nd |  | 46 | 39 | 0.274 | 0.726 |
| 6:23-2nd |  | 46 | 39 | 0.276 | 0.724 |
| 6:15-2nd |  | 49 | 39 | 0.331 | 0.669 |
| 6:13-2nd |  | 49 | 39 | 0.397 | 0.603 |
| 5:51-2nd |  | 49 | 39 | 0.364 | 0.636 |
| 5:46-2nd |  | 49 | 39 | 0.374 | 0.626 |
| 5:25-2nd |  | 49 | 39 | 0.356 | 0.644 |
| 5:24-2nd |  | 49 | 39 | 0.382 | 0.618 |
| 5:23-2nd |  | 49 | 39 | 0.355 | 0.645 |
| 5:21-2nd |  | 49 | 39 | 0.379 | 0.621 |
| 5:20-2nd |  | 49 | 39 | 0.348 | 0.652 |
| 5:14-2nd |  | 49 | 41 | 0.325 | 0.675 |
| 4:56-2nd |  | 49 | 41 | 0.325 | 0.675 |
| 4:49-2nd |  | 49 | 41 | 0.309 | 0.691 |
| 4:45-2nd |  | 49 | 41 | 0.302 | 0.698 |
| 4:38-2nd |  | 49 | 43 | 0.275 | 0.725 |
| 4:21-2nd |  | 49 | 43 | 0.277 | 0.723 |
| 4:11-2nd |  | 52 | 43 | 0.341 | 0.659 |
| 3:59-2nd |  | 52 | 43 | 0.369 | 0.631 |
| 3:55-2nd |  | 52 | 43 | 0.378 | 0.622 |
| 3:38-2nd |  | 52 | 43 | 0.36 | 0.64 |
| 3:35-2nd |  | 52 | 43 | 0.353 | 0.647 |
| 3:32-2nd |  | 52 | 45 | 0.324 | 0.676 |
| 3:14-2nd |  | 52 | 45 | 0.305 | 0.695 |
| 3:12-2nd |  | 52 | 45 | 0.298 | 0.702 |
| 3:10-2nd |  | 52 | 47 | 0.27 | 0.73 |
| 2:58-2nd |  | 52 | 47 | 0.274 | 0.726 |
| 2:52-2nd |  | 54 | 47 | 0.303 | 0.697 |
| 2:35-2nd |  | 54 | 50 | 0.254 | 0.746 |
| 2:19-2nd |  | 54 | 50 | 0.236 | 0.764 |
| 2:15-2nd |  | 54 | 50 | 0.23 | 0.77 |
| 2:11-2nd |  | 54 | 52 | 0.209 | 0.791 |
| 1:55-2nd |  | 57 | 52 | 0.261 | 0.739 |
| 1:41-2nd |  | 57 | 52 | 0.287 | 0.713 |
| 1:38-2nd |  | 57 | 52 | 0.295 | 0.705 |
| 1:34-2nd |  | 58 | 52 | 0.293 | 0.707 |
| 1:18-2nd |  | 58 | 52 | 0.321 | 0.679 |
| 1:16-2nd |  | 58 | 52 | 0.33 | 0.67 |
| 1:05-2nd |  | 60 | 52 | 0.371 | 0.629 |
| 55.0-2nd |  | 60 | 54 | 0.336 | 0.664 |
| 43.1-2nd |  | 60 | 54 | 0.315 | 0.685 |
| 41.0-2nd |  | 60 | 54 | 0.307 | 0.693 |
| 37.0-2nd |  | 60 | 54 | 0.342 | 0.658 |
| 31.1-2nd |  | 62 | 54 | 0.383 | 0.617 |
| 17.1-2nd |  | 62 | 54 | 0.409 | 0.591 |
| 15.1-2nd |  | 62 | 54 | 0.418 | 0.582 |
| 0.1-2nd |  | 62 | 54 | 0.425 | 0.575 |
| 0.0-2nd |  | 62 | 54 | 0.406 | 0.594 |
| 12:00-3rd |  | 62 | 54 | 0.406 | 0.594 |
| 11:44-3rd |  | 64 | 54 | 0.468 | 0.532 |
| 11:26-3rd |  | 64 | 55 | 0.481 | 0.519 |
| 11:16-3rd |  | 64 | 55 | 0.456 | 0.544 |
| 11:14-3rd |  | 64 | 55 | 0.486 | 0.514 |
| 11:08-3rd |  | 66 | 55 | 0.525 | 0.475 |
| 10:55-3rd |  | 66 | 55 | 0.564 | 0.436 |
| 10:52-3rd |  | 66 | 55 | 0.576 | 0.424 |
| 10:43-3rd |  | 66 | 55 | 0.547 | 0.453 |
| 10:41-3rd |  | 66 | 55 | 0.537 | 0.463 |
| 10:39-3rd |  | 68 | 56 | 0.577 | 0.423 |
| 10:29-3rd | TARGET | 70 | 55 | 0.706 | 0.294 |
| 10:16-3rd |  | 70 | 56 | 0.707 | 0.293 |
| 10:07-3rd |  | 70 | 56 | 0.684 | 0.316 |
| 10:05-3rd |  | 70 | 56 | 0.675 | 0.325 |
| 10:02-3rd |  | 70 | 56 | 0.714 | 0.286 |
| 9:46-3rd |  | 73 | 56 | 0.788 | 0.212 |
| 9:33-3rd |  | 73 | 56 | 0.818 | 0.182 |
| 9:30-3rd |  | 73 | 56 | 0.827 | 0.173 |
| 9:28-3rd |  | 73 | 56 | 0.795 | 0.205 |
| 9:18-3rd |  | 73 | 56 | 0.824 | 0.176 |
| 9:16-3rd |  | 73 | 56 | 0.832 | 0.168 |
| 9:08-3rd |  | 75 | 56 | 0.859 | 0.141 |
| 9:05-3rd |  | 75 | 56 | 0.887 | 0.113 |
| 8:45-3rd |  | 75 | 58 | 0.843 | 0.157 |
| 8:35-3rd |  | 75 | 58 | 0.823 | 0.177 |
| 8:33-3rd |  | 75 | 58 | 0.816 | 0.184 |
| 8:23-3rd |  | 75 | 58 | 0.843 | 0.157 |
| 8:20-3rd |  | 75 | 58 | 0.821 | 0.179 |
| 8:18-3rd |  | 75 | 58 | 0.845 | 0.155 |
| 8:15-3rd |  | 75 | 60 | 0.792 | 0.208 |
| 8:03-3rd |  | 75 | 60 | 0.764 | 0.236 |
| 7:50-3rd |  | 75 | 63 | 0.693 | 0.307 |
| 7:27-3rd |  | 75 | 63 | 0.664 | 0.336 |
| 7:23-3rd |  | 75 | 63 | 0.705 | 0.295 |
| 7:10-3rd |  | 75 | 63 | 0.671 | 0.329 |
| 7:05-3rd |  | 75 | 63 | 0.704 | 0.296 |
| 7:04-3rd |  | 75 | 63 | 0.714 | 0.286 |
| 6:58-3rd |  | 75 | 63 | 0.687 | 0.313 |
| 6:55-3rd |  | 75 | 63 | 0.718 | 0.282 |
| 6:54-3rd |  | 77 | 63 | 0.756 | 0.244 |
| 6:44-3rd |  | 77 | 63 | 0.786 | 0.214 |
| 6:41-3rd |  | 77 | 63 | 0.796 | 0.204 |
| 6:32-3rd |  | 77 | 63 | 0.766 | 0.234 |
| 6:27-3rd |  | 77 | 63 | 0.793 | 0.207 |
| 6:24-3rd |  | 77 | 63 | 0.803 | 0.197 |
| 6:16-3rd |  | 77 | 63 | 0.781 | 0.219 |
| 6:15-3rd |  | 77 | 63 | 0.716 | 0.284 |
| 6:09-3rd |  | 77 | 65 | 0.74 | 0.26 |
| 5:51-3rd |  | 77 | 65 | 0.707 | 0.293 |
| 5:38-3rd |  | 77 | 65 | 0.743 | 0.257 |
| 5:37-3rd |  | 77 | 67 | 0.671 | 0.329 |
| 5:21-3rd |  | 77 | 67 | 0.636 | 0.364 |
| 5:10-3rd |  | 77 | 67 | 0.683 | 0.317 |
| 5:02-3rd |  | 79 | 67 | 0.725 | 0.275 |
| 4:52-3rd |  | 79 | 67 | 0.763 | 0.237 |
| 4:51-3rd |  | 79 | 68 | 0.73 | 0.27 |
| 4:44-3rd |  | 79 | 68 | 0.701 | 0.299 |
| 4:42-3rd |  | 79 | 68 | 0.691 | 0.309 |
| 4:36-3rd |  | 79 | 70 | 0.657 | 0.343 |
| 4:15-3rd |  | 79 | 70 | 0.615 | 0.385 |
| 4:14-3rd |  | 79 | 71 | 0.619 | 0.381 |
| 3:59-3rd |  | 81 | 71 | 0.671 | 0.329 |
| 3:50-3rd |  | 81 | 71 | 0.706 | 0.294 |
| 3:47-3rd |  | 81 | 71 | 0.677 | 0.323 |
| 3:45-3rd |  | 81 | 73 | 0.632 | 0.368 |
| 3:27-3rd |  | 84 | 73 | 0.725 | 0.275 |
| 3:11-3rd |  | 84 | 73 | 0.764 | 0.236 |
| 3:07-3rd |  | 84 | 73 | 0.776 | 0.224 |
| 2:57-3rd |  | 84 | 73 | 0.739 | 0.261 |
| 2:44-3rd |  | 84 | 75 | 0.71 | 0.29 |
| 2:31-3rd |  | 84 | 75 | 0.677 | 0.323 |
| 2:28-3rd |  | 84 | 75 | 0.665 | 0.335 |
| 2:19-3rd |  | 84 | 75 | 0.722 | 0.278 |
| 2:05-3rd |  | 84 | 75 | 0.676 | 0.324 |
| 2:02-3rd |  | 84 | 77 | 0.635 | 0.365 |
| 1:43-3rd |  | 86 | 77 | 0.686 | 0.314 |
| 1:24-3rd |  | 86 | 77 | 0.734 | 0.266 |
| 1:21-3rd |  | 86 | 79 | 0.654 | 0.346 |
| 1:05-3rd |  | 86 | 79 | 0.62 | 0.38 |
| 1:00-3rd |  | 86 | 79 | 0.609 | 0.391 |
| 49.0-3rd |  | 86 | 79 | 0.655 | 0.345 |
| 47.0-3rd |  | 86 | 79 | 0.669 | 0.331 |
| 33.1-3rd |  | 88 | 79 | 0.718 | 0.282 |
| 11.0-3rd |  | 88 | 81 | 0.636 | 0.364 |
| 6.1-3rd |  | 88 | 81 | 0.676 | 0.324 |
| 3.0-3rd |  | 88 | 81 | 0.69 | 0.31 |
| 0.0-3rd |  | 88 | 81 | 0.665 | 0.335 |
| 12:00-4th |  | 88 | 81 | 0.665 | 0.335 |
| 11:46-4th |  | 88 | 81 | 0.689 | 0.311 |
| 11:43-4th |  | 88 | 81 | 0.704 | 0.296 |
| 11:21-4th |  | 90 | 81 | 0.756 | 0.244 |
| 10:59-4th |  | 90 | 81 | 0.8 | 0.2 |
| 10:56-4th |  | 90 | 81 | 0.812 | 0.188 |
| 10:40-4th |  | 92 | 81 | 0.858 | 0.142 |
| 10:31-4th |  | 92 | 81 | 0.85 | 0.15 |
| 10:26-4th |  | 92 | 81 | 0.881 | 0.119 |
| 10:24-4th |  | 92 | 81 | 0.859 | 0.141 |
| 10:23-4th |  | 92 | 84 | 0.778 | 0.222 |
| 10:02-4th |  | 92 | 84 | 0.747 | 0.253 |
| 10:00-4th |  | 92 | 84 | 0.735 | 0.265 |
| 9:56-4th |  | 92 | 84 | 0.789 | 0.211 |
| 9:43-4th |  | 94 | 84 | 0.833 | 0.167 |
| 9:21-4th |  | 94 | 86 | 0.804 | 0.196 |
| 9:01-4th |  | 96 | 86 | 0.849 | 0.151 |
| 8:43-4th |  | 96 | 86 | 0.882 | 0.118 |
| 8:41-4th |  | 96 | 86 | 0.898 | 0.102 |
| 8:26-4th |  | 98 | 86 | 0.921 | 0.079 |
| 8:16-4th |  | 98 | 86 | 0.945 | 0.055 |
| 8:03-4th |  | 100 | 86 | 0.965 | 0.035 |
| 7:49-4th |  | 100 | 88 | 0.953 | 0.047 |
| 7:27-4th |  | 100 | 88 | 0.945 | 0.055 |
| 7:24-4th |  | 100 | 88 | 0.941 | 0.059 |
| 7:11-4th |  | 100 | 91 | 0.899 | 0.101 |
| 6:47-4th |  | 101 | 91 | 0.91 | 0.09 |
| 6:33-4th |  | 101 | 93 | 0.891 | 0.109 |
| 6:14-4th |  | 101 | 93 | 0.87 | 0.13 |
| 6:12-4th |  | 101 | 93 | 0.899 | 0.101 |
| 6:11-4th |  | 101 | 93 | 0.872 | 0.128 |
| 6:07-4th |  | 101 | 93 | 0.901 | 0.099 |
| 6:06-4th |  | 101 | 93 | 0.874 | 0.126 |
| 6:01-4th |  | 101 | 93 | 0.867 | 0.133 |
| 5:45-4th |  | 101 | 93 | 0.901 | 0.099 |
| 5:42-4th |  | 101 | 93 | 0.911 | 0.089 |
| 5:28-4th |  | 104 | 93 | 0.955 | 0.045 |
| 5:09-4th |  | 104 | 96 | 0.923 | 0.077 |
| 4:40-4th |  | 104 | 96 | 0.909 | 0.091 |
| 4:36-4th |  | 104 | 96 | 0.935 | 0.065 |
| 4:31-4th |  | 106 | 96 | 0.953 | 0.047 |
| 4:11-4th |  | 106 | 96 | 0.971 | 0.029 |
| 4:09-4th |  | 106 | 96 | 0.976 | 0.024 |
| 3:55-4th |  | 108 | 96 | 0.985 | 0.015 |
| 3:54-4th |  | 108 | 96 | 0.986 | 0.014 |
| 3:45-4th |  | 108 | 96 | 0.983 | 0.017 |
| 3:39-4th |  | 108 | 96 | 0.991 | 0.009 |
| 3:35-4th |  | 108 | 96 | 0.993 | 0.007 |
| 3:22-4th |  | 110 | 96 | 0.996 | 0.004 |
| 3:10-4th |  | 110 | 96 | 0.991 | 0.009 |
| 3:01-4th |  | 110 | 99 | 0.99 | 0.01 |
| 2:44-4th |  | 113 | 99 | 0.998 | 0.002 |
| 2:30-4th |  | 113 | 99 | 0.999 | 0.001 |
| 2:25-4th |  | 113 | 99 | 0.998 | 0.002 |
| 2:24-4th |  | 113 | 99 | 0.999 | 0.001 |
| 2:22-4th |  | 113 | 99 | 0.999 | 0.001 |
| 2:04-4th |  | 113 | 99 | 0.999 | 0.001 |
| 2:01-4th |  | 113 | 99 | 0.999 | 0.001 |
| 1:54-4th |  | 113 | 101 | 0.999 | 0.001 |
| 1:33-4th |  | 113 | 101 | 0.998 | 0.002 |
| 1:31-4th |  | 113 | 102 | 0.998 | 0.002 |
| 1:20-4th |  | 115 | 102 | 0.999 | 0.001 |
| 1:09-4th |  | 115 | 104 | 0.999 | 0.001 |
| 57.2-4th |  | 115 | 104 | 0.998 | 0.002 |
| 53.2-4th |  | 115 | 106 | 0.996 | 0.004 |
| 44.0-4th |  | 115 | 106 | 0.992 | 0.008 |
| 40.1-4th |  | 115 | 106 | 0.997 | 0.003 |
| 37.1-4th |  | 115 | 106 | 0.993 | 0.007 |
| 36.0-4th |  | 115 | 108 | 0.989 | 0.011 |
| 26.1-4th |  | 117 | 108 | 0.996 | 0.004 |
| 25.1-4th |  | 117 | 109 | 0.997 | 0.003 |
| 1.0-4th |  | 117 | 109 | 0.999 | 0.001 |
| 0.0-4th |  | 117 | 109 | 1.0 | 0.0 |

Question

Which event most likely happened at the marked missing position?

Answer Choices

A. Player 11 (Team A) makes 6-foot two point shot (Player 2 (Team B) assists)
B. Player 14 (Team B) makes free throw 1 of 2
C. Player 13 (Team A) makes 12-foot two point shot (Player 11 (Team A) assists)
D. Player 4 (Team A) makes driving layup

Response Format

Return exactly one JSON object:

{
  "answer": "<A|B|C|D>",
  "rationale": "<brief evidence-based justification in 1-3 sentences>",
  "evidence_event_ids": [],
  "evidence_series_times": []
}

Use only event IDs and time labels that are provided above and that support the answer. Use an empty array when the corresponding evidence type is unavailable or unused. Return only the JSON object.
