Task

Reconstruct the missing event in this basketball game. Use the available numerical time-series evidence around the marked row to select the most likely event.

Game

Team A versus Team B, season 22-23.

Time Series

| Game time | Marker | Team A score | Team B score | Team A win probability | Team B win probability |
| --- | --- | --- | --- | --- | --- |
| 12:00-1st |  | 0 | 0 | 0.806 | 0.194 |
| 11:40-1st | TARGET | 3 | 0 | 0.835 | 0.165 |
| 11:15-1st |  | 3 | 2 | 0.823 | 0.177 |
| 11:08-1st |  | 6 | 2 | 0.846 | 0.154 |
| 10:50-1st |  | 6 | 2 | 0.86 | 0.14 |
| 10:47-1st |  | 6 | 2 | 0.849 | 0.151 |
| 10:44-1st |  | 6 | 2 | 0.845 | 0.155 |
| 10:40-1st |  | 6 | 2 | 0.856 | 0.144 |
| 10:39-1st |  | 6 | 2 | 0.86 | 0.14 |
| 10:35-1st |  | 8 | 2 | 0.873 | 0.127 |
| 10:24-1st |  | 8 | 2 | 0.88 | 0.12 |
| 10:22-1st |  | 8 | 2 | 0.883 | 0.117 |
| 10:19-1st |  | 10 | 2 | 0.893 | 0.107 |
| 10:08-1st |  | 10 | 4 | 0.881 | 0.119 |
| 10:01-1st |  | 13 | 4 | 0.902 | 0.098 |
| 9:48-1st |  | 13 | 4 | 0.911 | 0.089 |
| 9:41-1st |  | 13 | 4 | 0.903 | 0.097 |
| 9:38-1st |  | 13 | 4 | 0.901 | 0.099 |
| 9:35-1st |  | 13 | 6 | 0.891 | 0.109 |
| 9:25-1st |  | 16 | 6 | 0.91 | 0.09 |
| 9:23-1st |  | 16 | 6 | 0.91 | 0.09 |
| 9:08-1st |  | 16 | 8 | 0.9 | 0.1 |
| 8:53-1st |  | 16 | 8 | 0.892 | 0.108 |
| 8:52-1st |  | 16 | 8 | 0.889 | 0.111 |
| 8:48-1st |  | 16 | 11 | 0.867 | 0.133 |
| 8:36-1st |  | 16 | 11 | 0.853 | 0.147 |
| 8:20-1st |  | 16 | 11 | 0.862 | 0.138 |
| 8:19-1st |  | 16 | 11 | 0.865 | 0.135 |
| 8:05-1st |  | 18 | 11 | 0.877 | 0.123 |
| 7:52-1st |  | 18 | 14 | 0.851 | 0.149 |
| 7:41-1st |  | 20 | 14 | 0.863 | 0.137 |
| 7:28-1st |  | 20 | 14 | 0.872 | 0.128 |
| 7:27-1st |  | 20 | 14 | 0.875 | 0.125 |
| 7:20-1st |  | 23 | 14 | 0.897 | 0.103 |
| 7:08-1st |  | 23 | 14 | 0.904 | 0.096 |
| 7:07-1st |  | 23 | 14 | 0.907 | 0.093 |
| 6:59-1st |  | 23 | 14 | 0.896 | 0.104 |
| 6:45-1st |  | 23 | 16 | 0.886 | 0.114 |
| 6:33-1st |  | 26 | 16 | 0.906 | 0.094 |
| 6:15-1st |  | 26 | 16 | 0.913 | 0.087 |
| 6:13-1st |  | 26 | 18 | 0.896 | 0.104 |
| 6:04-1st |  | 28 | 18 | 0.905 | 0.095 |
| 5:55-1st |  | 28 | 18 | 0.912 | 0.088 |
| 5:53-1st |  | 28 | 18 | 0.915 | 0.085 |
| 5:46-1st |  | 28 | 18 | 0.907 | 0.093 |
| 5:44-1st |  | 28 | 18 | 0.905 | 0.095 |
| 5:36-1st |  | 28 | 18 | 0.912 | 0.088 |
| 5:34-1st |  | 28 | 18 | 0.915 | 0.085 |
| 5:29-1st |  | 30 | 18 | 0.922 | 0.078 |
| 5:12-1st |  | 30 | 21 | 0.904 | 0.096 |
| 5:11-1st |  | 30 | 21 | 0.904 | 0.096 |
| 4:57-1st |  | 32 | 21 | 0.913 | 0.087 |
| 4:38-1st |  | 32 | 23 | 0.903 | 0.097 |
| 4:22-1st |  | 35 | 23 | 0.921 | 0.079 |
| 4:18-1st |  | 35 | 23 | 0.93 | 0.07 |
| 4:15-1st |  | 35 | 23 | 0.923 | 0.077 |
| 4:14-1st |  | 35 | 23 | 0.93 | 0.07 |
| 4:13-1st |  | 38 | 23 | 0.944 | 0.056 |
| 3:56-1st |  | 38 | 23 | 0.949 | 0.051 |
| 3:53-1st |  | 38 | 23 | 0.951 | 0.049 |
| 3:51-1st |  | 38 | 23 | 0.946 | 0.054 |
| 3:48-1st |  | 38 | 23 | 0.944 | 0.056 |
| 3:39-1st |  | 38 | 23 | 0.951 | 0.049 |
| 3:34-1st |  | 41 | 23 | 0.962 | 0.038 |
| 3:13-1st |  | 41 | 23 | 0.965 | 0.035 |
| 3:11-1st |  | 41 | 23 | 0.966 | 0.034 |
| 3:05-1st |  | 41 | 23 | 0.963 | 0.037 |
| 3:03-1st |  | 41 | 23 | 0.962 | 0.038 |
| 2:58-1st |  | 41 | 23 | 0.966 | 0.034 |
| 2:48-1st |  | 41 | 23 | 0.966 | 0.034 |
| 2:47-1st |  | 44 | 23 | 0.974 | 0.026 |
| 2:33-1st |  | 44 | 23 | 0.977 | 0.023 |
| 2:32-1st |  | 44 | 23 | 0.978 | 0.022 |
| 2:17-1st |  | 44 | 23 | 0.975 | 0.025 |
| 2:15-1st |  | 44 | 23 | 0.978 | 0.022 |
| 2:07-1st |  | 46 | 23 | 0.981 | 0.019 |
| 1:54-1st |  | 46 | 23 | 0.976 | 0.024 |
| 1:46-1st |  | 46 | 25 | 0.978 | 0.022 |
| 1:30-1st |  | 49 | 25 | 0.984 | 0.016 |
| 1:07-1st |  | 49 | 25 | 0.986 | 0.014 |
| 1:05-1st |  | 49 | 25 | 0.986 | 0.014 |
| 59.1-1st |  | 52 | 25 | 0.99 | 0.01 |
| 43.1-1st |  | 52 | 25 | 0.992 | 0.008 |
| 40.1-1st |  | 52 | 25 | 0.99 | 0.01 |
| 39.0-1st |  | 52 | 27 | 0.989 | 0.011 |
| 17.1-1st |  | 55 | 27 | 0.992 | 0.008 |
| 0.0-1st |  | 55 | 27 | 0.993 | 0.007 |
| 12:00-2nd |  | 55 | 27 | 0.993 | 0.007 |
| 11:42-2nd |  | 55 | 27 | 0.993 | 0.007 |
| 11:40-2nd |  | 55 | 27 | 0.994 | 0.006 |
| 11:29-2nd |  | 55 | 27 | 0.993 | 0.007 |
| 11:27-2nd |  | 55 | 27 | 0.994 | 0.006 |
| 11:23-2nd |  | 57 | 27 | 0.995 | 0.005 |
| 11:17-2nd |  | 57 | 29 | 0.994 | 0.006 |
| 11:06-2nd |  | 57 | 29 | 0.993 | 0.007 |
| 11:04-2nd |  | 57 | 29 | 0.993 | 0.007 |
| 11:01-2nd |  | 57 | 29 | 0.994 | 0.006 |
| 10:59-2nd |  | 57 | 29 | 0.994 | 0.006 |
| 10:48-2nd |  | 57 | 29 | 0.993 | 0.007 |
| 10:30-2nd |  | 57 | 29 | 0.994 | 0.006 |
| 10:29-2nd |  | 57 | 29 | 0.994 | 0.006 |
| 10:22-2nd |  | 59 | 29 | 0.995 | 0.005 |
| 10:08-2nd |  | 59 | 29 | 0.996 | 0.004 |
| 10:06-2nd |  | 59 | 29 | 0.996 | 0.004 |
| 9:57-2nd |  | 59 | 29 | 0.995 | 0.005 |
| 9:54-2nd |  | 59 | 29 | 0.995 | 0.005 |
| 9:50-2nd |  | 59 | 29 | 0.996 | 0.004 |
| 9:48-2nd |  | 59 | 29 | 0.996 | 0.004 |
| 9:39-2nd |  | 59 | 29 | 0.995 | 0.005 |
| 9:33-2nd |  | 59 | 31 | 0.994 | 0.006 |
| 9:21-2nd |  | 61 | 31 | 0.995 | 0.005 |
| 9:03-2nd |  | 61 | 31 | 0.996 | 0.004 |
| 9:01-2nd |  | 61 | 31 | 0.996 | 0.004 |
| 8:56-2nd |  | 61 | 31 | 0.995 | 0.005 |
| 8:49-2nd |  | 61 | 34 | 0.993 | 0.007 |
| 8:29-2nd |  | 64 | 34 | 0.996 | 0.004 |
| 8:15-2nd |  | 64 | 34 | 0.997 | 0.003 |
| 8:10-2nd |  | 64 | 34 | 0.996 | 0.004 |
| 8:07-2nd |  | 64 | 34 | 0.996 | 0.004 |
| 7:57-2nd |  | 64 | 36 | 0.995 | 0.005 |
| 7:45-2nd |  | 66 | 36 | 0.996 | 0.004 |
| 7:35-2nd |  | 66 | 36 | 0.997 | 0.003 |
| 7:32-2nd |  | 66 | 36 | 0.997 | 0.003 |
| 7:27-2nd |  | 66 | 36 | 0.996 | 0.004 |
| 7:24-2nd |  | 66 | 36 | 0.996 | 0.004 |
| 7:17-2nd |  | 66 | 36 | 0.997 | 0.003 |
| 7:02-2nd |  | 68 | 36 | 0.998 | 0.002 |
| 6:44-2nd |  | 68 | 38 | 0.997 | 0.003 |
| 6:19-2nd |  | 68 | 38 | 0.996 | 0.004 |
| 6:01-2nd |  | 68 | 38 | 0.997 | 0.003 |
| 6:00-2nd |  | 68 | 38 | 0.996 | 0.004 |
| 5:56-2nd |  | 68 | 40 | 0.996 | 0.004 |
| 5:35-2nd |  | 70 | 40 | 0.997 | 0.003 |
| 5:19-2nd |  | 70 | 42 | 0.996 | 0.004 |
| 5:05-2nd |  | 72 | 42 | 0.997 | 0.003 |
| 4:50-2nd |  | 72 | 44 | 0.996 | 0.004 |
| 4:42-2nd |  | 74 | 44 | 0.997 | 0.003 |
| 4:34-2nd |  | 74 | 44 | 0.997 | 0.003 |
| 4:32-2nd |  | 74 | 44 | 0.997 | 0.003 |
| 4:30-2nd |  | 74 | 44 | 0.997 | 0.003 |
| 4:27-2nd |  | 74 | 44 | 0.998 | 0.002 |
| 4:08-2nd |  | 74 | 44 | 0.997 | 0.003 |
| 4:00-2nd |  | 74 | 44 | 0.998 | 0.002 |
| 3:46-2nd |  | 76 | 44 | 0.998 | 0.002 |
| 3:37-2nd |  | 76 | 44 | 0.999 | 0.001 |
| 3:34-2nd |  | 76 | 44 | 0.999 | 0.001 |
| 3:27-2nd |  | 78 | 44 | 0.998 | 0.002 |
| 3:13-2nd |  | 78 | 46 | 0.999 | 0.001 |
| 3:02-2nd |  | 78 | 46 | 0.999 | 0.001 |
| 2:59-2nd |  | 78 | 46 | 0.999 | 0.001 |
| 2:48-2nd |  | 78 | 46 | 0.999 | 0.001 |
| 2:45-2nd |  | 78 | 46 | 0.999 | 0.001 |
| 2:44-2nd |  | 78 | 46 | 0.999 | 0.001 |
| 2:41-2nd |  | 78 | 46 | 0.999 | 0.001 |
| 2:40-2nd |  | 78 | 46 | 0.999 | 0.001 |
| 2:20-2nd |  | 78 | 46 | 0.999 | 0.001 |
| 2:19-2nd |  | 78 | 46 | 0.999 | 0.001 |
| 2:07-2nd |  | 78 | 46 | 0.999 | 0.001 |
| 2:05-2nd |  | 78 | 46 | 0.999 | 0.001 |
| 1:52-2nd |  | 78 | 46 | 0.999 | 0.001 |
| 1:49-2nd |  | 78 | 48 | 0.998 | 0.002 |
| 1:28-2nd |  | 81 | 48 | 0.999 | 0.001 |
| 1:13-2nd |  | 81 | 48 | 0.999 | 0.001 |
| 1:03-2nd |  | 81 | 48 | 0.999 | 0.001 |
| 1:00-2nd |  | 81 | 48 | 0.999 | 0.001 |
| 58.1-2nd |  | 81 | 48 | 0.999 | 0.001 |
| 56.0-2nd |  | 81 | 48 | 0.999 | 0.001 |
| 49.0-2nd |  | 81 | 50 | 0.999 | 0.001 |
| 32.0-2nd |  | 84 | 50 | 0.999 | 0.001 |
| 12.1-2nd |  | 84 | 53 | 0.999 | 0.001 |
| 0.0-2nd |  | 84 | 53 | 0.999 | 0.001 |
| 12:00-3rd |  | 84 | 53 | 0.999 | 0.001 |
| 11:46-3rd |  | 84 | 53 | 0.999 | 0.001 |
| 11:43-3rd |  | 86 | 53 | 0.999 | 0.001 |
| 11:31-3rd |  | 86 | 53 | 0.999 | 0.001 |
| 11:27-3rd |  | 86 | 55 | 0.999 | 0.001 |
| 11:06-3rd |  | 86 | 55 | 0.999 | 0.001 |
| 11:02-3rd |  | 86 | 57 | 0.999 | 0.001 |
| 10:48-3rd |  | 89 | 57 | 0.999 | 0.001 |
| 10:32-3rd |  | 89 | 59 | 0.999 | 0.001 |
| 10:09-3rd |  | 89 | 59 | 0.999 | 0.001 |
| 10:06-3rd |  | 89 | 59 | 0.999 | 0.001 |
| 10:04-3rd |  | 89 | 59 | 0.999 | 0.001 |
| 10:00-3rd |  | 92 | 59 | 0.999 | 0.001 |
| 9:46-3rd |  | 92 | 59 | 0.999 | 0.001 |
| 9:33-3rd |  | 92 | 62 | 0.999 | 0.001 |
| 9:13-3rd |  | 92 | 62 | 0.999 | 0.001 |
| 9:11-3rd |  | 92 | 62 | 0.999 | 0.001 |
| 9:06-3rd |  | 92 | 62 | 0.999 | 0.001 |
| 9:02-3rd |  | 92 | 62 | 0.999 | 0.001 |
| 8:49-3rd |  | 92 | 62 | 0.999 | 0.001 |
| 8:47-3rd |  | 92 | 62 | 0.999 | 0.001 |
| 8:42-3rd |  | 92 | 62 | 0.999 | 0.001 |
| 8:39-3rd |  | 92 | 62 | 0.999 | 0.001 |
| 8:34-3rd |  | 92 | 62 | 0.999 | 0.001 |
| 8:31-3rd |  | 92 | 62 | 0.999 | 0.001 |
| 8:19-3rd |  | 92 | 64 | 0.998 | 0.002 |
| 8:11-3rd |  | 92 | 64 | 0.999 | 0.001 |
| 8:10-3rd |  | 92 | 64 | 0.999 | 0.001 |
| 8:01-3rd |  | 94 | 64 | 0.999 | 0.001 |
| 7:41-3rd |  | 94 | 64 | 0.999 | 0.001 |
| 7:31-3rd |  | 97 | 64 | 0.999 | 0.001 |
| 7:20-3rd |  | 97 | 64 | 0.999 | 0.001 |
| 7:18-3rd |  | 97 | 64 | 0.999 | 0.001 |
| 7:15-3rd |  | 97 | 64 | 0.999 | 0.001 |
| 7:03-3rd |  | 97 | 64 | 0.999 | 0.001 |
| 6:58-3rd |  | 100 | 64 | 0.999 | 0.001 |
| 6:57-3rd |  | 100 | 64 | 0.999 | 0.001 |
| 6:44-3rd |  | 100 | 64 | 0.999 | 0.001 |
| 6:41-3rd |  | 100 | 64 | 0.999 | 0.001 |
| 6:27-3rd |  | 100 | 64 | 0.999 | 0.001 |
| 6:23-3rd |  | 100 | 64 | 0.999 | 0.001 |
| 6:21-3rd |  | 100 | 65 | 0.999 | 0.001 |
| 6:03-3rd |  | 100 | 65 | 0.999 | 0.001 |
| 5:54-3rd |  | 100 | 65 | 0.999 | 0.001 |
| 5:51-3rd |  | 100 | 65 | 0.999 | 0.001 |
| 5:35-3rd |  | 102 | 65 | 0.999 | 0.001 |
| 5:25-3rd |  | 102 | 65 | 0.999 | 0.001 |
| 5:22-3rd |  | 102 | 65 | 0.999 | 0.001 |
| 4:59-3rd |  | 102 | 65 | 0.999 | 0.001 |
| 4:58-3rd |  | 102 | 65 | 0.999 | 0.001 |
| 4:53-3rd |  | 102 | 65 | 0.999 | 0.001 |
| 4:50-3rd |  | 102 | 65 | 0.999 | 0.001 |
| 4:39-3rd |  | 102 | 65 | 0.999 | 0.001 |
| 4:27-3rd |  | 102 | 68 | 0.999 | 0.001 |
| 4:07-3rd |  | 105 | 68 | 0.999 | 0.001 |
| 3:54-3rd |  | 105 | 69 | 0.999 | 0.001 |
| 3:52-3rd |  | 105 | 69 | 0.999 | 0.001 |
| 3:41-3rd |  | 108 | 69 | 0.999 | 0.001 |
| 3:20-3rd |  | 108 | 69 | 0.999 | 0.001 |
| 3:17-3rd |  | 108 | 69 | 0.999 | 0.001 |
| 3:09-3rd |  | 108 | 69 | 0.999 | 0.001 |
| 3:05-3rd |  | 108 | 69 | 0.999 | 0.001 |
| 3:02-3rd |  | 108 | 69 | 0.999 | 0.001 |
| 2:53-3rd |  | 108 | 69 | 0.999 | 0.001 |
| 2:51-3rd |  | 108 | 69 | 0.999 | 0.001 |
| 2:35-3rd |  | 108 | 69 | 0.999 | 0.001 |
| 2:30-3rd |  | 110 | 69 | 0.999 | 0.001 |
| 2:15-3rd |  | 110 | 69 | 0.999 | 0.001 |
| 2:11-3rd |  | 110 | 69 | 0.999 | 0.001 |
| 2:08-3rd |  | 110 | 69 | 0.999 | 0.001 |
| 1:56-3rd |  | 111 | 69 | 0.999 | 0.001 |
| 1:37-3rd |  | 111 | 69 | 0.999 | 0.001 |
| 1:35-3rd |  | 111 | 69 | 0.999 | 0.001 |
| 1:24-3rd |  | 111 | 69 | 0.999 | 0.001 |
| 1:22-3rd |  | 111 | 69 | 0.999 | 0.001 |
| 1:21-3rd |  | 111 | 71 | 0.999 | 0.001 |
| 1:19-3rd |  | 111 | 71 | 0.999 | 0.001 |
| 1:02-3rd |  | 113 | 71 | 0.999 | 0.001 |
| 49.1-3rd |  | 113 | 71 | 0.999 | 0.001 |
| 47.1-3rd |  | 113 | 71 | 0.999 | 0.001 |
| 35.0-3rd |  | 116 | 71 | 0.999 | 0.001 |
| 20.1-3rd |  | 116 | 73 | 0.999 | 0.001 |
| 1.0-3rd |  | 118 | 73 | 0.999 | 0.001 |
| 0.0-3rd |  | 118 | 73 | 0.999 | 0.001 |
| 12:00-4th |  | 118 | 73 | 0.999 | 0.001 |
| 11:37-4th |  | 118 | 73 | 0.999 | 0.001 |
| 11:19-4th |  | 118 | 73 | 0.999 | 0.001 |
| 11:04-4th |  | 118 | 75 | 0.999 | 0.001 |
| 10:48-4th |  | 120 | 75 | 0.999 | 0.001 |
| 10:41-4th |  | 120 | 75 | 0.999 | 0.001 |
| 10:34-4th |  | 120 | 75 | 0.999 | 0.001 |
| 10:32-4th |  | 120 | 75 | 0.999 | 0.001 |
| 10:15-4th |  | 123 | 75 | 0.999 | 0.001 |
| 10:01-4th |  | 123 | 75 | 0.999 | 0.001 |
| 9:59-4th |  | 125 | 75 | 0.999 | 0.001 |
| 9:49-4th |  | 125 | 75 | 0.999 | 0.001 |
| 9:42-4th |  | 125 | 75 | 0.999 | 0.001 |
| 9:36-4th |  | 125 | 77 | 0.999 | 0.001 |
| 9:19-4th |  | 125 | 77 | 0.999 | 0.001 |
| 9:17-4th |  | 125 | 77 | 0.999 | 0.001 |
| 9:09-4th |  | 125 | 77 | 0.999 | 0.001 |
| 9:05-4th |  | 125 | 77 | 0.999 | 0.001 |
| 9:02-4th |  | 127 | 77 | 0.999 | 0.001 |
| 8:51-4th |  | 127 | 77 | 0.999 | 0.001 |
| 8:49-4th |  | 127 | 77 | 0.999 | 0.001 |
| 8:47-4th |  | 127 | 79 | 0.999 | 0.001 |
| 8:34-4th |  | 127 | 79 | 0.999 | 0.001 |
| 8:22-4th |  | 127 | 79 | 0.999 | 0.001 |
| 8:19-4th |  | 127 | 79 | 0.999 | 0.001 |
| 8:08-4th |  | 127 | 79 | 0.999 | 0.001 |
| 8:07-4th |  | 127 | 79 | 0.999 | 0.001 |
| 8:04-4th |  | 129 | 79 | 0.999 | 0.001 |
| 7:48-4th |  | 129 | 81 | 0.999 | 0.001 |
| 7:37-4th |  | 130 | 81 | 0.999 | 0.001 |
| 7:25-4th |  | 130 | 84 | 0.999 | 0.001 |
| 7:11-4th |  | 133 | 84 | 0.999 | 0.001 |
| 6:47-4th |  | 133 | 84 | 0.999 | 0.001 |
| 6:34-4th |  | 133 | 84 | 0.999 | 0.001 |
| 6:33-4th |  | 133 | 86 | 0.999 | 0.001 |
| 6:10-4th |  | 135 | 86 | 0.999 | 0.001 |
| 5:56-4th |  | 135 | 86 | 0.999 | 0.001 |
| 5:55-4th |  | 135 | 86 | 0.999 | 0.001 |
| 5:48-4th |  | 137 | 86 | 0.999 | 0.001 |
| 5:33-4th |  | 137 | 89 | 0.999 | 0.001 |
| 5:23-4th |  | 137 | 89 | 0.999 | 0.001 |
| 5:11-4th |  | 140 | 89 | 0.999 | 0.001 |
| 4:52-4th |  | 140 | 91 | 0.999 | 0.001 |
| 4:43-4th |  | 142 | 91 | 0.999 | 0.001 |
| 4:28-4th |  | 142 | 91 | 0.999 | 0.001 |
| 4:25-4th |  | 142 | 91 | 0.999 | 0.001 |
| 4:16-4th |  | 142 | 91 | 0.999 | 0.001 |
| 4:12-4th |  | 142 | 91 | 0.999 | 0.001 |
| 4:11-4th |  | 142 | 91 | 0.999 | 0.001 |
| 4:06-4th |  | 142 | 91 | 0.999 | 0.001 |
| 4:03-4th |  | 142 | 91 | 0.999 | 0.001 |
| 3:43-4th |  | 144 | 91 | 0.999 | 0.001 |
| 3:32-4th |  | 144 | 91 | 0.999 | 0.001 |
| 3:14-4th |  | 147 | 91 | 0.999 | 0.001 |
| 2:57-4th |  | 147 | 91 | 0.999 | 0.001 |
| 2:54-4th |  | 147 | 91 | 0.999 | 0.001 |
| 2:50-4th |  | 150 | 91 | 0.999 | 0.001 |
| 2:36-4th |  | 150 | 93 | 0.999 | 0.001 |
| 2:31-4th |  | 150 | 93 | 0.999 | 0.001 |
| 2:24-4th |  | 150 | 95 | 0.999 | 0.001 |
| 2:10-4th |  | 153 | 95 | 0.999 | 0.001 |
| 1:57-4th |  | 153 | 95 | 0.999 | 0.001 |
| 1:55-4th |  | 153 | 95 | 0.999 | 0.001 |
| 1:47-4th |  | 153 | 95 | 0.999 | 0.001 |
| 1:46-4th |  | 153 | 95 | 0.999 | 0.001 |
| 1:43-4th |  | 153 | 95 | 0.999 | 0.001 |
| 1:41-4th |  | 153 | 96 | 0.999 | 0.001 |
| 1:30-4th |  | 155 | 96 | 0.999 | 0.001 |
| 1:24-4th |  | 155 | 98 | 0.999 | 0.001 |
| 1:11-4th |  | 157 | 98 | 0.999 | 0.001 |
| 1:00-4th |  | 157 | 101 | 0.999 | 0.001 |
| 44.1-4th |  | 157 | 101 | 0.999 | 0.001 |
| 42.1-4th |  | 157 | 101 | 0.999 | 0.001 |
| 36.1-4th |  | 157 | 101 | 0.999 | 0.001 |
| 34.1-4th |  | 157 | 101 | 0.999 | 0.001 |
| 27.1-4th |  | 157 | 101 | 0.999 | 0.001 |
| 22.1-4th |  | 157 | 101 | 0.999 | 0.001 |
| 0.1-4th |  | 157 | 101 | 0.999 | 0.001 |
| 0.0-4th |  | 157 | 101 | 1.0 | 0.0 |

Question

Which event most likely happened at the marked missing position?

Answer Choices

A. Player 16 (Team B) bad pass (Player 13 (Team B) steals)
B. Player 3 (Team A) makes 25-foot three point jumper (Player 2 (Team A) assists)
C. Player 2 (Team A) makes 16-foot jumper (Player 6 (Team A) assists)
D. Player 14 (Team A) makes 26-foot three point jumper

Response Format

Return exactly one JSON object:

{
  "answer": "<A|B|C|D>",
  "rationale": "<brief evidence-based justification in 1-3 sentences>",
  "evidence_event_ids": [],
  "evidence_series_times": []
}

Use only event IDs and time labels that are provided above and that support the answer. Use an empty array when the corresponding evidence type is unavailable or unused. Return only the JSON object.
