Task

Reconstruct the missing event in this basketball game. Use the available numerical time-series evidence around the marked row to select the most likely event.

Game

Team A versus Team B, season 22-23.

Time Series

| Game time | Marker | Team A score | Team B score | Team A win probability | Team B win probability |
| --- | --- | --- | --- | --- | --- |
| 12:00-1st |  | 0 | 0 | 0.457 | 0.543 |
| 11:43-1st |  | 0 | 2 | 0.428 | 0.572 |
| 11:23-1st |  | 2 | 2 | 0.457 | 0.543 |
| 11:04-1st |  | 2 | 4 | 0.429 | 0.571 |
| 10:45-1st |  | 2 | 4 | 0.429 | 0.571 |
| 10:38-1st |  | 2 | 4 | 0.429 | 0.571 |
| 10:32-1st |  | 2 | 4 | 0.41 | 0.59 |
| 10:30-1st |  | 2 | 4 | 0.429 | 0.571 |
| 10:20-1st |  | 2 | 4 | 0.41 | 0.59 |
| 10:18-1st |  | 2 | 4 | 0.404 | 0.596 |
| 10:13-1st |  | 2 | 4 | 0.423 | 0.577 |
| 10:10-1st |  | 2 | 4 | 0.429 | 0.571 |
| 9:56-1st |  | 4 | 4 | 0.456 | 0.544 |
| 9:43-1st |  | 4 | 4 | 0.48 | 0.52 |
| 9:38-1st |  | 4 | 4 | 0.456 | 0.544 |
| 9:34-1st |  | 4 | 7 | 0.406 | 0.594 |
| 9:20-1st |  | 4 | 7 | 0.406 | 0.594 |
| 9:07-1st |  | 7 | 7 | 0.456 | 0.544 |
| 8:52-1st |  | 7 | 10 | 0.406 | 0.594 |
| 8:41-1st |  | 7 | 10 | 0.386 | 0.614 |
| 8:38-1st |  | 7 | 10 | 0.379 | 0.621 |
| 8:33-1st |  | 7 | 13 | 0.332 | 0.668 |
| 8:13-1st |  | 9 | 13 | 0.356 | 0.644 |
| 7:51-1st |  | 9 | 15 | 0.333 | 0.667 |
| 7:45-1st |  | 9 | 15 | 0.331 | 0.669 |
| 7:34-1st |  | 11 | 15 | 0.354 | 0.646 |
| 7:21-1st |  | 11 | 17 | 0.332 | 0.668 |
| 7:07-1st |  | 13 | 17 | 0.352 | 0.648 |
| 6:46-1st |  | 13 | 20 | 0.307 | 0.693 |
| 6:32-1st |  | 13 | 20 | 0.289 | 0.711 |
| 6:29-1st |  | 13 | 20 | 0.307 | 0.693 |
| 6:27-1st |  | 13 | 20 | 0.283 | 0.717 |
| 6:21-1st |  | 13 | 20 | 0.301 | 0.699 |
| 6:17-1st |  | 13 | 20 | 0.306 | 0.694 |
| 6:08-1st |  | 13 | 20 | 0.289 | 0.711 |
| 6:06-1st |  | 13 | 20 | 0.283 | 0.717 |
| 6:05-1st |  | 13 | 21 | 0.284 | 0.716 |
| 5:45-1st |  | 13 | 21 | 0.278 | 0.722 |
| 5:43-1st |  | 13 | 21 | 0.284 | 0.716 |
| 5:41-1st |  | 13 | 21 | 0.284 | 0.716 |
| 5:36-1st |  | 15 | 21 | 0.305 | 0.695 |
| 5:18-1st |  | 15 | 24 | 0.261 | 0.739 |
| 4:57-1st |  | 17 | 24 | 0.281 | 0.719 |
| 4:40-1st |  | 17 | 26 | 0.26 | 0.74 |
| 4:32-1st |  | 17 | 26 | 0.243 | 0.757 |
| 4:31-1st |  | 17 | 26 | 0.243 | 0.757 |
| 4:30-1st |  | 17 | 26 | 0.26 | 0.74 |
| 4:28-1st |  | 17 | 26 | 0.243 | 0.757 |
| 4:27-1st |  | 17 | 26 | 0.26 | 0.74 |
| 4:26-1st |  | 19 | 26 | 0.28 | 0.72 |
| 4:04-1st |  | 19 | 26 | 0.299 | 0.701 |
| 4:02-1st |  | 19 | 26 | 0.305 | 0.695 |
| 3:59-1st |  | 19 | 26 | 0.279 | 0.721 |
| 3:50-1st |  | 19 | 26 | 0.286 | 0.714 |
| 3:48-1st |  | 19 | 26 | 0.279 | 0.721 |
| 3:34-1st |  | 19 | 28 | 0.258 | 0.742 |
| 3:17-1st |  | 20 | 28 | 0.257 | 0.743 |
| 3:02-1st |  | 20 | 30 | 0.235 | 0.765 |
| 2:40-1st |  | 22 | 30 | 0.256 | 0.744 |
| 2:27-1st |  | 22 | 31 | 0.255 | 0.745 |
| 2:25-1st |  | 22 | 31 | 0.255 | 0.745 |
| 2:11-1st |  | 24 | 31 | 0.275 | 0.725 |
| 1:58-1st |  | 24 | 31 | 0.302 | 0.698 |
| 1:52-1st |  | 26 | 31 | 0.328 | 0.672 |
| 1:38-1st |  | 26 | 33 | 0.301 | 0.699 |
| 1:26-1st |  | 26 | 33 | 0.28 | 0.72 |
| 1:23-1st |  | 26 | 33 | 0.301 | 0.699 |
| 1:22-1st |  | 26 | 33 | 0.28 | 0.72 |
| 1:21-1st |  | 26 | 33 | 0.273 | 0.727 |
| 1:15-1st |  | 26 | 35 | 0.253 | 0.747 |
| 1:01-1st |  | 26 | 35 | 0.234 | 0.766 |
| 58.1-1st |  | 28 | 35 | 0.273 | 0.727 |
| 36.1-1st |  | 28 | 35 | 0.292 | 0.708 |
| 33.1-1st |  | 28 | 35 | 0.272 | 0.728 |
| 32.1-1st |  | 28 | 35 | 0.299 | 0.701 |
| 23.0-1st |  | 28 | 35 | 0.279 | 0.721 |
| 21.0-1st |  | 28 | 35 | 0.272 | 0.728 |
| 4.1-1st |  | 28 | 35 | 0.291 | 0.709 |
| 2.0-1st |  | 28 | 35 | 0.271 | 0.729 |
| 0.0-1st |  | 28 | 37 | 0.24 | 0.76 |
| 12:00-2nd |  | 28 | 37 | 0.24 | 0.76 |
| 11:45-2nd |  | 31 | 37 | 0.297 | 0.703 |
| 11:30-2nd |  | 31 | 37 | 0.322 | 0.678 |
| 11:16-2nd |  | 31 | 37 | 0.303 | 0.697 |
| 11:13-2nd |  | 31 | 37 | 0.296 | 0.704 |
| 11:11-2nd |  | 31 | 37 | 0.322 | 0.678 |
| 11:02-2nd |  | 33 | 37 | 0.345 | 0.655 |
| 10:56-2nd |  | 34 | 37 | 0.405 | 0.595 |
| 10:45-2nd |  | 34 | 37 | 0.375 | 0.625 |
| 10:43-2nd |  | 34 | 37 | 0.405 | 0.595 |
| 10:32-2nd |  | 36 | 37 | 0.429 | 0.571 |
| 10:18-2nd |  | 36 | 37 | 0.454 | 0.546 |
| 10:15-2nd |  | 36 | 37 | 0.463 | 0.537 |
| 10:10-2nd |  | 36 | 37 | 0.438 | 0.562 |
| 10:07-2nd |  | 38 | 37 | 0.491 | 0.509 |
| 10:01-2nd |  | 38 | 37 | 0.515 | 0.485 |
| 9:59-2nd |  | 38 | 37 | 0.492 | 0.508 |
| 9:57-2nd |  | 38 | 37 | 0.515 | 0.485 |
| 9:55-2nd |  | 38 | 37 | 0.491 | 0.509 |
| 9:53-2nd |  | 38 | 39 | 0.463 | 0.537 |
| 9:39-2nd |  | 38 | 39 | 0.43 | 0.57 |
| 9:21-2nd |  | 38 | 39 | 0.455 | 0.545 |
| 9:18-2nd |  | 38 | 39 | 0.463 | 0.537 |
| 9:03-2nd |  | 38 | 39 | 0.431 | 0.569 |
| 9:01-2nd |  | 38 | 39 | 0.434 | 0.566 |
| 8:48-2nd |  | 38 | 39 | 0.455 | 0.545 |
| 8:45-2nd |  | 38 | 39 | 0.463 | 0.537 |
| 8:29-2nd |  | 40 | 39 | 0.493 | 0.507 |
| 8:15-2nd |  | 40 | 39 | 0.516 | 0.484 |
| 8:12-2nd |  | 40 | 39 | 0.524 | 0.476 |
| 8:08-2nd |  | 40 | 39 | 0.493 | 0.507 |
| 8:04-2nd |  | 40 | 41 | 0.463 | 0.537 |
| 7:48-2nd |  | 40 | 41 | 0.44 | 0.56 |
| 7:45-2nd |  | 42 | 41 | 0.493 | 0.507 |
| 7:32-2nd |  | 42 | 43 | 0.464 | 0.536 |
| 7:30-2nd |  | 42 | 43 | 0.462 | 0.538 |
| 7:14-2nd |  | 42 | 43 | 0.441 | 0.559 |
| 7:12-2nd |  | 42 | 43 | 0.463 | 0.537 |
| 7:10-2nd |  | 42 | 43 | 0.441 | 0.559 |
| 7:08-2nd |  | 42 | 43 | 0.433 | 0.567 |
| 6:52-2nd |  | 42 | 45 | 0.403 | 0.597 |
| 6:36-2nd |  | 42 | 45 | 0.372 | 0.628 |
| 6:16-2nd |  | 42 | 46 | 0.372 | 0.628 |
| 6:02-2nd |  | 42 | 46 | 0.348 | 0.652 |
| 5:57-2nd |  | 42 | 46 | 0.34 | 0.66 |
| 5:51-2nd |  | 42 | 49 | 0.285 | 0.715 |
| 5:50-2nd |  | 42 | 49 | 0.285 | 0.715 |
| 5:31-2nd |  | 42 | 49 | 0.264 | 0.736 |
| 5:28-2nd |  | 42 | 49 | 0.257 | 0.743 |
| 5:22-2nd |  | 42 | 51 | 0.236 | 0.764 |
| 5:09-2nd |  | 45 | 51 | 0.284 | 0.716 |
| 4:55-2nd |  | 45 | 51 | 0.312 | 0.688 |
| 4:45-2nd |  | 47 | 51 | 0.339 | 0.661 |
| 4:44-2nd |  | 47 | 51 | 0.369 | 0.631 |
| 4:30-2nd |  | 47 | 51 | 0.362 | 0.638 |
| 4:28-2nd |  | 47 | 51 | 0.369 | 0.631 |
| 4:10-2nd |  | 49 | 51 | 0.399 | 0.601 |
| 3:48-2nd |  | 49 | 51 | 0.354 | 0.646 |
| 3:40-2nd |  | 49 | 51 | 0.424 | 0.576 |
| 3:38-2nd |  | 49 | 51 | 0.433 | 0.567 |
| 3:29-2nd |  | 49 | 51 | 0.408 | 0.592 |
| 3:25-2nd |  | 49 | 51 | 0.4 | 0.6 |
| 3:16-2nd |  | 49 | 51 | 0.424 | 0.576 |
| 3:14-2nd |  | 49 | 51 | 0.432 | 0.568 |
| 3:07-2nd |  | 49 | 51 | 0.408 | 0.592 |
| 3:03-2nd |  | 49 | 51 | 0.4 | 0.6 |
| 2:59-2nd |  | 49 | 51 | 0.424 | 0.576 |
| 2:58-2nd |  | 49 | 51 | 0.432 | 0.568 |
| 2:41-2nd |  | 52 | 51 | 0.5 | 0.5 |
| 2:19-2nd |  | 52 | 53 | 0.467 | 0.533 |
| 2:12-2nd |  | 55 | 53 | 0.534 | 0.466 |
| 1:57-2nd |  | 55 | 56 | 0.468 | 0.532 |
| 1:42-2nd |  | 57 | 56 | 0.501 | 0.499 |
| 1:23-2nd |  | 57 | 58 | 0.468 | 0.532 |
| 1:13-2nd |  | 60 | 58 | 0.535 | 0.465 |
| 1:02-2nd |  | 60 | 58 | 0.56 | 0.44 |
| 59.1-2nd |  | 60 | 58 | 0.568 | 0.432 |
| 38.1-2nd |  | 60 | 58 | 0.544 | 0.456 |
| 36.1-2nd |  | 60 | 58 | 0.536 | 0.464 |
| 31.1-2nd |  | 60 | 58 | 0.568 | 0.432 |
| 13.0-2nd |  | 62 | 58 | 0.604 | 0.396 |
| 0.1-2nd |  | 62 | 58 | 0.641 | 0.359 |
| 0.0-2nd |  | 62 | 58 | 0.621 | 0.379 |
| 12:00-3rd |  | 62 | 58 | 0.621 | 0.379 |
| 11:43-3rd |  | 64 | 58 | 0.676 | 0.324 |
| 11:19-3rd |  | 64 | 58 | 0.704 | 0.296 |
| 11:16-3rd |  | 64 | 58 | 0.714 | 0.286 |
| 11:02-3rd |  | 64 | 58 | 0.688 | 0.312 |
| 10:59-3rd |  | 64 | 58 | 0.715 | 0.285 |
| 10:57-3rd |  | 67 | 58 | 0.774 | 0.226 |
| 10:39-3rd |  | 67 | 61 | 0.717 | 0.283 |
| 10:20-3rd |  | 69 | 61 | 0.745 | 0.255 |
| 10:02-3rd |  | 69 | 61 | 0.776 | 0.224 |
| 9:58-3rd |  | 71 | 61 | 0.802 | 0.198 |
| 9:51-3rd |  | 71 | 61 | 0.829 | 0.171 |
| 9:37-3rd |  | 71 | 61 | 0.811 | 0.189 |
| 9:35-3rd |  | 71 | 61 | 0.804 | 0.196 |
| 9:31-3rd |  | 71 | 61 | 0.831 | 0.169 |
| 9:28-3rd |  | 73 | 61 | 0.854 | 0.146 |
| 9:08-3rd |  | 73 | 61 | 0.871 | 0.129 |
| 9:06-3rd |  | 73 | 61 | 0.876 | 0.124 |
| 8:57-3rd |  | 73 | 61 | 0.862 | 0.138 |
| 8:55-3rd |  | 73 | 61 | 0.858 | 0.142 |
| 8:49-3rd |  | 73 | 64 | 0.811 | 0.189 |
| 8:30-3rd |  | 73 | 64 | 0.79 | 0.21 |
| 8:26-3rd |  | 73 | 64 | 0.813 | 0.187 |
| 8:23-3rd |  | 73 | 64 | 0.783 | 0.217 |
| 8:01-3rd |  | 73 | 66 | 0.758 | 0.242 |
| 7:39-3rd |  | 73 | 66 | 0.736 | 0.264 |
| 7:36-3rd |  | 73 | 66 | 0.761 | 0.239 |
| 7:35-3rd |  | 73 | 66 | 0.729 | 0.271 |
| 7:27-3rd |  | 73 | 69 | 0.66 | 0.34 |
| 7:26-3rd |  | 73 | 69 | 0.66 | 0.34 |
| 7:16-3rd |  | 73 | 69 | 0.633 | 0.367 |
| 7:13-3rd |  | 73 | 69 | 0.624 | 0.376 |
| 6:58-3rd |  | 73 | 71 | 0.587 | 0.413 |
| 6:42-3rd |  | 75 | 71 | 0.626 | 0.374 |
| 6:20-3rd |  | 75 | 71 | 0.667 | 0.333 |
| 6:07-3rd |  | 77 | 71 | 0.702 | 0.298 |
| 5:50-3rd |  | 77 | 71 | 0.742 | 0.258 |
| 5:38-3rd |  | 77 | 71 | 0.714 | 0.286 |
| 5:37-3rd |  | 77 | 71 | 0.742 | 0.258 |
| 5:31-3rd |  | 80 | 71 | 0.803 | 0.197 |
| 5:20-3rd |  | 80 | 71 | 0.827 | 0.173 |
| 5:15-3rd |  | 80 | 71 | 0.835 | 0.165 |
| 5:07-3rd |  | 82 | 71 | 0.859 | 0.141 |
| 5:05-3rd |  | 82 | 71 | 0.859 | 0.141 |
| 4:49-3rd |  | 82 | 73 | 0.839 | 0.161 |
| 4:34-3rd |  | 84 | 73 | 0.863 | 0.137 |
| 4:15-3rd |  | 84 | 73 | 0.883 | 0.117 |
| 4:14-3rd |  | 84 | 73 | 0.889 | 0.111 |
| 3:55-3rd |  | 84 | 73 | 0.869 | 0.131 |
| 3:37-3rd |  | 84 | 75 | 0.848 | 0.152 |
| 3:15-3rd |  | 84 | 75 | 0.829 | 0.171 |
| 3:12-3rd |  | 84 | 75 | 0.822 | 0.178 |
| 3:07-3rd |  | 84 | 78 | 0.762 | 0.238 |
| 2:53-3rd |  | 86 | 78 | 0.795 | 0.205 |
| 2:41-3rd |  | 86 | 81 | 0.726 | 0.274 |
| 2:30-3rd |  | 86 | 81 | 0.684 | 0.316 |
| 2:06-3rd |  | 86 | 81 | 0.72 | 0.28 |
| 2:04-3rd |  | 86 | 81 | 0.731 | 0.269 |
| 1:46-3rd |  | 88 | 81 | 0.769 | 0.231 |
| 1:32-3rd |  | 88 | 81 | 0.709 | 0.291 |
| 1:25-3rd |  | 88 | 83 | 0.737 | 0.263 |
| 1:08-3rd |  | 88 | 83 | 0.703 | 0.297 |
| 1:06-3rd |  | 88 | 83 | 0.691 | 0.309 |
| 49.0-3rd |  | 88 | 85 | 0.656 | 0.344 |
| 30.1-3rd |  | 90 | 85 | 0.694 | 0.306 |
| 15.1-3rd |  | 90 | 85 | 0.745 | 0.255 |
| 0.0-3rd |  | 90 | 85 | 0.727 | 0.273 |
| 12:00-4th |  | 90 | 85 | 0.727 | 0.273 |
| 11:49-4th |  | 90 | 85 | 0.744 | 0.256 |
| 11:46-4th |  | 90 | 85 | 0.708 | 0.292 |
| 11:44-4th |  | 90 | 88 | 0.616 | 0.384 |
| 11:30-4th |  | 90 | 88 | 0.571 | 0.429 |
| 11:27-4th |  | 90 | 91 | 0.471 | 0.529 |
| 11:04-4th |  | 90 | 91 | 0.431 | 0.569 |
| 11:03-4th |  | 90 | 91 | 0.471 | 0.529 |
| 11:01-4th |  | 90 | 91 | 0.418 | 0.582 |
| 10:55-4th |  | 90 | 91 | 0.458 | 0.542 |
| 10:52-4th |  | 90 | 91 | 0.471 | 0.529 |
| 10:32-4th |  | 90 | 91 | 0.43 | 0.57 |
| 10:28-4th |  | 90 | 91 | 0.471 | 0.529 |
| 10:15-4th |  | 90 | 91 | 0.429 | 0.571 |
| 10:13-4th |  | 90 | 91 | 0.47 | 0.53 |
| 10:10-4th |  | 92 | 91 | 0.516 | 0.484 |
| 9:54-4th |  | 92 | 93 | 0.47 | 0.53 |
| 9:39-4th |  | 92 | 93 | 0.428 | 0.572 |
| 9:37-4th |  | 92 | 93 | 0.413 | 0.587 |
| 9:34-4th |  | 92 | 95 | 0.362 | 0.638 |
| 9:08-4th |  | 92 | 95 | 0.317 | 0.683 |
| 9:07-4th |  | 92 | 95 | 0.303 | 0.697 |
| 8:55-4th |  | 92 | 95 | 0.345 | 0.655 |
| 8:52-4th |  | 92 | 95 | 0.359 | 0.641 |
| 8:44-4th |  | 93 | 95 | 0.358 | 0.642 |
| 8:40-4th |  | 93 | 95 | 0.358 | 0.642 |
| 8:27-4th |  | 93 | 95 | 0.401 | 0.599 |
| 8:24-4th |  | 93 | 95 | 0.416 | 0.584 |
| 8:19-4th | TARGET | 96 | 95 | 0.528 | 0.472 |
| 8:07-4th |  | 96 | 97 | 0.472 | 0.528 |
| 7:51-4th |  | 98 | 97 | 0.537 | 0.463 |
| 7:41-4th |  | 98 | 97 | 0.584 | 0.416 |
| 7:38-4th |  | 98 | 97 | 0.6 | 0.4 |
| 7:29-4th |  | 101 | 97 | 0.708 | 0.292 |
| 7:12-4th |  | 101 | 97 | 0.767 | 0.233 |
| 7:06-4th |  | 103 | 97 | 0.817 | 0.183 |
| 6:48-4th |  | 103 | 99 | 0.78 | 0.22 |
| 6:28-4th |  | 103 | 99 | 0.743 | 0.257 |
| 6:26-4th |  | 103 | 99 | 0.729 | 0.271 |
| 6:18-4th |  | 103 | 99 | 0.773 | 0.227 |
| 6:16-4th |  | 103 | 99 | 0.788 | 0.212 |
| 6:06-4th |  | 106 | 99 | 0.878 | 0.122 |
| 5:46-4th |  | 106 | 102 | 0.804 | 0.196 |
| 5:22-4th |  | 108 | 102 | 0.851 | 0.149 |
| 5:09-4th |  | 108 | 103 | 0.857 | 0.143 |
| 4:52-4th |  | 108 | 103 | 0.825 | 0.175 |
| 4:48-4th |  | 108 | 103 | 0.814 | 0.186 |
| 4:41-4th |  | 108 | 103 | 0.86 | 0.14 |
| 4:39-4th |  | 108 | 103 | 0.861 | 0.139 |
| 4:30-4th |  | 108 | 103 | 0.826 | 0.174 |
| 4:25-4th |  | 108 | 103 | 0.814 | 0.186 |
| 4:24-4th |  | 108 | 103 | 0.857 | 0.143 |
| 4:22-4th |  | 108 | 103 | 0.857 | 0.143 |
| 4:10-4th |  | 110 | 103 | 0.898 | 0.102 |
| 3:51-4th |  | 110 | 103 | 0.934 | 0.066 |
| 3:26-4th |  | 110 | 103 | 0.92 | 0.08 |
| 3:24-4th |  | 110 | 103 | 0.914 | 0.086 |
| 3:18-4th |  | 110 | 103 | 0.937 | 0.063 |
| 3:17-4th |  | 110 | 103 | 0.938 | 0.062 |
| 2:58-4th |  | 110 | 103 | 0.921 | 0.079 |
| 2:56-4th |  | 110 | 103 | 0.915 | 0.085 |
| 2:51-4th |  | 110 | 103 | 0.938 | 0.062 |
| 2:48-4th |  | 110 | 103 | 0.918 | 0.082 |
| 2:43-4th |  | 110 | 103 | 0.941 | 0.059 |
| 2:41-4th |  | 110 | 103 | 0.92 | 0.08 |
| 2:40-4th |  | 110 | 103 | 0.942 | 0.058 |
| 2:39-4th |  | 110 | 103 | 0.921 | 0.079 |
| 2:38-4th |  | 110 | 103 | 0.942 | 0.058 |
| 2:37-4th |  | 110 | 103 | 0.95 | 0.05 |
| 2:18-4th |  | 112 | 103 | 0.971 | 0.029 |
| 2:05-4th |  | 112 | 105 | 0.959 | 0.041 |
| 1:39-4th |  | 112 | 105 | 0.949 | 0.051 |
| 1:37-4th |  | 112 | 105 | 0.944 | 0.056 |
| 1:28-4th |  | 112 | 107 | 0.919 | 0.081 |
| 1:11-4th |  | 113 | 107 | 0.92 | 0.08 |
| 1:09-4th |  | 113 | 107 | 0.921 | 0.079 |
| 58.1-4th |  | 113 | 107 | 0.951 | 0.049 |
| 56.1-4th |  | 113 | 107 | 0.961 | 0.039 |
| 35.1-4th |  | 115 | 107 | 0.986 | 0.014 |
| 33.1-4th |  | 115 | 109 | 0.976 | 0.024 |
| 31.1-4th |  | 115 | 109 | 0.977 | 0.023 |
| 28.1-4th |  | 117 | 109 | 0.989 | 0.011 |
| 22.1-4th |  | 117 | 111 | 0.984 | 0.016 |
| 20.1-4th |  | 119 | 111 | 0.993 | 0.007 |
| 14.0-4th |  | 119 | 111 | 0.999 | 0.001 |
| 11.1-4th |  | 119 | 111 | 0.998 | 0.002 |
| 7.0-4th |  | 119 | 111 | 0.999 | 0.001 |
| 3.1-4th |  | 119 | 113 | 0.999 | 0.001 |
| 0.0-4th |  | 119 | 113 | 1.0 | 0.0 |

Question

Which event most likely happened at the marked missing position?

Answer Choices

A. Player 12 (Team B) bad pass (Player 13 (Team B) steals)
B. Player 9 (Team B) misses 7-foot two point shot
C. Player 4 (Team A) makes 27-foot three point shot (Player 8 (Team A) assists)
D. Player 16 (Team B) makes 29-foot three point jumper (Player 1 (Team A) assists)

Response Format

Return exactly one JSON object:

{
  "answer": "<A|B|C|D>",
  "rationale": "<brief evidence-based justification in 1-3 sentences>",
  "evidence_event_ids": [],
  "evidence_series_times": []
}

Use only event IDs and time labels that are provided above and that support the answer. Use an empty array when the corresponding evidence type is unavailable or unused. Return only the JSON object.
