Task

Reconstruct the missing event in this basketball game. Use the available numerical time-series evidence around the marked row to select the most likely event.

Game

Team A versus Team B, season 22-23.

Time Series

| Game time | Marker | Team A score | Team B score | Team A win probability | Team B win probability |
| --- | --- | --- | --- | --- | --- |
| 12:00-1st |  | 0 | 0 | 0.496 | 0.504 |
| 11:41-1st |  | 0 | 0 | 0.481 | 0.519 |
| 11:39-1st |  | 0 | 0 | 0.476 | 0.524 |
| 11:25-1st |  | 0 | 3 | 0.424 | 0.576 |
| 11:12-1st |  | 0 | 3 | 0.404 | 0.596 |
| 11:08-1st |  | 0 | 3 | 0.397 | 0.603 |
| 10:58-1st |  | 0 | 5 | 0.376 | 0.624 |
| 10:39-1st |  | 0 | 5 | 0.351 | 0.649 |
| 10:36-1st |  | 0 | 5 | 0.375 | 0.625 |
| 10:22-1st |  | 0 | 5 | 0.357 | 0.643 |
| 10:20-1st |  | 0 | 5 | 0.375 | 0.625 |
| 10:09-1st |  | 0 | 5 | 0.357 | 0.643 |
| 10:05-1st |  | 0 | 5 | 0.351 | 0.649 |
| 9:57-1st |  | 0 | 7 | 0.325 | 0.675 |
| 9:50-1st |  | 0 | 7 | 0.304 | 0.696 |
| 9:27-1st |  | 0 | 7 | 0.319 | 0.681 |
| 9:24-1st |  | 0 | 7 | 0.324 | 0.676 |
| 9:17-1st |  | 2 | 7 | 0.35 | 0.65 |
| 9:01-1st |  | 2 | 7 | 0.368 | 0.632 |
| 8:58-1st |  | 2 | 7 | 0.374 | 0.626 |
| 8:52-1st |  | 5 | 7 | 0.423 | 0.577 |
| 8:36-1st |  | 5 | 7 | 0.442 | 0.558 |
| 8:34-1st |  | 5 | 7 | 0.448 | 0.552 |
| 8:27-1st |  | 5 | 7 | 0.423 | 0.577 |
| 8:22-1st |  | 5 | 9 | 0.398 | 0.602 |
| 8:05-1st |  | 8 | 9 | 0.443 | 0.557 |
| 7:50-1st |  | 8 | 9 | 0.467 | 0.533 |
| 7:47-1st |  | 8 | 9 | 0.475 | 0.525 |
| 7:34-1st |  | 8 | 9 | 0.451 | 0.549 |
| 7:31-1st |  | 8 | 9 | 0.443 | 0.557 |
| 7:20-1st |  | 8 | 9 | 0.475 | 0.525 |
| 7:17-1st |  | 10 | 9 | 0.499 | 0.501 |
| 7:11-1st |  | 10 | 11 | 0.474 | 0.526 |
| 7:08-1st |  | 10 | 11 | 0.474 | 0.526 |
| 7:01-1st |  | 12 | 11 | 0.5 | 0.5 |
| 6:45-1st |  | 12 | 12 | 0.501 | 0.499 |
| 6:36-1st |  | 13 | 12 | 0.5 | 0.5 |
| 6:25-1st |  | 13 | 12 | 0.521 | 0.479 |
| 6:21-1st |  | 13 | 12 | 0.527 | 0.473 |
| 6:16-1st |  | 15 | 12 | 0.555 | 0.445 |
| 6:06-1st |  | 15 | 12 | 0.574 | 0.426 |
| 6:04-1st |  | 15 | 12 | 0.581 | 0.419 |
| 5:54-1st |  | 15 | 12 | 0.562 | 0.438 |
| 5:51-1st |  | 15 | 12 | 0.581 | 0.419 |
| 5:42-1st |  | 15 | 12 | 0.562 | 0.438 |
| 5:38-1st |  | 15 | 12 | 0.581 | 0.419 |
| 5:37-1st |  | 18 | 12 | 0.634 | 0.366 |
| 5:35-1st |  | 18 | 12 | 0.634 | 0.366 |
| 5:24-1st |  | 18 | 12 | 0.659 | 0.341 |
| 5:12-1st |  | 18 | 12 | 0.641 | 0.359 |
| 5:08-1st |  | 18 | 12 | 0.635 | 0.365 |
| 4:48-1st |  | 18 | 12 | 0.654 | 0.346 |
| 4:46-1st |  | 18 | 12 | 0.661 | 0.339 |
| 4:40-1st |  | 18 | 12 | 0.642 | 0.358 |
| 4:36-1st |  | 18 | 12 | 0.661 | 0.339 |
| 4:35-1st |  | 20 | 12 | 0.685 | 0.315 |
| 4:27-1st |  | 20 | 12 | 0.704 | 0.296 |
| 4:24-1st |  | 20 | 14 | 0.662 | 0.338 |
| 4:10-1st |  | 20 | 14 | 0.643 | 0.357 |
| 4:07-1st |  | 20 | 14 | 0.637 | 0.363 |
| 4:01-1st |  | 20 | 17 | 0.584 | 0.416 |
| 3:40-1st |  | 22 | 17 | 0.613 | 0.387 |
| 3:17-1st |  | 22 | 17 | 0.612 | 0.388 |
| 3:04-1st |  | 25 | 17 | 0.689 | 0.311 |
| 2:50-1st |  | 25 | 17 | 0.709 | 0.291 |
| 2:47-1st |  | 25 | 17 | 0.715 | 0.285 |
| 2:39-1st |  | 28 | 17 | 0.762 | 0.238 |
| 2:30-1st |  | 28 | 17 | 0.784 | 0.216 |
| 2:11-1st |  | 28 | 17 | 0.769 | 0.231 |
| 2:08-1st |  | 28 | 17 | 0.764 | 0.236 |
| 2:02-1st |  | 28 | 17 | 0.781 | 0.219 |
| 1:59-1st |  | 28 | 19 | 0.742 | 0.258 |
| 1:48-1st |  | 28 | 19 | 0.723 | 0.277 |
| 1:46-1st |  | 28 | 19 | 0.743 | 0.257 |
| 1:45-1st |  | 28 | 19 | 0.723 | 0.277 |
| 1:42-1st |  | 28 | 19 | 0.743 | 0.257 |
| 1:38-1st |  | 28 | 19 | 0.776 | 0.224 |
| 1:26-1st |  | 28 | 19 | 0.727 | 0.273 |
| 1:22-1st |  | 28 | 19 | 0.722 | 0.278 |
| 1:11-1st |  | 28 | 19 | 0.745 | 0.255 |
| 1:02-1st |  | 31 | 19 | 0.786 | 0.214 |
| 44.0-1st |  | 31 | 22 | 0.747 | 0.253 |
| 35.0-1st |  | 31 | 22 | 0.721 | 0.279 |
| 25.1-1st |  | 31 | 24 | 0.699 | 0.301 |
| 2.1-1st |  | 33 | 24 | 0.722 | 0.278 |
| 0.0-1st |  | 34 | 24 | 0.755 | 0.245 |
| 12:00-2nd |  | 33 | 24 | 0.755 | 0.245 |
| 11:46-2nd |  | 33 | 24 | 0.742 | 0.258 |
| 11:43-2nd |  | 33 | 24 | 0.748 | 0.252 |
| 11:31-2nd |  | 33 | 24 | 0.732 | 0.268 |
| 11:28-2nd |  | 33 | 24 | 0.726 | 0.274 |
| 11:21-2nd |  | 33 | 26 | 0.701 | 0.299 |
| 10:59-2nd |  | 33 | 26 | 0.675 | 0.325 |
| 10:36-2nd |  | 33 | 28 | 0.651 | 0.349 |
| 10:27-2nd |  | 33 | 28 | 0.621 | 0.379 |
| 10:20-2nd |  | 33 | 30 | 0.595 | 0.405 |
| 10:19-2nd |  | 33 | 30 | 0.595 | 0.405 |
| 10:08-2nd |  | 33 | 30 | 0.57 | 0.43 |
| 10:04-2nd |  | 33 | 30 | 0.595 | 0.405 |
| 9:55-2nd |  | 35 | 30 | 0.622 | 0.378 |
| 9:34-2nd |  | 35 | 30 | 0.645 | 0.355 |
| 9:32-2nd |  | 35 | 30 | 0.653 | 0.347 |
| 9:19-2nd |  | 37 | 30 | 0.679 | 0.321 |
| 9:17-2nd |  | 37 | 30 | 0.679 | 0.321 |
| 9:05-2nd |  | 37 | 30 | 0.701 | 0.299 |
| 9:01-2nd |  | 37 | 30 | 0.701 | 0.299 |
| 9:00-2nd |  | 37 | 32 | 0.654 | 0.346 |
| 8:41-2nd |  | 39 | 32 | 0.681 | 0.319 |
| 8:33-2nd |  | 39 | 32 | 0.681 | 0.319 |
| 8:29-2nd |  | 39 | 32 | 0.703 | 0.297 |
| 8:26-2nd |  | 39 | 32 | 0.71 | 0.29 |
| 8:15-2nd |  | 42 | 32 | 0.761 | 0.239 |
| 7:58-2nd |  | 42 | 32 | 0.779 | 0.221 |
| 7:55-2nd |  | 42 | 32 | 0.762 | 0.238 |
| 7:44-2nd |  | 42 | 32 | 0.78 | 0.22 |
| 7:41-2nd |  | 42 | 32 | 0.786 | 0.214 |
| 7:36-2nd |  | 42 | 32 | 0.769 | 0.231 |
| 7:32-2nd |  | 42 | 32 | 0.763 | 0.237 |
| 7:28-2nd |  | 42 | 34 | 0.74 | 0.26 |
| 7:09-2nd |  | 45 | 34 | 0.789 | 0.211 |
| 6:53-2nd |  | 45 | 36 | 0.766 | 0.234 |
| 6:42-2nd |  | 45 | 36 | 0.743 | 0.257 |
| 6:35-2nd |  | 45 | 36 | 0.761 | 0.239 |
| 6:32-2nd |  | 45 | 36 | 0.768 | 0.232 |
| 6:26-2nd |  | 45 | 36 | 0.75 | 0.25 |
| 6:23-2nd |  | 45 | 36 | 0.744 | 0.256 |
| 6:20-2nd |  | 45 | 38 | 0.718 | 0.282 |
| 5:59-2nd |  | 45 | 38 | 0.719 | 0.281 |
| 5:48-2nd |  | 45 | 38 | 0.698 | 0.302 |
| 5:44-2nd |  | 45 | 38 | 0.691 | 0.309 |
| 5:30-2nd |  | 45 | 38 | 0.714 | 0.286 |
| 5:28-2nd |  | 45 | 38 | 0.721 | 0.279 |
| 5:24-2nd |  | 48 | 38 | 0.772 | 0.228 |
| 5:17-2nd |  | 48 | 40 | 0.748 | 0.252 |
| 5:03-2nd |  | 48 | 40 | 0.728 | 0.272 |
| 5:00-2nd |  | 48 | 40 | 0.721 | 0.279 |
| 4:50-2nd |  | 48 | 40 | 0.743 | 0.257 |
| 4:46-2nd |  | 48 | 40 | 0.75 | 0.25 |
| 4:37-2nd |  | 50 | 40 | 0.775 | 0.225 |
| 4:28-2nd |  | 50 | 40 | 0.793 | 0.207 |
| 4:25-2nd |  | 50 | 40 | 0.799 | 0.201 |
| 4:15-2nd |  | 52 | 40 | 0.822 | 0.178 |
| 4:03-2nd |  | 52 | 42 | 0.799 | 0.201 |
| 3:40-2nd |  | 52 | 42 | 0.784 | 0.216 |
| 3:37-2nd |  | 52 | 42 | 0.779 | 0.221 |
| 3:24-2nd |  | 52 | 42 | 0.797 | 0.203 |
| 3:21-2nd |  | 52 | 42 | 0.78 | 0.22 |
| 3:18-2nd |  | 52 | 42 | 0.803 | 0.197 |
| 3:11-2nd |  | 55 | 42 | 0.847 | 0.153 |
| 2:47-2nd |  | 55 | 42 | 0.864 | 0.136 |
| 2:44-2nd |  | 55 | 42 | 0.87 | 0.13 |
| 2:23-2nd |  | 55 | 42 | 0.856 | 0.144 |
| 2:20-2nd |  | 55 | 44 | 0.833 | 0.167 |
| 2:04-2nd |  | 57 | 44 | 0.852 | 0.148 |
| 1:52-2nd |  | 57 | 46 | 0.836 | 0.164 |
| 1:42-2nd |  | 60 | 46 | 0.874 | 0.126 |
| 1:31-2nd |  | 60 | 46 | 0.888 | 0.112 |
| 1:27-2nd |  | 60 | 46 | 0.893 | 0.107 |
| 1:23-2nd |  | 62 | 46 | 0.907 | 0.093 |
| 1:14-2nd |  | 62 | 48 | 0.894 | 0.106 |
| 59.1-2nd |  | 62 | 48 | 0.882 | 0.118 |
| 58.1-2nd |  | 62 | 48 | 0.877 | 0.123 |
| 50.2-2nd |  | 62 | 48 | 0.891 | 0.109 |
| 47.1-2nd |  | 62 | 48 | 0.896 | 0.104 |
| 30.1-2nd |  | 62 | 48 | 0.884 | 0.116 |
| 27.0-2nd |  | 62 | 48 | 0.898 | 0.102 |
| 26.1-2nd |  | 62 | 48 | 0.884 | 0.116 |
| 24.1-2nd |  | 62 | 48 | 0.88 | 0.12 |
| 18.1-2nd |  | 62 | 50 | 0.862 | 0.138 |
| 4.0-2nd |  | 62 | 50 | 0.844 | 0.156 |
| 1.1-2nd |  | 62 | 50 | 0.856 | 0.144 |
| 0.1-2nd |  | 62 | 52 | 0.82 | 0.18 |
| 0.0-2nd |  | 62 | 52 | 0.807 | 0.193 |
| 11:44-3rd |  | 62 | 55 | 0.75 | 0.25 |
| 11:21-3rd |  | 62 | 55 | 0.727 | 0.273 |
| 11:18-3rd |  | 62 | 55 | 0.719 | 0.281 |
| 11:12-3rd |  | 62 | 55 | 0.744 | 0.256 |
| 11:09-3rd |  | 62 | 55 | 0.752 | 0.248 |
| 11:03-3rd |  | 62 | 55 | 0.728 | 0.272 |
| 11:00-3rd |  | 62 | 55 | 0.721 | 0.279 |
| 10:57-3rd |  | 62 | 55 | 0.721 | 0.279 |
| 10:54-3rd |  | 62 | 55 | 0.745 | 0.255 |
| 10:51-3rd |  | 62 | 55 | 0.754 | 0.246 |
| 10:42-3rd |  | 62 | 55 | 0.722 | 0.278 |
| 10:37-3rd |  | 62 | 57 | 0.687 | 0.313 |
| 10:22-3rd |  | 64 | 57 | 0.722 | 0.278 |
| 10:13-3rd |  | 64 | 60 | 0.656 | 0.344 |
| 9:47-3rd |  | 64 | 60 | 0.657 | 0.343 |
| 9:39-3rd |  | 64 | 60 | 0.632 | 0.368 |
| 9:36-3rd |  | 64 | 60 | 0.623 | 0.377 |
| 9:28-3rd |  | 64 | 63 | 0.55 | 0.45 |
| 9:04-3rd |  | 64 | 63 | 0.522 | 0.478 |
| 9:01-3rd |  | 64 | 63 | 0.55 | 0.45 |
| 8:57-3rd |  | 64 | 63 | 0.55 | 0.45 |
| 8:51-3rd |  | 66 | 63 | 0.586 | 0.414 |
| 8:43-3rd |  | 66 | 63 | 0.615 | 0.385 |
| 8:40-3rd |  | 66 | 63 | 0.586 | 0.414 |
| 8:39-3rd |  | 66 | 63 | 0.615 | 0.385 |
| 8:38-3rd |  | 66 | 63 | 0.614 | 0.386 |
| 8:37-3rd |  | 66 | 63 | 0.625 | 0.375 |
| 8:25-3rd |  | 67 | 63 | 0.625 | 0.375 |
| 8:14-3rd |  | 67 | 63 | 0.652 | 0.348 |
| 8:11-3rd |  | 67 | 63 | 0.662 | 0.338 |
| 8:07-3rd |  | 69 | 63 | 0.693 | 0.307 |
| 7:57-3rd |  | 69 | 65 | 0.663 | 0.337 |
| 7:40-3rd |  | 71 | 65 | 0.696 | 0.304 |
| 7:23-3rd |  | 71 | 65 | 0.724 | 0.276 |
| 7:20-3rd |  | 71 | 65 | 0.733 | 0.267 |
| 7:11-3rd |  | 73 | 65 | 0.768 | 0.232 |
| 6:59-3rd |  | 73 | 68 | 0.703 | 0.297 |
| 6:33-3rd |  | 73 | 68 | 0.678 | 0.322 |
| 6:31-3rd |  | 73 | 68 | 0.669 | 0.331 |
| 6:28-3rd |  | 73 | 71 | 0.596 | 0.404 |
| 6:04-3rd |  | 73 | 71 | 0.597 | 0.403 |
| 6:02-3rd |  | 73 | 71 | 0.566 | 0.434 |
| 6:00-3rd |  | 73 | 71 | 0.556 | 0.444 |
| 5:52-3rd |  | 73 | 71 | 0.588 | 0.412 |
| 5:49-3rd |  | 73 | 71 | 0.598 | 0.402 |
| 5:38-3rd |  | 74 | 71 | 0.594 | 0.406 |
| 5:20-3rd |  | 74 | 71 | 0.628 | 0.372 |
| 5:17-3rd |  | 74 | 71 | 0.64 | 0.36 |
| 5:12-3rd |  | 75 | 71 | 0.637 | 0.363 |
| 5:01-3rd |  | 75 | 73 | 0.601 | 0.399 |
| 4:48-3rd |  | 75 | 73 | 0.57 | 0.43 |
| 4:45-3rd |  | 75 | 73 | 0.56 | 0.44 |
| 4:33-3rd |  | 75 | 73 | 0.592 | 0.408 |
| 4:31-3rd |  | 75 | 73 | 0.56 | 0.44 |
| 4:28-3rd |  | 75 | 75 | 0.518 | 0.482 |
| 4:17-3rd |  | 75 | 75 | 0.47 | 0.53 |
| 4:11-3rd |  | 75 | 75 | 0.473 | 0.527 |
| 4:00-3rd |  | 75 | 75 | 0.507 | 0.493 |
| 3:56-3rd |  | 75 | 75 | 0.519 | 0.481 |
| 3:47-3rd |  | 75 | 75 | 0.484 | 0.516 |
| 3:45-3rd |  | 75 | 75 | 0.472 | 0.528 |
| 3:40-3rd | TARGET | 75 | 78 | 0.389 | 0.611 |
| 3:36-3rd |  | 76 | 78 | 0.385 | 0.615 |
| 3:21-3rd |  | 76 | 78 | 0.385 | 0.615 |
| 3:19-3rd |  | 76 | 78 | 0.384 | 0.616 |
| 3:05-3rd |  | 76 | 80 | 0.342 | 0.658 |
| 2:47-3rd |  | 76 | 80 | 0.309 | 0.691 |
| 2:45-3rd |  | 76 | 80 | 0.299 | 0.701 |
| 2:42-3rd |  | 76 | 83 | 0.226 | 0.774 |
| 2:25-3rd |  | 76 | 83 | 0.199 | 0.801 |
| 2:22-3rd |  | 76 | 83 | 0.19 | 0.81 |
| 2:16-3rd |  | 76 | 83 | 0.214 | 0.786 |
| 2:12-3rd |  | 76 | 83 | 0.222 | 0.778 |
| 2:10-3rd |  | 78 | 83 | 0.258 | 0.742 |
| 2:00-3rd |  | 78 | 86 | 0.188 | 0.812 |
| 1:53-3rd |  | 80 | 86 | 0.219 | 0.781 |
| 1:37-3rd |  | 80 | 86 | 0.246 | 0.754 |
| 1:33-3rd |  | 80 | 86 | 0.216 | 0.784 |
| 1:30-3rd |  | 80 | 86 | 0.169 | 0.831 |
| 1:19-3rd |  | 80 | 86 | 0.246 | 0.754 |
| 1:18-3rd |  | 80 | 86 | 0.213 | 0.787 |
| 1:17-3rd |  | 80 | 88 | 0.182 | 0.818 |
| 1:02-3rd |  | 80 | 88 | 0.158 | 0.842 |
| 1:00-3rd |  | 80 | 88 | 0.15 | 0.85 |
| 42.1-3rd |  | 80 | 90 | 0.121 | 0.879 |
| 32.1-3rd |  | 82 | 90 | 0.147 | 0.853 |
| 14.1-3rd |  | 82 | 90 | 0.167 | 0.833 |
| 10.1-3rd |  | 82 | 90 | 0.175 | 0.825 |
| 1.0-3rd |  | 82 | 90 | 0.174 | 0.826 |
| 0.0-3rd |  | 82 | 90 | 0.157 | 0.843 |
| 12:00-4th |  | 82 | 90 | 0.157 | 0.843 |
| 11:47-4th |  | 84 | 90 | 0.2 | 0.8 |
| 11:27-4th |  | 84 | 90 | 0.226 | 0.774 |
| 11:23-4th |  | 84 | 90 | 0.236 | 0.764 |
| 11:21-4th |  | 84 | 90 | 0.196 | 0.804 |
| 11:09-4th |  | 84 | 92 | 0.16 | 0.84 |
| 10:49-4th |  | 87 | 92 | 0.228 | 0.772 |
| 10:39-4th |  | 87 | 94 | 0.186 | 0.814 |
| 10:28-4th |  | 89 | 94 | 0.222 | 0.778 |
| 10:17-4th |  | 89 | 96 | 0.182 | 0.818 |
| 10:01-4th |  | 89 | 96 | 0.153 | 0.847 |
| 9:58-4th |  | 89 | 96 | 0.144 | 0.856 |
| 9:43-4th |  | 89 | 98 | 0.116 | 0.884 |
| 9:36-4th |  | 89 | 98 | 0.089 | 0.911 |
| 9:25-4th |  | 89 | 98 | 0.113 | 0.887 |
| 9:04-4th |  | 90 | 98 | 0.11 | 0.89 |
| 8:50-4th |  | 90 | 100 | 0.085 | 0.915 |
| 8:37-4th |  | 93 | 100 | 0.134 | 0.866 |
| 8:22-4th |  | 93 | 100 | 0.16 | 0.84 |
| 8:21-4th |  | 93 | 100 | 0.169 | 0.831 |
| 8:11-4th |  | 95 | 100 | 0.208 | 0.792 |
| 7:59-4th |  | 95 | 100 | 0.24 | 0.76 |
| 7:57-4th |  | 95 | 100 | 0.251 | 0.749 |
| 7:38-4th |  | 95 | 100 | 0.212 | 0.788 |
| 7:34-4th |  | 95 | 100 | 0.199 | 0.801 |
| 7:23-4th |  | 95 | 100 | 0.185 | 0.815 |
| 7:14-4th |  | 95 | 102 | 0.15 | 0.85 |
| 6:58-4th |  | 97 | 102 | 0.185 | 0.815 |
| 6:45-4th |  | 97 | 104 | 0.143 | 0.857 |
| 6:30-4th |  | 97 | 104 | 0.112 | 0.888 |
| 6:27-4th |  | 97 | 104 | 0.103 | 0.897 |
| 6:15-4th |  | 97 | 104 | 0.126 | 0.874 |
| 6:11-4th |  | 97 | 104 | 0.134 | 0.866 |
| 6:08-4th |  | 98 | 104 | 0.136 | 0.864 |
| 6:06-4th |  | 98 | 104 | 0.136 | 0.864 |
| 5:46-4th |  | 98 | 106 | 0.1 | 0.9 |
| 5:31-4th |  | 98 | 106 | 0.069 | 0.931 |
| 5:17-4th |  | 98 | 106 | 0.086 | 0.914 |
| 5:14-4th |  | 98 | 106 | 0.092 | 0.908 |
| 5:07-4th |  | 98 | 106 | 0.071 | 0.929 |
| 5:02-4th |  | 98 | 106 | 0.063 | 0.937 |
| 4:49-4th |  | 98 | 106 | 0.079 | 0.921 |
| 4:46-4th |  | 98 | 106 | 0.085 | 0.915 |
| 4:39-4th |  | 98 | 106 | 0.064 | 0.936 |
| 4:37-4th |  | 98 | 106 | 0.057 | 0.943 |
| 4:28-4th |  | 98 | 106 | 0.074 | 0.926 |
| 4:24-4th |  | 98 | 106 | 0.054 | 0.946 |
| 4:17-4th |  | 98 | 106 | 0.05 | 0.95 |
| 4:03-4th |  | 98 | 106 | 0.065 | 0.935 |
| 4:02-4th |  | 98 | 106 | 0.071 | 0.929 |
| 3:54-4th |  | 98 | 106 | 0.051 | 0.949 |
| 3:51-4th |  | 100 | 106 | 0.095 | 0.905 |
| 3:35-4th |  | 100 | 108 | 0.058 | 0.942 |
| 3:16-4th |  | 100 | 108 | 0.034 | 0.966 |
| 3:02-4th |  | 100 | 109 | 0.031 | 0.969 |
| 3:00-4th |  | 100 | 109 | 0.03 | 0.97 |
| 2:54-4th |  | 100 | 109 | 0.018 | 0.982 |
| 2:48-4th |  | 100 | 111 | 0.011 | 0.989 |
| 2:37-4th |  | 100 | 111 | 0.006 | 0.994 |
| 2:13-4th |  | 100 | 114 | 0.001 | 0.999 |
| 2:11-4th |  | 100 | 114 | 0.001 | 0.999 |
| 2:04-4th |  | 100 | 114 | 0.001 | 0.999 |
| 1:58-4th |  | 102 | 114 | 0.002 | 0.998 |
| 1:46-4th |  | 102 | 114 | 0.003 | 0.997 |
| 1:43-4th |  | 102 | 114 | 0.003 | 0.997 |
| 1:39-4th |  | 102 | 114 | 0.001 | 0.999 |
| 1:37-4th |  | 102 | 117 | 0.001 | 0.999 |
| 1:26-4th |  | 105 | 117 | 0.001 | 0.999 |
| 1:03-4th |  | 105 | 119 | 0.001 | 0.999 |
| 52.1-4th |  | 107 | 119 | 0.001 | 0.999 |
| 47.1-4th |  | 107 | 121 | 0.001 | 0.999 |
| 35.0-4th |  | 107 | 121 | 0.001 | 0.999 |
| 31.1-4th |  | 107 | 121 | 0.001 | 0.999 |
| 8.1-4th |  | 107 | 121 | 0.001 | 0.999 |
| 0.0-4th |  | 107 | 121 | 0.0 | 1.0 |

Question

Which event most likely happened at the marked missing position?

Answer Choices

A. Player 4 (Team B) makes 22-foot three point shot (Player 3 (Team B) assists) | Team A Full timeout | Player 13 (Team B) enters the game for Player 2 (Team B)
B. Player 6 (Team B) bad pass (Player 10 (Team B) steals)
C. Jeff Dowtin defensive rebound
D. Player 11 (Team B) steps out of bounds turnover

Response Format

Return exactly one JSON object:

{
  "answer": "<A|B|C|D>",
  "rationale": "<brief evidence-based justification in 1-3 sentences>",
  "evidence_event_ids": [],
  "evidence_series_times": []
}

Use only event IDs and time labels that are provided above and that support the answer. Use an empty array when the corresponding evidence type is unavailable or unused. Return only the JSON object.
