Task

Reconstruct the missing event in this basketball game. Use the available numerical time-series evidence around the marked row to select the most likely event.

Game

Team A versus Team B, season 22-23.

Time Series

| Game time | Marker | Team A score | Team B score | Team A win probability | Team B win probability |
| --- | --- | --- | --- | --- | --- |
| 12:00-1st |  | 0 | 0 | 0.678 | 0.322 |
| 11:53-1st |  | 0 | 2 | 0.651 | 0.349 |
| 11:26-1st |  | 0 | 2 | 0.633 | 0.367 |
| 11:23-1st |  | 0 | 2 | 0.628 | 0.372 |
| 11:12-1st |  | 0 | 2 | 0.643 | 0.357 |
| 11:06-1st |  | 0 | 2 | 0.648 | 0.352 |
| 11:03-1st |  | 0 | 2 | 0.648 | 0.352 |
| 11:02-1st |  | 2 | 2 | 0.672 | 0.328 |
| 10:44-1st |  | 2 | 2 | 0.687 | 0.313 |
| 10:38-1st |  | 2 | 2 | 0.691 | 0.309 |
| 10:33-1st |  | 2 | 2 | 0.676 | 0.324 |
| 10:28-1st |  | 2 | 2 | 0.67 | 0.33 |
| 10:27-1st |  | 2 | 5 | 0.624 | 0.376 |
| 10:16-1st |  | 4 | 5 | 0.646 | 0.354 |
| 10:03-1st |  | 4 | 8 | 0.598 | 0.402 |
| 9:53-1st |  | 6 | 8 | 0.619 | 0.381 |
| 9:39-1st |  | 6 | 10 | 0.596 | 0.404 |
| 9:21-1st |  | 6 | 10 | 0.574 | 0.426 |
| 9:18-1st |  | 6 | 10 | 0.594 | 0.406 |
| 9:17-1st |  | 6 | 10 | 0.574 | 0.426 |
| 9:15-1st |  | 6 | 10 | 0.567 | 0.433 |
| 9:14-1st |  | 6 | 12 | 0.541 | 0.459 |
| 9:05-1st |  | 6 | 12 | 0.521 | 0.479 |
| 9:02-1st |  | 6 | 12 | 0.514 | 0.486 |
| 8:57-1st |  | 6 | 15 | 0.459 | 0.541 |
| 8:43-1st |  | 8 | 15 | 0.482 | 0.518 |
| 8:41-1st |  | 8 | 15 | 0.482 | 0.518 |
| 8:31-1st |  | 8 | 15 | 0.511 | 0.489 |
| 8:18-1st |  | 10 | 15 | 0.535 | 0.465 |
| 8:06-1st |  | 10 | 17 | 0.509 | 0.491 |
| 7:58-1st |  | 13 | 17 | 0.561 | 0.439 |
| 7:48-1st |  | 13 | 19 | 0.533 | 0.467 |
| 7:47-1st |  | 13 | 19 | 0.533 | 0.467 |
| 7:32-1st |  | 15 | 19 | 0.558 | 0.442 |
| 7:13-1st |  | 15 | 22 | 0.504 | 0.496 |
| 6:56-1st |  | 15 | 22 | 0.479 | 0.521 |
| 6:53-1st |  | 15 | 22 | 0.471 | 0.529 |
| 6:50-1st |  | 15 | 24 | 0.447 | 0.553 |
| 6:30-1st |  | 15 | 24 | 0.424 | 0.576 |
| 6:29-1st |  | 15 | 24 | 0.417 | 0.583 |
| 6:07-1st |  | 15 | 24 | 0.435 | 0.565 |
| 6:05-1st |  | 15 | 24 | 0.442 | 0.558 |
| 6:00-1st |  | 15 | 24 | 0.421 | 0.579 |
| 5:57-1st |  | 15 | 24 | 0.414 | 0.586 |
| 5:51-1st |  | 15 | 27 | 0.36 | 0.64 |
| 5:40-1st |  | 15 | 27 | 0.336 | 0.664 |
| 5:38-1st |  | 15 | 27 | 0.328 | 0.672 |
| 5:34-1st |  | 15 | 27 | 0.351 | 0.649 |
| 5:31-1st |  | 15 | 27 | 0.358 | 0.642 |
| 5:28-1st |  | 16 | 27 | 0.353 | 0.647 |
| 5:27-1st |  | 16 | 27 | 0.353 | 0.647 |
| 5:05-1st |  | 16 | 29 | 0.326 | 0.674 |
| 4:54-1st |  | 16 | 29 | 0.304 | 0.696 |
| 4:51-1st |  | 16 | 29 | 0.297 | 0.703 |
| 4:39-1st |  | 16 | 29 | 0.316 | 0.684 |
| 4:37-1st |  | 16 | 29 | 0.322 | 0.678 |
| 4:32-1st |  | 16 | 29 | 0.301 | 0.699 |
| 4:31-1st |  | 16 | 29 | 0.294 | 0.706 |
| 4:26-1st |  | 16 | 29 | 0.314 | 0.686 |
| 4:23-1st |  | 16 | 29 | 0.321 | 0.679 |
| 4:19-1st |  | 16 | 29 | 0.293 | 0.707 |
| 4:09-1st |  | 16 | 32 | 0.245 | 0.755 |
| 3:55-1st |  | 16 | 32 | 0.217 | 0.783 |
| 3:52-1st |  | 16 | 32 | 0.217 | 0.783 |
| 3:43-1st |  | 16 | 32 | 0.235 | 0.765 |
| 3:39-1st |  | 16 | 32 | 0.241 | 0.759 |
| 3:35-1st |  | 16 | 32 | 0.221 | 0.779 |
| 3:33-1st |  | 16 | 32 | 0.214 | 0.786 |
| 3:25-1st |  | 16 | 34 | 0.194 | 0.806 |
| 3:10-1st |  | 16 | 34 | 0.176 | 0.824 |
| 3:09-1st |  | 16 | 34 | 0.171 | 0.829 |
| 3:01-1st |  | 16 | 34 | 0.186 | 0.814 |
| 2:57-1st |  | 16 | 34 | 0.19 | 0.81 |
| 2:47-1st |  | 16 | 34 | 0.173 | 0.827 |
| 2:45-1st |  | 16 | 34 | 0.168 | 0.832 |
| 2:32-1st |  | 16 | 36 | 0.151 | 0.849 |
| 2:15-1st |  | 16 | 36 | 0.135 | 0.865 |
| 2:11-1st |  | 16 | 36 | 0.13 | 0.87 |
| 2:07-1st |  | 16 | 36 | 0.143 | 0.857 |
| 2:03-1st |  | 16 | 36 | 0.148 | 0.852 |
| 1:59-1st |  | 16 | 36 | 0.133 | 0.867 |
| 1:57-1st |  | 16 | 36 | 0.128 | 0.872 |
| 1:43-1st |  | 16 | 38 | 0.111 | 0.889 |
| 1:30-1st |  | 16 | 38 | 0.1 | 0.9 |
| 1:28-1st |  | 16 | 38 | 0.097 | 0.903 |
| 1:22-1st |  | 16 | 38 | 0.109 | 0.891 |
| 1:07-1st |  | 19 | 38 | 0.139 | 0.861 |
| 44.1-1st |  | 19 | 38 | 0.15 | 0.85 |
| 42.0-1st |  | 19 | 38 | 0.155 | 0.845 |
| 29.1-1st |  | 19 | 38 | 0.139 | 0.861 |
| 26.2-1st |  | 19 | 38 | 0.135 | 0.865 |
| 8.1-1st |  | 19 | 40 | 0.117 | 0.883 |
| 0.0-1st |  | 19 | 40 | 0.111 | 0.889 |
| 12:00-2nd |  | 19 | 40 | 0.111 | 0.889 |
| 11:41-2nd |  | 19 | 40 | 0.101 | 0.899 |
| 11:39-2nd |  | 19 | 40 | 0.097 | 0.903 |
| 11:29-2nd |  | 19 | 42 | 0.085 | 0.915 |
| 11:08-2nd |  | 19 | 42 | 0.074 | 0.926 |
| 11:05-2nd |  | 19 | 42 | 0.071 | 0.929 |
| 10:44-2nd |  | 19 | 42 | 0.078 | 0.922 |
| 10:43-2nd |  | 19 | 42 | 0.072 | 0.928 |
| 10:36-2nd |  | 19 | 42 | 0.078 | 0.922 |
| 10:33-2nd |  | 19 | 42 | 0.081 | 0.919 |
| 10:28-2nd |  | 19 | 42 | 0.069 | 0.931 |
| 10:16-2nd |  | 19 | 42 | 0.079 | 0.921 |
| 9:56-2nd |  | 19 | 42 | 0.067 | 0.933 |
| 9:45-2nd |  | 19 | 44 | 0.056 | 0.944 |
| 9:39-2nd |  | 19 | 44 | 0.056 | 0.944 |
| 9:36-2nd |  | 19 | 44 | 0.049 | 0.951 |
| 9:33-2nd |  | 19 | 44 | 0.047 | 0.953 |
| 9:26-2nd |  | 19 | 44 | 0.055 | 0.945 |
| 9:07-2nd |  | 22 | 44 | 0.073 | 0.927 |
| 8:47-2nd |  | 22 | 44 | 0.081 | 0.919 |
| 8:45-2nd |  | 22 | 44 | 0.084 | 0.916 |
| 8:39-2nd |  | 25 | 44 | 0.111 | 0.889 |
| 8:38-2nd |  | 25 | 44 | 0.111 | 0.889 |
| 8:26-2nd |  | 25 | 47 | 0.082 | 0.918 |
| 8:03-2nd |  | 27 | 47 | 0.093 | 0.907 |
| 7:55-2nd |  | 27 | 47 | 0.104 | 0.896 |
| 7:52-2nd |  | 27 | 47 | 0.107 | 0.893 |
| 7:45-2nd |  | 30 | 47 | 0.139 | 0.861 |
| 7:22-2nd |  | 30 | 50 | 0.104 | 0.896 |
| 7:05-2nd |  | 32 | 50 | 0.117 | 0.883 |
| 6:42-2nd |  | 32 | 50 | 0.115 | 0.885 |
| 6:37-2nd |  | 32 | 52 | 0.099 | 0.901 |
| 6:26-2nd |  | 35 | 52 | 0.13 | 0.87 |
| 6:24-2nd |  | 35 | 52 | 0.13 | 0.87 |
| 6:07-2nd |  | 35 | 52 | 0.147 | 0.853 |
| 5:58-2nd |  | 35 | 52 | 0.141 | 0.859 |
| 5:56-2nd |  | 35 | 52 | 0.126 | 0.874 |
| 5:54-2nd |  | 35 | 52 | 0.145 | 0.855 |
| 5:43-2nd |  | 35 | 52 | 0.13 | 0.87 |
| 5:39-2nd |  | 35 | 52 | 0.124 | 0.876 |
| 5:29-2nd |  | 35 | 54 | 0.107 | 0.893 |
| 5:18-2nd |  | 35 | 54 | 0.093 | 0.907 |
| 5:13-2nd |  | 35 | 54 | 0.089 | 0.911 |
| 5:03-2nd |  | 35 | 56 | 0.077 | 0.923 |
| 4:57-2nd |  | 35 | 56 | 0.063 | 0.937 |
| 4:51-2nd |  | 35 | 59 | 0.044 | 0.956 |
| 4:49-2nd |  | 35 | 59 | 0.044 | 0.956 |
| 4:38-2nd |  | 38 | 59 | 0.061 | 0.939 |
| 4:15-2nd |  | 38 | 59 | 0.069 | 0.931 |
| 4:12-2nd |  | 38 | 59 | 0.072 | 0.928 |
| 4:00-2nd |  | 41 | 59 | 0.096 | 0.904 |
| 3:45-2nd |  | 41 | 60 | 0.097 | 0.903 |
| 3:43-2nd |  | 41 | 60 | 0.096 | 0.904 |
| 3:32-2nd |  | 41 | 60 | 0.095 | 0.905 |
| 3:22-2nd |  | 41 | 60 | 0.083 | 0.917 |
| 3:20-2nd |  | 41 | 60 | 0.119 | 0.881 |
| 3:12-2nd |  | 43 | 60 | 0.107 | 0.893 |
| 2:46-2nd |  | 43 | 60 | 0.118 | 0.882 |
| 2:44-2nd |  | 45 | 60 | 0.14 | 0.86 |
| 2:33-2nd |  | 45 | 60 | 0.16 | 0.84 |
| 2:19-2nd |  | 47 | 60 | 0.183 | 0.817 |
| 2:04-2nd |  | 47 | 63 | 0.136 | 0.864 |
| 1:42-2nd |  | 49 | 63 | 0.154 | 0.846 |
| 1:34-2nd |  | 49 | 65 | 0.132 | 0.868 |
| 1:20-2nd |  | 50 | 65 | 0.129 | 0.871 |
| 1:02-2nd |  | 50 | 65 | 0.142 | 0.858 |
| 1:00-2nd |  | 50 | 65 | 0.147 | 0.853 |
| 55.0-2nd |  | 52 | 65 | 0.171 | 0.829 |
| 34.1-2nd |  | 52 | 68 | 0.124 | 0.876 |
| 28.0-2nd |  | 52 | 68 | 0.108 | 0.892 |
| 27.0-2nd |  | 52 | 68 | 0.085 | 0.915 |
| 5.2-2nd |  | 52 | 68 | 0.119 | 0.881 |
| 3.1-2nd |  | 52 | 68 | 0.124 | 0.876 |
| 0.0-2nd |  | 52 | 68 | 0.112 | 0.888 |
| 12:00-3rd |  | 52 | 68 | 0.112 | 0.888 |
| 11:41-3rd |  | 55 | 68 | 0.161 | 0.839 |
| 11:26-3rd |  | 55 | 68 | 0.171 | 0.829 |
| 11:22-3rd |  | 55 | 68 | 0.174 | 0.826 |
| 11:14-3rd |  | 55 | 68 | 0.156 | 0.844 |
| 10:55-3rd |  | 55 | 71 | 0.11 | 0.89 |
| 10:39-3rd |  | 57 | 71 | 0.129 | 0.871 |
| 10:23-3rd |  | 57 | 71 | 0.144 | 0.856 |
| 10:21-3rd |  | 57 | 71 | 0.149 | 0.851 |
| 10:12-3rd |  | 57 | 71 | 0.131 | 0.869 |
| 10:08-3rd |  | 57 | 71 | 0.124 | 0.876 |
| 10:03-3rd |  | 57 | 71 | 0.141 | 0.859 |
| 10:01-3rd |  | 57 | 71 | 0.146 | 0.854 |
| 9:51-3rd |  | 59 | 71 | 0.165 | 0.835 |
| 9:36-3rd |  | 59 | 71 | 0.18 | 0.82 |
| 9:33-3rd |  | 59 | 71 | 0.186 | 0.814 |
| 9:26-3rd |  | 60 | 71 | 0.186 | 0.814 |
| 9:25-3rd |  | 60 | 71 | 0.185 | 0.815 |
| 9:13-3rd |  | 60 | 73 | 0.159 | 0.841 |
| 9:05-3rd |  | 62 | 73 | 0.182 | 0.818 |
| 8:43-3rd |  | 62 | 73 | 0.201 | 0.799 |
| 8:41-3rd |  | 62 | 73 | 0.207 | 0.793 |
| 8:37-3rd |  | 62 | 73 | 0.185 | 0.815 |
| 8:36-3rd |  | 62 | 73 | 0.207 | 0.793 |
| 8:34-3rd |  | 64 | 73 | 0.234 | 0.766 |
| 8:13-3rd |  | 64 | 73 | 0.264 | 0.736 |
| 8:09-3rd |  | 66 | 73 | 0.295 | 0.705 |
| 7:52-3rd |  | 66 | 73 | 0.32 | 0.68 |
| 7:49-3rd |  | 66 | 73 | 0.329 | 0.671 |
| 7:41-3rd |  | 66 | 73 | 0.3 | 0.7 |
| 7:37-3rd |  | 68 | 73 | 0.364 | 0.636 |
| 7:25-3rd |  | 68 | 76 | 0.289 | 0.711 |
| 7:04-3rd |  | 71 | 76 | 0.358 | 0.642 |
| 6:44-3rd |  | 71 | 76 | 0.384 | 0.616 |
| 6:42-3rd |  | 71 | 76 | 0.393 | 0.607 |
| 6:38-3rd |  | 74 | 76 | 0.473 | 0.527 |
| 6:18-3rd |  | 74 | 78 | 0.431 | 0.569 |
| 6:14-3rd |  | 76 | 78 | 0.471 | 0.529 |
| 6:02-3rd |  | 76 | 78 | 0.503 | 0.497 |
| 5:58-3rd |  | 76 | 78 | 0.469 | 0.531 |
| 5:53-3rd |  | 76 | 81 | 0.387 | 0.613 |
| 5:41-3rd |  | 79 | 81 | 0.467 | 0.533 |
| 5:27-3rd |  | 79 | 83 | 0.423 | 0.577 |
| 5:20-3rd |  | 79 | 83 | 0.382 | 0.618 |
| 5:12-3rd |  | 79 | 85 | 0.342 | 0.658 |
| 4:51-3rd |  | 82 | 85 | 0.418 | 0.582 |
| 4:31-3rd |  | 82 | 85 | 0.45 | 0.55 |
| 4:29-3rd |  | 82 | 85 | 0.461 | 0.539 |
| 4:24-3rd |  | 82 | 85 | 0.461 | 0.539 |
| 4:19-3rd |  | 82 | 85 | 0.426 | 0.574 |
| 4:17-3rd |  | 82 | 85 | 0.414 | 0.586 |
| 4:01-3rd |  | 82 | 85 | 0.447 | 0.553 |
| 4:00-3rd |  | 82 | 85 | 0.458 | 0.542 |
| 3:54-3rd |  | 85 | 85 | 0.542 | 0.458 |
| 3:34-3rd |  | 85 | 85 | 0.541 | 0.459 |
| 3:28-3rd |  | 85 | 88 | 0.453 | 0.547 |
| 3:08-3rd |  | 88 | 88 | 0.539 | 0.461 |
| 2:46-3rd |  | 88 | 90 | 0.492 | 0.508 |
| 2:31-3rd |  | 88 | 90 | 0.446 | 0.554 |
| 2:24-3rd |  | 88 | 92 | 0.401 | 0.599 |
| 2:18-3rd |  | 88 | 92 | 0.352 | 0.648 |
| 2:11-3rd |  | 88 | 92 | 0.363 | 0.637 |
| 2:08-3rd |  | 88 | 92 | 0.35 | 0.65 |
| 1:57-3rd |  | 88 | 92 | 0.384 | 0.616 |
| 1:53-3rd |  | 88 | 92 | 0.396 | 0.604 |
| 1:51-3rd |  | 88 | 92 | 0.359 | 0.641 |
| 1:47-3rd |  | 88 | 92 | 0.395 | 0.605 |
| 1:46-3rd |  | 88 | 92 | 0.358 | 0.642 |
| 1:44-3rd |  | 88 | 92 | 0.346 | 0.654 |
| 1:39-3rd |  | 88 | 95 | 0.264 | 0.736 |
| 1:21-3rd |  | 91 | 95 | 0.341 | 0.659 |
| 1:00-3rd |  | 91 | 95 | 0.375 | 0.625 |
| 58.1-3rd |  | 91 | 95 | 0.388 | 0.612 |
| 54.0-3rd |  | 92 | 95 | 0.386 | 0.614 |
| 51.2-3rd |  | 92 | 95 | 0.385 | 0.615 |
| 42.1-3rd |  | 92 | 95 | 0.42 | 0.58 |
| 39.0-3rd |  | 92 | 95 | 0.432 | 0.568 |
| 33.0-3rd |  | 95 | 95 | 0.53 | 0.47 |
| 11.1-3rd |  | 95 | 95 | 0.561 | 0.439 |
| 9.1-3rd |  | 95 | 95 | 0.572 | 0.428 |
| 0.0-3rd |  | 95 | 95 | 0.549 | 0.451 |
| 12:00-4th |  | 95 | 95 | 0.549 | 0.451 |
| 11:41-4th |  | 95 | 95 | 0.56 | 0.44 |
| 11:38-4th |  | 95 | 95 | 0.523 | 0.477 |
| 11:28-4th |  | 95 | 95 | 0.559 | 0.441 |
| 11:24-4th |  | 95 | 95 | 0.503 | 0.497 |
| 11:14-4th |  | 95 | 97 | 0.462 | 0.538 |
| 11:04-4th |  | 95 | 97 | 0.422 | 0.578 |
| 11:01-4th |  | 95 | 97 | 0.408 | 0.592 |
| 10:54-4th |  | 95 | 97 | 0.46 | 0.54 |
| 10:36-4th |  | 97 | 97 | 0.509 | 0.491 |
| 10:24-4th |  | 97 | 97 | 0.55 | 0.45 |
| 10:21-4th |  | 97 | 97 | 0.563 | 0.437 |
| 10:02-4th |  | 97 | 97 | 0.521 | 0.479 |
| 9:59-4th |  | 97 | 97 | 0.507 | 0.493 |
| 9:51-4th |  | 97 | 97 | 0.548 | 0.452 |
| 9:48-4th |  | 97 | 97 | 0.562 | 0.438 |
| 9:42-4th |  | 97 | 97 | 0.52 | 0.48 |
| 9:38-4th |  | 97 | 97 | 0.505 | 0.495 |
| 9:29-4th |  | 97 | 98 | 0.499 | 0.501 |
| 9:27-4th |  | 97 | 98 | 0.498 | 0.502 |
| 9:15-4th |  | 100 | 98 | 0.609 | 0.391 |
| 9:01-4th |  | 100 | 100 | 0.56 | 0.44 |
| 8:51-4th |  | 100 | 100 | 0.578 | 0.422 |
| 8:43-4th |  | 100 | 100 | 0.519 | 0.481 |
| 8:41-4th |  | 100 | 100 | 0.502 | 0.498 |
| 8:29-4th |  | 100 | 100 | 0.552 | 0.448 |
| 8:26-4th |  | 100 | 102 | 0.451 | 0.549 |
| 8:17-4th |  | 103 | 102 | 0.56 | 0.44 |
| 8:06-4th |  | 103 | 102 | 0.619 | 0.381 |
| 7:58-4th |  | 105 | 102 | 0.672 | 0.328 |
| 7:38-4th |  | 105 | 104 | 0.62 | 0.38 |
| 7:19-4th |  | 105 | 104 | 0.574 | 0.426 |
| 7:17-4th |  | 105 | 104 | 0.558 | 0.442 |
| 7:07-4th |  | 105 | 106 | 0.501 | 0.499 |
| 6:49-4th |  | 107 | 106 | 0.567 | 0.433 |
| 6:39-4th |  | 107 | 106 | 0.632 | 0.368 |
| 6:29-4th |  | 107 | 106 | 0.583 | 0.417 |
| 6:26-4th |  | 107 | 106 | 0.566 | 0.434 |
| 6:16-4th |  | 107 | 108 | 0.505 | 0.495 |
| 6:07-4th |  | 107 | 108 | 0.617 | 0.383 |
| 6:02-4th |  | 109 | 108 | 0.579 | 0.421 |
| 5:46-4th |  | 109 | 108 | 0.649 | 0.351 |
| 5:44-4th |  | 109 | 108 | 0.649 | 0.351 |
| 5:39-4th |  | 111 | 108 | 0.708 | 0.292 |
| 5:14-4th |  | 111 | 108 | 0.756 | 0.244 |
| 5:10-4th |  | 111 | 110 | 0.651 | 0.349 |
| 5:01-4th |  | 111 | 110 | 0.597 | 0.403 |
| 4:58-4th |  | 111 | 110 | 0.578 | 0.422 |
| 4:43-4th |  | 111 | 110 | 0.653 | 0.347 |
| 4:37-4th |  | 113 | 110 | 0.716 | 0.284 |
| 4:19-4th |  | 113 | 113 | 0.584 | 0.416 |
| 4:04-4th |  | 113 | 113 | 0.475 | 0.525 |
| 3:45-4th |  | 113 | 113 | 0.554 | 0.446 |
| 3:43-4th |  | 113 | 113 | 0.576 | 0.424 |
| 3:31-4th |  | 113 | 113 | 0.512 | 0.488 |
| 3:30-4th |  | 113 | 113 | 0.356 | 0.644 |
| 3:20-4th |  | 113 | 113 | 0.536 | 0.464 |
| 3:15-4th |  | 113 | 113 | 0.558 | 0.442 |
| 3:08-4th |  | 113 | 113 | 0.491 | 0.509 |
| 3:06-4th |  | 113 | 113 | 0.558 | 0.442 |
| 3:01-4th |  | 113 | 113 | 0.49 | 0.51 |
| 2:59-4th |  | 113 | 113 | 0.558 | 0.442 |
| 2:58-4th |  | 115 | 113 | 0.632 | 0.368 |
| 2:41-4th |  | 115 | 116 | 0.471 | 0.529 |
| 2:19-4th |  | 115 | 116 | 0.397 | 0.603 |
| 2:18-4th |  | 115 | 116 | 0.373 | 0.627 |
| 2:06-4th |  | 115 | 118 | 0.286 | 0.714 |
| 1:45-4th |  | 118 | 118 | 0.462 | 0.538 |
| 1:34-4th | TARGET | 118 | 121 | 0.276 | 0.724 |
| 1:20-4th |  | 118 | 121 | 0.207 | 0.793 |
| 1:17-4th |  | 118 | 121 | 0.183 | 0.817 |
| 1:06-4th |  | 118 | 123 | 0.128 | 0.872 |
| 59.0-4th |  | 120 | 123 | 0.172 | 0.828 |
| 41.1-4th |  | 120 | 125 | 0.105 | 0.895 |
| 35.1-4th |  | 120 | 125 | 0.063 | 0.937 |
| 31.1-4th |  | 120 | 125 | 0.048 | 0.952 |
| 29.1-4th |  | 120 | 125 | 0.091 | 0.909 |
| 25.0-4th |  | 120 | 125 | 0.05 | 0.95 |
| 21.1-4th |  | 120 | 125 | 0.074 | 0.926 |
| 19.0-4th |  | 120 | 125 | 0.031 | 0.969 |
| 16.1-4th |  | 120 | 126 | 0.027 | 0.973 |
| 13.0-4th |  | 120 | 126 | 0.011 | 0.989 |
| 8.1-4th |  | 120 | 126 | 0.004 | 0.996 |
| 6.0-4th |  | 120 | 128 | 0.002 | 0.998 |
| 0.0-4th |  | 120 | 128 | 0.0 | 1.0 |

Question

Which event most likely happened at the marked missing position?

Answer Choices

A. Player 7 (Team B) makes 23-foot three point jumper (Player 19 (Team B) assists)
B. Player 4 (Team A) misses 20-foot step back jumpshot
C. Player 6 (Team B) makes 11-foot two point shot (Player 3 (Team A) assists)
D. Player 6 (Team B) misses 18-foot two point shot

Response Format

Return exactly one JSON object:

{
  "answer": "<A|B|C|D>",
  "rationale": "<brief evidence-based justification in 1-3 sentences>",
  "evidence_event_ids": [],
  "evidence_series_times": []
}

Use only event IDs and time labels that are provided above and that support the answer. Use an empty array when the corresponding evidence type is unavailable or unused. Return only the JSON object.
