Task

Reconstruct the missing event in this basketball game. Use the available numerical time-series evidence around the marked row to select the most likely event.

Game

Team A versus Team B, season 22-23.

Time Series

| Game time | Marker | Team A score | Team B score | Team A win probability | Team B win probability |
| --- | --- | --- | --- | --- | --- |
| 12:00-1st |  | 0 | 0 | 0.63 | 0.37 |
| 11:34-1st |  | 0 | 2 | 0.601 | 0.399 |
| 11:17-1st |  | 0 | 2 | 0.576 | 0.424 |
| 11:10-1st |  | 0 | 2 | 0.582 | 0.418 |
| 11:07-1st |  | 0 | 2 | 0.576 | 0.424 |
| 11:01-1st |  | 0 | 3 | 0.576 | 0.424 |
| 10:52-1st |  | 3 | 3 | 0.624 | 0.376 |
| 10:33-1st |  | 3 | 3 | 0.642 | 0.358 |
| 10:28-1st |  | 3 | 3 | 0.648 | 0.352 |
| 10:22-1st |  | 3 | 3 | 0.629 | 0.371 |
| 10:20-1st |  | 3 | 3 | 0.623 | 0.377 |
| 10:18-1st |  | 3 | 3 | 0.641 | 0.359 |
| 10:13-1st |  | 3 | 3 | 0.647 | 0.353 |
| 10:02-1st |  | 5 | 3 | 0.669 | 0.331 |
| 9:46-1st |  | 5 | 3 | 0.686 | 0.314 |
| 9:45-1st |  | 5 | 4 | 0.668 | 0.332 |
| 9:43-1st |  | 5 | 4 | 0.668 | 0.332 |
| 9:35-1st |  | 7 | 4 | 0.691 | 0.309 |
| 9:16-1st |  | 7 | 6 | 0.667 | 0.333 |
| 9:00-1st |  | 10 | 6 | 0.712 | 0.288 |
| 8:38-1st |  | 10 | 6 | 0.732 | 0.268 |
| 8:26-1st |  | 10 | 6 | 0.716 | 0.284 |
| 8:23-1st |  | 10 | 6 | 0.711 | 0.289 |
| 8:12-1st |  | 10 | 8 | 0.69 | 0.31 |
| 8:05-1st |  | 13 | 8 | 0.733 | 0.267 |
| 7:50-1st |  | 13 | 11 | 0.687 | 0.313 |
| 7:34-1st |  | 13 | 11 | 0.669 | 0.331 |
| 7:32-1st |  | 13 | 11 | 0.663 | 0.337 |
| 7:28-1st |  | 13 | 11 | 0.681 | 0.319 |
| 7:25-1st |  | 13 | 11 | 0.687 | 0.313 |
| 7:21-1st |  | 13 | 11 | 0.669 | 0.331 |
| 7:18-1st |  | 13 | 11 | 0.663 | 0.337 |
| 7:13-1st |  | 13 | 14 | 0.614 | 0.386 |
| 6:54-1st |  | 13 | 14 | 0.594 | 0.406 |
| 6:51-1st |  | 13 | 14 | 0.588 | 0.412 |
| 6:44-1st |  | 13 | 17 | 0.534 | 0.466 |
| 6:31-1st |  | 13 | 17 | 0.512 | 0.488 |
| 6:29-1st |  | 13 | 17 | 0.505 | 0.495 |
| 6:21-1st |  | 13 | 19 | 0.479 | 0.521 |
| 6:03-1st |  | 15 | 19 | 0.503 | 0.497 |
| 5:47-1st |  | 15 | 21 | 0.476 | 0.524 |
| 5:34-1st |  | 15 | 21 | 0.455 | 0.545 |
| 5:31-1st |  | 15 | 21 | 0.448 | 0.552 |
| 5:18-1st |  | 15 | 22 | 0.447 | 0.553 |
| 5:14-1st |  | 15 | 22 | 0.447 | 0.553 |
| 5:02-1st |  | 16 | 22 | 0.445 | 0.555 |
| 5:00-1st |  | 16 | 22 | 0.445 | 0.555 |
| 4:40-1st |  | 16 | 24 | 0.417 | 0.583 |
| 4:24-1st |  | 16 | 24 | 0.387 | 0.613 |
| 4:15-1st |  | 16 | 24 | 0.414 | 0.586 |
| 4:06-1st |  | 16 | 24 | 0.455 | 0.545 |
| 4:00-1st |  | 16 | 24 | 0.392 | 0.608 |
| 3:59-1st |  | 16 | 24 | 0.385 | 0.615 |
| 3:39-1st |  | 16 | 24 | 0.404 | 0.596 |
| 3:35-1st |  | 16 | 24 | 0.411 | 0.589 |
| 3:24-1st |  | 16 | 24 | 0.382 | 0.618 |
| 3:15-1st |  | 16 | 24 | 0.402 | 0.598 |
| 3:13-1st |  | 16 | 24 | 0.381 | 0.619 |
| 3:07-1st |  | 16 | 26 | 0.353 | 0.647 |
| 2:52-1st |  | 16 | 26 | 0.331 | 0.669 |
| 2:50-1st |  | 16 | 26 | 0.324 | 0.676 |
| 2:38-1st |  | 16 | 26 | 0.343 | 0.657 |
| 2:35-1st |  | 16 | 26 | 0.35 | 0.65 |
| 2:28-1st |  | 16 | 26 | 0.322 | 0.678 |
| 2:27-1st |  | 16 | 26 | 0.349 | 0.651 |
| 2:23-1st |  | 16 | 26 | 0.321 | 0.679 |
| 2:19-1st |  | 16 | 26 | 0.348 | 0.652 |
| 2:08-1st |  | 16 | 26 | 0.326 | 0.674 |
| 2:05-1st |  | 16 | 26 | 0.319 | 0.681 |
| 1:51-1st |  | 16 | 28 | 0.29 | 0.71 |
| 1:39-1st |  | 19 | 28 | 0.343 | 0.657 |
| 1:18-1st |  | 19 | 28 | 0.363 | 0.637 |
| 1:16-1st |  | 19 | 28 | 0.37 | 0.63 |
| 1:14-1st |  | 21 | 28 | 0.397 | 0.603 |
| 51.0-1st |  | 21 | 29 | 0.398 | 0.602 |
| 33.1-1st |  | 23 | 29 | 0.423 | 0.577 |
| 16.0-1st |  | 23 | 29 | 0.45 | 0.55 |
| 15.1-1st |  | 23 | 29 | 0.42 | 0.58 |
| 11.1-1st |  | 23 | 29 | 0.442 | 0.558 |
| 10.1-1st |  | 23 | 29 | 0.442 | 0.558 |
| 9.1-1st |  | 23 | 29 | 0.419 | 0.581 |
| 7.1-1st |  | 23 | 29 | 0.441 | 0.559 |
| 6.0-1st |  | 23 | 29 | 0.449 | 0.551 |
| 2.1-1st |  | 23 | 29 | 0.426 | 0.574 |
| 1.0-1st |  | 23 | 29 | 0.448 | 0.552 |
| 0.0-1st |  | 25 | 29 | 0.492 | 0.508 |
| 11:43-2nd |  | 27 | 29 | 0.532 | 0.468 |
| 11:25-2nd |  | 27 | 29 | 0.561 | 0.439 |
| 11:10-2nd |  | 27 | 29 | 0.537 | 0.463 |
| 11:06-2nd |  | 27 | 29 | 0.53 | 0.47 |
| 11:02-2nd |  | 27 | 29 | 0.552 | 0.448 |
| 11:00-2nd |  | 27 | 29 | 0.559 | 0.441 |
| 10:43-2nd |  | 29 | 29 | 0.588 | 0.412 |
| 10:18-2nd |  | 29 | 29 | 0.609 | 0.391 |
| 10:15-2nd |  | 29 | 29 | 0.616 | 0.384 |
| 9:56-2nd |  | 29 | 29 | 0.593 | 0.407 |
| 9:53-2nd |  | 29 | 29 | 0.585 | 0.415 |
| 9:49-2nd |  | 29 | 31 | 0.554 | 0.446 |
| 9:25-2nd |  | 29 | 31 | 0.531 | 0.469 |
| 9:23-2nd |  | 29 | 31 | 0.523 | 0.477 |
| 9:18-2nd |  | 29 | 31 | 0.545 | 0.455 |
| 9:15-2nd |  | 29 | 31 | 0.552 | 0.448 |
| 9:11-2nd |  | 31 | 31 | 0.581 | 0.419 |
| 8:50-2nd |  | 31 | 31 | 0.604 | 0.396 |
| 8:47-2nd |  | 31 | 31 | 0.612 | 0.388 |
| 8:41-2nd |  | 33 | 31 | 0.641 | 0.359 |
| 8:21-2nd |  | 33 | 31 | 0.661 | 0.339 |
| 8:19-2nd |  | 33 | 31 | 0.64 | 0.36 |
| 8:11-2nd |  | 33 | 33 | 0.612 | 0.388 |
| 8:00-2nd |  | 33 | 33 | 0.578 | 0.422 |
| 7:58-2nd |  | 33 | 35 | 0.549 | 0.451 |
| 7:47-2nd |  | 36 | 35 | 0.609 | 0.391 |
| 7:26-2nd |  | 36 | 35 | 0.629 | 0.371 |
| 7:21-2nd |  | 36 | 37 | 0.577 | 0.423 |
| 7:10-2nd |  | 36 | 37 | 0.547 | 0.453 |
| 6:58-2nd |  | 36 | 39 | 0.516 | 0.484 |
| 6:47-2nd |  | 36 | 39 | 0.516 | 0.484 |
| 6:35-2nd |  | 36 | 39 | 0.49 | 0.51 |
| 6:33-2nd |  | 36 | 39 | 0.482 | 0.518 |
| 6:19-2nd |  | 36 | 39 | 0.505 | 0.495 |
| 6:17-2nd |  | 36 | 39 | 0.513 | 0.487 |
| 6:06-2nd |  | 39 | 39 | 0.572 | 0.428 |
| 5:43-2nd |  | 39 | 40 | 0.572 | 0.428 |
| 5:40-2nd |  | 39 | 40 | 0.572 | 0.428 |
| 5:32-2nd |  | 39 | 40 | 0.549 | 0.451 |
| 5:30-2nd |  | 39 | 40 | 0.541 | 0.459 |
| 5:17-2nd |  | 39 | 42 | 0.51 | 0.49 |
| 4:58-2nd |  | 41 | 42 | 0.539 | 0.461 |
| 4:44-2nd |  | 41 | 44 | 0.507 | 0.493 |
| 4:20-2nd |  | 41 | 44 | 0.472 | 0.528 |
| 4:17-2nd |  | 41 | 44 | 0.505 | 0.495 |
| 4:04-2nd |  | 42 | 44 | 0.501 | 0.499 |
| 4:02-2nd |  | 42 | 44 | 0.5 | 0.5 |
| 3:46-2nd |  | 42 | 45 | 0.468 | 0.532 |
| 3:35-2nd |  | 42 | 47 | 0.433 | 0.567 |
| 3:27-2nd |  | 42 | 47 | 0.408 | 0.592 |
| 3:25-2nd |  | 42 | 47 | 0.4 | 0.6 |
| 3:24-2nd |  | 42 | 49 | 0.367 | 0.633 |
| 3:06-2nd |  | 42 | 49 | 0.341 | 0.659 |
| 3:01-2nd |  | 42 | 49 | 0.332 | 0.668 |
| 2:53-2nd |  | 42 | 49 | 0.355 | 0.645 |
| 2:50-2nd |  | 42 | 49 | 0.363 | 0.637 |
| 2:42-2nd |  | 42 | 49 | 0.33 | 0.67 |
| 2:34-2nd |  | 42 | 49 | 0.353 | 0.647 |
| 2:32-2nd |  | 42 | 49 | 0.361 | 0.639 |
| 2:22-2nd |  | 42 | 49 | 0.335 | 0.665 |
| 2:18-2nd |  | 42 | 49 | 0.36 | 0.64 |
| 2:16-2nd |  | 45 | 49 | 0.425 | 0.575 |
| 1:55-2nd | TARGET | 45 | 52 | 0.357 | 0.643 |
| 1:34-2nd |  | 45 | 52 | 0.319 | 0.681 |
| 1:29-2nd |  | 45 | 52 | 0.354 | 0.646 |
| 1:22-2nd |  | 45 | 52 | 0.326 | 0.674 |
| 1:20-2nd |  | 45 | 52 | 0.317 | 0.683 |
| 1:12-2nd |  | 45 | 54 | 0.287 | 0.713 |
| 53.0-2nd |  | 45 | 54 | 0.264 | 0.736 |
| 50.2-2nd |  | 45 | 54 | 0.257 | 0.743 |
| 39.0-2nd |  | 45 | 54 | 0.276 | 0.724 |
| 38.1-2nd |  | 45 | 54 | 0.282 | 0.718 |
| 31.1-2nd |  | 47 | 54 | 0.311 | 0.689 |
| 20.0-2nd |  | 47 | 56 | 0.28 | 0.72 |
| 1.1-2nd |  | 47 | 56 | 0.254 | 0.746 |
| 1.0-2nd |  | 47 | 56 | 0.277 | 0.723 |
| 0.0-2nd |  | 47 | 56 | 0.267 | 0.733 |
| 12:00-3rd |  | 47 | 56 | 0.267 | 0.733 |
| 11:49-3rd |  | 48 | 56 | 0.276 | 0.724 |
| 11:46-3rd |  | 48 | 56 | 0.276 | 0.724 |
| 11:28-3rd |  | 48 | 58 | 0.247 | 0.753 |
| 11:10-3rd |  | 48 | 58 | 0.221 | 0.779 |
| 11:07-3rd |  | 48 | 58 | 0.212 | 0.788 |
| 10:58-3rd |  | 48 | 58 | 0.234 | 0.766 |
| 10:55-3rd |  | 48 | 58 | 0.242 | 0.758 |
| 10:43-3rd |  | 48 | 58 | 0.217 | 0.783 |
| 10:40-3rd |  | 48 | 58 | 0.208 | 0.792 |
| 10:35-3rd |  | 48 | 61 | 0.158 | 0.842 |
| 10:14-3rd |  | 48 | 61 | 0.139 | 0.861 |
| 10:12-3rd |  | 48 | 61 | 0.133 | 0.867 |
| 10:05-3rd |  | 48 | 63 | 0.113 | 0.887 |
| 9:50-3rd |  | 50 | 63 | 0.13 | 0.87 |
| 9:27-3rd |  | 50 | 63 | 0.149 | 0.851 |
| 9:15-3rd |  | 52 | 66 | 0.108 | 0.892 |
| 8:48-3rd |  | 52 | 66 | 0.124 | 0.876 |
| 8:38-3rd |  | 52 | 66 | 0.103 | 0.897 |
| 8:22-3rd |  | 52 | 68 | 0.084 | 0.916 |
| 8:08-3rd |  | 55 | 68 | 0.116 | 0.884 |
| 7:38-3rd |  | 55 | 68 | 0.129 | 0.871 |
| 7:36-3rd |  | 55 | 68 | 0.134 | 0.866 |
| 7:22-3rd |  | 55 | 68 | 0.115 | 0.885 |
| 7:18-3rd |  | 55 | 68 | 0.109 | 0.891 |
| 7:09-3rd |  | 55 | 68 | 0.131 | 0.869 |
| 7:03-3rd |  | 55 | 68 | 0.113 | 0.887 |
| 7:01-3rd |  | 55 | 68 | 0.107 | 0.893 |
| 6:57-3rd |  | 55 | 69 | 0.108 | 0.892 |
| 6:42-3rd |  | 55 | 68 | 0.11 | 0.89 |
| 6:41-3rd |  | 55 | 69 | 0.107 | 0.893 |
| 6:27-3rd |  | 55 | 71 | 0.072 | 0.928 |
| 6:11-3rd |  | 55 | 71 | 0.06 | 0.94 |
| 6:09-3rd |  | 55 | 71 | 0.057 | 0.943 |
| 6:07-3rd |  | 55 | 71 | 0.07 | 0.93 |
| 6:00-3rd |  | 57 | 71 | 0.084 | 0.916 |
| 5:39-3rd |  | 57 | 73 | 0.067 | 0.933 |
| 5:22-3rd |  | 57 | 73 | 0.065 | 0.935 |
| 5:08-3rd |  | 59 | 73 | 0.078 | 0.922 |
| 4:44-3rd |  | 59 | 73 | 0.09 | 0.91 |
| 4:38-3rd |  | 59 | 73 | 0.09 | 0.91 |
| 4:26-3rd |  | 59 | 73 | 0.118 | 0.882 |
| 4:20-3rd |  | 59 | 73 | 0.071 | 0.929 |
| 4:13-3rd |  | 59 | 73 | 0.082 | 0.918 |
| 4:09-3rd |  | 59 | 73 | 0.086 | 0.914 |
| 3:51-3rd |  | 61 | 73 | 0.1 | 0.9 |
| 3:36-3rd |  | 61 | 75 | 0.081 | 0.919 |
| 3:18-3rd |  | 63 | 75 | 0.095 | 0.905 |
| 2:59-3rd |  | 63 | 75 | 0.109 | 0.891 |
| 2:57-3rd |  | 63 | 75 | 0.115 | 0.885 |
| 2:50-3rd |  | 65 | 75 | 0.136 | 0.864 |
| 2:37-3rd |  | 65 | 77 | 0.111 | 0.889 |
| 2:21-3rd |  | 67 | 77 | 0.131 | 0.869 |
| 2:06-3rd |  | 67 | 79 | 0.106 | 0.894 |
| 1:56-3rd |  | 68 | 79 | 0.104 | 0.896 |
| 1:43-3rd |  | 68 | 79 | 0.12 | 0.88 |
| 1:41-3rd |  | 68 | 79 | 0.102 | 0.898 |
| 1:33-3rd |  | 68 | 81 | 0.081 | 0.919 |
| 1:20-3rd |  | 70 | 81 | 0.098 | 0.902 |
| 1:08-3rd |  | 70 | 83 | 0.077 | 0.923 |
| 1:00-3rd |  | 70 | 83 | 0.064 | 0.936 |
| 57.1-3rd |  | 70 | 83 | 0.06 | 0.94 |
| 55.0-3rd |  | 70 | 86 | 0.034 | 0.966 |
| 41.1-3rd |  | 70 | 86 | 0.028 | 0.972 |
| 38.0-3rd |  | 70 | 86 | 0.025 | 0.975 |
| 32.2-3rd |  | 70 | 88 | 0.02 | 0.98 |
| 16.1-3rd |  | 72 | 88 | 0.024 | 0.976 |
| 3.1-3rd |  | 72 | 88 | 0.028 | 0.972 |
| 2.2-3rd |  | 72 | 88 | 0.03 | 0.97 |
| 0.0-3rd |  | 72 | 88 | 0.028 | 0.972 |
| 12:00-4th |  | 72 | 88 | 0.028 | 0.972 |
| 11:36-4th |  | 72 | 90 | 0.015 | 0.985 |
| 11:20-4th |  | 74 | 90 | 0.02 | 0.98 |
| 10:50-4th |  | 74 | 90 | 0.022 | 0.978 |
| 10:44-4th |  | 74 | 90 | 0.023 | 0.977 |
| 10:41-4th |  | 74 | 90 | 0.025 | 0.975 |
| 10:28-4th |  | 74 | 90 | 0.016 | 0.984 |
| 10:10-4th |  | 74 | 90 | 0.015 | 0.985 |
| 10:07-4th |  | 74 | 92 | 0.012 | 0.988 |
| 9:51-4th |  | 77 | 92 | 0.02 | 0.98 |
| 9:32-4th |  | 77 | 92 | 0.024 | 0.976 |
| 9:30-4th |  | 77 | 92 | 0.025 | 0.975 |
| 9:23-4th |  | 77 | 92 | 0.018 | 0.982 |
| 9:08-4th |  | 77 | 94 | 0.013 | 0.987 |
| 8:49-4th |  | 80 | 94 | 0.023 | 0.977 |
| 8:27-4th |  | 80 | 97 | 0.011 | 0.989 |
| 8:15-4th |  | 80 | 97 | 0.007 | 0.993 |
| 8:02-4th |  | 80 | 99 | 0.004 | 0.996 |
| 7:47-4th |  | 80 | 99 | 0.003 | 0.997 |
| 7:44-4th |  | 80 | 99 | 0.003 | 0.997 |
| 7:35-4th |  | 80 | 99 | 0.002 | 0.998 |
| 7:20-4th |  | 80 | 102 | 0.001 | 0.999 |
| 7:14-4th |  | 80 | 102 | 0.002 | 0.998 |
| 7:07-4th |  | 80 | 102 | 0.001 | 0.999 |
| 6:44-4th |  | 80 | 104 | 0.001 | 0.999 |
| 6:37-4th |  | 82 | 104 | 0.001 | 0.999 |
| 6:15-4th |  | 82 | 104 | 0.001 | 0.999 |
| 6:13-4th |  | 82 | 104 | 0.001 | 0.999 |
| 6:06-4th |  | 82 | 104 | 0.001 | 0.999 |
| 6:05-4th |  | 82 | 104 | 0.001 | 0.999 |
| 6:03-4th |  | 84 | 104 | 0.001 | 0.999 |
| 5:34-4th |  | 84 | 104 | 0.001 | 0.999 |
| 5:27-4th |  | 84 | 104 | 0.001 | 0.999 |
| 5:24-4th |  | 84 | 104 | 0.001 | 0.999 |
| 5:20-4th |  | 86 | 104 | 0.002 | 0.998 |
| 5:19-4th |  | 86 | 104 | 0.002 | 0.998 |
| 4:56-4th |  | 86 | 107 | 0.001 | 0.999 |
| 4:45-4th |  | 86 | 107 | 0.001 | 0.999 |
| 4:21-4th |  | 86 | 107 | 0.001 | 0.999 |
| 4:19-4th |  | 87 | 107 | 0.001 | 0.999 |
| 3:56-4th |  | 87 | 107 | 0.001 | 0.999 |
| 3:54-4th |  | 87 | 107 | 0.001 | 0.999 |
| 3:47-4th |  | 88 | 107 | 0.001 | 0.999 |
| 3:37-4th |  | 88 | 109 | 0.001 | 0.999 |
| 3:23-4th |  | 88 | 109 | 0.001 | 0.999 |
| 3:21-4th |  | 88 | 109 | 0.001 | 0.999 |
| 3:16-4th |  | 88 | 109 | 0.001 | 0.999 |
| 3:08-4th |  | 88 | 109 | 0.001 | 0.999 |
| 3:06-4th |  | 88 | 109 | 0.001 | 0.999 |
| 2:55-4th |  | 88 | 109 | 0.001 | 0.999 |
| 2:48-4th |  | 88 | 109 | 0.001 | 0.999 |
| 2:45-4th |  | 88 | 109 | 0.001 | 0.999 |
| 2:42-4th |  | 88 | 109 | 0.001 | 0.999 |
| 2:40-4th |  | 88 | 109 | 0.001 | 0.999 |
| 2:35-4th |  | 88 | 109 | 0.001 | 0.999 |
| 2:25-4th |  | 88 | 109 | 0.001 | 0.999 |
| 2:22-4th |  | 88 | 109 | 0.001 | 0.999 |
| 2:19-4th |  | 88 | 109 | 0.001 | 0.999 |
| 2:16-4th |  | 88 | 109 | 0.001 | 0.999 |
| 2:08-4th |  | 88 | 109 | 0.001 | 0.999 |
| 2:05-4th |  | 88 | 109 | 0.001 | 0.999 |
| 1:54-4th |  | 88 | 109 | 0.001 | 0.999 |
| 1:48-4th |  | 88 | 109 | 0.001 | 0.999 |
| 1:42-4th |  | 88 | 109 | 0.001 | 0.999 |
| 1:31-4th |  | 88 | 111 | 0.001 | 0.999 |
| 1:21-4th |  | 91 | 111 | 0.001 | 0.999 |
| 1:02-4th |  | 91 | 111 | 0.001 | 0.999 |
| 58.1-4th |  | 91 | 111 | 0.001 | 0.999 |
| 56.1-4th |  | 91 | 111 | 0.001 | 0.999 |
| 46.1-4th |  | 91 | 111 | 0.001 | 0.999 |
| 41.1-4th |  | 93 | 111 | 0.001 | 0.999 |
| 28.1-4th |  | 93 | 111 | 0.001 | 0.999 |
| 26.1-4th |  | 93 | 111 | 0.001 | 0.999 |
| 25.0-4th |  | 93 | 113 | 0.001 | 0.999 |
| 12.1-4th |  | 93 | 113 | 0.001 | 0.999 |
| 9.1-4th |  | 93 | 113 | 0.001 | 0.999 |
| 0.0-4th |  | 93 | 113 | 0.0 | 1.0 |

Question

Which event most likely happened at the marked missing position?

Answer Choices

A. Player 12 (Team B) blocks Player 19 (Team B) 's 5-foot driving floating jump shot
B. Player 9 (Team A) makes two point shot (Player 8 (Team A) assists)
C. Player 8 (Team B) makes 26-foot three point jumper (Player 1 (Team B) assists)
D. Player 7 (Team B) makes 8-foot two point shot (Player 9 (Team B) assists)

Response Format

Return exactly one JSON object:

{
  "answer": "<A|B|C|D>",
  "rationale": "<brief evidence-based justification in 1-3 sentences>",
  "evidence_event_ids": [],
  "evidence_series_times": []
}

Use only event IDs and time labels that are provided above and that support the answer. Use an empty array when the corresponding evidence type is unavailable or unused. Return only the JSON object.
