Task

Reconstruct the missing event in this basketball game. Use the available numerical time-series evidence around the marked row to select the most likely event.

Game

Team A versus Team B, season 22-23.

Time Series

| Game time | Marker | Team A score | Team B score | Team A win probability | Team B win probability |
| --- | --- | --- | --- | --- | --- |
| 12:00-1st |  | 0 | 0 | 0.25 | 0.75 |
| 11:51-1st |  | 0 | 0 | 0.262 | 0.738 |
| 11:49-1st |  | 0 | 0 | 0.266 | 0.734 |
| 11:35-1st |  | 0 | 0 | 0.256 | 0.744 |
| 11:33-1st |  | 0 | 0 | 0.252 | 0.748 |
| 11:28-1st |  | 0 | 0 | 0.268 | 0.732 |
| 11:20-1st |  | 0 | 0 | 0.257 | 0.743 |
| 11:15-1st |  | 2 | 0 | 0.292 | 0.708 |
| 11:02-1st |  | 2 | 2 | 0.27 | 0.73 |
| 10:47-1st |  | 4 | 2 | 0.294 | 0.706 |
| 10:33-1st |  | 4 | 3 | 0.295 | 0.705 |
| 10:30-1st |  | 4 | 3 | 0.295 | 0.705 |
| 10:20-1st |  | 4 | 3 | 0.28 | 0.72 |
| 10:16-1st |  | 4 | 3 | 0.275 | 0.725 |
| 9:58-1st |  | 4 | 5 | 0.258 | 0.742 |
| 9:46-1st |  | 6 | 5 | 0.278 | 0.722 |
| 9:26-1st |  | 6 | 8 | 0.24 | 0.76 |
| 9:12-1st |  | 6 | 8 | 0.223 | 0.777 |
| 8:53-1st |  | 6 | 8 | 0.237 | 0.763 |
| 8:51-1st |  | 6 | 8 | 0.242 | 0.758 |
| 8:45-1st |  | 6 | 8 | 0.229 | 0.771 |
| 8:42-1st |  | 6 | 8 | 0.224 | 0.776 |
| 8:35-1st |  | 6 | 8 | 0.238 | 0.762 |
| 8:32-1st |  | 6 | 8 | 0.243 | 0.757 |
| 8:21-1st |  | 6 | 8 | 0.23 | 0.77 |
| 8:18-1st |  | 6 | 8 | 0.226 | 0.774 |
| 8:15-1st |  | 6 | 8 | 0.24 | 0.76 |
| 8:12-1st |  | 6 | 8 | 0.245 | 0.755 |
| 8:01-1st |  | 9 | 8 | 0.285 | 0.715 |
| 7:43-1st |  | 9 | 8 | 0.304 | 0.696 |
| 7:40-1st |  | 9 | 8 | 0.31 | 0.69 |
| 7:31-1st |  | 9 | 8 | 0.287 | 0.713 |
| 7:20-1st |  | 9 | 10 | 0.269 | 0.731 |
| 7:02-1st |  | 12 | 10 | 0.312 | 0.688 |
| 7:01-1st |  | 12 | 10 | 0.337 | 0.663 |
| 6:43-1st |  | 12 | 12 | 0.292 | 0.708 |
| 6:23-1st |  | 14 | 12 | 0.315 | 0.685 |
| 6:14-1st |  | 14 | 12 | 0.341 | 0.659 |
| 5:56-1st |  | 14 | 12 | 0.324 | 0.676 |
| 5:52-1st |  | 14 | 12 | 0.318 | 0.682 |
| 5:42-1st |  | 14 | 14 | 0.297 | 0.703 |
| 5:31-1st |  | 14 | 14 | 0.282 | 0.718 |
| 5:28-1st |  | 14 | 14 | 0.276 | 0.724 |
| 5:23-1st |  | 14 | 14 | 0.293 | 0.707 |
| 5:19-1st |  | 14 | 14 | 0.299 | 0.701 |
| 5:16-1st |  | 16 | 14 | 0.321 | 0.679 |
| 5:09-1st |  | 16 | 14 | 0.348 | 0.652 |
| 5:00-1st |  | 16 | 14 | 0.347 | 0.653 |
| 4:50-1st |  | 18 | 14 | 0.373 | 0.627 |
| 4:24-1st |  | 18 | 14 | 0.397 | 0.603 |
| 4:21-1st |  | 18 | 14 | 0.404 | 0.596 |
| 4:12-1st |  | 18 | 14 | 0.384 | 0.616 |
| 4:09-1st |  | 18 | 14 | 0.377 | 0.623 |
| 3:52-1st |  | 18 | 14 | 0.4 | 0.6 |
| 3:51-1st |  | 18 | 14 | 0.379 | 0.621 |
| 3:50-1st |  | 18 | 16 | 0.355 | 0.645 |
| 3:29-1st |  | 21 | 16 | 0.408 | 0.592 |
| 3:14-1st |  | 21 | 18 | 0.384 | 0.616 |
| 3:04-1st |  | 21 | 18 | 0.366 | 0.634 |
| 3:00-1st |  | 21 | 18 | 0.36 | 0.64 |
| 2:54-1st |  | 21 | 18 | 0.38 | 0.62 |
| 2:50-1st |  | 21 | 18 | 0.387 | 0.613 |
| 2:45-1st |  | 21 | 18 | 0.368 | 0.632 |
| 2:42-1st |  | 21 | 18 | 0.362 | 0.638 |
| 2:38-1st |  | 21 | 18 | 0.388 | 0.612 |
| 2:29-1st |  | 23 | 18 | 0.416 | 0.584 |
| 2:03-1st |  | 23 | 20 | 0.391 | 0.609 |
| 1:56-1st |  | 23 | 20 | 0.433 | 0.567 |
| 1:47-1st |  | 23 | 20 | 0.373 | 0.627 |
| 1:45-1st |  | 23 | 20 | 0.367 | 0.633 |
| 1:39-1st |  | 23 | 22 | 0.344 | 0.656 |
| 1:18-1st |  | 23 | 22 | 0.324 | 0.676 |
| 1:15-1st |  | 23 | 22 | 0.317 | 0.683 |
| 1:05-1st |  | 23 | 24 | 0.294 | 0.706 |
| 51.1-1st |  | 25 | 24 | 0.319 | 0.681 |
| 35.0-1st |  | 25 | 24 | 0.343 | 0.657 |
| 32.0-1st |  | 25 | 24 | 0.351 | 0.649 |
| 21.0-1st |  | 28 | 24 | 0.405 | 0.595 |
| 4.0-1st |  | 28 | 24 | 0.432 | 0.568 |
| 0.0-1st |  | 28 | 24 | 0.417 | 0.583 |
| 12:00-2nd |  | 28 | 24 | 0.422 | 0.578 |
| 11:50-2nd |  | 28 | 24 | 0.408 | 0.592 |
| 11:45-2nd |  | 28 | 24 | 0.409 | 0.591 |
| 11:33-2nd |  | 28 | 24 | 0.417 | 0.583 |
| 11:31-2nd |  | 28 | 24 | 0.44 | 0.56 |
| 11:25-2nd |  | 28 | 24 | 0.418 | 0.582 |
| 11:22-2nd |  | 28 | 24 | 0.411 | 0.589 |
| 11:12-2nd |  | 28 | 26 | 0.384 | 0.616 |
| 10:52-2nd |  | 30 | 26 | 0.414 | 0.586 |
| 10:28-2nd |  | 30 | 26 | 0.44 | 0.56 |
| 10:25-2nd |  | 30 | 26 | 0.448 | 0.552 |
| 10:20-2nd |  | 30 | 26 | 0.425 | 0.575 |
| 10:17-2nd |  | 30 | 26 | 0.418 | 0.582 |
| 10:14-2nd |  | 30 | 26 | 0.441 | 0.559 |
| 10:11-2nd |  | 30 | 26 | 0.449 | 0.551 |
| 10:04-2nd |  | 30 | 26 | 0.427 | 0.573 |
| 10:01-2nd |  | 30 | 26 | 0.451 | 0.549 |
| 9:59-2nd |  | 30 | 26 | 0.428 | 0.572 |
| 9:56-2nd |  | 30 | 26 | 0.42 | 0.58 |
| 9:48-2nd |  | 30 | 28 | 0.392 | 0.608 |
| 9:29-2nd |  | 32 | 28 | 0.423 | 0.577 |
| 9:18-2nd |  | 32 | 31 | 0.395 | 0.605 |
| 9:16-2nd |  | 32 | 31 | 0.395 | 0.605 |
| 8:57-2nd |  | 32 | 31 | 0.345 | 0.655 |
| 8:55-2nd |  | 32 | 31 | 0.337 | 0.663 |
| 8:54-2nd |  | 32 | 31 | 0.369 | 0.631 |
| 8:50-2nd |  | 32 | 31 | 0.345 | 0.655 |
| 8:47-2nd |  | 32 | 31 | 0.338 | 0.662 |
| 8:33-2nd |  | 32 | 34 | 0.288 | 0.712 |
| 8:06-2nd |  | 34 | 34 | 0.316 | 0.684 |
| 7:41-2nd |  | 34 | 34 | 0.347 | 0.653 |
| 7:37-2nd |  | 36 | 34 | 0.377 | 0.623 |
| 7:12-2nd |  | 36 | 34 | 0.4 | 0.6 |
| 7:09-2nd |  | 36 | 34 | 0.408 | 0.592 |
| 7:02-2nd |  | 36 | 34 | 0.387 | 0.613 |
| 7:00-2nd |  | 36 | 34 | 0.38 | 0.62 |
| 6:56-2nd |  | 36 | 34 | 0.402 | 0.598 |
| 6:53-2nd |  | 36 | 34 | 0.41 | 0.59 |
| 6:38-2nd |  | 36 | 34 | 0.382 | 0.618 |
| 6:28-2nd |  | 36 | 37 | 0.328 | 0.672 |
| 6:11-2nd |  | 36 | 37 | 0.305 | 0.695 |
| 6:07-2nd |  | 36 | 37 | 0.33 | 0.67 |
| 6:04-2nd |  | 36 | 37 | 0.306 | 0.694 |
| 6:02-2nd |  | 36 | 37 | 0.298 | 0.702 |
| 5:56-2nd |  | 36 | 37 | 0.322 | 0.678 |
| 5:53-2nd |  | 36 | 37 | 0.331 | 0.669 |
| 5:43-2nd |  | 39 | 37 | 0.388 | 0.612 |
| 5:40-2nd |  | 39 | 37 | 0.388 | 0.612 |
| 5:31-2nd |  | 39 | 37 | 0.418 | 0.582 |
| 5:12-2nd |  | 41 | 37 | 0.452 | 0.548 |
| 4:57-2nd |  | 41 | 37 | 0.481 | 0.519 |
| 4:55-2nd |  | 41 | 37 | 0.454 | 0.546 |
| 4:53-2nd |  | 41 | 37 | 0.455 | 0.545 |
| 4:43-2nd |  | 41 | 37 | 0.483 | 0.517 |
| 4:37-2nd |  | 41 | 37 | 0.492 | 0.508 |
| 4:32-2nd |  | 43 | 37 | 0.521 | 0.479 |
| 4:13-2nd |  | 43 | 37 | 0.56 | 0.44 |
| 4:05-2nd |  | 45 | 37 | 0.596 | 0.404 |
| 3:49-2nd |  | 45 | 37 | 0.595 | 0.405 |
| 3:41-2nd |  | 45 | 37 | 0.625 | 0.375 |
| 3:37-2nd |  | 45 | 37 | 0.635 | 0.365 |
| 3:28-2nd |  | 45 | 37 | 0.609 | 0.391 |
| 3:25-2nd |  | 45 | 37 | 0.6 | 0.4 |
| 3:19-2nd |  | 45 | 40 | 0.535 | 0.465 |
| 3:01-2nd |  | 45 | 40 | 0.51 | 0.49 |
| 2:57-2nd |  | 45 | 40 | 0.501 | 0.499 |
| 2:53-2nd |  | 45 | 41 | 0.507 | 0.493 |
| 2:51-2nd |  | 45 | 41 | 0.469 | 0.531 |
| 2:44-2nd |  | 45 | 44 | 0.404 | 0.596 |
| 2:31-2nd |  | 45 | 44 | 0.381 | 0.619 |
| 2:29-2nd |  | 45 | 44 | 0.373 | 0.627 |
| 2:21-2nd |  | 45 | 44 | 0.406 | 0.594 |
| 2:18-2nd |  | 45 | 44 | 0.406 | 0.594 |
| 2:13-2nd |  | 45 | 44 | 0.375 | 0.625 |
| 2:08-2nd |  | 45 | 44 | 0.399 | 0.601 |
| 2:04-2nd |  | 45 | 44 | 0.375 | 0.625 |
| 2:00-2nd |  | 45 | 44 | 0.4 | 0.6 |
| 1:56-2nd |  | 45 | 46 | 0.345 | 0.655 |
| 1:40-2nd |  | 45 | 46 | 0.316 | 0.684 |
| 1:30-2nd |  | 45 | 46 | 0.339 | 0.661 |
| 1:28-2nd |  | 45 | 46 | 0.396 | 0.604 |
| 1:18-2nd |  | 45 | 46 | 0.325 | 0.675 |
| 1:15-2nd |  | 45 | 46 | 0.317 | 0.683 |
| 1:07-2nd |  | 45 | 48 | 0.288 | 0.712 |
| 52.0-2nd |  | 48 | 48 | 0.351 | 0.649 |
| 32.0-2nd |  | 48 | 48 | 0.376 | 0.624 |
| 30.0-2nd |  | 48 | 48 | 0.353 | 0.647 |
| 26.0-2nd |  | 48 | 48 | 0.377 | 0.623 |
| 24.0-2nd |  | 48 | 48 | 0.353 | 0.647 |
| 13.0-2nd |  | 48 | 48 | 0.386 | 0.614 |
| 7.1-2nd |  | 48 | 48 | 0.353 | 0.647 |
| 4.1-2nd |  | 48 | 48 | 0.378 | 0.622 |
| 2.1-2nd |  | 48 | 50 | 0.325 | 0.675 |
| 1.0-2nd |  | 48 | 50 | 0.302 | 0.698 |
| 0.0-2nd |  | 48 | 50 | 0.306 | 0.694 |
| 12:00-3rd |  | 48 | 50 | 0.306 | 0.694 |
| 11:47-3rd |  | 48 | 50 | 0.3 | 0.7 |
| 11:42-3rd |  | 48 | 50 | 0.3 | 0.7 |
| 11:41-3rd |  | 48 | 50 | 0.293 | 0.707 |
| 11:26-3rd |  | 48 | 50 | 0.316 | 0.684 |
| 11:24-3rd |  | 48 | 50 | 0.323 | 0.677 |
| 11:12-3rd |  | 48 | 50 | 0.302 | 0.698 |
| 11:08-3rd |  | 48 | 50 | 0.295 | 0.705 |
| 10:52-3rd |  | 48 | 50 | 0.318 | 0.682 |
| 10:48-3rd |  | 48 | 52 | 0.268 | 0.732 |
| 10:33-3rd |  | 50 | 52 | 0.296 | 0.704 |
| 10:18-3rd |  | 50 | 52 | 0.328 | 0.672 |
| 10:04-3rd |  | 50 | 52 | 0.305 | 0.695 |
| 10:01-3rd |  | 50 | 52 | 0.305 | 0.695 |
| 10:00-3rd |  | 50 | 52 | 0.298 | 0.702 |
| 9:55-3rd |  | 50 | 55 | 0.238 | 0.762 |
| 9:42-3rd |  | 52 | 55 | 0.267 | 0.733 |
| 9:31-3rd |  | 52 | 56 | 0.269 | 0.731 |
| 9:24-3rd |  | 54 | 56 | 0.299 | 0.701 |
| 9:11-3rd |  | 54 | 56 | 0.326 | 0.674 |
| 9:08-3rd |  | 54 | 56 | 0.3 | 0.7 |
| 9:02-3rd |  | 54 | 58 | 0.269 | 0.731 |
| 8:54-3rd |  | 54 | 58 | 0.27 | 0.73 |
| 8:48-3rd |  | 54 | 58 | 0.241 | 0.759 |
| 8:36-3rd |  | 54 | 58 | 0.27 | 0.73 |
| 8:21-3rd |  | 55 | 58 | 0.269 | 0.731 |
| 8:10-3rd |  | 55 | 58 | 0.296 | 0.704 |
| 8:08-3rd |  | 55 | 58 | 0.305 | 0.695 |
| 8:02-3rd |  | 55 | 58 | 0.279 | 0.721 |
| 7:59-3rd |  | 55 | 58 | 0.27 | 0.73 |
| 7:54-3rd |  | 55 | 58 | 0.297 | 0.703 |
| 7:52-3rd |  | 55 | 58 | 0.27 | 0.73 |
| 7:50-3rd |  | 55 | 58 | 0.297 | 0.703 |
| 7:47-3rd |  | 55 | 58 | 0.306 | 0.694 |
| 7:37-3rd |  | 55 | 58 | 0.28 | 0.72 |
| 7:35-3rd |  | 55 | 58 | 0.307 | 0.693 |
| 7:25-3rd |  | 55 | 61 | 0.213 | 0.787 |
| 7:12-3rd |  | 57 | 61 | 0.241 | 0.759 |
| 6:58-3rd |  | 57 | 63 | 0.213 | 0.787 |
| 6:47-3rd |  | 60 | 63 | 0.271 | 0.729 |
| 6:36-3rd |  | 60 | 65 | 0.242 | 0.758 |
| 6:26-3rd |  | 62 | 65 | 0.272 | 0.728 |
| 6:13-3rd |  | 62 | 67 | 0.241 | 0.759 |
| 5:54-3rd |  | 62 | 67 | 0.218 | 0.782 |
| 5:51-3rd |  | 62 | 67 | 0.211 | 0.789 |
| 5:47-3rd |  | 62 | 69 | 0.183 | 0.817 |
| 5:31-3rd |  | 62 | 69 | 0.163 | 0.837 |
| 5:28-3rd |  | 62 | 69 | 0.157 | 0.843 |
| 5:14-3rd |  | 62 | 69 | 0.182 | 0.818 |
| 4:56-3rd |  | 62 | 69 | 0.162 | 0.838 |
| 4:53-3rd |  | 62 | 69 | 0.182 | 0.818 |
| 4:49-3rd |  | 64 | 69 | 0.21 | 0.79 |
| 4:23-3rd |  | 64 | 69 | 0.242 | 0.758 |
| 4:12-3rd |  | 66 | 69 | 0.274 | 0.726 |
| 3:55-3rd | TARGET | 66 | 73 | 0.137 | 0.863 |
| 3:39-3rd |  | 66 | 75 | 0.13 | 0.87 |
| 3:24-3rd |  | 66 | 75 | 0.108 | 0.892 |
| 3:04-3rd |  | 66 | 75 | 0.122 | 0.878 |
| 3:01-3rd |  | 66 | 75 | 0.128 | 0.872 |
| 2:58-3rd |  | 66 | 75 | 0.127 | 0.873 |
| 2:53-3rd |  | 66 | 75 | 0.127 | 0.873 |
| 2:51-3rd |  | 68 | 75 | 0.149 | 0.851 |
| 2:34-3rd |  | 68 | 78 | 0.104 | 0.896 |
| 2:20-3rd |  | 68 | 78 | 0.089 | 0.911 |
| 2:19-3rd |  | 68 | 78 | 0.085 | 0.915 |
| 2:06-3rd |  | 68 | 78 | 0.097 | 0.903 |
| 2:05-3rd |  | 68 | 78 | 0.102 | 0.898 |
| 1:56-3rd |  | 70 | 78 | 0.123 | 0.877 |
| 1:35-3rd |  | 70 | 78 | 0.139 | 0.861 |
| 1:33-3rd |  | 70 | 78 | 0.145 | 0.855 |
| 1:27-3rd |  | 70 | 78 | 0.12 | 0.88 |
| 1:18-3rd |  | 70 | 80 | 0.098 | 0.902 |
| 54.0-3rd |  | 73 | 80 | 0.141 | 0.859 |
| 45.0-3rd |  | 73 | 80 | 0.164 | 0.836 |
| 42.0-3rd |  | 73 | 80 | 0.14 | 0.86 |
| 41.0-3rd |  | 73 | 80 | 0.163 | 0.837 |
| 38.0-3rd |  | 73 | 80 | 0.171 | 0.829 |
| 33.1-3rd |  | 75 | 80 | 0.202 | 0.798 |
| 13.2-3rd |  | 75 | 80 | 0.239 | 0.761 |
| 2.1-3rd |  | 75 | 80 | 0.237 | 0.763 |
| 0.0-3rd |  | 75 | 80 | 0.225 | 0.775 |
| 12:00-4th |  | 75 | 80 | 0.225 | 0.775 |
| 11:44-4th |  | 75 | 80 | 0.226 | 0.774 |
| 11:41-4th |  | 75 | 80 | 0.236 | 0.764 |
| 11:32-4th |  | 75 | 80 | 0.204 | 0.796 |
| 11:27-4th |  | 75 | 80 | 0.235 | 0.765 |
| 11:25-4th |  | 77 | 80 | 0.276 | 0.724 |
| 11:22-4th |  | 77 | 80 | 0.327 | 0.673 |
| 11:15-4th |  | 79 | 80 | 0.369 | 0.631 |
| 10:54-4th |  | 79 | 82 | 0.32 | 0.68 |
| 10:35-4th |  | 79 | 82 | 0.283 | 0.717 |
| 10:32-4th |  | 79 | 82 | 0.27 | 0.73 |
| 10:27-4th |  | 79 | 82 | 0.308 | 0.692 |
| 10:25-4th |  | 79 | 82 | 0.27 | 0.73 |
| 10:19-4th |  | 79 | 82 | 0.32 | 0.68 |
| 10:08-4th |  | 82 | 82 | 0.416 | 0.584 |
| 9:49-4th |  | 82 | 82 | 0.476 | 0.524 |
| 9:45-4th |  | 83 | 82 | 0.48 | 0.52 |
| 9:43-4th |  | 83 | 82 | 0.48 | 0.52 |
| 9:29-4th |  | 83 | 84 | 0.431 | 0.569 |
| 9:20-4th |  | 83 | 84 | 0.389 | 0.611 |
| 9:14-4th |  | 85 | 84 | 0.484 | 0.516 |
| 8:57-4th |  | 85 | 84 | 0.545 | 0.455 |
| 8:48-4th |  | 87 | 84 | 0.61 | 0.39 |
| 8:30-4th |  | 87 | 86 | 0.558 | 0.442 |
| 8:15-4th |  | 90 | 86 | 0.67 | 0.33 |
| 7:53-4th |  | 90 | 86 | 0.66 | 0.34 |
| 7:44-4th |  | 90 | 86 | 0.714 | 0.286 |
| 7:40-4th |  | 90 | 86 | 0.73 | 0.27 |
| 7:34-4th |  | 90 | 86 | 0.689 | 0.311 |
| 7:31-4th |  | 90 | 86 | 0.676 | 0.324 |
| 7:25-4th |  | 90 | 89 | 0.561 | 0.439 |
| 7:08-4th |  | 93 | 89 | 0.683 | 0.317 |
| 6:54-4th |  | 93 | 92 | 0.568 | 0.432 |
| 6:37-4th |  | 96 | 92 | 0.692 | 0.308 |
| 6:19-4th |  | 96 | 92 | 0.742 | 0.258 |
| 6:16-4th |  | 96 | 92 | 0.758 | 0.242 |
| 6:15-4th |  | 99 | 92 | 0.848 | 0.152 |
| 6:12-4th |  | 99 | 92 | 0.849 | 0.151 |
| 5:57-4th |  | 99 | 92 | 0.882 | 0.118 |
| 5:54-4th |  | 99 | 92 | 0.892 | 0.108 |
| 5:48-4th |  | 99 | 92 | 0.866 | 0.134 |
| 5:44-4th |  | 99 | 92 | 0.858 | 0.142 |
| 5:39-4th |  | 99 | 92 | 0.844 | 0.156 |
| 5:32-4th |  | 99 | 92 | 0.884 | 0.116 |
| 5:26-4th |  | 99 | 92 | 0.886 | 0.114 |
| 5:24-4th |  | 99 | 93 | 0.85 | 0.15 |
| 5:21-4th |  | 99 | 93 | 0.851 | 0.149 |
| 5:08-4th |  | 101 | 93 | 0.891 | 0.109 |
| 4:52-4th |  | 101 | 93 | 0.917 | 0.083 |
| 4:48-4th |  | 101 | 93 | 0.926 | 0.074 |
| 4:43-4th |  | 102 | 93 | 0.931 | 0.069 |
| 4:29-4th |  | 102 | 94 | 0.936 | 0.064 |
| 4:27-4th |  | 102 | 94 | 0.937 | 0.063 |
| 4:22-4th |  | 102 | 94 | 0.917 | 0.083 |
| 4:18-4th |  | 102 | 94 | 0.912 | 0.088 |
| 4:11-4th |  | 102 | 94 | 0.934 | 0.066 |
| 4:07-4th |  | 102 | 94 | 0.942 | 0.058 |
| 3:49-4th |  | 102 | 94 | 0.927 | 0.073 |
| 3:48-4th |  | 102 | 94 | 0.921 | 0.079 |
| 3:45-4th |  | 102 | 94 | 0.941 | 0.059 |
| 3:41-4th |  | 102 | 94 | 0.949 | 0.051 |
| 3:27-4th |  | 103 | 94 | 0.951 | 0.049 |
| 3:16-4th |  | 103 | 94 | 0.967 | 0.033 |
| 3:11-4th |  | 103 | 94 | 0.972 | 0.028 |
| 3:05-4th |  | 105 | 94 | 0.983 | 0.017 |
| 3:04-4th |  | 105 | 94 | 0.983 | 0.017 |
| 2:47-4th |  | 105 | 96 | 0.977 | 0.023 |
| 2:31-4th |  | 106 | 96 | 0.98 | 0.02 |
| 2:19-4th |  | 106 | 98 | 0.97 | 0.03 |
| 2:00-4th |  | 108 | 98 | 0.985 | 0.015 |
| 1:54-4th |  | 108 | 100 | 0.977 | 0.023 |
| 1:44-4th |  | 110 | 100 | 0.988 | 0.012 |
| 1:34-4th |  | 110 | 100 | 0.994 | 0.006 |
| 1:30-4th |  | 110 | 100 | 0.996 | 0.004 |
| 1:13-4th |  | 112 | 100 | 0.999 | 0.001 |
| 58.1-4th |  | 112 | 100 | 0.999 | 0.001 |
| 56.1-4th |  | 112 | 100 | 0.999 | 0.001 |
| 32.0-4th |  | 112 | 100 | 0.999 | 0.001 |
| 26.1-4th |  | 112 | 100 | 0.999 | 0.001 |
| 23.1-4th |  | 112 | 102 | 0.999 | 0.001 |
| 1.0-4th |  | 112 | 102 | 0.999 | 0.001 |
| 0.0-4th |  | 112 | 102 | 1.0 | 0.0 |

Question

Which event most likely happened at the marked missing position?

Answer Choices

A. Player 3 (Team A) makes finger roll layup
B. Player 15 (Team B) misses 13-foot pullup jump shot
C. Player 19 (Team B) makes three point jumper (Player 15 (Team B) assists) | Player 3 (Team A) flagrant foul type 1 | (03:55) Official Review | Player 19 (Team B) makes free throw flagrant 1 of 1 | Player 11 (Team A) enters the game for Player 3 (Team A)
D. Player 13 (Team A) misses 27-foot three point pullup jump shot

Response Format

Return exactly one JSON object:

{
  "answer": "<A|B|C|D>",
  "rationale": "<brief evidence-based justification in 1-3 sentences>",
  "evidence_event_ids": [],
  "evidence_series_times": []
}

Use only event IDs and time labels that are provided above and that support the answer. Use an empty array when the corresponding evidence type is unavailable or unused. Return only the JSON object.
