Task

Reconstruct the missing event in this basketball game. Use the available numerical time-series evidence around the marked row to select the most likely event.

Game

Team A versus Team B, season 22-23.

Time Series

| Game time | Marker | Team A score | Team B score | Team A win probability | Team B win probability |
| --- | --- | --- | --- | --- | --- |
| 12:00-1st |  | 0 | 0 | 0.742 | 0.258 |
| 11:42-1st |  | 0 | 0 | 0.725 | 0.275 |
| 11:33-1st |  | 0 | 2 | 0.7 | 0.3 |
| 11:16-1st |  | 2 | 2 | 0.723 | 0.277 |
| 11:03-1st |  | 2 | 2 | 0.734 | 0.266 |
| 10:59-1st |  | 2 | 2 | 0.738 | 0.262 |
| 10:52-1st |  | 4 | 2 | 0.759 | 0.241 |
| 10:38-1st |  | 4 | 2 | 0.771 | 0.229 |
| 10:35-1st |  | 4 | 2 | 0.775 | 0.225 |
| 10:26-1st |  | 4 | 2 | 0.775 | 0.225 |
| 10:20-1st |  | 4 | 2 | 0.761 | 0.239 |
| 10:16-1st |  | 4 | 2 | 0.756 | 0.244 |
| 10:03-1st |  | 4 | 2 | 0.769 | 0.231 |
| 10:00-1st |  | 4 | 2 | 0.773 | 0.227 |
| 9:45-1st |  | 6 | 2 | 0.79 | 0.21 |
| 9:32-1st |  | 6 | 5 | 0.755 | 0.245 |
| 9:18-1st |  | 8 | 5 | 0.772 | 0.228 |
| 9:11-1st |  | 8 | 7 | 0.751 | 0.249 |
| 8:51-1st |  | 8 | 7 | 0.736 | 0.264 |
| 8:47-1st |  | 8 | 7 | 0.75 | 0.25 |
| 8:45-1st |  | 8 | 8 | 0.731 | 0.269 |
| 8:37-1st |  | 8 | 8 | 0.725 | 0.275 |
| 8:33-1st |  | 8 | 8 | 0.73 | 0.27 |
| 8:30-1st |  | 10 | 8 | 0.749 | 0.251 |
| 8:18-1st |  | 10 | 8 | 0.749 | 0.251 |
| 8:11-1st |  | 10 | 8 | 0.763 | 0.237 |
| 8:05-1st |  | 10 | 8 | 0.768 | 0.232 |
| 8:00-1st |  | 12 | 8 | 0.786 | 0.214 |
| 7:49-1st |  | 12 | 10 | 0.767 | 0.233 |
| 7:43-1st |  | 12 | 10 | 0.747 | 0.253 |
| 7:36-1st |  | 12 | 10 | 0.766 | 0.234 |
| 7:31-1st |  | 14 | 10 | 0.784 | 0.216 |
| 7:18-1st |  | 14 | 11 | 0.784 | 0.216 |
| 7:04-1st |  | 16 | 11 | 0.801 | 0.199 |
| 6:43-1st |  | 16 | 11 | 0.813 | 0.187 |
| 6:40-1st |  | 16 | 11 | 0.8 | 0.2 |
| 6:27-1st |  | 16 | 11 | 0.816 | 0.184 |
| 6:09-1st |  | 16 | 11 | 0.798 | 0.202 |
| 6:04-1st |  | 16 | 13 | 0.78 | 0.22 |
| 5:51-1st |  | 18 | 13 | 0.796 | 0.204 |
| 5:41-1st |  | 18 | 13 | 0.809 | 0.191 |
| 5:37-1st |  | 18 | 13 | 0.813 | 0.187 |
| 5:33-1st |  | 21 | 13 | 0.844 | 0.156 |
| 5:21-1st |  | 21 | 13 | 0.855 | 0.145 |
| 5:18-1st |  | 21 | 13 | 0.859 | 0.141 |
| 5:11-1st |  | 23 | 13 | 0.872 | 0.128 |
| 4:59-1st |  | 23 | 15 | 0.858 | 0.142 |
| 4:52-1st |  | 23 | 15 | 0.847 | 0.153 |
| 4:49-1st |  | 23 | 15 | 0.843 | 0.157 |
| 4:45-1st |  | 23 | 17 | 0.829 | 0.171 |
| 4:26-1st |  | 25 | 17 | 0.842 | 0.158 |
| 4:15-1st |  | 25 | 19 | 0.828 | 0.172 |
| 4:03-1st |  | 25 | 19 | 0.814 | 0.186 |
| 3:57-1st |  | 25 | 19 | 0.81 | 0.19 |
| 3:53-1st |  | 25 | 19 | 0.827 | 0.173 |
| 3:41-1st |  | 25 | 19 | 0.813 | 0.187 |
| 3:37-1st |  | 25 | 19 | 0.809 | 0.191 |
| 3:36-1st |  | 25 | 19 | 0.826 | 0.174 |
| 3:32-1st |  | 27 | 19 | 0.84 | 0.16 |
| 3:22-1st |  | 27 | 19 | 0.857 | 0.143 |
| 3:14-1st |  | 27 | 19 | 0.844 | 0.156 |
| 3:10-1st |  | 27 | 19 | 0.84 | 0.16 |
| 3:04-1st |  | 27 | 19 | 0.852 | 0.148 |
| 3:02-1st |  | 27 | 19 | 0.852 | 0.148 |
| 3:01-1st |  | 27 | 19 | 0.856 | 0.144 |
| 2:59-1st |  | 27 | 19 | 0.856 | 0.144 |
| 2:47-1st |  | 27 | 19 | 0.843 | 0.157 |
| 2:44-1st |  | 27 | 19 | 0.839 | 0.161 |
| 2:40-1st |  | 27 | 21 | 0.825 | 0.175 |
| 2:24-1st |  | 27 | 21 | 0.811 | 0.189 |
| 2:20-1st |  | 27 | 21 | 0.806 | 0.194 |
| 2:15-1st |  | 27 | 21 | 0.82 | 0.18 |
| 2:12-1st |  | 27 | 21 | 0.82 | 0.18 |
| 2:11-1st |  | 27 | 21 | 0.806 | 0.194 |
| 2:09-1st |  | 27 | 24 | 0.766 | 0.234 |
| 1:55-1st |  | 29 | 24 | 0.787 | 0.213 |
| 1:37-1st |  | 29 | 24 | 0.804 | 0.196 |
| 1:35-1st |  | 29 | 24 | 0.786 | 0.214 |
| 1:33-1st |  | 29 | 26 | 0.764 | 0.236 |
| 1:19-1st |  | 29 | 26 | 0.75 | 0.25 |
| 1:17-1st |  | 29 | 26 | 0.746 | 0.254 |
| 1:08-1st |  | 29 | 26 | 0.758 | 0.242 |
| 1:04-1st |  | 29 | 26 | 0.762 | 0.238 |
| 1:01-1st |  | 32 | 26 | 0.804 | 0.196 |
| 45.1-1st |  | 32 | 26 | 0.817 | 0.183 |
| 41.1-1st |  | 32 | 26 | 0.821 | 0.179 |
| 36.2-1st |  | 34 | 26 | 0.836 | 0.164 |
| 29.1-1st |  | 34 | 28 | 0.821 | 0.179 |
| 9.1-1st |  | 36 | 28 | 0.838 | 0.162 |
| 1.0-1st |  | 36 | 28 | 0.839 | 0.161 |
| 0.0-1st |  | 36 | 28 | 0.847 | 0.153 |
| 12:00-2nd |  | 36 | 28 | 0.847 | 0.153 |
| 11:49-2nd |  | 36 | 31 | 0.805 | 0.195 |
| 11:32-2nd |  | 36 | 31 | 0.787 | 0.213 |
| 11:29-2nd |  | 36 | 31 | 0.782 | 0.218 |
| 11:17-2nd |  | 36 | 34 | 0.74 | 0.26 |
| 11:06-2nd |  | 38 | 34 | 0.762 | 0.238 |
| 10:51-2nd |  | 38 | 36 | 0.739 | 0.261 |
| 10:41-2nd |  | 38 | 36 | 0.72 | 0.28 |
| 10:37-2nd |  | 38 | 36 | 0.714 | 0.286 |
| 10:30-2nd |  | 38 | 36 | 0.732 | 0.268 |
| 10:28-2nd |  | 38 | 36 | 0.713 | 0.287 |
| 10:19-2nd |  | 38 | 38 | 0.688 | 0.312 |
| 10:07-2nd |  | 38 | 38 | 0.666 | 0.334 |
| 10:04-2nd |  | 38 | 38 | 0.659 | 0.341 |
| 9:57-2nd |  | 38 | 40 | 0.632 | 0.368 |
| 9:43-2nd |  | 39 | 40 | 0.631 | 0.369 |
| 9:42-2nd |  | 39 | 40 | 0.631 | 0.369 |
| 9:29-2nd |  | 39 | 40 | 0.65 | 0.35 |
| 9:26-2nd |  | 39 | 40 | 0.656 | 0.344 |
| 9:23-2nd |  | 41 | 40 | 0.683 | 0.317 |
| 9:11-2nd |  | 41 | 41 | 0.684 | 0.316 |
| 8:57-2nd |  | 41 | 41 | 0.661 | 0.339 |
| 8:52-2nd |  | 41 | 41 | 0.654 | 0.346 |
| 8:38-2nd |  | 41 | 41 | 0.681 | 0.319 |
| 8:32-2nd |  | 41 | 41 | 0.659 | 0.341 |
| 8:30-2nd |  | 41 | 41 | 0.652 | 0.348 |
| 8:26-2nd |  | 41 | 41 | 0.652 | 0.348 |
| 8:24-2nd |  | 41 | 41 | 0.68 | 0.32 |
| 8:11-2nd |  | 43 | 41 | 0.705 | 0.295 |
| 7:47-2nd |  | 43 | 41 | 0.728 | 0.272 |
| 7:42-2nd |  | 43 | 41 | 0.71 | 0.29 |
| 7:39-2nd |  | 43 | 41 | 0.703 | 0.297 |
| 7:32-2nd |  | 43 | 41 | 0.721 | 0.279 |
| 7:29-2nd |  | 43 | 41 | 0.727 | 0.273 |
| 7:25-2nd |  | 45 | 42 | 0.726 | 0.274 |
| 7:06-2nd |  | 45 | 42 | 0.75 | 0.25 |
| 7:01-2nd |  | 45 | 42 | 0.731 | 0.269 |
| 6:57-2nd |  | 45 | 42 | 0.724 | 0.276 |
| 6:54-2nd |  | 45 | 42 | 0.743 | 0.257 |
| 6:49-2nd |  | 45 | 42 | 0.75 | 0.25 |
| 6:43-2nd | TARGET | 48 | 42 | 0.793 | 0.207 |
| 6:27-2nd |  | 48 | 43 | 0.794 | 0.206 |
| 6:15-2nd |  | 50 | 43 | 0.814 | 0.186 |
| 5:57-2nd |  | 50 | 43 | 0.829 | 0.171 |
| 5:56-2nd |  | 50 | 43 | 0.814 | 0.186 |
| 5:55-2nd |  | 50 | 43 | 0.834 | 0.166 |
| 5:52-2nd |  | 52 | 43 | 0.851 | 0.149 |
| 5:51-2nd |  | 52 | 43 | 0.851 | 0.149 |
| 5:36-2nd |  | 52 | 43 | 0.863 | 0.137 |
| 5:33-2nd |  | 52 | 43 | 0.867 | 0.133 |
| 5:27-2nd |  | 52 | 43 | 0.867 | 0.133 |
| 5:23-2nd |  | 52 | 43 | 0.867 | 0.133 |
| 5:14-2nd |  | 54 | 43 | 0.884 | 0.116 |
| 4:59-2nd |  | 54 | 43 | 0.894 | 0.106 |
| 4:58-2nd |  | 54 | 45 | 0.867 | 0.133 |
| 4:50-2nd |  | 54 | 45 | 0.851 | 0.149 |
| 4:45-2nd |  | 54 | 47 | 0.834 | 0.166 |
| 4:29-2nd |  | 55 | 47 | 0.833 | 0.167 |
| 4:16-2nd |  | 55 | 47 | 0.848 | 0.152 |
| 4:13-2nd |  | 55 | 47 | 0.853 | 0.147 |
| 3:59-2nd |  | 57 | 47 | 0.867 | 0.133 |
| 3:50-2nd |  | 57 | 47 | 0.879 | 0.121 |
| 3:48-2nd |  | 57 | 47 | 0.883 | 0.117 |
| 3:43-2nd |  | 57 | 47 | 0.882 | 0.118 |
| 3:36-2nd |  | 57 | 47 | 0.867 | 0.133 |
| 3:17-2nd |  | 57 | 47 | 0.879 | 0.121 |
| 3:14-2nd |  | 57 | 47 | 0.884 | 0.116 |
| 3:07-2nd |  | 59 | 47 | 0.898 | 0.102 |
| 2:59-2nd |  | 59 | 49 | 0.884 | 0.116 |
| 2:47-2nd |  | 59 | 49 | 0.872 | 0.128 |
| 2:45-2nd |  | 59 | 49 | 0.884 | 0.116 |
| 2:44-2nd |  | 61 | 49 | 0.899 | 0.101 |
| 2:35-2nd |  | 61 | 49 | 0.909 | 0.091 |
| 2:32-2nd |  | 61 | 49 | 0.912 | 0.088 |
| 2:27-2nd |  | 63 | 49 | 0.923 | 0.077 |
| 2:06-2nd |  | 63 | 49 | 0.932 | 0.068 |
| 2:04-2nd |  | 63 | 49 | 0.935 | 0.065 |
| 1:54-2nd |  | 66 | 49 | 0.953 | 0.047 |
| 1:41-2nd |  | 66 | 49 | 0.959 | 0.041 |
| 1:37-2nd |  | 66 | 49 | 0.961 | 0.039 |
| 1:28-2nd |  | 66 | 49 | 0.955 | 0.045 |
| 1:25-2nd |  | 66 | 49 | 0.961 | 0.039 |
| 1:23-2nd |  | 66 | 49 | 0.956 | 0.044 |
| 1:20-2nd |  | 66 | 49 | 0.954 | 0.046 |
| 1:14-2nd |  | 66 | 49 | 0.96 | 0.04 |
| 1:10-2nd |  | 66 | 49 | 0.962 | 0.038 |
| 1:05-2nd |  | 66 | 49 | 0.956 | 0.044 |
| 1:03-2nd |  | 66 | 49 | 0.954 | 0.046 |
| 1:00-2nd |  | 66 | 49 | 0.954 | 0.046 |
| 49.1-2nd |  | 66 | 49 | 0.96 | 0.04 |
| 46.1-2nd |  | 66 | 49 | 0.962 | 0.038 |
| 33.1-2nd |  | 68 | 49 | 0.969 | 0.031 |
| 12.1-2nd |  | 68 | 52 | 0.956 | 0.044 |
| 2.0-2nd |  | 68 | 52 | 0.956 | 0.044 |
| 0.0-2nd |  | 68 | 52 | 0.951 | 0.049 |
| 12:00-3rd |  | 68 | 52 | 0.951 | 0.049 |
| 11:42-3rd |  | 68 | 54 | 0.939 | 0.061 |
| 11:25-3rd |  | 68 | 54 | 0.93 | 0.07 |
| 11:21-3rd |  | 68 | 54 | 0.927 | 0.073 |
| 11:16-3rd |  | 68 | 54 | 0.94 | 0.06 |
| 11:04-3rd |  | 68 | 54 | 0.931 | 0.069 |
| 11:00-3rd |  | 68 | 54 | 0.928 | 0.072 |
| 10:51-3rd |  | 68 | 56 | 0.918 | 0.082 |
| 10:38-3rd |  | 68 | 56 | 0.906 | 0.094 |
| 10:29-3rd |  | 68 | 56 | 0.916 | 0.084 |
| 10:27-3rd |  | 68 | 56 | 0.919 | 0.081 |
| 10:22-3rd |  | 70 | 56 | 0.93 | 0.07 |
| 10:06-3rd |  | 70 | 56 | 0.939 | 0.061 |
| 10:05-3rd |  | 70 | 56 | 0.931 | 0.069 |
| 9:58-3rd |  | 70 | 58 | 0.92 | 0.08 |
| 9:49-3rd |  | 70 | 58 | 0.911 | 0.089 |
| 9:46-3rd |  | 70 | 58 | 0.907 | 0.093 |
| 9:45-3rd |  | 70 | 58 | 0.907 | 0.093 |
| 9:42-3rd |  | 70 | 58 | 0.908 | 0.092 |
| 9:38-3rd |  | 70 | 58 | 0.917 | 0.083 |
| 9:36-3rd |  | 70 | 58 | 0.921 | 0.079 |
| 9:24-3rd |  | 73 | 58 | 0.945 | 0.055 |
| 9:04-3rd |  | 73 | 58 | 0.945 | 0.055 |
| 8:56-3rd |  | 73 | 61 | 0.922 | 0.078 |
| 8:44-3rd |  | 73 | 61 | 0.91 | 0.09 |
| 8:33-3rd |  | 73 | 61 | 0.92 | 0.08 |
| 8:29-3rd |  | 73 | 61 | 0.923 | 0.077 |
| 8:22-3rd |  | 75 | 61 | 0.935 | 0.065 |
| 8:12-3rd |  | 75 | 63 | 0.924 | 0.076 |
| 7:57-3rd |  | 77 | 63 | 0.936 | 0.064 |
| 7:36-3rd |  | 77 | 63 | 0.946 | 0.054 |
| 7:34-3rd |  | 77 | 63 | 0.948 | 0.052 |
| 7:22-3rd |  | 78 | 63 | 0.95 | 0.05 |
| 7:15-3rd |  | 78 | 63 | 0.957 | 0.043 |
| 7:11-3rd |  | 78 | 63 | 0.959 | 0.041 |
| 7:05-3rd |  | 80 | 63 | 0.967 | 0.033 |
| 6:54-3rd |  | 80 | 63 | 0.974 | 0.026 |
| 6:47-3rd |  | 80 | 63 | 0.968 | 0.032 |
| 6:38-3rd |  | 80 | 63 | 0.968 | 0.032 |
| 6:33-3rd |  | 80 | 63 | 0.973 | 0.027 |
| 6:30-3rd |  | 80 | 63 | 0.975 | 0.025 |
| 6:27-3rd |  | 80 | 63 | 0.968 | 0.032 |
| 6:11-3rd |  | 80 | 63 | 0.974 | 0.026 |
| 6:08-3rd |  | 80 | 63 | 0.976 | 0.024 |
| 5:58-3rd |  | 81 | 63 | 0.975 | 0.025 |
| 5:56-3rd |  | 81 | 63 | 0.981 | 0.019 |
| 5:48-3rd |  | 81 | 63 | 0.977 | 0.023 |
| 5:46-3rd |  | 81 | 63 | 0.975 | 0.025 |
| 5:32-3rd |  | 81 | 63 | 0.98 | 0.02 |
| 5:31-3rd |  | 81 | 63 | 0.982 | 0.018 |
| 5:27-3rd |  | 83 | 63 | 0.986 | 0.014 |
| 5:15-3rd |  | 83 | 65 | 0.982 | 0.018 |
| 4:59-3rd |  | 85 | 65 | 0.986 | 0.014 |
| 4:44-3rd |  | 85 | 67 | 0.983 | 0.017 |
| 4:20-3rd |  | 87 | 67 | 0.988 | 0.012 |
| 4:12-3rd |  | 87 | 69 | 0.985 | 0.015 |
| 3:59-3rd |  | 89 | 69 | 0.988 | 0.012 |
| 3:39-3rd |  | 89 | 71 | 0.986 | 0.014 |
| 3:22-3rd |  | 91 | 71 | 0.989 | 0.011 |
| 3:11-3rd |  | 91 | 71 | 0.992 | 0.008 |
| 3:09-3rd |  | 91 | 71 | 0.989 | 0.011 |
| 3:00-3rd |  | 91 | 73 | 0.987 | 0.013 |
| 2:44-3rd |  | 91 | 73 | 0.984 | 0.016 |
| 2:42-3rd |  | 91 | 73 | 0.983 | 0.017 |
| 2:33-3rd |  | 91 | 75 | 0.978 | 0.022 |
| 2:32-3rd |  | 91 | 75 | 0.978 | 0.022 |
| 2:15-3rd |  | 91 | 75 | 0.974 | 0.026 |
| 2:12-3rd |  | 91 | 75 | 0.973 | 0.027 |
| 2:04-3rd |  | 91 | 75 | 0.978 | 0.022 |
| 2:00-3rd |  | 91 | 75 | 0.974 | 0.026 |
| 1:57-3rd |  | 91 | 75 | 0.978 | 0.022 |
| 1:53-3rd |  | 91 | 75 | 0.974 | 0.026 |
| 1:52-3rd |  | 91 | 75 | 0.98 | 0.02 |
| 1:49-3rd |  | 93 | 75 | 0.985 | 0.015 |
| 1:34-3rd |  | 93 | 75 | 0.99 | 0.01 |
| 1:24-3rd |  | 93 | 75 | 0.986 | 0.014 |
| 1:23-3rd |  | 93 | 75 | 0.986 | 0.014 |
| 1:04-3rd |  | 93 | 75 | 0.989 | 0.011 |
| 1:00-3rd |  | 93 | 75 | 0.99 | 0.01 |
| 59.1-3rd |  | 95 | 75 | 0.993 | 0.007 |
| 45.0-3rd |  | 95 | 77 | 0.991 | 0.009 |
| 31.2-3rd |  | 97 | 77 | 0.994 | 0.006 |
| 12.1-3rd |  | 97 | 77 | 0.996 | 0.004 |
| 9.1-3rd |  | 97 | 79 | 0.992 | 0.008 |
| 2.1-3rd |  | 97 | 79 | 0.989 | 0.011 |
| 0.0-3rd |  | 97 | 79 | 0.99 | 0.01 |
| 12:00-4th |  | 97 | 79 | 0.99 | 0.01 |
| 11:47-4th |  | 100 | 79 | 0.996 | 0.004 |
| 11:33-4th |  | 100 | 79 | 0.998 | 0.002 |
| 11:21-4th |  | 103 | 79 | 0.999 | 0.001 |
| 11:02-4th |  | 103 | 79 | 0.999 | 0.001 |
| 10:59-4th |  | 103 | 79 | 0.999 | 0.001 |
| 10:49-4th |  | 105 | 79 | 0.999 | 0.001 |
| 10:48-4th |  | 105 | 79 | 0.999 | 0.001 |
| 10:34-4th |  | 105 | 79 | 0.999 | 0.001 |
| 10:29-4th |  | 105 | 79 | 0.999 | 0.001 |
| 10:26-4th |  | 107 | 79 | 0.999 | 0.001 |
| 10:19-4th |  | 107 | 79 | 0.999 | 0.001 |
| 10:17-4th |  | 107 | 82 | 0.999 | 0.001 |
| 9:57-4th |  | 109 | 82 | 0.999 | 0.001 |
| 9:48-4th |  | 109 | 82 | 0.999 | 0.001 |
| 9:40-4th |  | 109 | 82 | 0.999 | 0.001 |
| 9:37-4th |  | 109 | 82 | 0.999 | 0.001 |
| 9:32-4th |  | 109 | 84 | 0.999 | 0.001 |
| 9:17-4th |  | 109 | 84 | 0.999 | 0.001 |
| 9:10-4th |  | 109 | 84 | 0.999 | 0.001 |
| 9:06-4th |  | 109 | 84 | 0.999 | 0.001 |
| 9:01-4th |  | 112 | 84 | 0.999 | 0.001 |
| 8:45-4th |  | 112 | 86 | 0.999 | 0.001 |
| 8:32-4th |  | 115 | 86 | 0.999 | 0.001 |
| 8:23-4th |  | 115 | 86 | 0.999 | 0.001 |
| 8:20-4th |  | 115 | 86 | 0.999 | 0.001 |
| 8:19-4th |  | 115 | 86 | 0.999 | 0.001 |
| 8:15-4th |  | 115 | 86 | 0.999 | 0.001 |
| 8:06-4th |  | 115 | 86 | 0.999 | 0.001 |
| 7:56-4th |  | 115 | 86 | 0.999 | 0.001 |
| 7:54-4th |  | 115 | 86 | 0.999 | 0.001 |
| 7:49-4th |  | 115 | 86 | 0.999 | 0.001 |
| 7:48-4th |  | 115 | 86 | 0.999 | 0.001 |
| 7:36-4th |  | 117 | 86 | 0.999 | 0.001 |
| 7:24-4th |  | 117 | 86 | 0.999 | 0.001 |
| 7:17-4th |  | 117 | 86 | 0.999 | 0.001 |
| 7:13-4th |  | 117 | 86 | 0.999 | 0.001 |
| 7:03-4th |  | 117 | 86 | 0.999 | 0.001 |
| 6:59-4th |  | 117 | 86 | 0.999 | 0.001 |
| 6:56-4th |  | 117 | 86 | 0.999 | 0.001 |
| 6:51-4th |  | 117 | 86 | 0.999 | 0.001 |
| 6:49-4th |  | 117 | 86 | 0.999 | 0.001 |
| 6:44-4th |  | 117 | 86 | 0.999 | 0.001 |
| 6:25-4th |  | 120 | 86 | 0.999 | 0.001 |
| 6:22-4th |  | 120 | 86 | 0.999 | 0.001 |
| 6:13-4th |  | 120 | 89 | 0.999 | 0.001 |
| 5:54-4th |  | 120 | 89 | 0.999 | 0.001 |
| 5:33-4th |  | 120 | 92 | 0.999 | 0.001 |
| 5:27-4th |  | 120 | 95 | 0.999 | 0.001 |
| 5:13-4th |  | 120 | 95 | 0.999 | 0.001 |
| 5:06-4th |  | 120 | 95 | 0.999 | 0.001 |
| 4:54-4th |  | 120 | 95 | 0.999 | 0.001 |
| 4:40-4th |  | 120 | 97 | 0.999 | 0.001 |
| 4:31-4th |  | 122 | 97 | 0.999 | 0.001 |
| 4:20-4th |  | 122 | 97 | 0.999 | 0.001 |
| 4:17-4th |  | 122 | 97 | 0.999 | 0.001 |
| 4:12-4th |  | 122 | 99 | 0.999 | 0.001 |
| 4:05-4th |  | 122 | 99 | 0.999 | 0.001 |
| 4:01-4th |  | 122 | 99 | 0.999 | 0.001 |
| 3:58-4th |  | 122 | 101 | 0.999 | 0.001 |
| 3:57-4th |  | 122 | 101 | 0.999 | 0.001 |
| 3:44-4th |  | 125 | 101 | 0.999 | 0.001 |
| 3:31-4th |  | 125 | 101 | 0.999 | 0.001 |
| 3:29-4th |  | 125 | 101 | 0.999 | 0.001 |
| 3:25-4th |  | 125 | 101 | 0.999 | 0.001 |
| 3:24-4th |  | 125 | 101 | 0.999 | 0.001 |
| 3:23-4th |  | 127 | 101 | 0.999 | 0.001 |
| 3:07-4th |  | 127 | 104 | 0.999 | 0.001 |
| 3:02-4th |  | 127 | 104 | 0.999 | 0.001 |
| 2:56-4th |  | 127 | 104 | 0.999 | 0.001 |
| 2:55-4th |  | 127 | 104 | 0.999 | 0.001 |
| 2:40-4th |  | 127 | 104 | 0.999 | 0.001 |
| 2:16-4th |  | 127 | 104 | 0.999 | 0.001 |
| 2:14-4th |  | 127 | 104 | 0.999 | 0.001 |
| 2:05-4th |  | 127 | 107 | 0.999 | 0.001 |
| 1:41-4th |  | 127 | 107 | 0.999 | 0.001 |
| 1:39-4th |  | 127 | 107 | 0.999 | 0.001 |
| 1:35-4th |  | 127 | 110 | 0.999 | 0.001 |
| 1:26-4th |  | 130 | 110 | 0.999 | 0.001 |
| 1:17-4th |  | 130 | 110 | 0.999 | 0.001 |
| 1:15-4th |  | 130 | 112 | 0.999 | 0.001 |
| 1:03-4th |  | 130 | 112 | 0.999 | 0.001 |
| 59.2-4th |  | 130 | 112 | 0.999 | 0.001 |
| 51.1-4th |  | 130 | 112 | 0.999 | 0.001 |
| 48.1-4th |  | 130 | 112 | 0.999 | 0.001 |
| 24.2-4th |  | 130 | 112 | 0.999 | 0.001 |
| 19.1-4th |  | 130 | 112 | 0.999 | 0.001 |
| 14.0-4th |  | 130 | 112 | 0.999 | 0.001 |
| 0.0-4th |  | 130 | 112 | 1.0 | 0.0 |

Question

Which event most likely happened at the marked missing position?

Answer Choices

A. Player 14 (Team B) back court turnover
B. Player 17 (Team B) misses 12-foot two point shot
C. Player 11 (Team A) makes 27-foot three point jumper (Player 5 (Team B) assists)
D. Player 10 (Team A) makes 27-foot three point shot (Player 7 (Team A) assists)

Response Format

Return exactly one JSON object:

{
  "answer": "<A|B|C|D>",
  "rationale": "<brief evidence-based justification in 1-3 sentences>",
  "evidence_event_ids": [],
  "evidence_series_times": []
}

Use only event IDs and time labels that are provided above and that support the answer. Use an empty array when the corresponding evidence type is unavailable or unused. Return only the JSON object.
