Task

Reconstruct the missing event in this basketball game. Use the available numerical time-series evidence around the marked row to select the most likely event.

Game

Team A versus Team B, season 22-23.

Time Series

| Game time | Marker | Team A score | Team B score | Team A win probability | Team B win probability |
| --- | --- | --- | --- | --- | --- |
| 12:00-1st |  | 0 | 0 | 0.65 | 0.35 |
| 11:37-1st |  | 0 | 0 | 0.63 | 0.37 |
| 11:28-1st |  | 0 | 2 | 0.602 | 0.398 |
| 11:08-1st |  | 0 | 2 | 0.584 | 0.416 |
| 11:06-1st |  | 0 | 2 | 0.578 | 0.422 |
| 11:00-1st |  | 0 | 2 | 0.595 | 0.405 |
| 10:56-1st |  | 0 | 2 | 0.6 | 0.4 |
| 10:48-1st |  | 0 | 2 | 0.577 | 0.423 |
| 10:43-1st |  | 0 | 4 | 0.553 | 0.447 |
| 10:27-1st |  | 0 | 4 | 0.53 | 0.47 |
| 10:25-1st |  | 0 | 4 | 0.522 | 0.478 |
| 10:16-1st |  | 0 | 6 | 0.494 | 0.506 |
| 10:15-1st |  | 0 | 6 | 0.494 | 0.506 |
| 10:04-1st |  | 0 | 6 | 0.474 | 0.526 |
| 10:02-1st |  | 0 | 6 | 0.468 | 0.532 |
| 9:53-1st |  | 0 | 6 | 0.486 | 0.514 |
| 9:50-1st |  | 0 | 6 | 0.492 | 0.508 |
| 9:41-1st |  | 2 | 6 | 0.52 | 0.48 |
| 9:19-1st |  | 2 | 6 | 0.54 | 0.46 |
| 9:17-1st |  | 2 | 6 | 0.547 | 0.453 |
| 9:12-1st |  | 2 | 6 | 0.525 | 0.475 |
| 9:08-1st |  | 2 | 6 | 0.518 | 0.482 |
| 8:54-1st |  | 2 | 6 | 0.538 | 0.462 |
| 8:51-1st |  | 2 | 6 | 0.545 | 0.455 |
| 8:44-1st |  | 2 | 6 | 0.523 | 0.477 |
| 8:41-1st |  | 2 | 6 | 0.516 | 0.484 |
| 8:33-1st |  | 2 | 8 | 0.488 | 0.512 |
| 8:19-1st |  | 2 | 8 | 0.466 | 0.534 |
| 8:16-1st |  | 2 | 8 | 0.458 | 0.542 |
| 8:02-1st |  | 2 | 10 | 0.432 | 0.568 |
| 7:42-1st |  | 2 | 10 | 0.412 | 0.588 |
| 7:40-1st |  | 2 | 10 | 0.405 | 0.595 |
| 7:34-1st |  | 2 | 13 | 0.355 | 0.645 |
| 7:32-1st |  | 2 | 13 | 0.355 | 0.645 |
| 7:18-1st |  | 2 | 13 | 0.331 | 0.669 |
| 7:15-1st |  | 2 | 13 | 0.323 | 0.677 |
| 6:59-1st |  | 2 | 13 | 0.351 | 0.649 |
| 6:57-1st |  | 2 | 13 | 0.348 | 0.652 |
| 6:48-1st |  | 2 | 13 | 0.347 | 0.653 |
| 6:46-1st |  | 2 | 13 | 0.321 | 0.679 |
| 6:41-1st |  | 2 | 15 | 0.295 | 0.705 |
| 6:26-1st |  | 4 | 15 | 0.319 | 0.681 |
| 6:04-1st |  | 4 | 18 | 0.268 | 0.732 |
| 5:49-1st |  | 4 | 18 | 0.25 | 0.75 |
| 5:44-1st |  | 4 | 18 | 0.244 | 0.756 |
| 5:35-1st |  | 4 | 20 | 0.222 | 0.778 |
| 5:24-1st |  | 4 | 20 | 0.203 | 0.797 |
| 5:23-1st |  | 4 | 20 | 0.198 | 0.802 |
| 5:06-1st |  | 4 | 20 | 0.214 | 0.786 |
| 5:03-1st |  | 4 | 20 | 0.22 | 0.78 |
| 5:00-1st |  | 6 | 20 | 0.239 | 0.761 |
| 4:58-1st |  | 6 | 20 | 0.239 | 0.761 |
| 4:37-1st |  | 6 | 22 | 0.217 | 0.783 |
| 4:21-1st |  | 9 | 22 | 0.258 | 0.742 |
| 3:54-1st |  | 9 | 25 | 0.212 | 0.788 |
| 3:39-1st |  | 9 | 25 | 0.193 | 0.807 |
| 3:37-1st |  | 9 | 25 | 0.187 | 0.813 |
| 3:34-1st |  | 9 | 25 | 0.189 | 0.811 |
| 3:26-1st |  | 9 | 27 | 0.169 | 0.831 |
| 3:10-1st |  | 12 | 27 | 0.207 | 0.793 |
| 2:50-1st |  | 12 | 27 | 0.226 | 0.774 |
| 2:44-1st |  | 14 | 27 | 0.248 | 0.752 |
| 2:33-1st |  | 14 | 27 | 0.272 | 0.728 |
| 2:26-1st |  | 14 | 27 | 0.253 | 0.747 |
| 2:23-1st |  | 14 | 27 | 0.271 | 0.729 |
| 2:20-1st |  | 17 | 27 | 0.319 | 0.681 |
| 2:18-1st |  | 17 | 27 | 0.319 | 0.681 |
| 1:57-1st |  | 17 | 30 | 0.268 | 0.732 |
| 1:38-1st |  | 17 | 30 | 0.241 | 0.759 |
| 1:33-1st |  | 17 | 32 | 0.218 | 0.782 |
| 1:19-1st |  | 20 | 32 | 0.262 | 0.738 |
| 58.1-1st |  | 20 | 32 | 0.28 | 0.72 |
| 56.1-1st |  | 20 | 32 | 0.286 | 0.714 |
| 44.0-1st |  | 20 | 32 | 0.265 | 0.735 |
| 41.0-1st |  | 20 | 32 | 0.258 | 0.742 |
| 33.1-1st |  | 20 | 32 | 0.225 | 0.775 |
| 22.1-1st |  | 20 | 35 | 0.211 | 0.789 |
| 3.0-1st |  | 22 | 35 | 0.232 | 0.768 |
| 0.0-1st |  | 22 | 35 | 0.247 | 0.753 |
| 11:44-2nd |  | 22 | 35 | 0.246 | 0.754 |
| 11:41-2nd |  | 22 | 35 | 0.251 | 0.749 |
| 11:34-2nd |  | 22 | 35 | 0.234 | 0.766 |
| 11:33-2nd |  | 22 | 35 | 0.228 | 0.772 |
| 11:24-2nd |  | 22 | 35 | 0.249 | 0.751 |
| 11:04-2nd |  | 22 | 35 | 0.23 | 0.77 |
| 11:01-2nd |  | 22 | 35 | 0.225 | 0.775 |
| 10:58-2nd |  | 22 | 36 | 0.225 | 0.775 |
| 10:48-2nd |  | 25 | 36 | 0.275 | 0.725 |
| 10:28-2nd |  | 25 | 38 | 0.244 | 0.756 |
| 10:17-2nd |  | 28 | 38 | 0.296 | 0.704 |
| 10:02-2nd |  | 28 | 38 | 0.32 | 0.68 |
| 9:48-2nd |  | 28 | 38 | 0.299 | 0.701 |
| 9:47-2nd |  | 28 | 38 | 0.292 | 0.708 |
| 9:42-2nd |  | 28 | 38 | 0.312 | 0.688 |
| 9:38-2nd |  | 28 | 38 | 0.318 | 0.682 |
| 9:35-2nd |  | 30 | 38 | 0.344 | 0.656 |
| 9:13-2nd |  | 30 | 41 | 0.287 | 0.713 |
| 8:52-2nd |  | 32 | 41 | 0.314 | 0.686 |
| 8:38-2nd |  | 32 | 44 | 0.259 | 0.741 |
| 8:23-2nd |  | 32 | 44 | 0.238 | 0.762 |
| 8:22-2nd |  | 32 | 44 | 0.231 | 0.769 |
| 8:05-2nd |  | 32 | 44 | 0.229 | 0.771 |
| 8:00-2nd |  | 32 | 44 | 0.248 | 0.752 |
| 7:58-2nd |  | 32 | 44 | 0.255 | 0.745 |
| 7:53-2nd |  | 34 | 44 | 0.279 | 0.721 |
| 7:34-2nd |  | 34 | 44 | 0.305 | 0.695 |
| 7:29-2nd |  | 34 | 44 | 0.283 | 0.717 |
| 7:27-2nd |  | 34 | 44 | 0.276 | 0.724 |
| 7:23-2nd |  | 34 | 47 | 0.226 | 0.774 |
| 7:20-2nd |  | 34 | 47 | 0.226 | 0.774 |
| 7:11-2nd |  | 34 | 47 | 0.224 | 0.776 |
| 7:05-2nd |  | 36 | 47 | 0.247 | 0.753 |
| 6:41-2nd |  | 36 | 47 | 0.263 | 0.737 |
| 6:39-2nd |  | 36 | 47 | 0.243 | 0.757 |
| 6:38-2nd |  | 36 | 49 | 0.221 | 0.779 |
| 6:26-2nd |  | 38 | 49 | 0.242 | 0.758 |
| 6:06-2nd |  | 38 | 51 | 0.217 | 0.783 |
| 5:55-2nd |  | 38 | 51 | 0.188 | 0.812 |
| 5:49-2nd |  | 38 | 51 | 0.208 | 0.792 |
| 5:47-2nd |  | 38 | 51 | 0.187 | 0.813 |
| 5:44-2nd |  | 38 | 53 | 0.168 | 0.832 |
| 5:15-2nd |  | 40 | 53 | 0.183 | 0.817 |
| 4:54-2nd |  | 40 | 53 | 0.201 | 0.799 |
| 4:52-2nd |  | 40 | 53 | 0.208 | 0.792 |
| 4:40-2nd |  | 40 | 53 | 0.186 | 0.814 |
| 4:36-2nd |  | 40 | 53 | 0.178 | 0.822 |
| 4:31-2nd |  | 40 | 55 | 0.159 | 0.841 |
| 4:16-2nd |  | 42 | 55 | 0.177 | 0.823 |
| 4:03-2nd |  | 42 | 57 | 0.156 | 0.844 |
| 3:50-2nd |  | 44 | 57 | 0.174 | 0.826 |
| 3:35-2nd |  | 44 | 57 | 0.198 | 0.802 |
| 3:31-2nd |  | 46 | 57 | 0.221 | 0.779 |
| 3:07-2nd |  | 46 | 57 | 0.239 | 0.761 |
| 3:06-2nd |  | 46 | 58 | 0.22 | 0.78 |
| 3:04-2nd |  | 46 | 58 | 0.22 | 0.78 |
| 2:54-2nd |  | 49 | 58 | 0.271 | 0.729 |
| 2:33-2nd |  | 49 | 60 | 0.242 | 0.758 |
| 2:22-2nd |  | 51 | 60 | 0.267 | 0.733 |
| 2:06-2nd |  | 51 | 62 | 0.239 | 0.761 |
| 1:58-2nd |  | 53 | 62 | 0.266 | 0.734 |
| 1:41-2nd |  | 53 | 62 | 0.291 | 0.709 |
| 1:39-2nd |  | 55 | 62 | 0.32 | 0.68 |
| 1:27-2nd |  | 55 | 62 | 0.345 | 0.655 |
| 1:23-2nd |  | 55 | 62 | 0.318 | 0.682 |
| 1:18-2nd |  | 55 | 64 | 0.288 | 0.712 |
| 58.0-2nd |  | 55 | 64 | 0.266 | 0.734 |
| 56.0-2nd |  | 55 | 64 | 0.214 | 0.786 |
| 48.1-2nd |  | 55 | 64 | 0.284 | 0.716 |
| 45.0-2nd |  | 58 | 64 | 0.351 | 0.649 |
| 38.1-2nd |  | 58 | 64 | 0.377 | 0.623 |
| 36.1-2nd |  | 58 | 64 | 0.385 | 0.615 |
| 31.1-2nd |  | 58 | 64 | 0.358 | 0.642 |
| 28.1-2nd |  | 58 | 64 | 0.349 | 0.651 |
| 10.0-2nd |  | 58 | 66 | 0.311 | 0.689 |
| 4.1-2nd |  | 58 | 66 | 0.289 | 0.711 |
| 1.2-2nd |  | 58 | 66 | 0.282 | 0.718 |
| 0.0-2nd |  | 58 | 66 | 0.297 | 0.703 |
| 12:00-3rd |  | 58 | 66 | 0.297 | 0.703 |
| 11:42-3rd |  | 58 | 66 | 0.308 | 0.692 |
| 11:38-3rd |  | 58 | 66 | 0.283 | 0.717 |
| 11:37-3rd |  | 58 | 66 | 0.275 | 0.725 |
| 11:34-3rd |  | 58 | 66 | 0.299 | 0.701 |
| 11:30-3rd |  | 58 | 66 | 0.307 | 0.693 |
| 11:23-3rd |  | 58 | 66 | 0.281 | 0.719 |
| 11:20-3rd |  | 58 | 66 | 0.273 | 0.727 |
| 11:07-3rd |  | 58 | 68 | 0.244 | 0.756 |
| 10:59-3rd |  | 58 | 68 | 0.211 | 0.789 |
| 10:56-3rd |  | 58 | 68 | 0.242 | 0.758 |
| 10:53-3rd |  | 61 | 68 | 0.298 | 0.702 |
| 10:36-3rd |  | 61 | 68 | 0.323 | 0.677 |
| 10:33-3rd |  | 61 | 68 | 0.332 | 0.668 |
| 10:28-3rd |  | 61 | 68 | 0.304 | 0.696 |
| 10:27-3rd |  | 61 | 68 | 0.295 | 0.705 |
| 10:16-3rd |  | 61 | 68 | 0.297 | 0.703 |
| 10:12-3rd |  | 61 | 70 | 0.265 | 0.735 |
| 9:49-3rd |  | 64 | 70 | 0.325 | 0.675 |
| 9:38-3rd |  | 64 | 70 | 0.327 | 0.673 |
| 9:33-3rd |  | 64 | 70 | 0.363 | 0.637 |
| 9:26-3rd |  | 66 | 70 | 0.396 | 0.604 |
| 9:23-3rd |  | 66 | 70 | 0.396 | 0.604 |
| 9:06-3rd |  | 66 | 70 | 0.432 | 0.568 |
| 8:56-3rd |  | 66 | 70 | 0.402 | 0.598 |
| 8:53-3rd |  | 66 | 70 | 0.392 | 0.608 |
| 8:46-3rd |  | 66 | 73 | 0.319 | 0.681 |
| 8:44-3rd |  | 66 | 74 | 0.253 | 0.747 |
| 8:36-3rd |  | 66 | 76 | 0.223 | 0.777 |
| 8:13-3rd |  | 66 | 76 | 0.19 | 0.81 |
| 8:00-3rd |  | 66 | 76 | 0.211 | 0.789 |
| 7:57-3rd |  | 66 | 78 | 0.163 | 0.837 |
| 7:42-3rd |  | 66 | 78 | 0.143 | 0.857 |
| 7:39-3rd |  | 66 | 78 | 0.137 | 0.863 |
| 7:23-3rd |  | 66 | 80 | 0.114 | 0.886 |
| 7:10-3rd |  | 66 | 80 | 0.098 | 0.902 |
| 7:08-3rd |  | 66 | 80 | 0.093 | 0.907 |
| 7:01-3rd |  | 66 | 80 | 0.106 | 0.894 |
| 6:58-3rd |  | 66 | 80 | 0.111 | 0.889 |
| 6:53-3rd |  | 68 | 80 | 0.13 | 0.87 |
| 6:35-3rd |  | 68 | 83 | 0.089 | 0.911 |
| 6:15-3rd |  | 71 | 83 | 0.124 | 0.876 |
| 6:01-3rd |  | 71 | 83 | 0.139 | 0.861 |
| 5:59-3rd |  | 71 | 83 | 0.145 | 0.855 |
| 5:55-3rd |  | 73 | 83 | 0.169 | 0.831 |
| 5:43-3rd |  | 73 | 83 | 0.189 | 0.811 |
| 5:42-3rd |  | 73 | 83 | 0.196 | 0.804 |
| 5:29-3rd |  | 73 | 83 | 0.165 | 0.835 |
| 5:24-3rd |  | 73 | 83 | 0.185 | 0.815 |
| 5:23-3rd |  | 73 | 83 | 0.164 | 0.836 |
| 5:08-3rd |  | 73 | 83 | 0.183 | 0.817 |
| 5:07-3rd |  | 73 | 83 | 0.19 | 0.81 |
| 5:03-3rd |  | 76 | 83 | 0.25 | 0.75 |
| 4:50-3rd |  | 76 | 83 | 0.277 | 0.723 |
| 4:44-3rd |  | 76 | 83 | 0.285 | 0.715 |
| 4:34-3rd |  | 78 | 83 | 0.32 | 0.68 |
| 4:22-3rd |  | 78 | 85 | 0.282 | 0.718 |
| 3:57-3rd |  | 80 | 85 | 0.314 | 0.686 |
| 3:41-3rd |  | 80 | 87 | 0.275 | 0.725 |
| 3:14-3rd |  | 80 | 87 | 0.241 | 0.759 |
| 3:12-3rd |  | 80 | 87 | 0.231 | 0.769 |
| 3:05-3rd |  | 80 | 87 | 0.231 | 0.769 |
| 3:00-3rd |  | 80 | 89 | 0.199 | 0.801 |
| 2:50-3rd |  | 83 | 89 | 0.262 | 0.738 |
| 2:20-3rd |  | 83 | 91 | 0.22 | 0.78 |
| 1:59-3rd |  | 86 | 91 | 0.294 | 0.706 |
| 1:40-3rd |  | 86 | 93 | 0.254 | 0.746 |
| 1:22-3rd |  | 86 | 93 | 0.22 | 0.78 |
| 1:21-3rd |  | 86 | 94 | 0.21 | 0.79 |
| 1:19-3rd |  | 86 | 94 | 0.21 | 0.79 |
| 58.1-3rd |  | 88 | 94 | 0.24 | 0.76 |
| 43.1-3rd |  | 88 | 94 | 0.274 | 0.726 |
| 42.0-3rd |  | 88 | 95 | 0.244 | 0.756 |
| 40.1-3rd |  | 88 | 95 | 0.244 | 0.756 |
| 29.1-3rd |  | 88 | 95 | 0.211 | 0.789 |
| 27.0-3rd |  | 88 | 95 | 0.2 | 0.8 |
| 7.0-3rd |  | 88 | 95 | 0.223 | 0.777 |
| 5.0-3rd |  | 88 | 97 | 0.163 | 0.837 |
| 0.0-3rd |  | 88 | 97 | 0.148 | 0.852 |
| 12:00-4th |  | 88 | 97 | 0.148 | 0.852 |
| 11:49-4th |  | 90 | 97 | 0.188 | 0.812 |
| 11:31-4th |  | 90 | 99 | 0.155 | 0.845 |
| 11:15-4th |  | 92 | 99 | 0.186 | 0.814 |
| 11:14-4th |  | 92 | 99 | 0.185 | 0.815 |
| 10:52-4th |  | 92 | 99 | 0.211 | 0.789 |
| 10:49-4th |  | 92 | 99 | 0.221 | 0.779 |
| 10:42-4th |  | 94 | 99 | 0.26 | 0.74 |
| 10:28-4th |  | 94 | 99 | 0.307 | 0.693 |
| 10:21-4th |  | 94 | 99 | 0.321 | 0.679 |
| 10:09-4th |  | 94 | 99 | 0.272 | 0.728 |
| 10:06-4th |  | 94 | 99 | 0.31 | 0.69 |
| 10:04-4th |  | 94 | 99 | 0.259 | 0.741 |
| 9:53-4th |  | 94 | 99 | 0.247 | 0.753 |
| 9:49-4th |  | 94 | 100 | 0.203 | 0.797 |
| 9:41-4th |  | 94 | 100 | 0.236 | 0.764 |
| 9:39-4th |  | 94 | 100 | 0.248 | 0.752 |
| 9:32-4th |  | 94 | 100 | 0.211 | 0.789 |
| 9:29-4th |  | 94 | 100 | 0.246 | 0.754 |
| 9:20-4th |  | 96 | 100 | 0.294 | 0.706 |
| 9:09-4th |  | 96 | 100 | 0.292 | 0.708 |
| 9:05-4th |  | 96 | 100 | 0.331 | 0.669 |
| 9:01-4th |  | 96 | 100 | 0.343 | 0.657 |
| 8:53-4th |  | 96 | 100 | 0.289 | 0.711 |
| 8:52-4th |  | 96 | 100 | 0.272 | 0.728 |
| 8:45-4th |  | 96 | 100 | 0.319 | 0.681 |
| 8:42-4th |  | 96 | 100 | 0.332 | 0.668 |
| 8:33-4th |  | 96 | 100 | 0.291 | 0.709 |
| 8:31-4th |  | 96 | 100 | 0.277 | 0.723 |
| 8:28-4th |  | 96 | 100 | 0.341 | 0.659 |
| 8:21-4th |  | 96 | 100 | 0.315 | 0.685 |
| 8:17-4th |  | 96 | 100 | 0.274 | 0.726 |
| 8:15-4th |  | 96 | 103 | 0.188 | 0.812 |
| 7:56-4th |  | 98 | 103 | 0.223 | 0.777 |
| 7:31-4th |  | 98 | 105 | 0.176 | 0.824 |
| 7:21-4th |  | 100 | 105 | 0.224 | 0.776 |
| 7:00-4th |  | 100 | 105 | 0.253 | 0.747 |
| 6:56-4th |  | 100 | 105 | 0.264 | 0.736 |
| 6:43-4th |  | 102 | 105 | 0.314 | 0.686 |
| 6:20-4th |  | 102 | 107 | 0.254 | 0.746 |
| 6:05-4th |  | 102 | 107 | 0.213 | 0.787 |
| 6:02-4th |  | 102 | 107 | 0.2 | 0.8 |
| 5:40-4th |  | 102 | 107 | 0.242 | 0.758 |
| 5:30-4th |  | 105 | 107 | 0.358 | 0.642 |
| 5:15-4th |  | 105 | 107 | 0.252 | 0.748 |
| 5:08-4th |  | 105 | 107 | 0.41 | 0.59 |
| 4:53-4th |  | 106 | 107 | 0.407 | 0.593 |
| 4:51-4th |  | 106 | 107 | 0.407 | 0.593 |
| 4:35-4th |  | 106 | 107 | 0.46 | 0.54 |
| 4:32-4th |  | 106 | 107 | 0.479 | 0.521 |
| 4:24-4th |  | 106 | 107 | 0.421 | 0.579 |
| 4:19-4th |  | 106 | 107 | 0.478 | 0.522 |
| 4:17-4th |  | 109 | 107 | 0.623 | 0.377 |
| 4:00-4th |  | 109 | 110 | 0.476 | 0.524 |
| 3:45-4th |  | 109 | 110 | 0.415 | 0.585 |
| 3:42-4th |  | 109 | 110 | 0.394 | 0.606 |
| 3:38-4th |  | 109 | 110 | 0.454 | 0.546 |
| 3:35-4th |  | 109 | 110 | 0.474 | 0.526 |
| 3:26-4th |  | 111 | 110 | 0.548 | 0.452 |
| 3:17-4th |  | 111 | 111 | 0.554 | 0.446 |
| 3:15-4th |  | 111 | 111 | 0.554 | 0.446 |
| 2:59-4th |  | 113 | 111 | 0.629 | 0.371 |
| 2:40-4th |  | 113 | 113 | 0.554 | 0.446 |
| 2:16-4th |  | 115 | 113 | 0.634 | 0.366 |
| 2:05-4th |  | 115 | 115 | 0.553 | 0.447 |
| 1:46-4th |  | 117 | 115 | 0.636 | 0.364 |
| 1:30-4th |  | 117 | 117 | 0.549 | 0.451 |
| 1:18-4th |  | 117 | 117 | 0.548 | 0.452 |
| 1:09-4th |  | 117 | 117 | 0.483 | 0.517 |
| 1:03-4th |  | 117 | 117 | 0.546 | 0.454 |
| 58.2-4th |  | 118 | 117 | 0.546 | 0.454 |
| 57.1-4th |  | 118 | 117 | 0.546 | 0.454 |
| 34.1-4th |  | 118 | 117 | 0.643 | 0.357 |
| 31.0-4th |  | 118 | 117 | 0.544 | 0.456 |
| 27.0-4th | TARGET | 118 | 120 | 0.337 | 0.663 |
| 26.1-4th |  | 118 | 120 | 0.335 | 0.665 |
| 23.1-4th |  | 120 | 120 | 0.457 | 0.543 |
| 2.2-4th |  | 120 | 120 | 0.515 | 0.485 |
| 0.0-4th |  | 120 | 120 | 0.5 | 0.5 |
| 5:00-OT |  | 120 | 120 | 0.5 | 0.5 |
| 4:36-OT |  | 120 | 121 | 0.463 | 0.537 |
| 4:23-OT |  | 120 | 121 | 0.405 | 0.595 |
| 4:20-OT |  | 120 | 121 | 0.385 | 0.615 |
| 4:12-OT |  | 120 | 124 | 0.251 | 0.749 |
| 3:54-OT |  | 120 | 124 | 0.187 | 0.813 |
| 3:51-OT |  | 120 | 127 | 0.1 | 0.9 |
| 3:50-OT |  | 120 | 127 | 0.099 | 0.901 |
| 3:31-OT |  | 120 | 127 | 0.062 | 0.938 |
| 3:09-OT |  | 120 | 127 | 0.077 | 0.923 |
| 3:05-OT |  | 120 | 129 | 0.036 | 0.964 |
| 2:56-OT |  | 122 | 129 | 0.051 | 0.949 |
| 2:41-OT |  | 122 | 130 | 0.048 | 0.952 |
| 2:34-OT |  | 122 | 130 | 0.032 | 0.968 |
| 2:31-OT |  | 122 | 130 | 0.027 | 0.973 |
| 2:11-OT |  | 122 | 130 | 0.035 | 0.965 |
| 2:09-OT |  | 122 | 130 | 0.039 | 0.961 |
| 2:06-OT |  | 122 | 130 | 0.021 | 0.979 |
| 1:48-OT |  | 122 | 132 | 0.012 | 0.988 |
| 1:38-OT |  | 124 | 132 | 0.021 | 0.979 |
| 1:15-OT |  | 124 | 132 | 0.027 | 0.973 |
| 1:11-OT |  | 124 | 132 | 0.03 | 0.97 |
| 1:05-OT |  | 124 | 132 | 0.012 | 0.988 |
| 1:03-OT |  | 124 | 134 | 0.007 | 0.993 |
| 46.2-OT |  | 124 | 134 | 0.003 | 0.997 |
| 44.1-OT |  | 124 | 134 | 0.002 | 0.998 |
| 22.0-OT |  | 124 | 134 | 0.002 | 0.998 |
| 10.0-OT |  | 124 | 134 | 0.001 | 0.999 |
| 6.1-OT |  | 124 | 134 | 0.001 | 0.999 |
| 0.0-OT |  | 124 | 134 | 0.0 | 1.0 |

Question

Which event most likely happened at the marked missing position?

Answer Choices

A. Player 17 (Team B) makes driving layup (Player 20 (Team A) assists)
B. (05:23) [[Team]] COACH'S CHALLENGE (CALL OVERTURNED) [[Team]] retain their timeout
C. Player 3 (Team B) makes 26-foot three point jumper (Player 2 (Team B) assists)
D. Player 4 (Team B) makes 3-foot two point shot (Player 2 (Team A) assists)

Response Format

Return exactly one JSON object:

{
  "answer": "<A|B|C|D>",
  "rationale": "<brief evidence-based justification in 1-3 sentences>",
  "evidence_event_ids": [],
  "evidence_series_times": []
}

Use only event IDs and time labels that are provided above and that support the answer. Use an empty array when the corresponding evidence type is unavailable or unused. Return only the JSON object.
