Task

Reconstruct the missing event in this basketball game. Use the available numerical time-series evidence around the marked row to select the most likely event.

Game

Team A versus Team B, season 22-23.

Time Series

| Game time | Marker | Team A score | Team B score | Team A win probability | Team B win probability |
| --- | --- | --- | --- | --- | --- |
| 12:00-1st |  | 0 | 0 | 0.392 | 0.608 |
| 11:46-1st |  | 0 | 0 | 0.378 | 0.622 |
| 11:42-1st |  | 0 | 0 | 0.373 | 0.627 |
| 11:26-1st |  | 0 | 0 | 0.388 | 0.612 |
| 11:23-1st |  | 0 | 0 | 0.374 | 0.626 |
| 11:20-1st |  | 0 | 0 | 0.388 | 0.612 |
| 11:18-1st |  | 0 | 0 | 0.393 | 0.607 |
| 11:12-1st |  | 2 | 0 | 0.422 | 0.578 |
| 11:01-1st |  | 2 | 0 | 0.44 | 0.56 |
| 10:59-1st |  | 2 | 0 | 0.422 | 0.578 |
| 10:58-1st |  | 2 | 0 | 0.446 | 0.554 |
| 10:51-1st |  | 2 | 0 | 0.429 | 0.571 |
| 10:49-1st |  | 2 | 0 | 0.423 | 0.577 |
| 10:37-1st |  | 2 | 2 | 0.395 | 0.605 |
| 10:12-1st |  | 2 | 2 | 0.382 | 0.618 |
| 10:10-1st |  | 2 | 2 | 0.377 | 0.623 |
| 10:05-1st |  | 2 | 4 | 0.351 | 0.649 |
| 10:02-1st |  | 2 | 4 | 0.351 | 0.649 |
| 9:41-1st |  | 2 | 4 | 0.335 | 0.665 |
| 9:37-1st |  | 2 | 4 | 0.329 | 0.671 |
| 9:33-1st |  | 2 | 6 | 0.307 | 0.693 |
| 9:22-1st |  | 2 | 6 | 0.306 | 0.694 |
| 9:17-1st |  | 2 | 6 | 0.29 | 0.71 |
| 9:14-1st |  | 2 | 6 | 0.285 | 0.715 |
| 9:04-1st |  | 2 | 6 | 0.302 | 0.698 |
| 9:00-1st |  | 2 | 6 | 0.308 | 0.692 |
| 8:59-1st |  | 4 | 6 | 0.329 | 0.671 |
| 8:46-1st |  | 4 | 6 | 0.353 | 0.647 |
| 8:30-1st |  | 4 | 6 | 0.33 | 0.67 |
| 8:23-1st |  | 4 | 6 | 0.331 | 0.669 |
| 8:17-1st |  | 4 | 6 | 0.349 | 0.651 |
| 8:14-1st |  | 4 | 6 | 0.355 | 0.645 |
| 8:13-1st |  | 4 | 6 | 0.33 | 0.67 |
| 8:06-1st |  | 4 | 6 | 0.349 | 0.651 |
| 8:04-1st |  | 4 | 6 | 0.331 | 0.669 |
| 8:01-1st |  | 4 | 8 | 0.309 | 0.691 |
| 7:48-1st |  | 6 | 8 | 0.331 | 0.669 |
| 7:33-1st |  | 6 | 10 | 0.309 | 0.691 |
| 7:22-1st |  | 8 | 10 | 0.332 | 0.668 |
| 7:15-1st |  | 8 | 10 | 0.334 | 0.666 |
| 7:11-1st |  | 8 | 12 | 0.311 | 0.689 |
| 6:57-1st |  | 8 | 12 | 0.294 | 0.706 |
| 6:55-1st |  | 8 | 12 | 0.288 | 0.712 |
| 6:51-1st |  | 8 | 12 | 0.305 | 0.695 |
| 6:48-1st |  | 8 | 12 | 0.311 | 0.689 |
| 6:39-1st |  | 8 | 12 | 0.288 | 0.712 |
| 6:30-1st |  | 8 | 12 | 0.306 | 0.694 |
| 6:27-1st |  | 8 | 12 | 0.311 | 0.689 |
| 6:17-1st |  | 8 | 12 | 0.288 | 0.712 |
| 6:08-1st |  | 8 | 15 | 0.246 | 0.754 |
| 5:47-1st |  | 10 | 15 | 0.267 | 0.733 |
| 5:38-1st |  | 10 | 15 | 0.283 | 0.717 |
| 5:34-1st |  | 10 | 15 | 0.289 | 0.711 |
| 5:27-1st |  | 12 | 15 | 0.312 | 0.688 |
| 5:13-1st |  | 12 | 18 | 0.267 | 0.733 |
| 4:50-1st |  | 12 | 18 | 0.251 | 0.749 |
| 4:48-1st |  | 12 | 18 | 0.245 | 0.755 |
| 4:37-1st |  | 12 | 18 | 0.267 | 0.733 |
| 4:32-1st |  | 12 | 18 | 0.251 | 0.749 |
| 4:29-1st |  | 12 | 18 | 0.245 | 0.755 |
| 4:17-1st |  | 12 | 21 | 0.207 | 0.793 |
| 4:07-1st |  | 14 | 21 | 0.224 | 0.776 |
| 3:57-1st |  | 14 | 21 | 0.241 | 0.759 |
| 3:55-1st |  | 14 | 23 | 0.207 | 0.793 |
| 3:47-1st |  | 14 | 23 | 0.207 | 0.793 |
| 3:39-1st |  | 14 | 23 | 0.193 | 0.807 |
| 3:35-1st |  | 14 | 23 | 0.188 | 0.812 |
| 3:31-1st |  | 14 | 23 | 0.202 | 0.798 |
| 3:28-1st |  | 14 | 23 | 0.207 | 0.793 |
| 3:09-1st |  | 16 | 23 | 0.224 | 0.776 |
| 2:54-1st |  | 16 | 26 | 0.187 | 0.813 |
| 2:43-1st |  | 16 | 26 | 0.173 | 0.827 |
| 2:40-1st |  | 16 | 26 | 0.168 | 0.832 |
| 2:29-1st |  | 16 | 28 | 0.154 | 0.846 |
| 2:14-1st |  | 16 | 28 | 0.142 | 0.858 |
| 2:10-1st |  | 16 | 28 | 0.154 | 0.846 |
| 2:06-1st |  | 18 | 28 | 0.168 | 0.832 |
| 1:48-1st |  | 18 | 28 | 0.182 | 0.818 |
| 1:45-1st |  | 18 | 28 | 0.186 | 0.814 |
| 1:39-1st |  | 20 | 28 | 0.204 | 0.796 |
| 1:26-1st |  | 20 | 28 | 0.221 | 0.779 |
| 1:23-1st |  | 20 | 28 | 0.227 | 0.773 |
| 1:12-1st |  | 20 | 28 | 0.209 | 0.791 |
| 1:09-1st |  | 20 | 28 | 0.203 | 0.797 |
| 1:04-1st |  | 20 | 28 | 0.221 | 0.779 |
| 1:00-1st |  | 20 | 28 | 0.227 | 0.773 |
| 58.0-1st |  | 23 | 28 | 0.27 | 0.73 |
| 43.1-1st |  | 23 | 31 | 0.227 | 0.773 |
| 32.1-1st |  | 23 | 31 | 0.208 | 0.792 |
| 29.1-1st |  | 23 | 31 | 0.202 | 0.798 |
| 28.1-1st |  | 23 | 31 | 0.226 | 0.774 |
| 25.0-1st |  | 23 | 31 | 0.203 | 0.797 |
| 4.1-1st |  | 23 | 33 | 0.186 | 0.814 |
| 0.0-1st |  | 23 | 33 | 0.179 | 0.821 |
| 12:00-2nd |  | 23 | 33 | 0.179 | 0.821 |
| 11:47-2nd |  | 23 | 33 | 0.179 | 0.821 |
| 11:44-2nd |  | 23 | 33 | 0.183 | 0.817 |
| 11:39-2nd |  | 23 | 33 | 0.171 | 0.829 |
| 11:35-2nd |  | 23 | 33 | 0.171 | 0.829 |
| 11:34-2nd |  | 23 | 33 | 0.167 | 0.833 |
| 11:24-2nd |  | 23 | 35 | 0.148 | 0.852 |
| 11:08-2nd |  | 23 | 35 | 0.129 | 0.871 |
| 11:06-2nd |  | 23 | 36 | 0.132 | 0.868 |
| 10:55-2nd |  | 26 | 36 | 0.166 | 0.834 |
| 10:41-2nd |  | 26 | 38 | 0.149 | 0.851 |
| 10:20-2nd |  | 26 | 38 | 0.135 | 0.865 |
| 10:17-2nd |  | 26 | 38 | 0.131 | 0.869 |
| 10:13-2nd |  | 26 | 38 | 0.144 | 0.856 |
| 10:10-2nd |  | 26 | 38 | 0.148 | 0.852 |
| 10:07-2nd |  | 28 | 38 | 0.165 | 0.835 |
| 9:51-2nd |  | 28 | 38 | 0.178 | 0.822 |
| 9:49-2nd |  | 28 | 38 | 0.182 | 0.818 |
| 9:39-2nd |  | 28 | 38 | 0.168 | 0.832 |
| 9:37-2nd |  | 28 | 38 | 0.168 | 0.832 |
| 9:36-2nd |  | 28 | 38 | 0.182 | 0.818 |
| 9:28-2nd |  | 28 | 38 | 0.168 | 0.832 |
| 9:24-2nd |  | 28 | 38 | 0.164 | 0.836 |
| 9:16-2nd |  | 28 | 38 | 0.177 | 0.823 |
| 9:12-2nd |  | 28 | 40 | 0.147 | 0.853 |
| 8:59-2nd |  | 30 | 40 | 0.163 | 0.837 |
| 8:42-2nd |  | 30 | 43 | 0.13 | 0.87 |
| 8:19-2nd |  | 30 | 43 | 0.117 | 0.883 |
| 8:16-2nd |  | 30 | 43 | 0.129 | 0.871 |
| 8:14-2nd |  | 30 | 43 | 0.129 | 0.871 |
| 8:08-2nd |  | 33 | 43 | 0.16 | 0.84 |
| 7:50-2nd |  | 33 | 45 | 0.143 | 0.857 |
| 7:44-2nd |  | 36 | 45 | 0.179 | 0.821 |
| 7:36-2nd |  | 36 | 48 | 0.143 | 0.857 |
| 7:18-2nd |  | 39 | 48 | 0.179 | 0.821 |
| 7:02-2nd |  | 39 | 50 | 0.159 | 0.841 |
| 6:48-2nd |  | 39 | 50 | 0.145 | 0.855 |
| 6:45-2nd |  | 39 | 50 | 0.141 | 0.859 |
| 6:38-2nd |  | 39 | 50 | 0.154 | 0.846 |
| 6:35-2nd |  | 39 | 52 | 0.125 | 0.875 |
| 6:29-2nd |  | 39 | 52 | 0.11 | 0.89 |
| 6:28-2nd |  | 39 | 52 | 0.109 | 0.891 |
| 6:15-2nd |  | 39 | 52 | 0.121 | 0.879 |
| 6:13-2nd |  | 39 | 52 | 0.125 | 0.875 |
| 6:05-2nd |  | 39 | 52 | 0.112 | 0.888 |
| 6:02-2nd |  | 39 | 52 | 0.108 | 0.892 |
| 5:52-2nd |  | 39 | 54 | 0.095 | 0.905 |
| 5:29-2nd |  | 42 | 54 | 0.123 | 0.877 |
| 5:13-2nd |  | 42 | 57 | 0.093 | 0.907 |
| 5:05-2nd |  | 45 | 57 | 0.122 | 0.878 |
| 4:51-2nd |  | 45 | 57 | 0.134 | 0.866 |
| 4:48-2nd |  | 45 | 57 | 0.138 | 0.862 |
| 4:42-2nd |  | 47 | 57 | 0.155 | 0.845 |
| 4:23-2nd |  | 47 | 57 | 0.169 | 0.831 |
| 4:20-2nd |  | 47 | 57 | 0.174 | 0.826 |
| 4:17-2nd |  | 49 | 57 | 0.192 | 0.808 |
| 4:03-2nd |  | 49 | 57 | 0.21 | 0.79 |
| 4:00-2nd |  | 49 | 57 | 0.216 | 0.784 |
| 3:57-2nd |  | 51 | 57 | 0.241 | 0.759 |
| 3:45-2nd |  | 51 | 59 | 0.215 | 0.785 |
| 3:34-2nd |  | 53 | 59 | 0.241 | 0.759 |
| 3:14-2nd |  | 53 | 59 | 0.26 | 0.74 |
| 3:11-2nd |  | 53 | 61 | 0.215 | 0.785 |
| 3:00-2nd |  | 53 | 61 | 0.196 | 0.804 |
| 2:58-2nd |  | 53 | 61 | 0.19 | 0.81 |
| 2:44-2nd |  | 53 | 61 | 0.208 | 0.792 |
| 2:40-2nd |  | 53 | 61 | 0.214 | 0.786 |
| 2:32-2nd |  | 53 | 61 | 0.189 | 0.811 |
| 2:29-2nd |  | 53 | 63 | 0.171 | 0.829 |
| 2:16-2nd |  | 56 | 63 | 0.212 | 0.788 |
| 2:06-2nd |  | 56 | 63 | 0.232 | 0.768 |
| 2:01-2nd |  | 56 | 63 | 0.239 | 0.761 |
| 1:52-2nd |  | 56 | 63 | 0.218 | 0.782 |
| 1:50-2nd |  | 56 | 63 | 0.211 | 0.789 |
| 1:48-2nd |  | 56 | 65 | 0.189 | 0.811 |
| 1:46-2nd |  | 56 | 65 | 0.189 | 0.811 |
| 1:28-2nd |  | 58 | 65 | 0.211 | 0.789 |
| 1:16-2nd |  | 58 | 65 | 0.238 | 0.762 |
| 1:14-2nd |  | 58 | 67 | 0.188 | 0.812 |
| 1:00-2nd |  | 58 | 67 | 0.168 | 0.832 |
| 55.1-2nd |  | 58 | 67 | 0.182 | 0.818 |
| 52.1-2nd |  | 58 | 67 | 0.187 | 0.813 |
| 48.1-2nd |  | 60 | 67 | 0.209 | 0.791 |
| 31.1-2nd |  | 60 | 67 | 0.23 | 0.77 |
| 28.1-2nd |  | 60 | 67 | 0.237 | 0.763 |
| 22.1-2nd |  | 62 | 67 | 0.263 | 0.737 |
| 0.0-2nd |  | 62 | 67 | 0.283 | 0.717 |
| 12:00-3rd |  | 62 | 67 | 0.283 | 0.717 |
| 11:38-3rd |  | 62 | 67 | 0.29 | 0.71 |
| 11:22-3rd |  | 64 | 67 | 0.323 | 0.677 |
| 11:05-3rd |  | 64 | 69 | 0.29 | 0.71 |
| 10:45-3rd |  | 64 | 69 | 0.262 | 0.738 |
| 10:39-3rd |  | 64 | 69 | 0.282 | 0.718 |
| 10:35-3rd |  | 64 | 69 | 0.289 | 0.711 |
| 10:31-3rd |  | 64 | 69 | 0.26 | 0.74 |
| 10:29-3rd |  | 64 | 69 | 0.26 | 0.74 |
| 10:20-3rd |  | 64 | 69 | 0.281 | 0.719 |
| 10:17-3rd |  | 64 | 69 | 0.289 | 0.711 |
| 10:02-3rd |  | 66 | 69 | 0.321 | 0.679 |
| 9:47-3rd |  | 66 | 69 | 0.347 | 0.653 |
| 9:45-3rd |  | 66 | 69 | 0.356 | 0.644 |
| 9:40-3rd |  | 66 | 69 | 0.33 | 0.67 |
| 9:36-3rd |  | 66 | 69 | 0.321 | 0.679 |
| 9:23-3rd |  | 66 | 71 | 0.288 | 0.712 |
| 9:09-3rd |  | 66 | 71 | 0.288 | 0.712 |
| 9:01-3rd |  | 66 | 71 | 0.265 | 0.735 |
| 8:57-3rd |  | 66 | 71 | 0.257 | 0.743 |
| 8:54-3rd |  | 66 | 71 | 0.28 | 0.72 |
| 8:51-3rd |  | 66 | 71 | 0.288 | 0.712 |
| 8:48-3rd |  | 66 | 71 | 0.256 | 0.744 |
| 8:42-3rd |  | 66 | 74 | 0.202 | 0.798 |
| 8:21-3rd |  | 66 | 74 | 0.181 | 0.819 |
| 8:17-3rd |  | 66 | 74 | 0.175 | 0.825 |
| 8:06-3rd |  | 66 | 74 | 0.193 | 0.807 |
| 8:03-3rd |  | 66 | 74 | 0.2 | 0.8 |
| 7:57-3rd |  | 66 | 74 | 0.18 | 0.82 |
| 7:51-3rd |  | 68 | 74 | 0.224 | 0.776 |
| 7:36-3rd |  | 68 | 77 | 0.172 | 0.828 |
| 7:21-3rd |  | 70 | 77 | 0.195 | 0.805 |
| 7:13-3rd |  | 70 | 79 | 0.17 | 0.83 |
| 7:01-3rd |  | 70 | 79 | 0.169 | 0.831 |
| 6:54-3rd |  | 70 | 79 | 0.145 | 0.855 |
| 6:40-3rd |  | 70 | 79 | 0.162 | 0.838 |
| 6:37-3rd |  | 70 | 79 | 0.167 | 0.833 |
| 6:26-3rd |  | 70 | 79 | 0.143 | 0.857 |
| 6:20-3rd |  | 70 | 79 | 0.166 | 0.834 |
| 6:16-3rd |  | 72 | 79 | 0.191 | 0.809 |
| 5:59-3rd |  | 72 | 79 | 0.212 | 0.788 |
| 5:55-3rd |  | 72 | 79 | 0.219 | 0.781 |
| 5:51-3rd |  | 74 | 79 | 0.249 | 0.751 |
| 5:50-3rd |  | 74 | 79 | 0.249 | 0.751 |
| 5:28-3rd |  | 74 | 79 | 0.275 | 0.725 |
| 5:25-3rd |  | 74 | 79 | 0.283 | 0.717 |
| 5:15-3rd |  | 77 | 79 | 0.355 | 0.645 |
| 4:57-3rd |  | 77 | 81 | 0.319 | 0.681 |
| 4:45-3rd |  | 80 | 81 | 0.394 | 0.606 |
| 4:33-3rd |  | 80 | 81 | 0.427 | 0.573 |
| 4:29-3rd |  | 80 | 81 | 0.438 | 0.562 |
| 4:26-3rd |  | 82 | 81 | 0.48 | 0.52 |
| 4:12-3rd |  | 82 | 83 | 0.439 | 0.561 |
| 4:04-3rd |  | 84 | 83 | 0.481 | 0.519 |
| 3:50-3rd |  | 84 | 83 | 0.516 | 0.484 |
| 3:46-3rd |  | 84 | 83 | 0.528 | 0.472 |
| 3:43-3rd |  | 84 | 83 | 0.494 | 0.506 |
| 3:40-3rd |  | 84 | 83 | 0.483 | 0.517 |
| 3:20-3rd |  | 84 | 83 | 0.519 | 0.481 |
| 3:16-3rd |  | 84 | 83 | 0.53 | 0.47 |
| 3:14-3rd |  | 84 | 83 | 0.496 | 0.504 |
| 3:13-3rd |  | 84 | 83 | 0.531 | 0.469 |
| 3:11-3rd |  | 87 | 83 | 0.615 | 0.385 |
| 2:58-3rd |  | 87 | 85 | 0.574 | 0.426 |
| 2:48-3rd |  | 89 | 85 | 0.619 | 0.381 |
| 2:36-3rd |  | 89 | 87 | 0.576 | 0.424 |
| 2:23-3rd |  | 91 | 87 | 0.622 | 0.378 |
| 2:06-3rd |  | 91 | 89 | 0.579 | 0.421 |
| 1:53-3rd |  | 91 | 89 | 0.535 | 0.465 |
| 1:39-3rd |  | 91 | 89 | 0.571 | 0.429 |
| 1:36-3rd |  | 91 | 89 | 0.582 | 0.418 |
| 1:23-3rd |  | 93 | 89 | 0.63 | 0.37 |
| 1:17-3rd |  | 93 | 91 | 0.584 | 0.416 |
| 1:01-3rd |  | 96 | 91 | 0.673 | 0.327 |
| 55.1-3rd |  | 96 | 91 | 0.609 | 0.391 |
| 45.0-3rd |  | 96 | 93 | 0.635 | 0.365 |
| 23.1-3rd |  | 96 | 93 | 0.601 | 0.399 |
| 20.2-3rd |  | 96 | 93 | 0.638 | 0.362 |
| 20.1-3rd |  | 98 | 93 | 0.679 | 0.321 |
| 1.0-3rd |  | 98 | 93 | 0.719 | 0.281 |
| 0.1-3rd |  | 98 | 95 | 0.644 | 0.356 |
| 0.0-3rd |  | 98 | 95 | 0.619 | 0.381 |
| 12:00-4th |  | 98 | 95 | 0.619 | 0.381 |
| 11:46-4th |  | 98 | 95 | 0.606 | 0.394 |
| 11:42-4th |  | 100 | 95 | 0.69 | 0.31 |
| 11:28-4th |  | 100 | 98 | 0.598 | 0.402 |
| 11:27-4th |  | 100 | 98 | 0.614 | 0.386 |
| 11:06-4th |  | 100 | 98 | 0.57 | 0.43 |
| 11:03-4th |  | 100 | 98 | 0.609 | 0.391 |
| 11:02-4th |  | 100 | 98 | 0.57 | 0.43 |
| 11:00-4th |  | 100 | 98 | 0.558 | 0.442 |
| 10:52-4th |  | 100 | 101 | 0.457 | 0.543 |
| 10:50-4th |  | 100 | 101 | 0.457 | 0.543 |
| 10:37-4th |  | 103 | 101 | 0.559 | 0.441 |
| 10:19-4th |  | 103 | 101 | 0.601 | 0.399 |
| 10:17-4th |  | 103 | 102 | 0.556 | 0.444 |
| 9:56-4th |  | 105 | 102 | 0.608 | 0.392 |
| 9:38-4th |  | 105 | 104 | 0.56 | 0.44 |
| 9:17-4th |  | 105 | 104 | 0.518 | 0.482 |
| 9:15-4th |  | 105 | 104 | 0.504 | 0.496 |
| 9:06-4th |  | 105 | 104 | 0.549 | 0.451 |
| 9:03-4th |  | 105 | 104 | 0.564 | 0.436 |
| 8:46-4th |  | 105 | 104 | 0.521 | 0.479 |
| 8:43-4th |  | 105 | 104 | 0.506 | 0.494 |
| 8:38-4th |  | 105 | 105 | 0.502 | 0.498 |
| 8:37-4th |  | 105 | 105 | 0.502 | 0.498 |
| 8:23-4th |  | 105 | 105 | 0.438 | 0.562 |
| 8:15-4th |  | 105 | 105 | 0.487 | 0.513 |
| 8:11-4th |  | 105 | 105 | 0.504 | 0.496 |
| 8:04-4th |  | 105 | 105 | 0.454 | 0.546 |
| 8:01-4th |  | 105 | 105 | 0.438 | 0.562 |
| 7:46-4th |  | 105 | 105 | 0.489 | 0.511 |
| 7:44-4th |  | 105 | 105 | 0.506 | 0.494 |
| 7:29-4th |  | 108 | 105 | 0.623 | 0.377 |
| 7:27-4th |  | 108 | 105 | 0.623 | 0.377 |
| 7:15-4th |  | 108 | 105 | 0.672 | 0.328 |
| 7:11-4th |  | 108 | 105 | 0.627 | 0.373 |
| 7:01-4th |  | 108 | 105 | 0.63 | 0.37 |
| 6:42-4th |  | 108 | 105 | 0.65 | 0.35 |
| 6:39-4th |  | 108 | 105 | 0.635 | 0.365 |
| 6:32-4th |  | 108 | 107 | 0.575 | 0.425 |
| 6:19-4th |  | 108 | 107 | 0.527 | 0.473 |
| 6:16-4th |  | 108 | 107 | 0.511 | 0.489 |
| 6:08-4th |  | 108 | 107 | 0.562 | 0.438 |
| 6:05-4th |  | 108 | 107 | 0.579 | 0.421 |
| 5:46-4th |  | 108 | 107 | 0.531 | 0.469 |
| 5:44-4th |  | 108 | 107 | 0.599 | 0.401 |
| 5:35-4th |  | 110 | 107 | 0.657 | 0.343 |
| 5:25-4th |  | 110 | 107 | 0.636 | 0.364 |
| 5:19-4th |  | 110 | 107 | 0.7 | 0.3 |
| 5:16-4th |  | 110 | 107 | 0.652 | 0.348 |
| 5:15-4th |  | 110 | 109 | 0.585 | 0.415 |
| 4:54-4th |  | 112 | 109 | 0.657 | 0.343 |
| 4:30-4th |  | 112 | 111 | 0.592 | 0.408 |
| 4:07-4th |  | 114 | 111 | 0.668 | 0.332 |
| 3:59-4th |  | 114 | 113 | 0.597 | 0.403 |
| 3:43-4th | TARGET | 117 | 113 | 0.74 | 0.26 |
| 3:42-4th |  | 117 | 113 | 0.804 | 0.196 |
| 3:24-4th |  | 117 | 113 | 0.797 | 0.203 |
| 3:23-4th |  | 117 | 113 | 0.75 | 0.25 |
| 3:19-4th |  | 117 | 113 | 0.816 | 0.184 |
| 3:07-4th |  | 117 | 113 | 0.774 | 0.226 |
| 3:03-4th |  | 117 | 113 | 0.824 | 0.176 |
| 2:51-4th |  | 117 | 113 | 0.783 | 0.217 |
| 2:45-4th |  | 117 | 113 | 0.787 | 0.213 |
| 2:44-4th |  | 117 | 113 | 0.771 | 0.229 |
| 2:35-4th |  | 117 | 113 | 0.825 | 0.175 |
| 2:33-4th |  | 117 | 113 | 0.843 | 0.157 |
| 2:18-4th |  | 120 | 113 | 0.932 | 0.068 |
| 2:15-4th |  | 120 | 113 | 0.857 | 0.143 |
| 2:07-4th |  | 120 | 116 | 0.841 | 0.159 |
| 1:43-4th |  | 122 | 116 | 0.898 | 0.102 |
| 1:40-4th |  | 122 | 116 | 0.928 | 0.072 |
| 1:39-4th |  | 122 | 116 | 0.9 | 0.1 |
| 1:32-4th |  | 122 | 116 | 0.931 | 0.069 |
| 1:29-4th |  | 122 | 116 | 0.905 | 0.095 |
| 1:25-4th |  | 122 | 119 | 0.804 | 0.196 |
| 1:03-4th |  | 124 | 119 | 0.868 | 0.132 |
| 58.2-4th |  | 124 | 119 | 0.923 | 0.077 |
| 55.0-4th |  | 126 | 119 | 0.956 | 0.044 |
| 50.0-4th |  | 126 | 121 | 0.93 | 0.07 |
| 45.1-4th |  | 126 | 121 | 0.976 | 0.024 |
| 31.2-4th |  | 128 | 121 | 0.975 | 0.025 |
| 22.0-4th |  | 128 | 121 | 0.995 | 0.005 |
| 16.1-4th |  | 130 | 121 | 0.998 | 0.002 |
| 12.1-4th |  | 130 | 121 | 0.999 | 0.001 |
| 10.0-4th |  | 130 | 121 | 0.999 | 0.001 |
| 0.0-4th |  | 130 | 121 | 1.0 | 0.0 |

Question

Which event most likely happened at the marked missing position?

Answer Choices

A. Player 5 (Team A) makes 25-foot three pointer
B. Player 15 (Team B) traveling
C. Player 19 (Team B) makes 6-foot hook shot (Player 17 (Team A) assists)
D. Player 2 (Team A) blocks Player 18 (Team B) 's 3-foot driving layup

Response Format

Return exactly one JSON object:

{
  "answer": "<A|B|C|D>",
  "rationale": "<brief evidence-based justification in 1-3 sentences>",
  "evidence_event_ids": [],
  "evidence_series_times": []
}

Use only event IDs and time labels that are provided above and that support the answer. Use an empty array when the corresponding evidence type is unavailable or unused. Return only the JSON object.
