Task

Reconstruct the missing event in this basketball game. Use the available numerical time-series evidence around the marked row to select the most likely event.

Game

Team A versus Team B, season 22-23.

Time Series

| Game time | Marker | Team A score | Team B score | Team A win probability | Team B win probability |
| --- | --- | --- | --- | --- | --- |
| 12:00-1st |  | 0 | 0 | 0.545 | 0.455 |
| 11:48-1st |  | 2 | 0 | 0.574 | 0.426 |
| 11:22-1st |  | 2 | 0 | 0.59 | 0.41 |
| 11:20-1st |  | 2 | 0 | 0.596 | 0.404 |
| 11:17-1st |  | 2 | 0 | 0.579 | 0.421 |
| 11:14-1st |  | 2 | 0 | 0.596 | 0.404 |
| 11:11-1st |  | 2 | 0 | 0.573 | 0.427 |
| 11:02-1st |  | 2 | 0 | 0.59 | 0.41 |
| 10:59-1st |  | 2 | 0 | 0.596 | 0.404 |
| 10:56-1st |  | 4 | 0 | 0.618 | 0.382 |
| 10:48-1st |  | 4 | 0 | 0.64 | 0.36 |
| 10:45-1st |  | 4 | 0 | 0.647 | 0.353 |
| 10:33-1st |  | 6 | 0 | 0.672 | 0.328 |
| 10:15-1st |  | 6 | 0 | 0.688 | 0.312 |
| 10:14-1st |  | 6 | 0 | 0.693 | 0.307 |
| 10:02-1st |  | 6 | 0 | 0.677 | 0.323 |
| 9:59-1st |  | 6 | 0 | 0.671 | 0.329 |
| 9:54-1st |  | 6 | 2 | 0.647 | 0.353 |
| 9:46-1st |  | 8 | 2 | 0.671 | 0.329 |
| 9:32-1st |  | 8 | 2 | 0.689 | 0.311 |
| 9:28-1st |  | 8 | 4 | 0.647 | 0.353 |
| 9:20-1st |  | 8 | 4 | 0.626 | 0.374 |
| 9:17-1st |  | 8 | 4 | 0.619 | 0.381 |
| 9:13-1st |  | 8 | 6 | 0.596 | 0.404 |
| 8:56-1st |  | 10 | 6 | 0.62 | 0.38 |
| 8:35-1st |  | 10 | 8 | 0.596 | 0.404 |
| 8:27-1st |  | 12 | 8 | 0.62 | 0.38 |
| 8:17-1st |  | 12 | 8 | 0.621 | 0.379 |
| 8:14-1st |  | 12 | 11 | 0.571 | 0.429 |
| 8:00-1st |  | 12 | 11 | 0.545 | 0.455 |
| 7:51-1st |  | 12 | 13 | 0.52 | 0.48 |
| 7:42-1st |  | 15 | 13 | 0.571 | 0.429 |
| 7:32-1st |  | 15 | 15 | 0.545 | 0.455 |
| 7:20-1st | TARGET | 18 | 15 | 0.597 | 0.403 |
| 7:04-1st |  | 18 | 15 | 0.623 | 0.377 |
| 6:53-1st |  | 18 | 15 | 0.604 | 0.396 |
| 6:49-1st |  | 20 | 15 | 0.646 | 0.354 |
| 6:40-1st |  | 20 | 15 | 0.672 | 0.328 |
| 6:34-1st |  | 23 | 15 | 0.717 | 0.283 |
| 6:13-1st |  | 23 | 17 | 0.696 | 0.304 |
| 5:56-1st |  | 26 | 17 | 0.74 | 0.26 |
| 5:46-1st |  | 26 | 17 | 0.757 | 0.243 |
| 5:43-1st |  | 26 | 17 | 0.763 | 0.237 |
| 5:35-1st |  | 28 | 17 | 0.782 | 0.218 |
| 5:33-1st |  | 28 | 17 | 0.782 | 0.218 |
| 5:21-1st |  | 28 | 17 | 0.798 | 0.202 |
| 5:19-1st |  | 28 | 17 | 0.803 | 0.197 |
| 5:06-1st |  | 30 | 17 | 0.822 | 0.178 |
| 4:52-1st |  | 30 | 17 | 0.835 | 0.165 |
| 4:51-1st |  | 30 | 17 | 0.839 | 0.161 |
| 4:42-1st |  | 32 | 17 | 0.855 | 0.145 |
| 4:34-1st |  | 32 | 17 | 0.867 | 0.133 |
| 4:31-1st |  | 32 | 17 | 0.871 | 0.129 |
| 4:22-1st |  | 34 | 17 | 0.885 | 0.115 |
| 4:04-1st |  | 34 | 17 | 0.895 | 0.105 |
| 4:02-1st |  | 34 | 17 | 0.898 | 0.102 |
| 3:55-1st |  | 37 | 17 | 0.92 | 0.08 |
| 3:39-1st |  | 37 | 17 | 0.931 | 0.069 |
| 3:24-1st |  | 40 | 17 | 0.947 | 0.053 |
| 3:12-1st |  | 40 | 20 | 0.932 | 0.068 |
| 3:05-1st |  | 40 | 20 | 0.923 | 0.077 |
| 2:41-1st |  | 40 | 23 | 0.901 | 0.099 |
| 2:28-1st |  | 40 | 23 | 0.89 | 0.11 |
| 2:15-1st |  | 40 | 23 | 0.899 | 0.101 |
| 2:12-1st |  | 40 | 23 | 0.902 | 0.098 |
| 2:02-1st |  | 42 | 23 | 0.914 | 0.086 |
| 1:49-1st |  | 42 | 25 | 0.903 | 0.097 |
| 1:36-1st |  | 44 | 25 | 0.915 | 0.085 |
| 1:14-1st |  | 44 | 25 | 0.898 | 0.102 |
| 1:07-1st |  | 44 | 25 | 0.924 | 0.076 |
| 1:03-1st |  | 44 | 25 | 0.926 | 0.074 |
| 1:01-1st |  | 47 | 25 | 0.945 | 0.055 |
| 43.4-1st |  | 47 | 25 | 0.951 | 0.049 |
| 42.4-1st |  | 47 | 25 | 0.952 | 0.048 |
| 32.7-1st |  | 47 | 25 | 0.948 | 0.052 |
| 29.9-1st |  | 47 | 25 | 0.946 | 0.054 |
| 20.4-1st |  | 47 | 27 | 0.939 | 0.061 |
| 1.0-1st |  | 47 | 27 | 0.927 | 0.073 |
| 0.0-1st |  | 47 | 27 | 0.934 | 0.066 |
| 12:00-2nd |  | 47 | 27 | 0.934 | 0.066 |
| 11:52-2nd |  | 47 | 30 | 0.911 | 0.089 |
| 11:33-2nd |  | 47 | 30 | 0.901 | 0.099 |
| 11:30-2nd |  | 47 | 30 | 0.912 | 0.088 |
| 11:29-2nd |  | 47 | 30 | 0.901 | 0.099 |
| 11:26-2nd |  | 47 | 30 | 0.898 | 0.102 |
| 11:19-2nd |  | 47 | 33 | 0.869 | 0.131 |
| 11:17-2nd |  | 47 | 33 | 0.869 | 0.131 |
| 10:55-2nd |  | 47 | 33 | 0.859 | 0.141 |
| 10:53-2nd |  | 47 | 33 | 0.856 | 0.144 |
| 10:44-2nd |  | 47 | 33 | 0.867 | 0.133 |
| 10:41-2nd |  | 47 | 33 | 0.871 | 0.129 |
| 10:36-2nd |  | 47 | 33 | 0.87 | 0.13 |
| 10:33-2nd |  | 47 | 33 | 0.868 | 0.132 |
| 10:28-2nd |  | 48 | 33 | 0.87 | 0.13 |
| 10:20-2nd |  | 48 | 33 | 0.885 | 0.115 |
| 10:05-2nd |  | 51 | 33 | 0.912 | 0.088 |
| 9:50-2nd |  | 51 | 33 | 0.913 | 0.087 |
| 9:46-2nd |  | 51 | 36 | 0.888 | 0.112 |
| 9:33-2nd |  | 51 | 36 | 0.877 | 0.123 |
| 9:29-2nd |  | 51 | 36 | 0.873 | 0.127 |
| 9:25-2nd |  | 51 | 36 | 0.889 | 0.111 |
| 9:21-2nd |  | 51 | 36 | 0.878 | 0.122 |
| 9:19-2nd |  | 51 | 36 | 0.874 | 0.126 |
| 9:11-2nd |  | 51 | 38 | 0.858 | 0.142 |
| 8:53-2nd |  | 51 | 38 | 0.846 | 0.154 |
| 8:50-2nd |  | 51 | 38 | 0.841 | 0.159 |
| 8:39-2nd |  | 51 | 38 | 0.843 | 0.157 |
| 8:36-2nd |  | 51 | 38 | 0.855 | 0.145 |
| 8:34-2nd |  | 51 | 38 | 0.815 | 0.185 |
| 8:26-2nd |  | 51 | 38 | 0.86 | 0.14 |
| 8:16-2nd |  | 51 | 38 | 0.885 | 0.115 |
| 7:57-2nd |  | 53 | 38 | 0.876 | 0.124 |
| 7:44-2nd |  | 53 | 38 | 0.893 | 0.107 |
| 7:31-2nd |  | 55 | 38 | 0.907 | 0.093 |
| 7:17-2nd |  | 55 | 38 | 0.917 | 0.083 |
| 7:15-2nd |  | 55 | 38 | 0.92 | 0.08 |
| 7:13-2nd |  | 57 | 38 | 0.931 | 0.069 |
| 7:02-2nd |  | 57 | 38 | 0.939 | 0.061 |
| 6:57-2nd |  | 57 | 38 | 0.942 | 0.058 |
| 6:49-2nd |  | 59 | 38 | 0.95 | 0.05 |
| 6:30-2nd |  | 59 | 40 | 0.943 | 0.057 |
| 6:28-2nd |  | 59 | 40 | 0.943 | 0.057 |
| 6:20-2nd |  | 59 | 40 | 0.936 | 0.064 |
| 6:16-2nd |  | 59 | 40 | 0.943 | 0.057 |
| 6:14-2nd |  | 62 | 40 | 0.959 | 0.041 |
| 5:56-2nd |  | 62 | 40 | 0.964 | 0.036 |
| 5:54-2nd |  | 62 | 40 | 0.966 | 0.034 |
| 5:51-2nd |  | 64 | 40 | 0.972 | 0.028 |
| 5:37-2nd |  | 64 | 40 | 0.976 | 0.024 |
| 5:35-2nd |  | 64 | 40 | 0.977 | 0.023 |
| 5:20-2nd |  | 64 | 40 | 0.973 | 0.027 |
| 5:07-2nd |  | 64 | 42 | 0.967 | 0.033 |
| 4:43-2nd |  | 66 | 42 | 0.974 | 0.026 |
| 4:31-2nd |  | 66 | 42 | 0.978 | 0.022 |
| 4:27-2nd |  | 66 | 42 | 0.979 | 0.021 |
| 4:14-2nd |  | 68 | 42 | 0.983 | 0.017 |
| 3:56-2nd |  | 68 | 42 | 0.986 | 0.014 |
| 3:55-2nd |  | 68 | 42 | 0.984 | 0.016 |
| 3:46-2nd |  | 68 | 44 | 0.98 | 0.02 |
| 3:36-2nd |  | 68 | 44 | 0.976 | 0.024 |
| 3:34-2nd |  | 68 | 46 | 0.971 | 0.029 |
| 3:33-2nd |  | 68 | 46 | 0.971 | 0.029 |
| 3:25-2nd |  | 71 | 46 | 0.981 | 0.019 |
| 3:07-2nd |  | 71 | 49 | 0.972 | 0.028 |
| 2:49-2nd |  | 71 | 49 | 0.968 | 0.032 |
| 2:47-2nd |  | 71 | 49 | 0.967 | 0.033 |
| 2:42-2nd |  | 71 | 49 | 0.971 | 0.029 |
| 2:38-2nd |  | 71 | 49 | 0.972 | 0.028 |
| 2:33-2nd |  | 72 | 49 | 0.972 | 0.028 |
| 2:30-2nd |  | 72 | 49 | 0.972 | 0.028 |
| 2:14-2nd |  | 72 | 50 | 0.973 | 0.027 |
| 2:04-2nd |  | 72 | 50 | 0.97 | 0.03 |
| 2:03-2nd |  | 72 | 50 | 0.969 | 0.031 |
| 1:48-2nd |  | 72 | 50 | 0.973 | 0.027 |
| 1:47-2nd |  | 72 | 50 | 0.973 | 0.027 |
| 1:45-2nd |  | 72 | 50 | 0.974 | 0.026 |
| 1:38-2nd |  | 72 | 50 | 0.971 | 0.029 |
| 1:35-2nd |  | 72 | 50 | 0.97 | 0.03 |
| 1:27-2nd |  | 72 | 52 | 0.963 | 0.037 |
| 1:16-2nd |  | 74 | 52 | 0.971 | 0.029 |
| 1:12-2nd |  | 74 | 52 | 0.975 | 0.025 |
| 1:03-2nd |  | 74 | 52 | 0.971 | 0.029 |
| 58.9-2nd |  | 74 | 52 | 0.976 | 0.024 |
| 43.7-2nd |  | 74 | 52 | 0.973 | 0.027 |
| 41.8-2nd |  | 74 | 52 | 0.972 | 0.028 |
| 39.6-2nd |  | 74 | 54 | 0.965 | 0.035 |
| 34.7-2nd |  | 74 | 54 | 0.961 | 0.039 |
| 23.4-2nd |  | 74 | 56 | 0.949 | 0.051 |
| 2.0-2nd |  | 76 | 56 | 0.959 | 0.041 |
| 0.7-2nd |  | 76 | 56 | 0.966 | 0.034 |
| 0.3-2nd |  | 76 | 56 | 0.962 | 0.038 |
| 0.1-2nd |  | 76 | 56 | 0.966 | 0.034 |
| 0.0-2nd |  | 76 | 56 | 0.963 | 0.037 |
| 12:00-3rd |  | 76 | 56 | 0.963 | 0.037 |
| 11:46-3rd |  | 76 | 58 | 0.958 | 0.042 |
| 11:26-3rd |  | 78 | 58 | 0.964 | 0.036 |
| 11:04-3rd |  | 78 | 58 | 0.97 | 0.03 |
| 11:02-3rd |  | 78 | 58 | 0.972 | 0.028 |
| 10:58-3rd |  | 80 | 58 | 0.977 | 0.023 |
| 10:42-3rd |  | 80 | 58 | 0.98 | 0.02 |
| 10:39-3rd |  | 80 | 58 | 0.981 | 0.019 |
| 10:27-3rd |  | 80 | 58 | 0.979 | 0.021 |
| 10:24-3rd |  | 80 | 58 | 0.979 | 0.021 |
| 10:11-3rd |  | 80 | 58 | 0.982 | 0.018 |
| 9:56-3rd |  | 80 | 58 | 0.98 | 0.02 |
| 9:40-3rd |  | 80 | 58 | 0.983 | 0.017 |
| 9:37-3rd |  | 80 | 58 | 0.983 | 0.017 |
| 9:35-3rd |  | 80 | 58 | 0.984 | 0.016 |
| 9:25-3rd |  | 83 | 58 | 0.991 | 0.009 |
| 9:15-3rd |  | 83 | 60 | 0.989 | 0.011 |
| 9:04-3rd |  | 85 | 60 | 0.991 | 0.009 |
| 8:47-3rd |  | 85 | 62 | 0.989 | 0.011 |
| 8:27-3rd |  | 85 | 62 | 0.987 | 0.013 |
| 8:24-3rd |  | 85 | 62 | 0.99 | 0.01 |
| 8:22-3rd |  | 88 | 62 | 0.994 | 0.006 |
| 8:02-3rd |  | 88 | 64 | 0.993 | 0.007 |
| 7:42-3rd |  | 90 | 64 | 0.995 | 0.005 |
| 7:16-3rd |  | 90 | 64 | 0.996 | 0.004 |
| 7:14-3rd |  | 90 | 64 | 0.997 | 0.003 |
| 7:05-3rd |  | 90 | 64 | 0.996 | 0.004 |
| 7:02-3rd |  | 90 | 64 | 0.995 | 0.005 |
| 6:48-3rd |  | 90 | 64 | 0.997 | 0.003 |
| 6:46-3rd |  | 90 | 64 | 0.995 | 0.005 |
| 6:42-3rd |  | 90 | 66 | 0.994 | 0.006 |
| 6:27-3rd |  | 90 | 66 | 0.993 | 0.007 |
| 6:25-3rd |  | 90 | 66 | 0.993 | 0.007 |
| 6:22-3rd |  | 90 | 69 | 0.987 | 0.013 |
| 6:20-3rd |  | 90 | 69 | 0.987 | 0.013 |
| 6:05-3rd |  | 93 | 69 | 0.993 | 0.007 |
| 5:51-3rd |  | 93 | 72 | 0.988 | 0.012 |
| 5:42-3rd |  | 96 | 72 | 0.993 | 0.007 |
| 5:26-3rd |  | 96 | 72 | 0.995 | 0.005 |
| 5:14-3rd |  | 99 | 72 | 0.998 | 0.002 |
| 5:01-3rd |  | 99 | 72 | 0.998 | 0.002 |
| 4:55-3rd |  | 99 | 72 | 0.999 | 0.001 |
| 4:38-3rd |  | 100 | 72 | 0.999 | 0.001 |
| 4:26-3rd |  | 100 | 75 | 0.997 | 0.003 |
| 4:16-3rd |  | 100 | 75 | 0.996 | 0.004 |
| 4:12-3rd |  | 100 | 77 | 0.995 | 0.005 |
| 3:52-3rd |  | 100 | 77 | 0.994 | 0.006 |
| 3:50-3rd |  | 100 | 77 | 0.994 | 0.006 |
| 3:43-3rd |  | 100 | 77 | 0.995 | 0.005 |
| 3:41-3rd |  | 100 | 77 | 0.994 | 0.006 |
| 3:27-3rd |  | 102 | 77 | 0.997 | 0.003 |
| 3:13-3rd |  | 102 | 80 | 0.995 | 0.005 |
| 2:57-3rd |  | 104 | 80 | 0.996 | 0.004 |
| 2:51-3rd |  | 104 | 81 | 0.996 | 0.004 |
| 2:49-3rd |  | 104 | 81 | 0.996 | 0.004 |
| 2:37-3rd |  | 104 | 81 | 0.996 | 0.004 |
| 2:35-3rd |  | 104 | 81 | 0.995 | 0.005 |
| 2:27-3rd |  | 104 | 81 | 0.996 | 0.004 |
| 2:25-3rd |  | 104 | 81 | 0.997 | 0.003 |
| 2:17-3rd |  | 104 | 81 | 0.996 | 0.004 |
| 2:15-3rd |  | 104 | 81 | 0.996 | 0.004 |
| 1:54-3rd |  | 104 | 81 | 0.997 | 0.003 |
| 1:50-3rd |  | 104 | 81 | 0.997 | 0.003 |
| 1:43-3rd |  | 104 | 81 | 0.996 | 0.004 |
| 1:31-3rd |  | 104 | 81 | 0.997 | 0.003 |
| 1:29-3rd |  | 104 | 81 | 0.998 | 0.002 |
| 1:24-3rd |  | 106 | 81 | 0.998 | 0.002 |
| 1:13-3rd |  | 106 | 82 | 0.999 | 0.001 |
| 1:04-3rd |  | 106 | 84 | 0.997 | 0.003 |
| 53.2-3rd |  | 106 | 86 | 0.994 | 0.006 |
| 40.8-3rd |  | 106 | 86 | 0.993 | 0.007 |
| 37.8-3rd |  | 106 | 86 | 0.992 | 0.008 |
| 22.5-3rd |  | 106 | 89 | 0.986 | 0.014 |
| 6.8-3rd |  | 109 | 89 | 0.993 | 0.007 |
| 0.0-3rd |  | 109 | 89 | 0.993 | 0.007 |
| 12:00-4th |  | 109 | 89 | 0.993 | 0.007 |
| 11:42-4th |  | 111 | 89 | 0.997 | 0.003 |
| 11:29-4th |  | 111 | 89 | 0.998 | 0.002 |
| 11:26-4th |  | 111 | 89 | 0.999 | 0.001 |
| 11:18-4th |  | 111 | 89 | 0.998 | 0.002 |
| 11:16-4th |  | 111 | 89 | 0.997 | 0.003 |
| 10:58-4th |  | 111 | 89 | 0.998 | 0.002 |
| 10:56-4th |  | 111 | 89 | 0.999 | 0.001 |
| 10:48-4th |  | 114 | 89 | 0.999 | 0.001 |
| 10:36-4th |  | 114 | 91 | 0.999 | 0.001 |
| 10:28-4th |  | 114 | 91 | 0.999 | 0.001 |
| 10:26-4th |  | 114 | 91 | 0.999 | 0.001 |
| 10:15-4th |  | 114 | 91 | 0.999 | 0.001 |
| 10:11-4th |  | 114 | 91 | 0.999 | 0.001 |
| 10:00-4th |  | 114 | 91 | 0.999 | 0.001 |
| 9:56-4th |  | 114 | 91 | 0.999 | 0.001 |
| 9:47-4th |  | 114 | 94 | 0.998 | 0.002 |
| 9:40-4th |  | 114 | 94 | 0.996 | 0.004 |
| 9:32-4th |  | 114 | 94 | 0.998 | 0.002 |
| 9:26-4th |  | 114 | 94 | 0.997 | 0.003 |
| 9:04-4th |  | 114 | 94 | 0.998 | 0.002 |
| 9:02-4th |  | 114 | 94 | 0.997 | 0.003 |
| 8:59-4th |  | 114 | 96 | 0.996 | 0.004 |
| 8:41-4th |  | 114 | 96 | 0.995 | 0.005 |
| 8:40-4th |  | 114 | 96 | 0.993 | 0.007 |
| 8:25-4th |  | 114 | 98 | 0.991 | 0.009 |
| 8:07-4th |  | 114 | 98 | 0.992 | 0.008 |
| 8:02-4th |  | 116 | 98 | 0.995 | 0.005 |
| 7:45-4th |  | 116 | 100 | 0.993 | 0.007 |
| 7:27-4th |  | 118 | 100 | 0.996 | 0.004 |
| 7:19-4th |  | 118 | 100 | 0.991 | 0.009 |
| 7:11-4th |  | 118 | 103 | 0.991 | 0.009 |
| 6:49-4th |  | 118 | 103 | 0.988 | 0.012 |
| 6:46-4th |  | 118 | 103 | 0.988 | 0.012 |
| 6:34-4th |  | 118 | 103 | 0.992 | 0.008 |
| 6:30-4th |  | 118 | 103 | 0.993 | 0.007 |
| 6:17-4th |  | 118 | 103 | 0.99 | 0.01 |
| 6:15-4th |  | 118 | 103 | 0.993 | 0.007 |
| 6:13-4th |  | 118 | 103 | 0.99 | 0.01 |
| 6:07-4th |  | 118 | 105 | 0.985 | 0.015 |
| 5:45-4th |  | 118 | 105 | 0.982 | 0.018 |
| 5:43-4th |  | 118 | 105 | 0.98 | 0.02 |
| 5:31-4th |  | 118 | 108 | 0.963 | 0.037 |
| 5:29-4th |  | 118 | 108 | 0.963 | 0.037 |
| 5:05-4th |  | 121 | 108 | 0.984 | 0.016 |
| 4:40-4th |  | 121 | 108 | 0.991 | 0.009 |
| 4:35-4th |  | 121 | 108 | 0.992 | 0.008 |
| 4:28-4th |  | 121 | 108 | 0.989 | 0.011 |
| 4:26-4th |  | 121 | 108 | 0.988 | 0.012 |
| 4:09-4th |  | 121 | 108 | 0.993 | 0.007 |
| 4:07-4th |  | 121 | 108 | 0.995 | 0.005 |
| 3:54-4th |  | 124 | 108 | 0.998 | 0.002 |
| 3:31-4th |  | 124 | 108 | 0.999 | 0.001 |
| 3:27-4th |  | 127 | 108 | 0.999 | 0.001 |
| 3:25-4th |  | 127 | 108 | 0.999 | 0.001 |
| 3:14-4th |  | 127 | 111 | 0.999 | 0.001 |
| 2:46-4th |  | 127 | 111 | 0.999 | 0.001 |
| 2:44-4th |  | 127 | 111 | 0.999 | 0.001 |
| 2:39-4th |  | 127 | 111 | 0.999 | 0.001 |
| 2:31-4th |  | 127 | 113 | 0.999 | 0.001 |
| 2:17-4th |  | 129 | 113 | 0.999 | 0.001 |
| 2:01-4th |  | 129 | 113 | 0.999 | 0.001 |
| 1:59-4th |  | 129 | 113 | 0.999 | 0.001 |
| 1:39-4th |  | 132 | 113 | 0.999 | 0.001 |
| 1:28-4th |  | 132 | 113 | 0.999 | 0.001 |
| 1:26-4th |  | 132 | 113 | 0.999 | 0.001 |
| 1:20-4th |  | 134 | 113 | 0.999 | 0.001 |
| 1:19-4th |  | 134 | 114 | 0.999 | 0.001 |
| 1:11-4th |  | 134 | 114 | 0.999 | 0.001 |
| 1:08-4th |  | 134 | 114 | 0.999 | 0.001 |
| 1:02-4th |  | 134 | 114 | 0.999 | 0.001 |
| 1:00-4th |  | 134 | 114 | 0.999 | 0.001 |
| 47.0-4th |  | 134 | 114 | 0.999 | 0.001 |
| 44.5-4th |  | 134 | 114 | 0.999 | 0.001 |
| 28.9-4th |  | 137 | 114 | 0.999 | 0.001 |
| 27.6-4th |  | 137 | 114 | 0.999 | 0.001 |
| 19.6-4th |  | 137 | 114 | 0.999 | 0.001 |
| 17.9-4th |  | 137 | 114 | 0.999 | 0.001 |
| 0.0-4th |  | 137 | 114 | 1.0 | 0.0 |

Question

Which event most likely happened at the marked missing position?

Answer Choices

A. Player 2 (Team A) makes 25-foot three pointer
B. Player 8 (Team A) lost ball turnover (Player 13 (Team A) steals)
C. Player 10 (Team A) blocks Player 16 (Team A) 's 4-foot driving floating jump shot
D. Player 11 (Team A) defensive rebound

Response Format

Return exactly one JSON object:

{
  "answer": "<A|B|C|D>",
  "rationale": "<brief evidence-based justification in 1-3 sentences>",
  "evidence_event_ids": [],
  "evidence_series_times": []
}

Use only event IDs and time labels that are provided above and that support the answer. Use an empty array when the corresponding evidence type is unavailable or unused. Return only the JSON object.
