Task

Reconstruct the missing event in this basketball game. Use the available numerical time-series evidence around the marked row to select the most likely event.

Game

Team A versus Team B, season 22-23.

Time Series

| Game time | Marker | Team A score | Team B score | Team A win probability | Team B win probability |
| --- | --- | --- | --- | --- | --- |
| 12:00-1st |  | 0.0 | 0.0 | 0.69 | 0.31 |
| 11:39-1st |  | 0.0 | 0.0 | 0.676 | 0.324 |
| 11:34-1st |  | 0.0 | 0.0 | 0.671 | 0.329 |
| 11:25-1st |  | 0.0 | 0.0 | 0.684 | 0.316 |
| 11:24-1st |  | 0.0 | 0.0 | 0.688 | 0.312 |
| 11:11-1st |  | 0.0 | 0.0 | 0.674 | 0.326 |
| 11:08-1st |  | 2.0 | 0.0 | 0.712 | 0.288 |
| 10:50-1st |  | 2.0 | 2.0 | 0.686 | 0.314 |
| 10:33-1st |  | 5.0 | 2.0 | 0.729 | 0.271 |
| 10:17-1st |  | 5.0 | 2.0 | 0.745 | 0.255 |
| 10:15-1st |  | 5.0 | 2.0 | 0.75 | 0.25 |
| 10:08-1st |  | 5.0 | 2.0 | 0.728 | 0.272 |
| 10:02-1st |  | 5.0 | 2.0 | 0.744 | 0.256 |
| 9:59-1st |  | 5.0 | 2.0 | 0.749 | 0.251 |
| 9:50-1st |  | 5.0 | 2.0 | 0.727 | 0.273 |
| 9:46-1st |  | 5.0 | 2.0 | 0.743 | 0.257 |
| 9:43-1st |  | 5.0 | 2.0 | 0.749 | 0.251 |
| 9:39-1st |  | 7.0 | 2.0 | 0.765 | 0.235 |
| 9:17-1st |  | 7.0 | 4.0 | 0.748 | 0.252 |
| 9:02-1st |  | 7.0 | 4.0 | 0.73 | 0.27 |
| 9:01-1st |  | 7.0 | 4.0 | 0.725 | 0.275 |
| 8:49-1st |  | 7.0 | 4.0 | 0.741 | 0.259 |
| 8:46-1st |  | 7.0 | 4.0 | 0.746 | 0.254 |
| 8:36-1st |  | 8.0 | 4.0 | 0.765 | 0.235 |
| 8:31-1st |  | 10.0 | 4.0 | 0.783 | 0.217 |
| 8:21-1st |  | 10.0 | 4.0 | 0.796 | 0.204 |
| 8:19-1st |  | 10.0 | 4.0 | 0.801 | 0.199 |
| 8:14-1st |  | 10.0 | 4.0 | 0.782 | 0.218 |
| 8:05-1st |  | 10.0 | 4.0 | 0.796 | 0.204 |
| 8:03-1st |  | 10.0 | 4.0 | 0.801 | 0.199 |
| 8:00-1st |  | 12.0 | 4.0 | 0.817 | 0.183 |
| 7:49-1st |  | 12.0 | 6.0 | 0.801 | 0.199 |
| 7:35-1st |  | 12.0 | 6.0 | 0.786 | 0.214 |
| 7:32-1st |  | 12.0 | 6.0 | 0.781 | 0.219 |
| 7:25-1st |  | 12.0 | 8.0 | 0.762 | 0.238 |
| 7:07-1st |  | 15.0 | 8.0 | 0.8 | 0.2 |
| 6:45-1st |  | 15.0 | 8.0 | 0.811 | 0.189 |
| 6:42-1st |  | 15.0 | 8.0 | 0.799 | 0.201 |
| 6:39-1st |  | 15.0 | 11.0 | 0.761 | 0.239 |
| 6:14-1st |  | 15.0 | 11.0 | 0.744 | 0.256 |
| 6:12-1st |  | 15.0 | 11.0 | 0.739 | 0.261 |
| 6:05-1st |  | 15.0 | 11.0 | 0.754 | 0.246 |
| 6:01-1st |  | 15.0 | 11.0 | 0.739 | 0.261 |
| 5:59-1st |  | 15.0 | 11.0 | 0.759 | 0.241 |
| 5:42-1st |  | 17.0 | 11.0 | 0.778 | 0.222 |
| 5:27-1st |  | 17.0 | 11.0 | 0.793 | 0.207 |
| 5:26-1st |  | 17.0 | 11.0 | 0.798 | 0.202 |
| 5:20-1st |  | 19.0 | 11.0 | 0.814 | 0.186 |
| 5:08-1st |  | 19.0 | 13.0 | 0.798 | 0.202 |
| 4:44-1st |  | 22.0 | 13.0 | 0.829 | 0.171 |
| 4:32-1st |  | 22.0 | 14.0 | 0.83 | 0.17 |
| 4:30-1st |  | 22.0 | 14.0 | 0.83 | 0.17 |
| 4:16-1st |  | 22.0 | 14.0 | 0.813 | 0.187 |
| 4:05-1st |  | 22.0 | 14.0 | 0.826 | 0.174 |
| 4:02-1st |  | 22.0 | 14.0 | 0.83 | 0.17 |
| 3:57-1st |  | 22.0 | 14.0 | 0.817 | 0.183 |
| 3:52-1st |  | 22.0 | 14.0 | 0.812 | 0.188 |
| 3:47-1st |  | 22.0 | 14.0 | 0.825 | 0.175 |
| 3:46-1st |  | 22.0 | 14.0 | 0.83 | 0.17 |
| 3:27-1st |  | 22.0 | 14.0 | 0.812 | 0.188 |
| 3:22-1st |  | 22.0 | 14.0 | 0.83 | 0.17 |
| 3:08-1st |  | 22.0 | 14.0 | 0.816 | 0.184 |
| 3:06-1st |  | 22.0 | 14.0 | 0.812 | 0.188 |
| 2:57-1st |  | 22.0 | 14.0 | 0.825 | 0.175 |
| 2:53-1st |  | 22.0 | 14.0 | 0.829 | 0.171 |
| 2:35-1st |  | 22.0 | 14.0 | 0.816 | 0.184 |
| 2:32-1st |  | 22.0 | 14.0 | 0.811 | 0.189 |
| 2:27-1st |  | 22.0 | 14.0 | 0.825 | 0.175 |
| 2:23-1st |  | 22.0 | 14.0 | 0.83 | 0.17 |
| 2:12-1st |  | 22.0 | 14.0 | 0.811 | 0.189 |
| 2:01-1st |  | 22.0 | 14.0 | 0.829 | 0.171 |
| 1:46-1st |  | 25.0 | 14.0 | 0.861 | 0.139 |
| 1:29-1st |  | 25.0 | 16.0 | 0.847 | 0.153 |
| 1:05-1st |  | 27.0 | 16.0 | 0.861 | 0.139 |
| 52.1-1st |  | 27.0 | 18.0 | 0.847 | 0.153 |
| 38.0-1st |  | 27.0 | 18.0 | 0.833 | 0.167 |
| 36.0-1st |  | 27.0 | 18.0 | 0.828 | 0.172 |
| 32.1-1st |  | 27.0 | 18.0 | 0.847 | 0.153 |
| 19.1-1st |  | 27.0 | 18.0 | 0.833 | 0.167 |
| 16.0-1st |  | 27.0 | 18.0 | 0.828 | 0.172 |
| 4.0-1st |  | 27.0 | 18.0 | 0.8 | 0.2 |
| 0.2-1st |  | 27.0 | 18.0 | 0.827 | 0.173 |
| 0.0-1st |  | 27.0 | 20.0 | 0.8 | 0.2 |
| 11:49-2nd |  | 27.0 | 23.0 | 0.751 | 0.249 |
| 11:37-2nd |  | 27.0 | 23.0 | 0.727 | 0.273 |
| 11:33-2nd |  | 27.0 | 25.0 | 0.702 | 0.298 |
| 11:20-2nd |  | 27.0 | 25.0 | 0.683 | 0.317 |
| 11:16-2nd |  | 27.0 | 25.0 | 0.676 | 0.324 |
| 11:03-2nd |  | 27.0 | 25.0 | 0.676 | 0.324 |
| 11:02-2nd |  | 27.0 | 25.0 | 0.701 | 0.299 |
| 10:39-2nd |  | 27.0 | 25.0 | 0.681 | 0.319 |
| 10:37-2nd |  | 27.0 | 25.0 | 0.674 | 0.326 |
| 10:26-2nd |  | 27.0 | 25.0 | 0.693 | 0.307 |
| 10:23-2nd |  | 27.0 | 25.0 | 0.699 | 0.301 |
| 10:20-2nd |  | 27.0 | 25.0 | 0.674 | 0.326 |
| 10:07-2nd |  | 27.0 | 25.0 | 0.674 | 0.326 |
| 10:00-2nd |  | 27.0 | 27.0 | 0.647 | 0.353 |
| 9:40-2nd |  | 27.0 | 27.0 | 0.623 | 0.377 |
| 9:39-2nd |  | 27.0 | 27.0 | 0.616 | 0.384 |
| 9:20-2nd |  | 27.0 | 29.0 | 0.585 | 0.415 |
| 9:04-2nd |  | 27.0 | 29.0 | 0.562 | 0.438 |
| 9:02-2nd |  | 27.0 | 29.0 | 0.554 | 0.446 |
| 8:56-2nd |  | 27.0 | 32.0 | 0.493 | 0.507 |
| 8:54-2nd |  | 27.0 | 32.0 | 0.492 | 0.508 |
| 8:44-2nd |  | 27.0 | 32.0 | 0.492 | 0.508 |
| 8:39-2nd |  | 30.0 | 32.0 | 0.553 | 0.447 |
| 8:22-2nd |  | 30.0 | 32.0 | 0.581 | 0.419 |
| 8:16-2nd |  | 30.0 | 32.0 | 0.551 | 0.449 |
| 7:58-2nd |  | 30.0 | 34.0 | 0.52 | 0.48 |
| 7:38-2nd |  | 33.0 | 34.0 | 0.578 | 0.422 |
| 7:26-2nd |  | 33.0 | 34.0 | 0.6 | 0.4 |
| 7:22-2nd |  | 33.0 | 34.0 | 0.608 | 0.392 |
| 7:18-2nd |  | 35.0 | 34.0 | 0.636 | 0.364 |
| 6:51-2nd |  | 35.0 | 34.0 | 0.656 | 0.344 |
| 6:48-2nd |  | 35.0 | 34.0 | 0.663 | 0.337 |
| 6:39-2nd |  | 37.0 | 34.0 | 0.688 | 0.312 |
| 6:28-2nd |  | 37.0 | 34.0 | 0.709 | 0.291 |
| 6:27-2nd |  | 37.0 | 34.0 | 0.688 | 0.312 |
| 6:17-2nd |  | 37.0 | 34.0 | 0.708 | 0.292 |
| 6:12-2nd |  | 37.0 | 34.0 | 0.715 | 0.285 |
| 5:56-2nd |  | 39.0 | 34.0 | 0.741 | 0.259 |
| 5:44-2nd |  | 39.0 | 34.0 | 0.759 | 0.241 |
| 5:42-2nd |  | 39.0 | 34.0 | 0.765 | 0.235 |
| 5:37-2nd |  | 39.0 | 34.0 | 0.766 | 0.234 |
| 5:32-2nd |  | 39.0 | 34.0 | 0.766 | 0.234 |
| 5:18-2nd |  | 41.0 | 34.0 | 0.804 | 0.196 |
| 5:16-2nd |  | 41.0 | 34.0 | 0.81 | 0.19 |
| 5:04-2nd |  | 41.0 | 34.0 | 0.792 | 0.208 |
| 5:03-2nd |  | 41.0 | 34.0 | 0.787 | 0.213 |
| 4:54-2nd |  | 41.0 | 34.0 | 0.804 | 0.196 |
| 4:53-2nd |  | 41.0 | 34.0 | 0.81 | 0.19 |
| 4:47-2nd |  | 43.0 | 34.0 | 0.828 | 0.172 |
| 4:38-2nd |  | 43.0 | 34.0 | 0.843 | 0.157 |
| 4:35-2nd |  | 43.0 | 34.0 | 0.848 | 0.152 |
| 4:34-2nd |  | 43.0 | 34.0 | 0.829 | 0.171 |
| 4:30-2nd |  | 43.0 | 36.0 | 0.809 | 0.191 |
| 4:29-2nd |  | 44.0 | 36.0 | 0.808 | 0.192 |
| 4:20-2nd |  | 44.0 | 36.0 | 0.823 | 0.177 |
| 4:16-2nd |  | 44.0 | 36.0 | 0.829 | 0.171 |
| 4:08-2nd |  | 46.0 | 36.0 | 0.85 | 0.15 |
| 3:53-2nd |  | 46.0 | 36.0 | 0.862 | 0.138 |
| 3:48-2nd |  | 46.0 | 38.0 | 0.829 | 0.171 |
| 3:32-2nd |  | 47.0 | 38.0 | 0.83 | 0.17 |
| 3:30-2nd |  | 47.0 | 38.0 | 0.83 | 0.17 |
| 3:07-2nd |  | 47.0 | 40.0 | 0.81 | 0.19 |
| 2:55-2nd |  | 49.0 | 40.0 | 0.831 | 0.169 |
| 2:44-2nd |  | 49.0 | 42.0 | 0.81 | 0.19 |
| 2:33-2nd |  | 51.0 | 42.0 | 0.832 | 0.168 |
| 2:20-2nd |  | 49.0 | 44.0 | 0.764 | 0.236 |
| 2:14-2nd |  | 49.0 | 44.0 | 0.764 | 0.236 |
| 1:55-2nd | TARGET | 54.0 | 44.0 | 0.853 | 0.147 |
| 1:33-2nd |  | 52.0 | 44.0 | 0.831 | 0.169 |
| 1:31-2nd |  | 55.0 | 44.0 | 0.869 | 0.131 |
| 1:30-2nd |  | 55.0 | 44.0 | 0.869 | 0.131 |
| 1:20-2nd |  | 55.0 | 44.0 | 0.883 | 0.117 |
| 1:19-2nd |  | 55.0 | 44.0 | 0.888 | 0.112 |
| 1:17-2nd |  | 56.0 | 44.0 | 0.887 | 0.113 |
| 1:01-2nd |  | 56.0 | 44.0 | 0.9 | 0.1 |
| 58.1-2nd |  | 56.0 | 44.0 | 0.904 | 0.096 |
| 55.1-2nd |  | 56.0 | 44.0 | 0.887 | 0.113 |
| 40.0-2nd |  | 56.0 | 44.0 | 0.901 | 0.099 |
| 37.1-2nd |  | 56.0 | 44.0 | 0.905 | 0.095 |
| 27.1-2nd |  | 56.0 | 44.0 | 0.893 | 0.107 |
| 24.0-2nd |  | 56.0 | 44.0 | 0.888 | 0.112 |
| 5.1-2nd |  | 56.0 | 47.0 | 0.857 | 0.143 |
| 0.0-2nd |  | 56.0 | 47.0 | 0.844 | 0.156 |
| 12:00-3rd |  | 56.0 | 47.0 | 0.838 | 0.162 |
| 11:52-3rd |  | 56.0 | 49.0 | 0.817 | 0.183 |
| 11:31-3rd |  | 59.0 | 49.0 | 0.854 | 0.146 |
| 11:17-3rd |  | 59.0 | 49.0 | 0.871 | 0.129 |
| 11:12-3rd |  | 59.0 | 49.0 | 0.876 | 0.124 |
| 11:09-3rd |  | 61.0 | 49.0 | 0.894 | 0.106 |
| 10:57-3rd |  | 61.0 | 49.0 | 0.905 | 0.095 |
| 10:50-3rd |  | 61.0 | 51.0 | 0.877 | 0.123 |
| 10:33-3rd |  | 64.0 | 51.0 | 0.912 | 0.088 |
| 10:15-3rd |  | 64.0 | 51.0 | 0.92 | 0.08 |
| 10:12-3rd |  | 64.0 | 51.0 | 0.923 | 0.077 |
| 9:55-3rd |  | 66.0 | 51.0 | 0.937 | 0.063 |
| 9:43-3rd |  | 66.0 | 53.0 | 0.925 | 0.075 |
| 9:32-3rd |  | 69.0 | 53.0 | 0.948 | 0.052 |
| 9:17-3rd |  | 69.0 | 53.0 | 0.957 | 0.043 |
| 9:12-3rd |  | 69.0 | 53.0 | 0.949 | 0.051 |
| 8:59-3rd |  | 69.0 | 53.0 | 0.956 | 0.044 |
| 8:58-3rd |  | 69.0 | 53.0 | 0.958 | 0.042 |
| 8:50-3rd |  | 69.0 | 53.0 | 0.959 | 0.041 |
| 8:46-3rd |  | 72.0 | 53.0 | 0.972 | 0.028 |
| 8:35-3rd |  | 72.0 | 55.0 | 0.967 | 0.033 |
| 8:11-3rd |  | 74.0 | 55.0 | 0.974 | 0.026 |
| 8:01-3rd |  | 74.0 | 56.0 | 0.974 | 0.026 |
| 7:48-3rd |  | 74.0 | 56.0 | 0.968 | 0.032 |
| 7:42-3rd |  | 74.0 | 56.0 | 0.973 | 0.027 |
| 7:38-3rd |  | 74.0 | 56.0 | 0.975 | 0.025 |
| 7:30-3rd |  | 76.0 | 56.0 | 0.98 | 0.02 |
| 7:14-3rd |  | 76.0 | 56.0 | 0.984 | 0.016 |
| 7:11-3rd |  | 76.0 | 56.0 | 0.985 | 0.015 |
| 7:05-3rd |  | 78.0 | 56.0 | 0.989 | 0.011 |
| 6:53-3rd |  | 78.0 | 58.0 | 0.986 | 0.014 |
| 6:43-3rd |  | 81.0 | 58.0 | 0.993 | 0.007 |
| 6:34-3rd |  | 81.0 | 58.0 | 0.992 | 0.008 |
| 6:18-3rd |  | 81.0 | 58.0 | 0.993 | 0.007 |
| 6:15-3rd |  | 81.0 | 58.0 | 0.994 | 0.006 |
| 6:06-3rd |  | 83.0 | 58.0 | 0.996 | 0.004 |
| 5:58-3rd |  | 83.0 | 59.0 | 0.996 | 0.004 |
| 5:54-3rd |  | 83.0 | 59.0 | 0.996 | 0.004 |
| 5:45-3rd |  | 83.0 | 59.0 | 0.995 | 0.005 |
| 5:43-3rd |  | 83.0 | 59.0 | 0.994 | 0.006 |
| 5:36-3rd |  | 83.0 | 59.0 | 0.996 | 0.004 |
| 5:34-3rd |  | 83.0 | 59.0 | 0.996 | 0.004 |
| 5:31-3rd |  | 83.0 | 59.0 | 0.995 | 0.005 |
| 5:14-3rd |  | 83.0 | 61.0 | 0.993 | 0.007 |
| 4:56-3rd |  | 83.0 | 61.0 | 0.992 | 0.008 |
| 4:53-3rd |  | 83.0 | 61.0 | 0.991 | 0.009 |
| 4:44-3rd |  | 83.0 | 61.0 | 0.993 | 0.007 |
| 4:43-3rd |  | 83.0 | 61.0 | 0.994 | 0.006 |
| 4:38-3rd |  | 83.0 | 61.0 | 0.994 | 0.006 |
| 4:31-3rd |  | 83.0 | 61.0 | 0.992 | 0.008 |
| 4:28-3rd |  | 83.0 | 61.0 | 0.992 | 0.008 |
| 4:25-3rd |  | 83.0 | 63.0 | 0.994 | 0.006 |
| 4:07-3rd |  | 83.0 | 63.0 | 0.987 | 0.013 |
| 3:59-3rd |  | 86.0 | 63.0 | 0.995 | 0.005 |
| 3:44-3rd |  | 86.0 | 63.0 | 0.996 | 0.004 |
| 3:28-3rd |  | 86.0 | 63.0 | 0.996 | 0.004 |
| 3:26-3rd |  | 86.0 | 63.0 | 0.995 | 0.005 |
| 3:15-3rd |  | 86.0 | 63.0 | 0.997 | 0.003 |
| 3:11-3rd |  | 88.0 | 63.0 | 0.998 | 0.002 |
| 2:59-3rd |  | 88.0 | 63.0 | 0.998 | 0.002 |
| 2:54-3rd |  | 88.0 | 63.0 | 0.998 | 0.002 |
| 2:51-3rd |  | 88.0 | 63.0 | 0.999 | 0.001 |
| 2:48-3rd |  | 88.0 | 63.0 | 0.999 | 0.001 |
| 2:40-3rd |  | 88.0 | 63.0 | 0.998 | 0.002 |
| 2:29-3rd |  | 88.0 | 63.0 | 0.999 | 0.001 |
| 2:25-3rd |  | 88.0 | 63.0 | 0.998 | 0.002 |
| 2:24-3rd |  | 88.0 | 63.0 | 0.999 | 0.001 |
| 2:16-3rd |  | 91.0 | 63.0 | 0.999 | 0.001 |
| 2:09-3rd |  | 91.0 | 63.0 | 0.999 | 0.001 |
| 2:01-3rd |  | 91.0 | 63.0 | 0.999 | 0.001 |
| 1:56-3rd |  | 91.0 | 63.0 | 0.999 | 0.001 |
| 1:54-3rd |  | 91.0 | 66.0 | 0.999 | 0.001 |
| 1:33-3rd |  | 93.0 | 66.0 | 0.999 | 0.001 |
| 1:18-3rd |  | 93.0 | 68.0 | 0.999 | 0.001 |
| 1:16-3rd |  | 93.0 | 68.0 | 0.999 | 0.001 |
| 57.1-3rd |  | 96.0 | 68.0 | 0.999 | 0.001 |
| 45.0-3rd |  | 96.0 | 68.0 | 0.999 | 0.001 |
| 42.0-3rd |  | 96.0 | 68.0 | 0.999 | 0.001 |
| 40.1-3rd |  | 98.0 | 68.0 | 0.999 | 0.001 |
| 34.1-3rd |  | 98.0 | 71.0 | 0.999 | 0.001 |
| 19.0-3rd |  | 98.0 | 71.0 | 0.999 | 0.001 |
| 17.1-3rd |  | 98.0 | 71.0 | 0.999 | 0.001 |
| 17.0-3rd |  | 98.0 | 71.0 | 0.999 | 0.001 |
| 14.0-3rd |  | 98.0 | 73.0 | 0.999 | 0.001 |
| 0.1-3rd |  | 98.0 | 73.0 | 0.999 | 0.001 |
| 0.0-3rd |  | 98.0 | 73.0 | 0.999 | 0.001 |
| 12:00-4th |  | 98.0 | 73.0 | 0.999 | 0.001 |
| 11:44-4th |  | 98.0 | 73.0 | 0.999 | 0.001 |
| 11:41-4th |  | 98.0 | 73.0 | 0.999 | 0.001 |
| 11:31-4th |  | 98.0 | 75.0 | 0.999 | 0.001 |
| 11:10-4th |  | 98.0 | 75.0 | 0.998 | 0.002 |
| 10:59-4th |  | 98.0 | 75.0 | 0.999 | 0.001 |
| 10:54-4th |  | 100.0 | 75.0 | 0.999 | 0.001 |
| 10:35-4th |  | 100.0 | 75.0 | 0.999 | 0.001 |
| 10:34-4th |  | 100.0 | 75.0 | 0.999 | 0.001 |
| 10:27-4th |  | 102.0 | 75.0 | 0.999 | 0.001 |
| 10:14-4th |  | 102.0 | 77.0 | 0.999 | 0.001 |
| 9:54-4th |  | 102.0 | 77.0 | 0.999 | 0.001 |
| 9:46-4th |  | 102.0 | 80.0 | 0.999 | 0.001 |
| 9:28-4th |  | 105.0 | 80.0 | 0.999 | 0.001 |
| 9:07-4th |  | 105.0 | 82.0 | 0.999 | 0.001 |
| 8:56-4th |  | 105.0 | 82.0 | 0.999 | 0.001 |
| 8:46-4th |  | 105.0 | 82.0 | 0.999 | 0.001 |
| 8:44-4th |  | 105.0 | 82.0 | 0.999 | 0.001 |
| 8:35-4th |  | 105.0 | 82.0 | 0.999 | 0.001 |
| 8:33-4th |  | 105.0 | 82.0 | 0.999 | 0.001 |
| 8:24-4th |  | 105.0 | 82.0 | 0.999 | 0.001 |
| 8:20-4th |  | 105.0 | 82.0 | 0.999 | 0.001 |
| 8:14-4th |  | 105.0 | 82.0 | 0.999 | 0.001 |
| 8:08-4th |  | 105.0 | 82.0 | 0.999 | 0.001 |
| 7:58-4th |  | 105.0 | 82.0 | 0.999 | 0.001 |
| 7:53-4th |  | 105.0 | 82.0 | 0.999 | 0.001 |
| 7:41-4th |  | 108.0 | 82.0 | 0.999 | 0.001 |
| 7:30-4th |  | 108.0 | 82.0 | 0.999 | 0.001 |
| 7:26-4th |  | 108.0 | 82.0 | 0.999 | 0.001 |
| 7:22-4th |  | 108.0 | 82.0 | 0.999 | 0.001 |
| 7:20-4th |  | 108.0 | 82.0 | 0.999 | 0.001 |
| 7:06-4th |  | 108.0 | 82.0 | 0.999 | 0.001 |
| 6:54-4th |  | 108.0 | 82.0 | 0.999 | 0.001 |
| 6:50-4th |  | 108.0 | 82.0 | 0.999 | 0.001 |
| 6:38-4th |  | 108.0 | 82.0 | 0.999 | 0.001 |
| 6:25-4th |  | 108.0 | 84.0 | 0.999 | 0.001 |
| 6:15-4th |  | 110.0 | 84.0 | 0.999 | 0.001 |
| 6:13-4th |  | 110.0 | 84.0 | 0.999 | 0.001 |
| 6:00-4th |  | 110.0 | 84.0 | 0.999 | 0.001 |
| 5:57-4th |  | 110.0 | 84.0 | 0.999 | 0.001 |
| 5:55-4th |  | 110.0 | 84.0 | 0.999 | 0.001 |
| 5:51-4th |  | 110.0 | 86.0 | 0.999 | 0.001 |
| 5:42-4th |  | 110.0 | 86.0 | 0.999 | 0.001 |
| 5:34-4th |  | 110.0 | 88.0 | 0.999 | 0.001 |
| 5:22-4th |  | 110.0 | 88.0 | 0.999 | 0.001 |
| 5:19-4th |  | 110.0 | 88.0 | 0.999 | 0.001 |
| 5:10-4th |  | 110.0 | 90.0 | 0.999 | 0.001 |
| 4:50-4th |  | 110.0 | 90.0 | 0.999 | 0.001 |
| 4:46-4th |  | 110.0 | 90.0 | 0.999 | 0.001 |
| 4:27-4th |  | 110.0 | 92.0 | 0.999 | 0.001 |
| 4:09-4th |  | 113.0 | 92.0 | 0.999 | 0.001 |
| 3:56-4th |  | 113.0 | 94.0 | 0.999 | 0.001 |
| 3:41-4th |  | 115.0 | 94.0 | 0.999 | 0.001 |
| 3:32-4th |  | 115.0 | 94.0 | 0.999 | 0.001 |
| 3:29-4th |  | 115.0 | 94.0 | 0.999 | 0.001 |
| 3:15-4th |  | 115.0 | 94.0 | 0.999 | 0.001 |
| 3:14-4th |  | 115.0 | 94.0 | 0.999 | 0.001 |
| 3:01-4th |  | 115.0 | 94.0 | 0.999 | 0.001 |
| 3:00-4th |  | 115.0 | 94.0 | 0.999 | 0.001 |
| 2:55-4th |  | 115.0 | 94.0 | 0.999 | 0.001 |
| 2:44-4th |  | 115.0 | 94.0 | 0.999 | 0.001 |
| 2:38-4th |  | 115.0 | 94.0 | 0.999 | 0.001 |
| 2:30-4th |  | 115.0 | 96.0 | 0.999 | 0.001 |
| 2:14-4th |  | 117.0 | 96.0 | 0.999 | 0.001 |
| 1:58-4th |  | 117.0 | 96.0 | 0.999 | 0.001 |
| 1:57-4th |  | 117.0 | 96.0 | 0.999 | 0.001 |
| 1:50-4th |  | 117.0 | 96.0 | 0.999 | 0.001 |
| 1:47-4th |  | 117.0 | 96.0 | 0.999 | 0.001 |
| 1:28-4th |  | 117.0 | 96.0 | 0.999 | 0.001 |
| 1:16-4th |  | 117.0 | 96.0 | 0.999 | 0.001 |
| 1:10-4th |  | 117.0 | 96.0 | 0.999 | 0.001 |
| 58.2-4th |  | 117.0 | 98.0 | 0.999 | 0.001 |
| 42.0-4th |  | 117.0 | 98.0 | 0.999 | 0.001 |
| 34.0-4th |  | 117.0 | 100.0 | 0.999 | 0.001 |
| 23.1-4th |  | 119.0 | 100.0 | 0.999 | 0.001 |
| 0.0-4th |  | 119.0 | 100.0 | 1.0 | 0.0 |

Question

Which event most likely happened at the marked missing position?

Answer Choices

A. Player 7 (Team B) blocks Player 14 (Team A) 's 4-foot driving layup
B. Player 3 (Team A) makes 26-foot step back jumpshot
C. Player 11 (Team B) offensive rebound
D. Player 10 (Team A) misses 28-foot three point pullup jump shot

Response Format

Return exactly one JSON object:

{
  "answer": "<A|B|C|D>",
  "rationale": "<brief evidence-based justification in 1-3 sentences>",
  "evidence_event_ids": [],
  "evidence_series_times": []
}

Use only event IDs and time labels that are provided above and that support the answer. Use an empty array when the corresponding evidence type is unavailable or unused. Return only the JSON object.
