Task

Reconstruct the missing event in this basketball game. Use the available numerical time-series evidence around the marked row to select the most likely event.

Game

Team A versus Team B, season 22-23.

Time Series

| Game time | Marker | Team A score | Team B score | Team A win probability | Team B win probability |
| --- | --- | --- | --- | --- | --- |
| 12:00-1st |  | 0 | 0 | 0.447 | 0.553 |
| 11:39-1st |  | 0 | 2 | 0.419 | 0.581 |
| 11:12-1st |  | 0 | 2 | 0.396 | 0.604 |
| 10:58-1st |  | 0 | 5 | 0.35 | 0.65 |
| 10:47-1st |  | 3 | 5 | 0.396 | 0.604 |
| 10:36-1st |  | 3 | 8 | 0.35 | 0.65 |
| 10:23-1st |  | 5 | 8 | 0.37 | 0.63 |
| 10:07-1st |  | 5 | 10 | 0.349 | 0.651 |
| 9:57-1st |  | 5 | 10 | 0.326 | 0.674 |
| 9:43-1st |  | 5 | 10 | 0.349 | 0.651 |
| 9:30-1st |  | 5 | 10 | 0.332 | 0.668 |
| 9:27-1st |  | 5 | 10 | 0.326 | 0.674 |
| 9:22-1st |  | 5 | 12 | 0.301 | 0.699 |
| 9:05-1st |  | 7 | 12 | 0.325 | 0.675 |
| 8:55-1st |  | 7 | 14 | 0.3 | 0.7 |
| 8:28-1st |  | 7 | 14 | 0.285 | 0.715 |
| 8:26-1st |  | 7 | 14 | 0.28 | 0.72 |
| 8:19-1st |  | 7 | 16 | 0.258 | 0.742 |
| 8:06-1st |  | 9 | 16 | 0.28 | 0.72 |
| 7:54-1st |  | 9 | 18 | 0.257 | 0.743 |
| 7:37-1st |  | 11 | 18 | 0.28 | 0.72 |
| 7:25-1st |  | 11 | 21 | 0.236 | 0.764 |
| 7:08-1st |  | 13 | 21 | 0.255 | 0.745 |
| 6:49-1st |  | 13 | 21 | 0.272 | 0.728 |
| 6:47-1st |  | 13 | 21 | 0.254 | 0.746 |
| 6:46-1st |  | 13 | 23 | 0.235 | 0.765 |
| 6:36-1st |  | 13 | 23 | 0.219 | 0.781 |
| 6:32-1st |  | 13 | 23 | 0.214 | 0.786 |
| 6:25-1st |  | 13 | 26 | 0.177 | 0.823 |
| 6:09-1st |  | 13 | 26 | 0.177 | 0.823 |
| 5:59-1st |  | 13 | 26 | 0.164 | 0.836 |
| 5:56-1st |  | 13 | 26 | 0.16 | 0.84 |
| 5:47-1st |  | 13 | 29 | 0.13 | 0.87 |
| 5:29-1st |  | 13 | 29 | 0.118 | 0.882 |
| 5:26-1st |  | 13 | 29 | 0.114 | 0.886 |
| 5:22-1st |  | 13 | 29 | 0.13 | 0.87 |
| 5:19-1st |  | 15 | 29 | 0.143 | 0.857 |
| 5:05-1st |  | 15 | 31 | 0.129 | 0.871 |
| 4:55-1st |  | 15 | 31 | 0.117 | 0.883 |
| 4:52-1st |  | 15 | 31 | 0.113 | 0.887 |
| 4:46-1st |  | 15 | 31 | 0.128 | 0.872 |
| 4:26-1st |  | 18 | 31 | 0.157 | 0.843 |
| 4:00-1st |  | 18 | 31 | 0.168 | 0.832 |
| 3:55-1st |  | 18 | 31 | 0.16 | 0.84 |
| 3:52-1st |  | 18 | 31 | 0.155 | 0.845 |
| 3:51-1st |  | 18 | 31 | 0.155 | 0.845 |
| 3:38-1st |  | 18 | 33 | 0.139 | 0.861 |
| 3:17-1st |  | 18 | 33 | 0.124 | 0.876 |
| 3:14-1st |  | 18 | 35 | 0.111 | 0.889 |
| 2:51-1st |  | 21 | 35 | 0.137 | 0.863 |
| 2:42-1st |  | 21 | 35 | 0.137 | 0.863 |
| 2:31-1st |  | 21 | 37 | 0.123 | 0.877 |
| 2:09-1st |  | 21 | 37 | 0.11 | 0.89 |
| 2:06-1st |  | 21 | 37 | 0.106 | 0.894 |
| 2:02-1st |  | 21 | 39 | 0.095 | 0.905 |
| 1:39-1st |  | 21 | 39 | 0.086 | 0.914 |
| 1:35-1st |  | 21 | 39 | 0.094 | 0.906 |
| 1:33-1st |  | 21 | 39 | 0.086 | 0.914 |
| 1:30-1st |  | 21 | 39 | 0.083 | 0.917 |
| 1:23-1st |  | 21 | 39 | 0.083 | 0.917 |
| 1:19-1st |  | 21 | 39 | 0.093 | 0.907 |
| 1:16-1st |  | 21 | 39 | 0.093 | 0.907 |
| 1:11-1st |  | 23 | 39 | 0.104 | 0.896 |
| 58.1-1st |  | 23 | 39 | 0.087 | 0.913 |
| 49.2-1st |  | 23 | 39 | 0.118 | 0.882 |
| 47.1-1st |  | 23 | 39 | 0.118 | 0.882 |
| 32.1-1st |  | 23 | 39 | 0.141 | 0.859 |
| 17.1-1st |  | 23 | 39 | 0.104 | 0.896 |
| 13.0-1st |  | 23 | 39 | 0.114 | 0.886 |
| 10.1-1st |  | 23 | 41 | 0.091 | 0.909 |
| 2.1-1st |  | 26 | 41 | 0.118 | 0.882 |
| 0.1-1st |  | 26 | 41 | 0.118 | 0.882 |
| 0.0-1st |  | 26 | 41 | 0.128 | 0.872 |
| 12:00-2nd |  | 26 | 41 | 0.128 | 0.872 |
| 11:43-2nd |  | 26 | 41 | 0.117 | 0.883 |
| 11:40-2nd |  | 26 | 41 | 0.126 | 0.874 |
| 11:33-2nd |  | 28 | 41 | 0.145 | 0.855 |
| 11:18-2nd |  | 28 | 41 | 0.157 | 0.843 |
| 11:15-2nd |  | 28 | 41 | 0.161 | 0.839 |
| 11:09-2nd |  | 28 | 41 | 0.144 | 0.856 |
| 10:57-2nd |  | 31 | 41 | 0.198 | 0.802 |
| 10:44-2nd |  | 31 | 43 | 0.177 | 0.823 |
| 10:21-2nd |  | 33 | 43 | 0.196 | 0.804 |
| 10:09-2nd |  | 33 | 45 | 0.176 | 0.824 |
| 9:52-2nd |  | 33 | 45 | 0.156 | 0.844 |
| 9:40-2nd |  | 33 | 46 | 0.158 | 0.842 |
| 9:37-2nd |  | 33 | 46 | 0.139 | 0.861 |
| 9:31-2nd |  | 33 | 49 | 0.109 | 0.891 |
| 9:11-2nd |  | 33 | 49 | 0.099 | 0.901 |
| 9:08-2nd |  | 33 | 49 | 0.108 | 0.892 |
| 9:05-2nd |  | 33 | 49 | 0.108 | 0.892 |
| 8:58-2nd |  | 35 | 49 | 0.123 | 0.877 |
| 8:46-2nd |  | 35 | 49 | 0.134 | 0.866 |
| 8:44-2nd |  | 35 | 49 | 0.137 | 0.863 |
| 8:28-2nd |  | 37 | 49 | 0.154 | 0.846 |
| 8:17-2nd |  | 37 | 49 | 0.155 | 0.845 |
| 8:08-2nd |  | 37 | 51 | 0.136 | 0.864 |
| 7:44-2nd |  | 37 | 51 | 0.124 | 0.876 |
| 7:41-2nd |  | 37 | 51 | 0.12 | 0.88 |
| 7:35-2nd |  | 37 | 51 | 0.131 | 0.869 |
| 7:32-2nd |  | 37 | 51 | 0.134 | 0.866 |
| 7:19-2nd |  | 37 | 51 | 0.118 | 0.882 |
| 7:15-2nd |  | 37 | 53 | 0.104 | 0.896 |
| 6:58-2nd |  | 39 | 53 | 0.117 | 0.883 |
| 6:45-2nd |  | 39 | 55 | 0.102 | 0.898 |
| 6:28-2nd |  | 39 | 55 | 0.087 | 0.913 |
| 6:24-2nd |  | 39 | 57 | 0.075 | 0.925 |
| 5:56-2nd |  | 41 | 57 | 0.085 | 0.915 |
| 5:50-2nd |  | 41 | 57 | 0.086 | 0.914 |
| 5:44-2nd |  | 41 | 59 | 0.074 | 0.926 |
| 5:24-2nd |  | 41 | 59 | 0.065 | 0.935 |
| 5:20-2nd |  | 41 | 59 | 0.062 | 0.938 |
| 5:06-2nd |  | 41 | 61 | 0.053 | 0.947 |
| 4:56-2nd |  | 41 | 61 | 0.053 | 0.947 |
| 4:50-2nd |  | 41 | 61 | 0.044 | 0.956 |
| 4:30-2nd |  | 41 | 61 | 0.049 | 0.951 |
| 4:26-2nd |  | 41 | 61 | 0.051 | 0.949 |
| 4:18-2nd |  | 44 | 61 | 0.069 | 0.931 |
| 4:03-2nd |  | 44 | 63 | 0.059 | 0.941 |
| 3:49-2nd |  | 47 | 63 | 0.079 | 0.921 |
| 3:44-2nd |  | 47 | 63 | 0.092 | 0.908 |
| 3:37-2nd |  | 47 | 63 | 0.114 | 0.886 |
| 3:27-2nd |  | 47 | 63 | 0.08 | 0.92 |
| 3:25-2nd |  | 47 | 63 | 0.09 | 0.91 |
| 3:16-2nd |  | 47 | 63 | 0.076 | 0.924 |
| 3:07-2nd |  | 47 | 65 | 0.066 | 0.934 |
| 2:44-2nd |  | 47 | 65 | 0.056 | 0.944 |
| 2:33-2nd |  | 49 | 65 | 0.073 | 0.927 |
| 2:17-2nd |  | 49 | 67 | 0.063 | 0.937 |
| 1:57-2nd |  | 51 | 67 | 0.071 | 0.929 |
| 1:45-2nd |  | 51 | 67 | 0.081 | 0.919 |
| 1:42-2nd |  | 51 | 67 | 0.084 | 0.916 |
| 1:36-2nd |  | 51 | 67 | 0.073 | 0.927 |
| 1:33-2nd |  | 51 | 67 | 0.07 | 0.93 |
| 1:22-2nd |  | 51 | 67 | 0.08 | 0.92 |
| 1:19-2nd |  | 51 | 67 | 0.083 | 0.917 |
| 1:11-2nd |  | 51 | 67 | 0.068 | 0.932 |
| 51.1-2nd |  | 51 | 69 | 0.059 | 0.941 |
| 34.1-2nd |  | 53 | 69 | 0.066 | 0.934 |
| 26.1-2nd |  | 53 | 69 | 0.077 | 0.923 |
| 23.1-2nd |  | 53 | 69 | 0.08 | 0.92 |
| 2.1-2nd |  | 53 | 69 | 0.067 | 0.933 |
| 0.0-2nd |  | 53 | 69 | 0.073 | 0.927 |
| 12:00-3rd |  | 53 | 69 | 0.073 | 0.927 |
| 11:42-3rd |  | 56 | 69 | 0.107 | 0.893 |
| 11:29-3rd |  | 56 | 69 | 0.115 | 0.885 |
| 11:26-3rd |  | 56 | 69 | 0.118 | 0.882 |
| 11:21-3rd |  | 56 | 69 | 0.108 | 0.892 |
| 11:17-3rd |  | 56 | 69 | 0.105 | 0.895 |
| 11:15-3rd |  | 56 | 69 | 0.117 | 0.883 |
| 10:59-3rd |  | 56 | 69 | 0.106 | 0.894 |
| 10:55-3rd |  | 56 | 69 | 0.103 | 0.897 |
| 10:36-3rd |  | 56 | 69 | 0.114 | 0.886 |
| 10:17-3rd |  | 56 | 69 | 0.103 | 0.897 |
| 10:13-3rd |  | 56 | 69 | 0.099 | 0.901 |
| 10:09-3rd |  | 56 | 71 | 0.083 | 0.917 |
| 9:47-3rd |  | 58 | 71 | 0.097 | 0.903 |
| 9:22-3rd |  | 58 | 71 | 0.106 | 0.894 |
| 9:19-3rd |  | 58 | 71 | 0.109 | 0.891 |
| 9:10-3rd |  | 58 | 71 | 0.097 | 0.903 |
| 9:04-3rd |  | 58 | 71 | 0.093 | 0.907 |
| 9:00-3rd |  | 58 | 71 | 0.104 | 0.896 |
| 8:56-3rd |  | 58 | 71 | 0.108 | 0.892 |
| 8:51-3rd |  | 61 | 71 | 0.148 | 0.852 |
| 8:33-3rd |  | 61 | 71 | 0.164 | 0.836 |
| 8:30-3rd |  | 61 | 71 | 0.17 | 0.83 |
| 8:18-3rd |  | 61 | 71 | 0.151 | 0.849 |
| 8:16-3rd |  | 61 | 71 | 0.169 | 0.831 |
| 8:14-3rd |  | 61 | 71 | 0.145 | 0.855 |
| 8:08-3rd |  | 61 | 71 | 0.168 | 0.832 |
| 8:04-3rd |  | 63 | 71 | 0.193 | 0.807 |
| 7:39-3rd |  | 63 | 71 | 0.212 | 0.788 |
| 7:36-3rd |  | 63 | 71 | 0.218 | 0.782 |
| 7:29-3rd |  | 66 | 71 | 0.279 | 0.721 |
| 7:10-3rd |  | 66 | 73 | 0.245 | 0.755 |
| 6:46-3rd |  | 66 | 73 | 0.22 | 0.78 |
| 6:42-3rd |  | 66 | 73 | 0.212 | 0.788 |
| 6:38-3rd |  | 66 | 73 | 0.235 | 0.765 |
| 6:35-3rd |  | 66 | 73 | 0.213 | 0.787 |
| 6:25-3rd |  | 66 | 75 | 0.185 | 0.815 |
| 6:09-3rd |  | 66 | 75 | 0.182 | 0.818 |
| 6:04-3rd |  | 69 | 75 | 0.239 | 0.761 |
| 5:45-3rd |  | 69 | 75 | 0.264 | 0.736 |
| 5:42-3rd |  | 69 | 75 | 0.272 | 0.728 |
| 5:33-3rd |  | 69 | 75 | 0.245 | 0.755 |
| 5:30-3rd |  | 69 | 75 | 0.236 | 0.764 |
| 5:15-3rd |  | 69 | 77 | 0.205 | 0.795 |
| 4:47-3rd |  | 71 | 77 | 0.233 | 0.767 |
| 4:34-3rd |  | 71 | 77 | 0.258 | 0.742 |
| 4:32-3rd |  | 71 | 77 | 0.267 | 0.733 |
| 4:16-3rd |  | 73 | 77 | 0.301 | 0.699 |
| 3:56-3rd | TARGET | 73 | 80 | 0.228 | 0.772 |
| 3:42-3rd |  | 75 | 80 | 0.261 | 0.739 |
| 3:28-3rd |  | 75 | 82 | 0.225 | 0.775 |
| 3:06-3rd |  | 75 | 82 | 0.198 | 0.802 |
| 3:00-3rd |  | 75 | 82 | 0.222 | 0.778 |
| 2:58-3rd |  | 75 | 82 | 0.188 | 0.812 |
| 2:52-3rd |  | 75 | 85 | 0.134 | 0.866 |
| 2:31-3rd |  | 77 | 85 | 0.158 | 0.842 |
| 2:18-3rd |  | 77 | 87 | 0.13 | 0.87 |
| 1:58-3rd |  | 80 | 87 | 0.182 | 0.818 |
| 1:47-3rd |  | 80 | 89 | 0.155 | 0.845 |
| 1:35-3rd |  | 82 | 89 | 0.179 | 0.821 |
| 1:18-3rd |  | 82 | 92 | 0.122 | 0.878 |
| 1:05-3rd |  | 82 | 92 | 0.104 | 0.896 |
| 1:03-3rd |  | 82 | 92 | 0.098 | 0.902 |
| 1:00-3rd |  | 82 | 92 | 0.12 | 0.88 |
| 39.0-3rd |  | 82 | 92 | 0.1 | 0.9 |
| 35.1-3rd |  | 82 | 92 | 0.094 | 0.906 |
| 32.0-3rd |  | 82 | 94 | 0.078 | 0.922 |
| 22.1-3rd |  | 82 | 94 | 0.057 | 0.943 |
| 11.0-3rd |  | 82 | 94 | 0.061 | 0.939 |
| 7.1-3rd |  | 82 | 94 | 0.056 | 0.944 |
| 0.2-3rd |  | 82 | 96 | 0.045 | 0.955 |
| 0.0-3rd |  | 82 | 96 | 0.04 | 0.96 |
| 12:00-4th |  | 82 | 96 | 0.04 | 0.96 |
| 11:48-4th |  | 82 | 98 | 0.023 | 0.977 |
| 11:29-4th |  | 84 | 98 | 0.03 | 0.97 |
| 11:05-4th |  | 84 | 98 | 0.036 | 0.964 |
| 11:02-4th |  | 84 | 98 | 0.038 | 0.962 |
| 10:58-4th |  | 84 | 98 | 0.031 | 0.969 |
| 10:55-4th |  | 84 | 98 | 0.038 | 0.962 |
| 10:51-4th |  | 84 | 98 | 0.03 | 0.97 |
| 10:49-4th |  | 84 | 98 | 0.037 | 0.963 |
| 10:44-4th |  | 84 | 98 | 0.027 | 0.973 |
| 10:33-4th |  | 84 | 98 | 0.029 | 0.971 |
| 10:29-4th |  | 84 | 98 | 0.026 | 0.974 |
| 10:26-4th |  | 84 | 98 | 0.033 | 0.967 |
| 10:24-4th |  | 84 | 98 | 0.035 | 0.965 |
| 10:09-4th |  | 84 | 98 | 0.027 | 0.973 |
| 10:05-4th |  | 84 | 98 | 0.024 | 0.976 |
| 9:57-4th |  | 84 | 100 | 0.017 | 0.983 |
| 9:55-4th |  | 84 | 98 | 0.032 | 0.968 |
| 9:39-4th |  | 84 | 100 | 0.012 | 0.988 |
| 9:31-4th |  | 84 | 103 | 0.006 | 0.994 |
| 9:16-4th |  | 84 | 103 | 0.004 | 0.996 |
| 9:14-4th |  | 84 | 103 | 0.002 | 0.998 |
| 9:04-4th |  | 84 | 105 | 0.003 | 0.997 |
| 8:45-4th |  | 87 | 105 | 0.004 | 0.996 |
| 8:16-4th |  | 87 | 107 | 0.002 | 0.998 |
| 8:07-4th |  | 87 | 107 | 0.002 | 0.998 |
| 7:44-4th |  | 87 | 107 | 0.002 | 0.998 |
| 7:41-4th |  | 87 | 107 | 0.001 | 0.999 |
| 7:35-4th |  | 87 | 109 | 0.001 | 0.999 |
| 7:18-4th |  | 87 | 109 | 0.001 | 0.999 |
| 7:15-4th |  | 87 | 109 | 0.001 | 0.999 |
| 6:53-4th |  | 87 | 109 | 0.001 | 0.999 |
| 6:46-4th |  | 90 | 109 | 0.002 | 0.998 |
| 6:39-4th |  | 90 | 109 | 0.001 | 0.999 |
| 6:20-4th |  | 90 | 111 | 0.001 | 0.999 |
| 6:00-4th |  | 92 | 111 | 0.001 | 0.999 |
| 5:46-4th |  | 92 | 112 | 0.001 | 0.999 |
| 5:37-4th |  | 92 | 112 | 0.001 | 0.999 |
| 5:34-4th |  | 92 | 112 | 0.001 | 0.999 |
| 5:20-4th |  | 92 | 112 | 0.001 | 0.999 |
| 5:16-4th |  | 92 | 112 | 0.001 | 0.999 |
| 5:12-4th |  | 92 | 112 | 0.001 | 0.999 |
| 4:58-4th |  | 94 | 112 | 0.001 | 0.999 |
| 4:36-4th |  | 94 | 112 | 0.001 | 0.999 |
| 4:33-4th |  | 94 | 112 | 0.001 | 0.999 |
| 4:20-4th |  | 94 | 112 | 0.001 | 0.999 |
| 4:14-4th |  | 94 | 112 | 0.001 | 0.999 |
| 4:03-4th |  | 94 | 114 | 0.001 | 0.999 |
| 3:45-4th |  | 96 | 114 | 0.001 | 0.999 |
| 3:23-4th |  | 96 | 114 | 0.001 | 0.999 |
| 3:21-4th |  | 96 | 114 | 0.001 | 0.999 |
| 3:15-4th |  | 96 | 114 | 0.001 | 0.999 |
| 3:10-4th |  | 96 | 114 | 0.001 | 0.999 |
| 3:06-4th |  | 96 | 114 | 0.001 | 0.999 |
| 2:48-4th |  | 96 | 114 | 0.001 | 0.999 |
| 2:46-4th |  | 96 | 114 | 0.001 | 0.999 |
| 2:45-4th |  | 98 | 114 | 0.001 | 0.999 |
| 2:25-4th |  | 98 | 117 | 0.001 | 0.999 |
| 2:14-4th |  | 98 | 117 | 0.001 | 0.999 |
| 1:54-4th |  | 98 | 117 | 0.001 | 0.999 |
| 1:52-4th |  | 98 | 117 | 0.001 | 0.999 |
| 1:39-4th |  | 98 | 117 | 0.001 | 0.999 |
| 1:35-4th |  | 98 | 117 | 0.001 | 0.999 |
| 1:30-4th |  | 98 | 117 | 0.001 | 0.999 |
| 1:26-4th |  | 98 | 117 | 0.001 | 0.999 |
| 1:16-4th |  | 100 | 117 | 0.001 | 0.999 |
| 57.2-4th |  | 100 | 117 | 0.001 | 0.999 |
| 55.1-4th |  | 100 | 117 | 0.001 | 0.999 |
| 52.0-4th |  | 102 | 117 | 0.001 | 0.999 |
| 49.1-4th |  | 102 | 117 | 0.001 | 0.999 |
| 44.2-4th |  | 102 | 117 | 0.001 | 0.999 |
| 41.1-4th |  | 102 | 117 | 0.001 | 0.999 |
| 36.1-4th |  | 102 | 117 | 0.001 | 0.999 |
| 33.0-4th |  | 102 | 117 | 0.001 | 0.999 |
| 28.0-4th |  | 104 | 117 | 0.001 | 0.999 |
| 3.1-4th |  | 104 | 117 | 0.001 | 0.999 |
| 2.0-4th |  | 104 | 117 | 0.001 | 0.999 |
| 0.1-4th |  | 104 | 117 | 0.001 | 0.999 |
| 0.0-4th |  | 104 | 117 | 0.0 | 1.0 |

Question

Which event most likely happened at the marked missing position?

Answer Choices

A. Player 3 (Team B) makes 16-foot jumper (Player 18 (Team B) assists)
B. Player 16 (Team B) makes 27-foot three pointer
C. Player 12 (Team A) blocks Player 3 (Team B) 's 2-foot driving layup
D. Player 5 (Team B) makes 27-foot three point jumper (Player 3 (Team B) assists)

Response Format

Return exactly one JSON object:

{
  "answer": "<A|B|C|D>",
  "rationale": "<brief evidence-based justification in 1-3 sentences>",
  "evidence_event_ids": [],
  "evidence_series_times": []
}

Use only event IDs and time labels that are provided above and that support the answer. Use an empty array when the corresponding evidence type is unavailable or unused. Return only the JSON object.
