Task

Reconstruct the missing event in this basketball game. Use the available numerical time-series evidence around the marked row to select the most likely event.

Game

Team A versus Team B, season 22-23.

Time Series

| Game time | Marker | Team A score | Team B score | Team A win probability | Team B win probability |
| --- | --- | --- | --- | --- | --- |
| 12:00-1st |  | 0 | 0 | 0.879 | 0.121 |
| 11:39-1st |  | 0 | 0 | 0.871 | 0.129 |
| 11:37-1st |  | 0 | 0 | 0.869 | 0.131 |
| 11:24-1st |  | 0 | 0 | 0.876 | 0.124 |
| 11:14-1st |  | 1 | 0 | 0.876 | 0.124 |
| 10:54-1st |  | 1 | 0 | 0.884 | 0.116 |
| 10:52-1st |  | 1 | 0 | 0.887 | 0.113 |
| 10:39-1st |  | 1 | 0 | 0.877 | 0.123 |
| 10:36-1st |  | 1 | 0 | 0.874 | 0.126 |
| 10:30-1st |  | 1 | 0 | 0.885 | 0.115 |
| 10:25-1st |  | 4 | 0 | 0.903 | 0.097 |
| 10:10-1st |  | 4 | 0 | 0.912 | 0.088 |
| 10:00-1st |  | 6 | 0 | 0.92 | 0.08 |
| 9:47-1st |  | 6 | 0 | 0.924 | 0.076 |
| 9:45-1st |  | 6 | 0 | 0.926 | 0.074 |
| 9:26-1st |  | 8 | 0 | 0.933 | 0.067 |
| 9:08-1st |  | 8 | 3 | 0.917 | 0.083 |
| 8:53-1st |  | 11 | 3 | 0.931 | 0.069 |
| 8:37-1st |  | 11 | 3 | 0.936 | 0.064 |
| 8:33-1st |  | 11 | 3 | 0.937 | 0.063 |
| 8:10-1st |  | 13 | 3 | 0.943 | 0.057 |
| 7:57-1st |  | 13 | 3 | 0.948 | 0.052 |
| 7:42-1st |  | 13 | 3 | 0.944 | 0.056 |
| 7:41-1st |  | 15 | 3 | 0.953 | 0.047 |
| 7:30-1st |  | 15 | 3 | 0.958 | 0.042 |
| 7:25-1st |  | 15 | 5 | 0.948 | 0.052 |
| 7:23-1st |  | 15 | 5 | 0.948 | 0.052 |
| 7:04-1st |  | 15 | 5 | 0.948 | 0.052 |
| 7:01-1st |  | 15 | 5 | 0.943 | 0.057 |
| 6:58-1st |  | 15 | 5 | 0.941 | 0.059 |
| 6:50-1st |  | 15 | 5 | 0.947 | 0.053 |
| 6:44-1st |  | 17 | 5 | 0.952 | 0.048 |
| 6:27-1st |  | 17 | 5 | 0.956 | 0.044 |
| 6:24-1st |  | 17 | 5 | 0.957 | 0.043 |
| 6:23-1st |  | 17 | 5 | 0.951 | 0.049 |
| 6:06-1st |  | 17 | 5 | 0.957 | 0.043 |
| 6:02-1st |  | 19 | 5 | 0.961 | 0.039 |
| 6:00-1st |  | 19 | 5 | 0.961 | 0.039 |
| 5:39-1st |  | 19 | 8 | 0.951 | 0.049 |
| 5:13-1st |  | 19 | 8 | 0.946 | 0.054 |
| 5:10-1st |  | 19 | 8 | 0.945 | 0.055 |
| 5:01-1st |  | 19 | 8 | 0.949 | 0.051 |
| 4:59-1st |  | 19 | 8 | 0.95 | 0.05 |
| 4:43-1st |  | 19 | 8 | 0.946 | 0.054 |
| 4:39-1st |  | 19 | 8 | 0.944 | 0.056 |
| 4:36-1st |  | 19 | 8 | 0.944 | 0.056 |
| 4:34-1st |  | 19 | 8 | 0.948 | 0.052 |
| 4:30-1st |  | 19 | 8 | 0.95 | 0.05 |
| 4:19-1st |  | 19 | 8 | 0.945 | 0.055 |
| 4:17-1st |  | 19 | 8 | 0.943 | 0.057 |
| 4:11-1st |  | 19 | 11 | 0.929 | 0.071 |
| 3:49-1st |  | 21 | 11 | 0.936 | 0.064 |
| 3:32-1st |  | 21 | 11 | 0.943 | 0.057 |
| 3:22-1st |  | 21 | 11 | 0.951 | 0.049 |
| 3:14-1st |  | 21 | 11 | 0.942 | 0.058 |
| 3:11-1st |  | 21 | 11 | 0.942 | 0.058 |
| 3:07-1st |  | 21 | 11 | 0.937 | 0.063 |
| 3:05-1st |  | 21 | 11 | 0.935 | 0.065 |
| 2:58-1st |  | 21 | 13 | 0.927 | 0.073 |
| 2:40-1st |  | 21 | 13 | 0.92 | 0.08 |
| 2:35-1st |  | 23 | 13 | 0.934 | 0.066 |
| 2:19-1st |  | 23 | 13 | 0.939 | 0.061 |
| 2:17-1st |  | 23 | 13 | 0.941 | 0.059 |
| 2:12-1st |  | 25 | 13 | 0.947 | 0.053 |
| 1:55-1st |  | 25 | 13 | 0.951 | 0.049 |
| 1:54-1st |  | 25 | 13 | 0.946 | 0.054 |
| 1:47-1st |  | 25 | 15 | 0.94 | 0.06 |
| 1:35-1st |  | 25 | 15 | 0.934 | 0.066 |
| 1:32-1st |  | 25 | 15 | 0.932 | 0.068 |
| 1:28-1st |  | 25 | 18 | 0.917 | 0.083 |
| 1:09-1st |  | 28 | 18 | 0.932 | 0.068 |
| 56.1-1st |  | 28 | 20 | 0.924 | 0.076 |
| 47.1-1st |  | 31 | 20 | 0.939 | 0.061 |
| 32.1-1st |  | 31 | 20 | 0.944 | 0.056 |
| 30.1-1st |  | 31 | 20 | 0.946 | 0.054 |
| 14.0-1st |  | 31 | 20 | 0.94 | 0.06 |
| 11.1-1st |  | 31 | 20 | 0.945 | 0.055 |
| 9.1-1st |  | 31 | 20 | 0.938 | 0.062 |
| 0.1-1st |  | 31 | 23 | 0.921 | 0.079 |
| 0.0-1st |  | 31 | 23 | 0.916 | 0.084 |
| 11:53-2nd |  | 31 | 23 | 0.911 | 0.089 |
| 11:43-2nd |  | 31 | 23 | 0.921 | 0.079 |
| 11:23-2nd |  | 33 | 23 | 0.93 | 0.07 |
| 11:04-2nd |  | 33 | 26 | 0.911 | 0.089 |
| 10:46-2nd |  | 35 | 26 | 0.919 | 0.081 |
| 10:30-2nd |  | 35 | 26 | 0.928 | 0.072 |
| 10:28-2nd |  | 35 | 26 | 0.918 | 0.082 |
| 10:08-2nd |  | 35 | 26 | 0.925 | 0.075 |
| 10:05-2nd |  | 35 | 26 | 0.928 | 0.072 |
| 10:01-2nd |  | 37 | 26 | 0.936 | 0.064 |
| 9:47-2nd |  | 37 | 26 | 0.941 | 0.059 |
| 9:45-2nd |  | 37 | 26 | 0.943 | 0.057 |
| 9:35-2nd |  | 40 | 26 | 0.956 | 0.044 |
| 9:14-2nd |  | 40 | 29 | 0.942 | 0.058 |
| 8:56-2nd |  | 40 | 29 | 0.936 | 0.064 |
| 8:54-2nd |  | 40 | 29 | 0.934 | 0.066 |
| 8:41-2nd |  | 40 | 29 | 0.94 | 0.06 |
| 8:38-2nd |  | 40 | 29 | 0.934 | 0.066 |
| 8:37-2nd |  | 40 | 29 | 0.94 | 0.06 |
| 8:34-2nd |  | 40 | 29 | 0.94 | 0.06 |
| 8:33-2nd |  | 40 | 29 | 0.941 | 0.059 |
| 8:31-2nd |  | 40 | 29 | 0.934 | 0.066 |
| 8:25-2nd |  | 40 | 31 | 0.924 | 0.076 |
| 8:00-2nd |  | 40 | 31 | 0.917 | 0.083 |
| 7:59-2nd |  | 40 | 31 | 0.924 | 0.076 |
| 7:58-2nd |  | 42 | 31 | 0.933 | 0.067 |
| 7:43-2nd |  | 42 | 31 | 0.939 | 0.061 |
| 7:42-2nd |  | 42 | 31 | 0.941 | 0.059 |
| 7:25-2nd |  | 42 | 31 | 0.934 | 0.066 |
| 7:23-2nd |  | 42 | 31 | 0.932 | 0.068 |
| 7:20-2nd |  | 42 | 33 | 0.94 | 0.06 |
| 7:06-2nd |  | 45 | 33 | 0.94 | 0.06 |
| 6:47-2nd |  | 45 | 35 | 0.932 | 0.068 |
| 6:30-2nd |  | 45 | 35 | 0.924 | 0.076 |
| 6:28-2nd |  | 45 | 35 | 0.922 | 0.078 |
| 6:25-2nd |  | 45 | 35 | 0.921 | 0.079 |
| 6:16-2nd |  | 45 | 37 | 0.911 | 0.089 |
| 5:58-2nd |  | 45 | 37 | 0.902 | 0.098 |
| 5:55-2nd |  | 45 | 37 | 0.899 | 0.101 |
| 5:50-2nd |  | 45 | 37 | 0.911 | 0.089 |
| 5:46-2nd |  | 45 | 37 | 0.898 | 0.102 |
| 5:29-2nd |  | 45 | 39 | 0.885 | 0.115 |
| 5:10-2nd |  | 48 | 39 | 0.91 | 0.09 |
| 4:50-2nd |  | 48 | 41 | 0.897 | 0.103 |
| 4:36-2nd |  | 48 | 41 | 0.883 | 0.117 |
| 4:26-2nd |  | 48 | 41 | 0.896 | 0.104 |
| 4:16-2nd |  | 48 | 41 | 0.892 | 0.108 |
| 4:13-2nd |  | 48 | 41 | 0.895 | 0.105 |
| 4:06-2nd |  | 48 | 41 | 0.885 | 0.115 |
| 4:04-2nd |  | 48 | 42 | 0.881 | 0.119 |
| 3:51-2nd |  | 48 | 42 | 0.88 | 0.12 |
| 3:40-2nd |  | 48 | 42 | 0.868 | 0.132 |
| 3:37-2nd |  | 48 | 42 | 0.864 | 0.136 |
| 3:29-2nd |  | 48 | 42 | 0.876 | 0.124 |
| 3:26-2nd |  | 48 | 42 | 0.879 | 0.121 |
| 3:23-2nd |  | 48 | 42 | 0.864 | 0.136 |
| 3:13-2nd | TARGET | 51 | 42 | 0.906 | 0.094 |
| 2:47-2nd |  | 51 | 42 | 0.914 | 0.086 |
| 2:44-2nd |  | 51 | 42 | 0.917 | 0.083 |
| 2:34-2nd |  | 53 | 42 | 0.927 | 0.073 |
| 2:12-2nd |  | 53 | 42 | 0.934 | 0.066 |
| 2:09-2nd |  | 53 | 42 | 0.937 | 0.063 |
| 2:06-2nd |  | 55 | 42 | 0.946 | 0.054 |
| 1:44-2nd |  | 55 | 42 | 0.951 | 0.049 |
| 1:41-2nd |  | 55 | 42 | 0.953 | 0.047 |
| 1:27-2nd |  | 55 | 42 | 0.947 | 0.053 |
| 1:24-2nd |  | 55 | 42 | 0.946 | 0.054 |
| 1:12-2nd |  | 55 | 42 | 0.953 | 0.047 |
| 1:00-2nd |  | 58 | 42 | 0.966 | 0.034 |
| 46.1-2nd |  | 58 | 44 | 0.96 | 0.04 |
| 29.0-2nd |  | 60 | 44 | 0.967 | 0.033 |
| 9.2-2nd |  | 60 | 46 | 0.96 | 0.04 |
| 2.1-2nd |  | 62 | 46 | 0.966 | 0.034 |
| 0.0-2nd |  | 62 | 46 | 0.969 | 0.031 |
| 12:00-3rd |  | 62 | 46 | 0.969 | 0.031 |
| 11:47-3rd |  | 62 | 48 | 0.961 | 0.039 |
| 11:32-3rd |  | 64 | 48 | 0.967 | 0.033 |
| 11:09-3rd |  | 64 | 50 | 0.961 | 0.039 |
| 10:53-3rd |  | 66 | 50 | 0.968 | 0.032 |
| 10:33-3rd |  | 66 | 50 | 0.973 | 0.027 |
| 10:23-3rd |  | 68 | 50 | 0.978 | 0.022 |
| 10:02-3rd |  | 68 | 53 | 0.968 | 0.032 |
| 9:41-3rd |  | 71 | 53 | 0.979 | 0.021 |
| 9:29-3rd |  | 71 | 53 | 0.982 | 0.018 |
| 9:26-3rd |  | 71 | 53 | 0.983 | 0.017 |
| 9:15-3rd |  | 71 | 53 | 0.981 | 0.019 |
| 9:14-3rd |  | 71 | 53 | 0.983 | 0.017 |
| 9:13-3rd |  | 73 | 53 | 0.986 | 0.014 |
| 9:01-3rd |  | 73 | 56 | 0.98 | 0.02 |
| 8:44-3rd |  | 73 | 56 | 0.976 | 0.024 |
| 8:42-3rd |  | 73 | 56 | 0.975 | 0.025 |
| 8:38-3rd |  | 73 | 59 | 0.963 | 0.037 |
| 8:37-3rd |  | 73 | 59 | 0.964 | 0.036 |
| 8:18-3rd |  | 75 | 59 | 0.97 | 0.03 |
| 7:54-3rd |  | 75 | 59 | 0.974 | 0.026 |
| 7:52-3rd |  | 75 | 59 | 0.976 | 0.024 |
| 7:35-3rd |  | 77 | 59 | 0.981 | 0.019 |
| 7:19-3rd |  | 77 | 61 | 0.977 | 0.023 |
| 7:03-3rd |  | 77 | 61 | 0.973 | 0.027 |
| 7:01-3rd |  | 77 | 61 | 0.971 | 0.029 |
| 6:52-3rd |  | 77 | 61 | 0.976 | 0.024 |
| 6:51-3rd |  | 77 | 61 | 0.972 | 0.028 |
| 6:41-3rd |  | 77 | 61 | 0.977 | 0.023 |
| 6:25-3rd |  | 77 | 61 | 0.974 | 0.026 |
| 6:23-3rd |  | 77 | 61 | 0.972 | 0.028 |
| 6:20-3rd |  | 77 | 63 | 0.966 | 0.034 |
| 6:08-3rd |  | 77 | 63 | 0.961 | 0.039 |
| 6:07-3rd |  | 77 | 63 | 0.959 | 0.041 |
| 5:51-3rd |  | 77 | 66 | 0.94 | 0.06 |
| 5:36-3rd |  | 77 | 66 | 0.931 | 0.069 |
| 5:35-3rd |  | 77 | 66 | 0.929 | 0.071 |
| 5:22-3rd |  | 77 | 66 | 0.937 | 0.063 |
| 5:19-3rd |  | 77 | 66 | 0.94 | 0.06 |
| 5:17-3rd |  | 79 | 66 | 0.951 | 0.049 |
| 5:14-3rd |  | 79 | 66 | 0.951 | 0.049 |
| 4:51-3rd |  | 79 | 66 | 0.959 | 0.041 |
| 4:49-3rd |  | 79 | 66 | 0.961 | 0.039 |
| 4:38-3rd |  | 81 | 66 | 0.969 | 0.031 |
| 4:27-3rd |  | 81 | 67 | 0.969 | 0.031 |
| 4:13-3rd |  | 81 | 67 | 0.964 | 0.036 |
| 4:11-3rd |  | 81 | 67 | 0.962 | 0.038 |
| 3:55-3rd |  | 81 | 69 | 0.953 | 0.047 |
| 3:36-3rd |  | 81 | 69 | 0.946 | 0.054 |
| 3:33-3rd |  | 81 | 69 | 0.954 | 0.046 |
| 3:26-3rd |  | 84 | 69 | 0.971 | 0.029 |
| 3:04-3rd |  | 84 | 72 | 0.955 | 0.045 |
| 2:53-3rd |  | 84 | 72 | 0.955 | 0.045 |
| 2:44-3rd |  | 86 | 72 | 0.965 | 0.035 |
| 2:31-3rd |  | 86 | 72 | 0.971 | 0.029 |
| 2:28-3rd |  | 86 | 72 | 0.973 | 0.027 |
| 2:15-3rd |  | 86 | 72 | 0.968 | 0.032 |
| 2:13-3rd |  | 86 | 72 | 0.966 | 0.034 |
| 2:04-3rd |  | 86 | 74 | 0.958 | 0.042 |
| 1:39-3rd |  | 86 | 74 | 0.951 | 0.049 |
| 1:37-3rd |  | 86 | 74 | 0.948 | 0.052 |
| 1:28-3rd |  | 86 | 74 | 0.957 | 0.043 |
| 1:22-3rd |  | 86 | 74 | 0.949 | 0.051 |
| 1:06-3rd |  | 86 | 77 | 0.923 | 0.077 |
| 44.0-3rd |  | 89 | 77 | 0.951 | 0.049 |
| 30.0-3rd |  | 89 | 77 | 0.96 | 0.04 |
| 27.2-3rd |  | 89 | 77 | 0.962 | 0.038 |
| 9.1-3rd |  | 90 | 77 | 0.963 | 0.037 |
| 7.2-3rd |  | 90 | 77 | 0.963 | 0.037 |
| 2.0-3rd |  | 90 | 77 | 0.947 | 0.053 |
| 0.0-3rd |  | 90 | 77 | 0.967 | 0.033 |
| 11:45-4th |  | 90 | 77 | 0.966 | 0.034 |
| 11:42-4th |  | 90 | 77 | 0.964 | 0.036 |
| 11:26-4th |  | 90 | 77 | 0.972 | 0.028 |
| 11:24-4th |  | 90 | 77 | 0.974 | 0.026 |
| 11:15-4th |  | 90 | 77 | 0.968 | 0.032 |
| 11:13-4th |  | 90 | 77 | 0.966 | 0.034 |
| 11:08-4th |  | 90 | 77 | 0.973 | 0.027 |
| 11:07-4th |  | 90 | 77 | 0.966 | 0.034 |
| 11:06-4th |  | 90 | 77 | 0.974 | 0.026 |
| 10:50-4th |  | 92 | 77 | 0.982 | 0.018 |
| 10:44-4th |  | 92 | 77 | 0.988 | 0.012 |
| 10:35-4th |  | 92 | 77 | 0.983 | 0.017 |
| 10:17-4th |  | 92 | 77 | 0.987 | 0.013 |
| 10:16-4th |  | 92 | 77 | 0.989 | 0.011 |
| 10:09-4th |  | 92 | 77 | 0.984 | 0.016 |
| 10:05-4th |  | 92 | 79 | 0.978 | 0.022 |
| 9:48-4th |  | 94 | 79 | 0.985 | 0.015 |
| 9:24-4th |  | 94 | 79 | 0.99 | 0.01 |
| 9:14-4th |  | 94 | 79 | 0.988 | 0.012 |
| 9:10-4th |  | 96 | 79 | 0.993 | 0.007 |
| 8:59-4th |  | 96 | 79 | 0.993 | 0.007 |
| 8:49-4th |  | 96 | 82 | 0.986 | 0.014 |
| 8:39-4th |  | 99 | 82 | 0.993 | 0.007 |
| 8:28-4th |  | 99 | 82 | 0.993 | 0.007 |
| 8:17-4th |  | 99 | 82 | 0.996 | 0.004 |
| 8:12-4th |  | 101 | 82 | 0.998 | 0.002 |
| 7:54-4th |  | 101 | 82 | 0.999 | 0.001 |
| 7:53-4th |  | 101 | 82 | 0.999 | 0.001 |
| 7:35-4th |  | 103 | 82 | 0.999 | 0.001 |
| 7:34-4th |  | 103 | 82 | 0.999 | 0.001 |
| 7:08-4th |  | 103 | 84 | 0.999 | 0.001 |
| 6:56-4th |  | 103 | 84 | 0.999 | 0.001 |
| 6:48-4th |  | 105 | 84 | 0.999 | 0.001 |
| 6:26-4th |  | 105 | 84 | 0.999 | 0.001 |
| 6:24-4th |  | 105 | 84 | 0.999 | 0.001 |
| 6:18-4th |  | 105 | 84 | 0.999 | 0.001 |
| 6:10-4th |  | 107 | 84 | 0.999 | 0.001 |
| 5:49-4th |  | 107 | 84 | 0.999 | 0.001 |
| 5:46-4th |  | 107 | 84 | 0.999 | 0.001 |
| 5:35-4th |  | 107 | 84 | 0.999 | 0.001 |
| 5:32-4th |  | 109 | 84 | 0.999 | 0.001 |
| 5:17-4th |  | 109 | 84 | 0.999 | 0.001 |
| 5:14-4th |  | 109 | 84 | 0.999 | 0.001 |
| 4:57-4th |  | 112 | 84 | 0.999 | 0.001 |
| 4:32-4th |  | 112 | 84 | 0.999 | 0.001 |
| 4:20-4th |  | 115 | 84 | 0.999 | 0.001 |
| 3:58-4th |  | 115 | 84 | 0.999 | 0.001 |
| 3:47-4th |  | 115 | 84 | 0.999 | 0.001 |
| 3:31-4th |  | 115 | 84 | 0.999 | 0.001 |
| 3:28-4th |  | 115 | 84 | 0.999 | 0.001 |
| 3:25-4th |  | 115 | 84 | 0.999 | 0.001 |
| 3:21-4th |  | 115 | 84 | 0.999 | 0.001 |
| 3:19-4th |  | 115 | 84 | 0.999 | 0.001 |
| 3:12-4th |  | 115 | 87 | 0.999 | 0.001 |
| 3:00-4th |  | 115 | 87 | 0.999 | 0.001 |
| 2:57-4th |  | 116 | 87 | 0.999 | 0.001 |
| 2:40-4th |  | 116 | 87 | 0.999 | 0.001 |
| 2:26-4th |  | 116 | 87 | 0.999 | 0.001 |
| 2:23-4th |  | 116 | 87 | 0.999 | 0.001 |
| 2:14-4th |  | 116 | 89 | 0.999 | 0.001 |
| 2:06-4th |  | 118 | 89 | 0.999 | 0.001 |
| 1:50-4th |  | 118 | 89 | 0.999 | 0.001 |
| 1:35-4th |  | 118 | 89 | 0.999 | 0.001 |
| 1:31-4th |  | 118 | 89 | 0.999 | 0.001 |
| 1:19-4th |  | 121 | 89 | 0.999 | 0.001 |
| 58.1-4th |  | 121 | 89 | 0.999 | 0.001 |
| 56.1-4th |  | 121 | 89 | 0.999 | 0.001 |
| 51.1-4th |  | 121 | 89 | 0.999 | 0.001 |
| 41.1-4th |  | 121 | 91 | 0.999 | 0.001 |
| 28.1-4th |  | 121 | 91 | 0.999 | 0.001 |
| 25.0-4th |  | 121 | 91 | 0.999 | 0.001 |
| 8.1-4th |  | 121 | 91 | 0.999 | 0.001 |
| 0.0-4th |  | 121 | 91 | 1.0 | 0.0 |

Question

Which event most likely happened at the marked missing position?

Answer Choices

A. Player 17 (Team A) out of bounds bad pass turnover
B. Player 17 (Team B) makes 27-foot step back jumpshot (Player 1 (Team B) assists)
C. Player 10 (Team A) makes 23-foot three point jumper (Player 1 (Team A) assists)
D. Player 13 (Team A) enters the game for Player 16 (Team A)

Response Format

Return exactly one JSON object:

{
  "answer": "<A|B|C|D>",
  "rationale": "<brief evidence-based justification in 1-3 sentences>",
  "evidence_event_ids": [],
  "evidence_series_times": []
}

Use only event IDs and time labels that are provided above and that support the answer. Use an empty array when the corresponding evidence type is unavailable or unused. Return only the JSON object.
