Task

Reconstruct the missing event in this basketball game. Use the available numerical time-series evidence around the marked row to select the most likely event.

Game

Team A versus Team B, season 22-23.

Time Series

| Game time | Marker | Team A score | Team B score | Team A win probability | Team B win probability |
| --- | --- | --- | --- | --- | --- |
| 12:00-1st |  | 0 | 0 | 0.568 | 0.432 |
| 11:50-1st |  | 0 | 0 | 0.587 | 0.413 |
| 11:45-1st |  | 2 | 0 | 0.615 | 0.385 |
| 11:23-1st |  | 2 | 0 | 0.636 | 0.364 |
| 11:20-1st |  | 2 | 0 | 0.614 | 0.386 |
| 11:10-1st |  | 2 | 3 | 0.564 | 0.436 |
| 10:50-1st |  | 4 | 3 | 0.587 | 0.413 |
| 10:31-1st |  | 4 | 3 | 0.609 | 0.391 |
| 10:27-1st |  | 4 | 3 | 0.587 | 0.413 |
| 10:25-1st |  | 4 | 6 | 0.536 | 0.464 |
| 10:13-1st |  | 6 | 6 | 0.564 | 0.436 |
| 10:04-1st |  | 6 | 8 | 0.536 | 0.464 |
| 9:50-1st |  | 6 | 8 | 0.517 | 0.483 |
| 9:47-1st |  | 6 | 8 | 0.51 | 0.49 |
| 9:29-1st |  | 6 | 8 | 0.535 | 0.465 |
| 9:16-1st |  | 6 | 8 | 0.516 | 0.484 |
| 9:13-1st |  | 6 | 8 | 0.509 | 0.491 |
| 9:07-1st |  | 6 | 8 | 0.528 | 0.472 |
| 9:04-1st |  | 6 | 8 | 0.509 | 0.491 |
| 9:03-1st |  | 6 | 8 | 0.509 | 0.491 |
| 9:02-1st |  | 6 | 8 | 0.534 | 0.466 |
| 8:52-1st |  | 6 | 10 | 0.483 | 0.517 |
| 8:35-1st |  | 6 | 10 | 0.462 | 0.538 |
| 8:31-1st |  | 6 | 10 | 0.455 | 0.545 |
| 8:22-1st |  | 6 | 10 | 0.475 | 0.525 |
| 8:19-1st |  | 6 | 10 | 0.481 | 0.519 |
| 8:16-1st |  | 8 | 10 | 0.508 | 0.492 |
| 8:05-1st |  | 8 | 10 | 0.533 | 0.467 |
| 7:59-1st |  | 10 | 10 | 0.584 | 0.416 |
| 7:50-1st |  | 10 | 10 | 0.557 | 0.443 |
| 7:40-1st |  | 10 | 10 | 0.583 | 0.417 |
| 7:37-1st |  | 10 | 10 | 0.563 | 0.437 |
| 7:36-1st |  | 10 | 10 | 0.557 | 0.443 |
| 7:20-1st |  | 10 | 10 | 0.576 | 0.424 |
| 7:15-1st |  | 10 | 10 | 0.576 | 0.424 |
| 7:13-1st |  | 10 | 10 | 0.556 | 0.444 |
| 7:00-1st |  | 10 | 12 | 0.53 | 0.47 |
| 6:50-1st |  | 12 | 12 | 0.556 | 0.444 |
| 6:36-1st |  | 12 | 14 | 0.53 | 0.47 |
| 6:16-1st |  | 15 | 14 | 0.581 | 0.419 |
| 6:04-1st |  | 15 | 14 | 0.607 | 0.393 |
| 5:52-1st |  | 15 | 14 | 0.587 | 0.413 |
| 5:49-1st |  | 15 | 14 | 0.58 | 0.42 |
| 5:43-1st |  | 15 | 14 | 0.6 | 0.4 |
| 5:40-1st |  | 15 | 14 | 0.606 | 0.394 |
| 5:33-1st |  | 15 | 14 | 0.586 | 0.414 |
| 5:29-1st |  | 15 | 14 | 0.579 | 0.421 |
| 5:19-1st |  | 15 | 14 | 0.599 | 0.401 |
| 5:16-1st |  | 15 | 14 | 0.606 | 0.394 |
| 5:12-1st |  | 15 | 14 | 0.585 | 0.415 |
| 5:09-1st |  | 15 | 14 | 0.579 | 0.421 |
| 5:06-1st |  | 15 | 15 | 0.579 | 0.421 |
| 4:40-1st |  | 15 | 15 | 0.56 | 0.44 |
| 4:37-1st |  | 15 | 15 | 0.554 | 0.446 |
| 4:34-1st |  | 15 | 15 | 0.512 | 0.488 |
| 4:23-1st |  | 15 | 18 | 0.499 | 0.501 |
| 4:07-1st |  | 15 | 18 | 0.477 | 0.523 |
| 4:04-1st |  | 15 | 18 | 0.47 | 0.53 |
| 4:01-1st |  | 15 | 18 | 0.497 | 0.503 |
| 3:52-1st |  | 17 | 18 | 0.522 | 0.478 |
| 3:34-1st |  | 17 | 18 | 0.521 | 0.479 |
| 3:33-1st |  | 17 | 18 | 0.551 | 0.449 |
| 3:30-1st |  | 17 | 18 | 0.551 | 0.449 |
| 3:13-1st |  | 19 | 18 | 0.578 | 0.422 |
| 2:59-1st |  | 19 | 18 | 0.599 | 0.401 |
| 2:55-1st |  | 19 | 18 | 0.606 | 0.394 |
| 2:41-1st |  | 21 | 18 | 0.628 | 0.372 |
| 2:31-1st |  | 21 | 18 | 0.648 | 0.352 |
| 2:25-1st |  | 21 | 18 | 0.654 | 0.346 |
| 2:14-1st |  | 23 | 18 | 0.68 | 0.32 |
| 2:04-1st |  | 23 | 18 | 0.706 | 0.294 |
| 2:03-1st |  | 23 | 18 | 0.741 | 0.259 |
| 1:48-1st |  | 23 | 18 | 0.679 | 0.321 |
| 1:42-1st |  | 23 | 20 | 0.652 | 0.348 |
| 1:31-1st |  | 23 | 20 | 0.692 | 0.308 |
| 1:20-1st |  | 25 | 20 | 0.679 | 0.321 |
| 1:08-1st |  | 25 | 23 | 0.629 | 0.371 |
| 54.4-1st |  | 25 | 23 | 0.609 | 0.391 |
| 50.8-1st |  | 25 | 23 | 0.603 | 0.397 |
| 47.5-1st |  | 25 | 23 | 0.629 | 0.371 |
| 34.1-1st |  | 27 | 23 | 0.656 | 0.344 |
| 17.8-1st |  | 27 | 23 | 0.675 | 0.325 |
| 13.0-1st |  | 27 | 23 | 0.659 | 0.341 |
| 1.8-1st |  | 27 | 23 | 0.66 | 0.34 |
| 0.0-1st |  | 27 | 23 | 0.667 | 0.333 |
| 11:42-2nd |  | 30 | 23 | 0.73 | 0.27 |
| 11:20-2nd |  | 30 | 25 | 0.709 | 0.291 |
| 11:00-2nd |  | 30 | 25 | 0.688 | 0.312 |
| 10:55-2nd |  | 30 | 25 | 0.681 | 0.319 |
| 10:46-2nd |  | 30 | 28 | 0.628 | 0.372 |
| 10:25-2nd |  | 32 | 28 | 0.656 | 0.344 |
| 9:53-2nd |  | 32 | 28 | 0.677 | 0.323 |
| 9:49-2nd |  | 32 | 28 | 0.684 | 0.316 |
| 9:32-2nd |  | 32 | 28 | 0.663 | 0.337 |
| 9:29-2nd |  | 32 | 28 | 0.684 | 0.316 |
| 9:25-2nd |  | 34 | 28 | 0.708 | 0.292 |
| 9:07-2nd |  | 34 | 30 | 0.684 | 0.316 |
| 8:49-2nd |  | 36 | 30 | 0.708 | 0.292 |
| 8:33-2nd |  | 36 | 30 | 0.729 | 0.271 |
| 8:28-2nd |  | 36 | 30 | 0.736 | 0.264 |
| 8:22-2nd |  | 36 | 30 | 0.708 | 0.292 |
| 8:12-2nd |  | 36 | 31 | 0.708 | 0.292 |
| 8:09-2nd |  | 36 | 31 | 0.709 | 0.291 |
| 7:56-2nd |  | 36 | 31 | 0.689 | 0.311 |
| 7:53-2nd |  | 36 | 31 | 0.682 | 0.318 |
| 7:48-2nd |  | 36 | 32 | 0.686 | 0.314 |
| 7:43-2nd |  | 36 | 32 | 0.686 | 0.314 |
| 7:42-2nd |  | 38 | 32 | 0.709 | 0.291 |
| 7:33-2nd |  | 38 | 32 | 0.71 | 0.29 |
| 7:16-2nd |  | 38 | 32 | 0.73 | 0.27 |
| 7:15-2nd |  | 38 | 32 | 0.736 | 0.264 |
| 6:59-2nd |  | 41 | 32 | 0.784 | 0.216 |
| 6:40-2nd |  | 41 | 32 | 0.803 | 0.197 |
| 6:39-2nd |  | 41 | 34 | 0.761 | 0.239 |
| 6:15-2nd |  | 43 | 34 | 0.786 | 0.214 |
| 6:03-2nd |  | 43 | 34 | 0.81 | 0.19 |
| 5:56-2nd |  | 43 | 34 | 0.786 | 0.214 |
| 5:41-2nd |  | 43 | 37 | 0.736 | 0.264 |
| 5:30-2nd |  | 43 | 37 | 0.718 | 0.282 |
| 5:26-2nd |  | 43 | 37 | 0.712 | 0.288 |
| 5:18-2nd |  | 43 | 39 | 0.688 | 0.312 |
| 5:11-2nd |  | 45 | 39 | 0.712 | 0.288 |
| 4:55-2nd |  | 45 | 42 | 0.66 | 0.34 |
| 4:43-2nd |  | 45 | 42 | 0.635 | 0.365 |
| 4:40-2nd |  | 45 | 42 | 0.626 | 0.374 |
| 4:33-2nd |  | 45 | 42 | 0.651 | 0.349 |
| 4:28-2nd |  | 45 | 42 | 0.626 | 0.374 |
| 4:27-2nd |  | 45 | 42 | 0.66 | 0.34 |
| 4:13-2nd |  | 47 | 42 | 0.685 | 0.315 |
| 3:58-2nd |  | 47 | 43 | 0.687 | 0.313 |
| 3:55-2nd |  | 47 | 43 | 0.687 | 0.313 |
| 3:47-2nd |  | 47 | 43 | 0.664 | 0.336 |
| 3:44-2nd |  | 47 | 43 | 0.656 | 0.344 |
| 3:43-2nd |  | 47 | 43 | 0.687 | 0.313 |
| 3:38-2nd |  | 47 | 43 | 0.687 | 0.313 |
| 3:29-2nd |  | 47 | 43 | 0.664 | 0.336 |
| 3:25-2nd |  | 47 | 43 | 0.656 | 0.344 |
| 3:20-2nd |  | 47 | 43 | 0.688 | 0.312 |
| 3:11-2nd |  | 47 | 43 | 0.664 | 0.336 |
| 3:05-2nd |  | 49 | 43 | 0.714 | 0.286 |
| 2:52-2nd |  | 49 | 45 | 0.688 | 0.312 |
| 2:40-2nd |  | 51 | 45 | 0.715 | 0.285 |
| 2:18-2nd |  | 51 | 45 | 0.737 | 0.263 |
| 2:13-2nd |  | 51 | 45 | 0.744 | 0.256 |
| 2:11-2nd |  | 51 | 45 | 0.723 | 0.277 |
| 2:07-2nd |  | 51 | 45 | 0.744 | 0.256 |
| 2:04-2nd |  | 53 | 45 | 0.772 | 0.228 |
| 1:49-2nd |  | 53 | 45 | 0.793 | 0.207 |
| 1:46-2nd |  | 53 | 45 | 0.799 | 0.201 |
| 1:42-2nd |  | 53 | 45 | 0.773 | 0.227 |
| 1:33-2nd |  | 53 | 45 | 0.8 | 0.2 |
| 1:16-2nd |  | 53 | 45 | 0.78 | 0.22 |
| 1:13-2nd |  | 53 | 45 | 0.774 | 0.226 |
| 1:07-2nd |  | 53 | 46 | 0.776 | 0.224 |
| 56.4-2nd |  | 55 | 46 | 0.8 | 0.2 |
| 48.2-2nd |  | 55 | 49 | 0.747 | 0.253 |
| 31.0-2nd |  | 58 | 49 | 0.801 | 0.199 |
| 7.6-2nd |  | 58 | 49 | 0.818 | 0.182 |
| 4.6-2nd |  | 58 | 51 | 0.778 | 0.222 |
| 0.3-2nd |  | 58 | 51 | 0.778 | 0.222 |
| 0.0-2nd |  | 58 | 51 | 0.762 | 0.238 |
| 12:00-3rd |  | 58 | 51 | 0.762 | 0.238 |
| 11:47-3rd |  | 58 | 51 | 0.76 | 0.24 |
| 11:43-3rd |  | 58 | 51 | 0.76 | 0.24 |
| 11:42-3rd |  | 58 | 51 | 0.782 | 0.218 |
| 11:41-3rd |  | 58 | 51 | 0.753 | 0.247 |
| 11:36-3rd |  | 58 | 51 | 0.783 | 0.217 |
| 11:25-3rd |  | 60 | 51 | 0.803 | 0.197 |
| 11:14-3rd |  | 60 | 51 | 0.823 | 0.177 |
| 11:11-3rd |  | 60 | 51 | 0.829 | 0.171 |
| 11:04-3rd |  | 60 | 51 | 0.811 | 0.189 |
| 10:58-3rd |  | 60 | 51 | 0.805 | 0.195 |
| 10:51-3rd |  | 60 | 51 | 0.824 | 0.176 |
| 10:47-3rd |  | 60 | 51 | 0.831 | 0.169 |
| 10:42-3rd |  | 63 | 51 | 0.872 | 0.128 |
| 10:26-3rd |  | 63 | 51 | 0.891 | 0.109 |
| 10:24-3rd |  | 65 | 51 | 0.907 | 0.093 |
| 10:07-3rd |  | 65 | 53 | 0.892 | 0.108 |
| 9:43-3rd |  | 67 | 53 | 0.91 | 0.09 |
| 9:34-3rd |  | 67 | 54 | 0.912 | 0.088 |
| 9:18-3rd |  | 67 | 54 | 0.895 | 0.105 |
| 9:12-3rd |  | 67 | 54 | 0.909 | 0.091 |
| 9:09-3rd |  | 67 | 54 | 0.896 | 0.104 |
| 9:04-3rd |  | 67 | 54 | 0.896 | 0.104 |
| 8:57-3rd |  | 67 | 56 | 0.879 | 0.121 |
| 8:44-3rd |  | 67 | 56 | 0.861 | 0.139 |
| 8:40-3rd |  | 67 | 56 | 0.866 | 0.134 |
| 8:38-3rd |  | 67 | 56 | 0.879 | 0.121 |
| 8:32-3rd |  | 69 | 56 | 0.898 | 0.102 |
| 8:21-3rd |  | 69 | 59 | 0.863 | 0.137 |
| 8:06-3rd |  | 69 | 59 | 0.841 | 0.159 |
| 7:54-3rd |  | 69 | 59 | 0.842 | 0.158 |
| 7:44-3rd |  | 69 | 59 | 0.86 | 0.14 |
| 7:41-3rd |  | 69 | 59 | 0.866 | 0.134 |
| 7:27-3rd |  | 72 | 59 | 0.904 | 0.096 |
| 7:01-3rd |  | 72 | 59 | 0.919 | 0.081 |
| 6:58-3rd |  | 72 | 59 | 0.923 | 0.077 |
| 6:52-3rd |  | 72 | 59 | 0.911 | 0.089 |
| 6:48-3rd |  | 72 | 59 | 0.924 | 0.076 |
| 6:27-3rd |  | 72 | 59 | 0.913 | 0.087 |
| 6:24-3rd |  | 72 | 59 | 0.91 | 0.09 |
| 6:13-3rd |  | 72 | 61 | 0.893 | 0.107 |
| 5:51-3rd |  | 72 | 61 | 0.894 | 0.106 |
| 5:37-3rd |  | 72 | 61 | 0.875 | 0.125 |
| 5:32-3rd |  | 72 | 63 | 0.855 | 0.145 |
| 5:17-3rd |  | 74 | 63 | 0.877 | 0.123 |
| 5:00-3rd |  | 74 | 65 | 0.858 | 0.142 |
| 4:49-3rd |  | 74 | 65 | 0.839 | 0.161 |
| 4:46-3rd |  | 74 | 65 | 0.832 | 0.168 |
| 4:45-3rd |  | 74 | 66 | 0.833 | 0.167 |
| 4:33-3rd |  | 76 | 66 | 0.859 | 0.141 |
| 4:15-3rd |  | 76 | 68 | 0.836 | 0.164 |
| 4:04-3rd |  | 76 | 68 | 0.818 | 0.182 |
| 4:01-3rd |  | 76 | 68 | 0.812 | 0.188 |
| 3:53-3rd |  | 76 | 68 | 0.838 | 0.162 |
| 3:48-3rd |  | 79 | 68 | 0.884 | 0.116 |
| 3:32-3rd |  | 79 | 68 | 0.902 | 0.098 |
| 3:29-3rd |  | 79 | 68 | 0.907 | 0.093 |
| 3:26-3rd |  | 81 | 68 | 0.925 | 0.075 |
| 3:08-3rd |  | 81 | 70 | 0.909 | 0.091 |
| 2:53-3rd |  | 83 | 70 | 0.928 | 0.072 |
| 2:41-3rd |  | 83 | 70 | 0.939 | 0.061 |
| 2:37-3rd |  | 83 | 70 | 0.943 | 0.057 |
| 2:32-3rd |  | 83 | 70 | 0.93 | 0.07 |
| 2:24-3rd |  | 83 | 72 | 0.914 | 0.086 |
| 2:23-3rd |  | 83 | 72 | 0.914 | 0.086 |
| 2:10-3rd |  | 86 | 72 | 0.946 | 0.054 |
| 1:50-3rd |  | 86 | 72 | 0.957 | 0.043 |
| 1:45-3rd |  | 86 | 72 | 0.948 | 0.052 |
| 1:44-3rd |  | 86 | 75 | 0.919 | 0.081 |
| 1:22-3rd |  | 86 | 75 | 0.906 | 0.094 |
| 1:19-3rd |  | 86 | 75 | 0.922 | 0.078 |
| 1:18-3rd |  | 88 | 75 | 0.938 | 0.062 |
| 1:00-3rd |  | 88 | 75 | 0.952 | 0.048 |
| 48.1-3rd |  | 88 | 75 | 0.944 | 0.056 |
| 44.7-3rd |  | 88 | 75 | 0.941 | 0.059 |
| 35.7-3rd |  | 88 | 75 | 0.941 | 0.059 |
| 29.9-3rd |  | 88 | 77 | 0.927 | 0.073 |
| 9.9-3rd |  | 88 | 77 | 0.917 | 0.083 |
| 6.0-3rd |  | 88 | 77 | 0.917 | 0.083 |
| 5.1-3rd |  | 88 | 77 | 0.914 | 0.086 |
| 4.9-3rd |  | 88 | 77 | 0.914 | 0.086 |
| 0.1-3rd |  | 88 | 77 | 0.913 | 0.087 |
| 0.0-3rd |  | 88 | 77 | 0.922 | 0.078 |
| 12:00-4th |  | 88 | 77 | 0.922 | 0.078 |
| 11:40-4th |  | 88 | 77 | 0.932 | 0.068 |
| 11:34-4th |  | 88 | 77 | 0.919 | 0.081 |
| 11:21-4th |  | 88 | 79 | 0.896 | 0.104 |
| 11:04-4th |  | 88 | 79 | 0.871 | 0.129 |
| 11:00-4th |  | 88 | 81 | 0.847 | 0.153 |
| 10:42-4th |  | 90 | 81 | 0.874 | 0.126 |
| 10:23-4th |  | 90 | 83 | 0.847 | 0.153 |
| 10:09-4th |  | 92 | 83 | 0.878 | 0.122 |
| 9:52-4th |  | 92 | 85 | 0.856 | 0.144 |
| 9:30-4th |  | 94 | 85 | 0.888 | 0.112 |
| 9:07-4th |  | 94 | 85 | 0.91 | 0.09 |
| 9:05-4th |  | 94 | 87 | 0.861 | 0.139 |
| 8:49-4th |  | 94 | 87 | 0.825 | 0.175 |
| 8:32-4th |  | 94 | 89 | 0.79 | 0.21 |
| 8:13-4th |  | 94 | 89 | 0.747 | 0.253 |
| 8:12-4th |  | 94 | 89 | 0.66 | 0.34 |
| 8:00-4th |  | 94 | 91 | 0.69 | 0.31 |
| 7:40-4th |  | 94 | 91 | 0.652 | 0.348 |
| 7:37-4th |  | 94 | 93 | 0.582 | 0.418 |
| 7:20-4th |  | 94 | 93 | 0.534 | 0.466 |
| 7:16-4th |  | 94 | 93 | 0.517 | 0.483 |
| 6:56-4th |  | 94 | 93 | 0.568 | 0.432 |
| 6:53-4th |  | 94 | 93 | 0.585 | 0.415 |
| 6:50-4th |  | 96 | 93 | 0.644 | 0.356 |
| 6:33-4th |  | 96 | 93 | 0.647 | 0.353 |
| 6:17-4th |  | 96 | 95 | 0.588 | 0.412 |
| 6:01-4th |  | 98 | 95 | 0.659 | 0.341 |
| 5:47-4th |  | 98 | 95 | 0.708 | 0.292 |
| 5:42-4th |  | 98 | 95 | 0.725 | 0.275 |
| 5:34-4th |  | 98 | 95 | 0.811 | 0.189 |
| 5:21-4th | TARGET | 98 | 95 | 0.69 | 0.31 |
| 5:18-4th |  | 98 | 95 | 0.674 | 0.326 |
| 5:13-4th |  | 98 | 95 | 0.725 | 0.275 |
| 5:09-4th |  | 98 | 95 | 0.742 | 0.258 |
| 4:54-4th |  | 101 | 95 | 0.842 | 0.158 |
| 4:38-4th |  | 101 | 97 | 0.801 | 0.199 |
| 4:19-4th |  | 103 | 97 | 0.85 | 0.15 |
| 4:03-4th |  | 103 | 100 | 0.755 | 0.245 |
| 4:01-4th |  | 103 | 100 | 0.755 | 0.245 |
| 3:40-4th |  | 103 | 100 | 0.709 | 0.291 |
| 3:37-4th |  | 103 | 100 | 0.692 | 0.308 |
| 3:23-4th |  | 103 | 101 | 0.701 | 0.299 |
| 3:20-4th |  | 103 | 101 | 0.702 | 0.298 |
| 3:05-4th |  | 103 | 101 | 0.624 | 0.376 |
| 3:02-4th |  | 103 | 101 | 0.707 | 0.293 |
| 2:58-4th |  | 105 | 101 | 0.77 | 0.23 |
| 2:44-4th |  | 105 | 103 | 0.713 | 0.287 |
| 2:30-4th |  | 107 | 103 | 0.783 | 0.217 |
| 2:10-4th |  | 107 | 103 | 0.839 | 0.161 |
| 2:06-4th |  | 107 | 103 | 0.856 | 0.144 |
| 1:48-4th |  | 107 | 103 | 0.816 | 0.184 |
| 1:44-4th |  | 109 | 103 | 0.907 | 0.093 |
| 1:36-4th |  | 109 | 103 | 0.937 | 0.063 |
| 1:34-4th |  | 109 | 103 | 0.911 | 0.089 |
| 1:30-4th |  | 109 | 105 | 0.87 | 0.13 |
| 1:16-4th |  | 109 | 105 | 0.827 | 0.173 |
| 1:11-4th |  | 109 | 105 | 0.878 | 0.122 |
| 1:04-4th |  | 111 | 105 | 0.923 | 0.077 |
| 57.5-4th |  | 111 | 108 | 0.835 | 0.165 |
| 32.6-4th |  | 111 | 108 | 0.795 | 0.205 |
| 29.7-4th |  | 111 | 108 | 0.775 | 0.225 |
| 19.2-4th |  | 111 | 108 | 0.873 | 0.127 |
| 16.5-4th |  | 113 | 108 | 0.941 | 0.059 |
| 9.6-4th |  | 113 | 111 | 0.848 | 0.152 |
| 6.8-4th |  | 115 | 111 | 0.937 | 0.063 |
| 1.1-4th |  | 115 | 111 | 0.995 | 0.005 |
| 1.0-4th |  | 115 | 111 | 0.991 | 0.009 |
| 0.0-4th |  | 115 | 111 | 1.0 | 0.0 |

Question

Which event most likely happened at the marked missing position?

Answer Choices

A. Player 15 (Team B) makes 3-foot dunk (Player 12 (Team B) assists)
B. Player 11 (Team B) bad pass (Shaquille Harrison steals)
C. Player 8 (Team A) misses 17-foot step back jumpshot
D. Player 14 (Team B) personal foul

Response Format

Return exactly one JSON object:

{
  "answer": "<A|B|C|D>",
  "rationale": "<brief evidence-based justification in 1-3 sentences>",
  "evidence_event_ids": [],
  "evidence_series_times": []
}

Use only event IDs and time labels that are provided above and that support the answer. Use an empty array when the corresponding evidence type is unavailable or unused. Return only the JSON object.
