Task

Reconstruct the missing event in this basketball game. Use the available numerical time-series evidence around the marked row to select the most likely event.

Game

Team A versus Team B, season 22-23.

Time Series

| Game time | Marker | Team A score | Team B score | Team A win probability | Team B win probability |
| --- | --- | --- | --- | --- | --- |
| 12:00-1st |  | 0.0 | 0.0 | 0.384 | 0.616 |
| 11:46-1st |  | 2.0 | 0.0 | 0.413 | 0.587 |
| 11:35-1st |  | 2.0 | 0.0 | 0.413 | 0.587 |
| 11:25-1st |  | 2.0 | 0.0 | 0.435 | 0.565 |
| 11:13-1st |  | 2.0 | 0.0 | 0.419 | 0.581 |
| 11:09-1st |  | 2.0 | 0.0 | 0.413 | 0.587 |
| 11:00-1st |  | 2.0 | 0.0 | 0.433 | 0.567 |
| 10:56-1st |  | 2.0 | 0.0 | 0.439 | 0.561 |
| 10:54-1st |  | 4.0 | 0.0 | 0.464 | 0.536 |
| 10:44-1st |  | 4.0 | 2.0 | 0.439 | 0.561 |
| 10:34-1st |  | 7.0 | 2.0 | 0.489 | 0.511 |
| 10:22-1st |  | 7.0 | 2.0 | 0.51 | 0.49 |
| 10:15-1st |  | 7.0 | 4.0 | 0.463 | 0.537 |
| 10:09-1st |  | 7.0 | 4.0 | 0.445 | 0.555 |
| 10:06-1st |  | 7.0 | 4.0 | 0.439 | 0.561 |
| 10:02-1st |  | 7.0 | 6.0 | 0.415 | 0.585 |
| 9:39-1st |  | 7.0 | 6.0 | 0.398 | 0.602 |
| 9:38-1st |  | 7.0 | 6.0 | 0.394 | 0.606 |
| 9:21-1st |  | 7.0 | 6.0 | 0.412 | 0.588 |
| 9:19-1st |  | 7.0 | 6.0 | 0.419 | 0.581 |
| 9:17-1st |  | 9.0 | 6.0 | 0.442 | 0.558 |
| 9:06-1st |  | 9.0 | 8.0 | 0.418 | 0.582 |
| 8:58-1st |  | 9.0 | 8.0 | 0.394 | 0.606 |
| 8:46-1st |  | 9.0 | 8.0 | 0.419 | 0.581 |
| 8:35-1st |  | 11.0 | 8.0 | 0.444 | 0.556 |
| 8:17-1st |  | 11.0 | 11.0 | 0.395 | 0.605 |
| 8:00-1st |  | 14.0 | 11.0 | 0.446 | 0.554 |
| 7:48-1st |  | 14.0 | 11.0 | 0.468 | 0.532 |
| 7:46-1st |  | 14.0 | 11.0 | 0.475 | 0.525 |
| 7:45-1st |  | 15.0 | 11.0 | 0.473 | 0.527 |
| 7:43-1st |  | 15.0 | 11.0 | 0.473 | 0.527 |
| 7:24-1st |  | 15.0 | 11.0 | 0.495 | 0.505 |
| 7:21-1st |  | 15.0 | 11.0 | 0.502 | 0.498 |
| 7:17-1st |  | 17.0 | 11.0 | 0.528 | 0.472 |
| 7:05-1st |  | 17.0 | 13.0 | 0.503 | 0.497 |
| 6:57-1st |  | 17.0 | 13.0 | 0.504 | 0.496 |
| 6:54-1st |  | 17.0 | 13.0 | 0.504 | 0.496 |
| 6:51-1st |  | 17.0 | 13.0 | 0.504 | 0.496 |
| 6:47-1st |  | 18.0 | 13.0 | 0.504 | 0.496 |
| 6:23-1st |  | 18.0 | 13.0 | 0.504 | 0.496 |
| 6:03-1st |  | 18.0 | 13.0 | 0.513 | 0.487 |
| 6:00-1st |  | 18.0 | 13.0 | 0.507 | 0.493 |
| 5:44-1st |  | 18.0 | 15.0 | 0.482 | 0.518 |
| 5:38-1st |  | 18.0 | 15.0 | 0.462 | 0.538 |
| 5:35-1st |  | 18.0 | 15.0 | 0.456 | 0.544 |
| 5:27-1st |  | 18.0 | 15.0 | 0.476 | 0.524 |
| 5:22-1st |  | 18.0 | 15.0 | 0.477 | 0.523 |
| 5:19-1st |  | 18.0 | 15.0 | 0.457 | 0.543 |
| 5:18-1st |  | 18.0 | 17.0 | 0.431 | 0.569 |
| 5:08-1st |  | 20.0 | 17.0 | 0.457 | 0.543 |
| 4:56-1st |  | 20.0 | 17.0 | 0.478 | 0.522 |
| 4:51-1st |  | 20.0 | 17.0 | 0.485 | 0.515 |
| 4:36-1st |  | 20.0 | 17.0 | 0.466 | 0.534 |
| 4:32-1st |  | 20.0 | 17.0 | 0.46 | 0.54 |
| 4:26-1st |  | 20.0 | 17.0 | 0.48 | 0.52 |
| 4:23-1st |  | 20.0 | 17.0 | 0.487 | 0.513 |
| 4:18-1st |  | 22.0 | 17.0 | 0.513 | 0.487 |
| 3:55-1st |  | 22.0 | 17.0 | 0.536 | 0.464 |
| 3:53-1st |  | 22.0 | 17.0 | 0.543 | 0.457 |
| 3:41-1st |  | 24.0 | 17.0 | 0.573 | 0.427 |
| 3:21-1st |  | 24.0 | 19.0 | 0.546 | 0.454 |
| 3:09-1st |  | 24.0 | 19.0 | 0.518 | 0.482 |
| 2:59-1st |  | 24.0 | 22.0 | 0.464 | 0.536 |
| 2:46-1st |  | 26.0 | 22.0 | 0.495 | 0.505 |
| 2:29-1st |  | 26.0 | 22.0 | 0.523 | 0.477 |
| 2:24-1st |  | 26.0 | 22.0 | 0.503 | 0.497 |
| 2:20-1st |  | 26.0 | 22.0 | 0.524 | 0.476 |
| 2:18-1st |  | 28.0 | 22.0 | 0.551 | 0.449 |
| 2:02-1st |  | 28.0 | 24.0 | 0.525 | 0.475 |
| 1:45-1st |  | 28.0 | 24.0 | 0.506 | 0.494 |
| 1:42-1st |  | 28.0 | 24.0 | 0.499 | 0.501 |
| 1:32-1st |  | 28.0 | 26.0 | 0.471 | 0.529 |
| 1:17-1st |  | 30.0 | 26.0 | 0.501 | 0.499 |
| 1:06-1st |  | 30.0 | 26.0 | 0.523 | 0.477 |
| 59.0-1st |  | 30.0 | 26.0 | 0.53 | 0.47 |
| 53.0-1st |  | 30.0 | 26.0 | 0.503 | 0.497 |
| 52.0-1st |  | 30.0 | 28.0 | 0.474 | 0.526 |
| 38.1-1st |  | 30.0 | 28.0 | 0.447 | 0.553 |
| 32.1-1st |  | 30.0 | 30.0 | 0.417 | 0.583 |
| 30.1-1st |  | 30.0 | 30.0 | 0.391 | 0.609 |
| 28.1-1st |  | 30.0 | 30.0 | 0.391 | 0.609 |
| 9.1-1st |  | 30.0 | 30.0 | 0.419 | 0.581 |
| 6.0-1st |  | 32.0 | 30.0 | 0.446 | 0.554 |
| 2.1-1st |  | 32.0 | 30.0 | 0.479 | 0.521 |
| 0.0-1st |  | 32.0 | 30.0 | 0.46 | 0.54 |
| 12:00-2nd |  | 32.0 | 30.0 | 0.46 | 0.54 |
| 11:41-2nd |  | 32.0 | 30.0 | 0.472 | 0.528 |
| 11:36-2nd |  | 32.0 | 30.0 | 0.48 | 0.52 |
| 11:24-2nd |  | 32.0 | 30.0 | 0.458 | 0.542 |
| 11:22-2nd |  | 32.0 | 30.0 | 0.451 | 0.549 |
| 11:13-2nd |  | 32.0 | 32.0 | 0.423 | 0.577 |
| 10:59-2nd |  | 32.0 | 32.0 | 0.401 | 0.599 |
| 10:56-2nd |  | 32.0 | 32.0 | 0.393 | 0.607 |
| 10:44-2nd |  | 32.0 | 34.0 | 0.365 | 0.635 |
| 10:31-2nd |  | 35.0 | 34.0 | 0.423 | 0.577 |
| 10:17-2nd |  | 35.0 | 34.0 | 0.448 | 0.552 |
| 10:14-2nd |  | 35.0 | 34.0 | 0.456 | 0.544 |
| 10:10-2nd |  | 37.0 | 34.0 | 0.482 | 0.518 |
| 9:55-2nd |  | 37.0 | 34.0 | 0.507 | 0.493 |
| 9:52-2nd |  | 37.0 | 34.0 | 0.515 | 0.485 |
| 9:47-2nd |  | 39.0 | 34.0 | 0.546 | 0.454 |
| 9:28-2nd |  | 39.0 | 37.0 | 0.485 | 0.515 |
| 9:13-2nd |  | 42.0 | 37.0 | 0.548 | 0.452 |
| 9:01-2nd |  | 42.0 | 37.0 | 0.55 | 0.45 |
| 8:53-2nd |  | 42.0 | 39.0 | 0.519 | 0.481 |
| 8:40-2nd |  | 42.0 | 39.0 | 0.497 | 0.503 |
| 8:36-2nd |  | 42.0 | 39.0 | 0.489 | 0.511 |
| 8:34-2nd |  | 42.0 | 41.0 | 0.459 | 0.541 |
| 8:15-2nd |  | 42.0 | 41.0 | 0.459 | 0.541 |
| 8:03-2nd |  | 44.0 | 41.0 | 0.49 | 0.51 |
| 7:39-2nd |  | 44.0 | 43.0 | 0.461 | 0.539 |
| 7:24-2nd |  | 44.0 | 43.0 | 0.44 | 0.56 |
| 7:20-2nd |  | 44.0 | 43.0 | 0.462 | 0.538 |
| 7:19-2nd |  | 46.0 | 43.0 | 0.493 | 0.507 |
| 7:12-2nd |  | 46.0 | 43.0 | 0.526 | 0.474 |
| 6:52-2nd |  | 46.0 | 43.0 | 0.503 | 0.497 |
| 6:48-2nd |  | 46.0 | 43.0 | 0.495 | 0.505 |
| 6:39-2nd |  | 46.0 | 45.0 | 0.465 | 0.535 |
| 6:17-2nd |  | 46.0 | 45.0 | 0.465 | 0.535 |
| 6:12-2nd |  | 46.0 | 45.0 | 0.444 | 0.556 |
| 6:09-2nd |  | 46.0 | 45.0 | 0.436 | 0.564 |
| 6:02-2nd |  | 46.0 | 45.0 | 0.46 | 0.54 |
| 5:59-2nd |  | 46.0 | 45.0 | 0.468 | 0.532 |
| 5:56-2nd |  | 49.0 | 45.0 | 0.532 | 0.468 |
| 5:34-2nd |  | 49.0 | 45.0 | 0.558 | 0.442 |
| 5:30-2nd |  | 49.0 | 47.0 | 0.503 | 0.497 |
| 5:20-2nd |  | 52.0 | 47.0 | 0.567 | 0.433 |
| 5:01-2nd |  | 52.0 | 49.0 | 0.535 | 0.465 |
| 4:50-2nd |  | 54.0 | 49.0 | 0.569 | 0.431 |
| 4:43-2nd |  | 54.0 | 49.0 | 0.57 | 0.43 |
| 4:29-2nd |  | 54.0 | 49.0 | 0.594 | 0.406 |
| 4:26-2nd |  | 54.0 | 49.0 | 0.572 | 0.428 |
| 4:22-2nd |  | 54.0 | 49.0 | 0.603 | 0.397 |
| 4:14-2nd |  | 54.0 | 49.0 | 0.58 | 0.42 |
| 4:10-2nd |  | 54.0 | 49.0 | 0.573 | 0.427 |
| 4:02-2nd |  | 54.0 | 51.0 | 0.54 | 0.46 |
| 3:45-2nd |  | 57.0 | 51.0 | 0.606 | 0.394 |
| 3:31-2nd |  | 57.0 | 51.0 | 0.632 | 0.368 |
| 3:28-2nd |  | 57.0 | 51.0 | 0.641 | 0.359 |
| 3:23-2nd |  | 59.0 | 51.0 | 0.673 | 0.327 |
| 3:22-2nd |  | 59.0 | 51.0 | 0.673 | 0.327 |
| 3:02-2nd |  | 59.0 | 51.0 | 0.706 | 0.294 |
| 2:58-2nd |  | 61.0 | 51.0 | 0.735 | 0.265 |
| 2:45-2nd |  | 61.0 | 53.0 | 0.708 | 0.292 |
| 2:25-2nd |  | 61.0 | 53.0 | 0.688 | 0.312 |
| 2:21-2nd |  | 61.0 | 53.0 | 0.68 | 0.32 |
| 2:15-2nd |  | 61.0 | 56.0 | 0.617 | 0.383 |
| 2:05-2nd |  | 63.0 | 56.0 | 0.65 | 0.35 |
| 1:45-2nd |  | 63.0 | 56.0 | 0.678 | 0.322 |
| 1:41-2nd |  | 63.0 | 56.0 | 0.688 | 0.312 |
| 1:37-2nd |  | 65.0 | 56.0 | 0.717 | 0.283 |
| 1:28-2nd |  | 65.0 | 56.0 | 0.745 | 0.255 |
| 1:09-2nd |  | 67.0 | 56.0 | 0.773 | 0.227 |
| 50.1-2nd |  | 67.0 | 58.0 | 0.749 | 0.251 |
| 38.1-2nd |  | 67.0 | 58.0 | 0.731 | 0.269 |
| 35.1-2nd |  | 67.0 | 58.0 | 0.751 | 0.249 |
| 34.1-2nd |  | 69.0 | 58.0 | 0.777 | 0.223 |
| 25.2-2nd |  | 69.0 | 61.0 | 0.72 | 0.28 |
| 3.1-2nd |  | 72.0 | 61.0 | 0.78 | 0.22 |
| 0.0-2nd |  | 72.0 | 61.0 | 0.795 | 0.205 |
| 12:00-3rd |  | 72.0 | 61.0 | 0.795 | 0.205 |
| 11:41-3rd |  | 72.0 | 63.0 | 0.762 | 0.238 |
| 11:24-3rd |  | 72.0 | 63.0 | 0.743 | 0.257 |
| 11:22-3rd |  | 74.0 | 63.0 | 0.787 | 0.213 |
| 11:17-3rd |  | 74.0 | 63.0 | 0.811 | 0.189 |
| 11:09-3rd |  | 74.0 | 65.0 | 0.766 | 0.234 |
| 10:56-3rd |  | 74.0 | 65.0 | 0.74 | 0.26 |
| 10:50-3rd |  | 74.0 | 65.0 | 0.762 | 0.238 |
| 10:45-3rd |  | 74.0 | 65.0 | 0.769 | 0.231 |
| 10:44-3rd |  | 74.0 | 65.0 | 0.742 | 0.258 |
| 10:40-3rd |  | 74.0 | 68.0 | 0.679 | 0.321 |
| 10:24-3rd |  | 74.0 | 68.0 | 0.652 | 0.348 |
| 10:20-3rd |  | 74.0 | 68.0 | 0.643 | 0.357 |
| 10:11-3rd |  | 74.0 | 68.0 | 0.673 | 0.327 |
| 10:08-3rd |  | 74.0 | 68.0 | 0.644 | 0.356 |
| 10:07-3rd |  | 74.0 | 68.0 | 0.683 | 0.317 |
| 10:00-3rd |  | 74.0 | 68.0 | 0.655 | 0.345 |
| 9:58-3rd |  | 75.0 | 68.0 | 0.68 | 0.32 |
| 9:45-3rd |  | 75.0 | 68.0 | 0.708 | 0.292 |
| 9:41-3rd |  | 75.0 | 70.0 | 0.647 | 0.353 |
| 9:35-3rd |  | 77.0 | 70.0 | 0.682 | 0.318 |
| 9:19-3rd |  | 77.0 | 72.0 | 0.649 | 0.351 |
| 9:04-3rd |  | 79.0 | 72.0 | 0.686 | 0.314 |
| 8:49-3rd |  | 79.0 | 72.0 | 0.713 | 0.287 |
| 8:46-3rd |  | 79.0 | 72.0 | 0.721 | 0.279 |
| 8:28-3rd |  | 82.0 | 72.0 | 0.785 | 0.215 |
| 8:15-3rd |  | 82.0 | 72.0 | 0.807 | 0.193 |
| 8:13-3rd |  | 82.0 | 72.0 | 0.814 | 0.186 |
| 8:09-3rd |  | 84.0 | 72.0 | 0.841 | 0.159 |
| 8:00-3rd |  | 84.0 | 75.0 | 0.79 | 0.21 |
| 7:41-3rd |  | 84.0 | 75.0 | 0.767 | 0.233 |
| 7:38-3rd |  | 84.0 | 75.0 | 0.759 | 0.241 |
| 7:30-3rd |  | 84.0 | 77.0 | 0.73 | 0.27 |
| 7:16-3rd |  | 87.0 | 77.0 | 0.796 | 0.204 |
| 6:59-3rd |  | 87.0 | 77.0 | 0.819 | 0.181 |
| 6:56-3rd |  | 87.0 | 77.0 | 0.826 | 0.174 |
| 6:51-3rd |  | 87.0 | 77.0 | 0.807 | 0.193 |
| 6:46-3rd |  | 87.0 | 77.0 | 0.801 | 0.199 |
| 6:37-3rd |  | 87.0 | 78.0 | 0.77 | 0.23 |
| 6:31-3rd |  | 87.0 | 78.0 | 0.772 | 0.228 |
| 6:26-3rd |  | 87.0 | 78.0 | 0.797 | 0.203 |
| 6:20-3rd |  | 87.0 | 80.0 | 0.743 | 0.257 |
| 6:02-3rd |  | 90.0 | 80.0 | 0.807 | 0.193 |
| 5:53-3rd |  | 90.0 | 81.0 | 0.809 | 0.191 |
| 5:31-3rd |  | 90.0 | 81.0 | 0.789 | 0.211 |
| 5:29-3rd |  | 90.0 | 81.0 | 0.781 | 0.219 |
| 5:15-3rd |  | 90.0 | 83.0 | 0.754 | 0.246 |
| 5:04-3rd |  | 90.0 | 83.0 | 0.728 | 0.272 |
| 5:01-3rd |  | 90.0 | 83.0 | 0.757 | 0.243 |
| 5:00-3rd |  | 90.0 | 83.0 | 0.719 | 0.281 |
| 4:54-3rd |  | 90.0 | 83.0 | 0.748 | 0.252 |
| 4:51-3rd |  | 90.0 | 83.0 | 0.758 | 0.242 |
| 4:40-3rd |  | 90.0 | 83.0 | 0.731 | 0.269 |
| 4:38-3rd |  | 90.0 | 83.0 | 0.722 | 0.278 |
| 4:33-3rd |  | 90.0 | 83.0 | 0.761 | 0.239 |
| 4:22-3rd |  | 92.0 | 83.0 | 0.791 | 0.209 |
| 4:13-3rd |  | 92.0 | 85.0 | 0.762 | 0.238 |
| 3:47-3rd |  | 92.0 | 85.0 | 0.738 | 0.262 |
| 3:45-3rd |  | 92.0 | 85.0 | 0.729 | 0.271 |
| 3:34-3rd |  | 92.0 | 85.0 | 0.759 | 0.241 |
| 3:32-3rd |  | 92.0 | 85.0 | 0.769 | 0.231 |
| 3:29-3rd |  | 94.0 | 85.0 | 0.801 | 0.199 |
| 3:05-3rd |  | 94.0 | 88.0 | 0.74 | 0.26 |
| 2:51-3rd |  | 94.0 | 88.0 | 0.709 | 0.291 |
| 2:48-3rd |  | 94.0 | 88.0 | 0.699 | 0.301 |
| 2:40-3rd |  | 94.0 | 90.0 | 0.662 | 0.338 |
| 2:29-3rd |  | 95.0 | 90.0 | 0.66 | 0.34 |
| 2:18-3rd |  | 95.0 | 92.0 | 0.622 | 0.378 |
| 2:05-3rd |  | 95.0 | 92.0 | 0.59 | 0.41 |
| 2:04-3rd |  | 97.0 | 92.0 | 0.664 | 0.336 |
| 1:50-3rd |  | 97.0 | 94.0 | 0.626 | 0.374 |
| 1:33-3rd |  | 99.0 | 94.0 | 0.668 | 0.332 |
| 1:14-3rd |  | 99.0 | 96.0 | 0.631 | 0.369 |
| 1:00-3rd |  | 102.0 | 96.0 | 0.717 | 0.283 |
| 49.0-3rd |  | 102.0 | 96.0 | 0.651 | 0.349 |
| 45.1-3rd |  | 102.0 | 96.0 | 0.766 | 0.234 |
| 38.2-3rd |  | 104.0 | 96.0 | 0.801 | 0.199 |
| 34.0-3rd |  | 104.0 | 98.0 | 0.768 | 0.232 |
| 20.1-3rd |  | 106.0 | 98.0 | 0.803 | 0.197 |
| 5.0-3rd |  | 106.0 | 100.0 | 0.771 | 0.229 |
| 2.1-3rd |  | 106.0 | 103.0 | 0.639 | 0.361 |
| 0.1-3rd |  | 106.0 | 103.0 | 0.605 | 0.395 |
| 0.0-3rd |  | 106.0 | 103.0 | 0.617 | 0.383 |
| 12:00-4th |  | 106.0 | 103.0 | 0.617 | 0.383 |
| 11:47-4th |  | 106.0 | 103.0 | 0.604 | 0.396 |
| 11:44-4th |  | 106.0 | 103.0 | 0.59 | 0.41 |
| 11:33-4th |  | 106.0 | 105.0 | 0.543 | 0.457 |
| 11:11-4th |  | 106.0 | 105.0 | 0.505 | 0.495 |
| 11:07-4th |  | 106.0 | 105.0 | 0.492 | 0.508 |
| 11:02-4th |  | 106.0 | 106.0 | 0.491 | 0.509 |
| 10:48-4th |  | 106.0 | 106.0 | 0.451 | 0.549 |
| 10:44-4th |  | 106.0 | 106.0 | 0.438 | 0.562 |
| 10:37-4th |  | 106.0 | 106.0 | 0.479 | 0.521 |
| 10:34-4th |  | 106.0 | 106.0 | 0.493 | 0.507 |
| 10:29-4th |  | 108.0 | 106.0 | 0.543 | 0.457 |
| 10:11-4th |  | 108.0 | 108.0 | 0.494 | 0.506 |
| 10:00-4th |  | 108.0 | 108.0 | 0.514 | 0.486 |
| 9:47-4th |  | 108.0 | 108.0 | 0.459 | 0.541 |
| 9:43-4th |  | 108.0 | 108.0 | 0.504 | 0.496 |
| 9:42-4th |  | 108.0 | 108.0 | 0.46 | 0.54 |
| 9:40-4th |  | 108.0 | 108.0 | 0.505 | 0.495 |
| 9:38-4th |  | 108.0 | 108.0 | 0.46 | 0.54 |
| 9:36-4th |  | 108.0 | 108.0 | 0.445 | 0.555 |
| 9:34-4th |  | 108.0 | 111.0 | 0.344 | 0.656 |
| 9:11-4th |  | 108.0 | 111.0 | 0.289 | 0.711 |
| 9:07-4th |  | 108.0 | 114.0 | 0.203 | 0.797 |
| 9:05-4th |  | 108.0 | 114.0 | 0.203 | 0.797 |
| 8:42-4th |  | 111.0 | 114.0 | 0.287 | 0.713 |
| 8:18-4th |  | 111.0 | 114.0 | 0.327 | 0.673 |
| 8:14-4th |  | 111.0 | 114.0 | 0.341 | 0.659 |
| 8:04-4th |  | 111.0 | 114.0 | 0.298 | 0.702 |
| 8:02-4th |  | 111.0 | 114.0 | 0.284 | 0.716 |
| 7:57-4th |  | 111.0 | 116.0 | 0.237 | 0.763 |
| 7:43-4th |  | 111.0 | 116.0 | 0.19 | 0.81 |
| 7:25-4th |  | 111.0 | 116.0 | 0.219 | 0.781 |
| 7:23-4th |  | 111.0 | 116.0 | 0.23 | 0.77 |
| 7:14-4th |  | 113.0 | 116.0 | 0.275 | 0.725 |
| 7:05-4th |  | 113.0 | 116.0 | 0.317 | 0.683 |
| 7:02-4th |  | 113.0 | 116.0 | 0.331 | 0.669 |
| 6:45-4th |  | 116.0 | 116.0 | 0.448 | 0.552 |
| 6:26-4th |  | 116.0 | 116.0 | 0.501 | 0.499 |
| 6:23-4th |  | 116.0 | 116.0 | 0.449 | 0.551 |
| 6:21-4th |  | 116.0 | 116.0 | 0.449 | 0.551 |
| 6:12-4th |  | 116.0 | 118.0 | 0.387 | 0.613 |
| 5:48-4th |  | 118.0 | 118.0 | 0.449 | 0.551 |
| 5:30-4th |  | 118.0 | 120.0 | 0.383 | 0.617 |
| 5:10-4th |  | 118.0 | 120.0 | 0.329 | 0.671 |
| 5:07-4th |  | 118.0 | 120.0 | 0.381 | 0.619 |
| 4:53-4th |  | 118.0 | 120.0 | 0.326 | 0.674 |
| 4:49-4th |  | 118.0 | 120.0 | 0.326 | 0.674 |
| 4:48-4th |  | 118.0 | 120.0 | 0.308 | 0.692 |
| 4:32-4th |  | 118.0 | 120.0 | 0.36 | 0.64 |
| 4:30-4th |  | 118.0 | 120.0 | 0.305 | 0.695 |
| 4:28-4th |  | 118.0 | 120.0 | 0.36 | 0.64 |
| 4:23-4th |  | 118.0 | 120.0 | 0.378 | 0.622 |
| 4:20-4th |  | 120.0 | 120.0 | 0.455 | 0.545 |
| 4:02-4th |  | 120.0 | 122.0 | 0.38 | 0.62 |
| 3:54-4th |  | 120.0 | 122.0 | 0.305 | 0.695 |
| 3:37-4th |  | 120.0 | 122.0 | 0.357 | 0.643 |
| 3:35-4th |  | 120.0 | 122.0 | 0.374 | 0.626 |
| 3:30-4th |  | 121.0 | 122.0 | 0.382 | 0.618 |
| 3:14-4th | TARGET | 121.0 | 125.0 | 0.238 | 0.762 |
| 2:55-4th |  | 121.0 | 125.0 | 0.182 | 0.818 |
| 2:52-4th |  | 121.0 | 125.0 | 0.164 | 0.836 |
| 2:50-4th |  | 121.0 | 125.0 | 0.163 | 0.837 |
| 2:41-4th |  | 121.0 | 125.0 | 0.151 | 0.849 |
| 2:26-4th |  | 121.0 | 125.0 | 0.194 | 0.806 |
| 2:24-4th |  | 121.0 | 125.0 | 0.193 | 0.807 |
| 2:23-4th |  | 121.0 | 125.0 | 0.146 | 0.854 |
| 2:19-4th |  | 121.0 | 127.0 | 0.1 | 0.9 |
| 1:57-4th |  | 123.0 | 127.0 | 0.128 | 0.872 |
| 1:38-4th |  | 123.0 | 127.0 | 0.166 | 0.834 |
| 1:36-4th |  | 123.0 | 127.0 | 0.182 | 0.818 |
| 1:26-4th |  | 123.0 | 127.0 | 0.125 | 0.875 |
| 1:23-4th |  | 123.0 | 127.0 | 0.105 | 0.895 |
| 1:02-4th |  | 123.0 | 129.0 | 0.069 | 0.931 |
| 52.1-4th |  | 123.0 | 129.0 | 0.032 | 0.968 |
| 48.1-4th |  | 123.0 | 129.0 | 0.059 | 0.941 |
| 47.1-4th |  | 123.0 | 129.0 | 0.031 | 0.969 |
| 42.0-4th |  | 123.0 | 129.0 | 0.022 | 0.978 |
| 21.1-4th |  | 123.0 | 129.0 | 0.032 | 0.968 |
| 19.2-4th |  | 123.0 | 129.0 | 0.035 | 0.965 |
| 18.1-4th |  | 124.0 | 129.0 | 0.036 | 0.964 |
| 15.0-4th |  | 124.0 | 129.0 | 0.007 | 0.993 |
| 14.1-4th |  | 124.0 | 131.0 | 0.011 | 0.989 |
| 12.0-4th |  | 126.0 | 131.0 | 0.018 | 0.982 |
| 8.0-4th |  | 126.0 | 131.0 | 0.033 | 0.967 |
| 0.0-4th |  | 126.0 | 131.0 | 0.0 | 1.0 |

Question

Which event most likely happened at the marked missing position?

Answer Choices

A. Player 3 (Team B) makes 26-foot three point jumper (Player 5 (Team B) assists)
B. Player 9 (Team B) makes 25-foot three point jumper (Player 21 (Team A) assists)
C. (00:02.2) [[Team]] COACH'S CHALLENGE (CALL STANDS) [[Team]] charged with a timeout
D. Player 13 (Team B) makes 27-foot three point jumper

Response Format

Return exactly one JSON object:

{
  "answer": "<A|B|C|D>",
  "rationale": "<brief evidence-based justification in 1-3 sentences>",
  "evidence_event_ids": [],
  "evidence_series_times": []
}

Use only event IDs and time labels that are provided above and that support the answer. Use an empty array when the corresponding evidence type is unavailable or unused. Return only the JSON object.
