Task

Reconstruct the missing event in this basketball game. Use the available numerical time-series evidence around the marked row to select the most likely event.

Game

Team A versus Team B, season 22-23.

Time Series

| Game time | Marker | Team A score | Team B score | Team A win probability | Team B win probability |
| --- | --- | --- | --- | --- | --- |
| 12:00-1st |  | 0.0 | 0.0 | 0.398 | 0.602 |
| 11:51-1st |  | 0.0 | 0.0 | 0.418 | 0.582 |
| 11:48-1st |  | 2.0 | 0.0 | 0.447 | 0.553 |
| 11:24-1st |  | 2.0 | 0.0 | 0.465 | 0.535 |
| 11:21-1st |  | 2.0 | 0.0 | 0.471 | 0.529 |
| 11:17-1st |  | 5.0 | 0.0 | 0.521 | 0.479 |
| 10:53-1st |  | 5.0 | 0.0 | 0.542 | 0.458 |
| 10:52-1st |  | 5.0 | 0.0 | 0.548 | 0.452 |
| 10:40-1st |  | 5.0 | 0.0 | 0.529 | 0.471 |
| 10:38-1st |  | 5.0 | 0.0 | 0.523 | 0.477 |
| 10:34-1st |  | 5.0 | 0.0 | 0.549 | 0.451 |
| 10:32-1st |  | 5.0 | 0.0 | 0.551 | 0.449 |
| 10:21-1st |  | 6.0 | 0.0 | 0.551 | 0.449 |
| 10:05-1st |  | 6.0 | 2.0 | 0.525 | 0.475 |
| 9:57-1st |  | 6.0 | 2.0 | 0.507 | 0.493 |
| 9:53-1st |  | 6.0 | 2.0 | 0.501 | 0.499 |
| 9:46-1st |  | 6.0 | 2.0 | 0.52 | 0.48 |
| 9:43-1st |  | 6.0 | 2.0 | 0.501 | 0.499 |
| 9:42-1st |  | 6.0 | 4.0 | 0.475 | 0.525 |
| 9:21-1st |  | 7.0 | 4.0 | 0.501 | 0.499 |
| 9:16-1st |  | 10.0 | 4.0 | 0.554 | 0.446 |
| 8:52-1st |  | 10.0 | 6.0 | 0.529 | 0.471 |
| 8:43-1st |  | 10.0 | 6.0 | 0.504 | 0.496 |
| 8:38-1st |  | 10.0 | 9.0 | 0.454 | 0.546 |
| 8:21-1st |  | 10.0 | 9.0 | 0.433 | 0.567 |
| 8:19-1st |  | 10.0 | 9.0 | 0.427 | 0.573 |
| 8:15-1st |  | 10.0 | 9.0 | 0.428 | 0.572 |
| 8:03-1st |  | 10.0 | 11.0 | 0.402 | 0.598 |
| 7:54-1st |  | 12.0 | 11.0 | 0.428 | 0.572 |
| 7:37-1st |  | 12.0 | 13.0 | 0.402 | 0.598 |
| 7:32-1st |  | 12.0 | 13.0 | 0.377 | 0.623 |
| 7:26-1st |  | 12.0 | 13.0 | 0.402 | 0.598 |
| 7:18-1st |  | 14.0 | 13.0 | 0.429 | 0.571 |
| 7:01-1st |  | 14.0 | 15.0 | 0.402 | 0.598 |
| 6:49-1st |  | 16.0 | 15.0 | 0.43 | 0.57 |
| 6:33-1st |  | 16.0 | 18.0 | 0.379 | 0.621 |
| 6:20-1st |  | 16.0 | 18.0 | 0.361 | 0.639 |
| 6:19-1st |  | 16.0 | 18.0 | 0.355 | 0.645 |
| 6:14-1st |  | 16.0 | 20.0 | 0.33 | 0.67 |
| 6:03-1st |  | 16.0 | 20.0 | 0.311 | 0.689 |
| 6:00-1st |  | 16.0 | 20.0 | 0.33 | 0.67 |
| 5:59-1st |  | 16.0 | 20.0 | 0.305 | 0.695 |
| 5:55-1st |  | 16.0 | 20.0 | 0.324 | 0.676 |
| 5:51-1st |  | 16.0 | 20.0 | 0.33 | 0.67 |
| 5:44-1st |  | 18.0 | 20.0 | 0.355 | 0.645 |
| 5:27-1st |  | 18.0 | 20.0 | 0.375 | 0.625 |
| 5:25-1st |  | 18.0 | 20.0 | 0.381 | 0.619 |
| 5:05-1st |  | 18.0 | 20.0 | 0.356 | 0.644 |
| 4:48-1st |  | 18.0 | 20.0 | 0.375 | 0.625 |
| 4:40-1st |  | 18.0 | 20.0 | 0.382 | 0.618 |
| 4:32-1st |  | 21.0 | 20.0 | 0.434 | 0.566 |
| 4:16-1st |  | 21.0 | 20.0 | 0.456 | 0.544 |
| 4:15-1st |  | 21.0 | 20.0 | 0.463 | 0.537 |
| 4:13-1st |  | 21.0 | 20.0 | 0.442 | 0.558 |
| 4:09-1st |  | 21.0 | 20.0 | 0.435 | 0.565 |
| 4:04-1st |  | 21.0 | 20.0 | 0.456 | 0.544 |
| 3:59-1st |  | 21.0 | 20.0 | 0.464 | 0.536 |
| 3:56-1st |  | 21.0 | 20.0 | 0.464 | 0.536 |
| 3:50-1st |  | 21.0 | 20.0 | 0.443 | 0.557 |
| 3:48-1st |  | 21.0 | 20.0 | 0.465 | 0.535 |
| 3:47-1st |  | 23.0 | 20.0 | 0.49 | 0.51 |
| 3:17-1st |  | 23.0 | 20.0 | 0.52 | 0.48 |
| 3:09-1st |  | 23.0 | 20.0 | 0.5 | 0.5 |
| 3:05-1st |  | 23.0 | 20.0 | 0.521 | 0.479 |
| 2:58-1st |  | 23.0 | 20.0 | 0.493 | 0.507 |
| 2:56-1st |  | 23.0 | 22.0 | 0.438 | 0.562 |
| 2:41-1st |  | 23.0 | 23.0 | 0.438 | 0.562 |
| 2:39-1st |  | 23.0 | 23.0 | 0.438 | 0.562 |
| 2:20-1st |  | 23.0 | 23.0 | 0.42 | 0.58 |
| 2:19-1st |  | 23.0 | 23.0 | 0.413 | 0.587 |
| 2:14-1st |  | 23.0 | 25.0 | 0.386 | 0.614 |
| 1:58-1st |  | 25.0 | 25.0 | 0.414 | 0.586 |
| 1:42-1st |  | 25.0 | 25.0 | 0.434 | 0.566 |
| 1:38-1st |  | 25.0 | 25.0 | 0.44 | 0.56 |
| 1:14-1st |  | 25.0 | 25.0 | 0.422 | 0.578 |
| 1:11-1st |  | 25.0 | 25.0 | 0.415 | 0.585 |
| 1:05-1st |  | 25.0 | 27.0 | 0.386 | 0.614 |
| 46.0-1st |  | 27.0 | 27.0 | 0.416 | 0.584 |
| 31.0-1st |  | 27.0 | 27.0 | 0.443 | 0.557 |
| 9.1-1st |  | 27.0 | 27.0 | 0.416 | 0.584 |
| 0.0-1st |  | 27.0 | 27.0 | 0.431 | 0.569 |
| 12:00-2nd |  | 27.0 | 27.0 | 0.431 | 0.569 |
| 11:47-2nd |  | 29.0 | 27.0 | 0.475 | 0.525 |
| 11:25-2nd |  | 29.0 | 27.0 | 0.507 | 0.493 |
| 11:04-2nd |  | 32.0 | 27.0 | 0.564 | 0.436 |
| 10:41-2nd |  | 32.0 | 27.0 | 0.589 | 0.411 |
| 10:39-2nd |  | 32.0 | 27.0 | 0.565 | 0.435 |
| 10:27-2nd |  | 32.0 | 27.0 | 0.59 | 0.41 |
| 10:25-2nd |  | 32.0 | 27.0 | 0.598 | 0.402 |
| 10:15-2nd |  | 32.0 | 27.0 | 0.567 | 0.433 |
| 10:01-2nd |  | 34.0 | 27.0 | 0.627 | 0.373 |
| 9:59-2nd |  | 34.0 | 27.0 | 0.628 | 0.372 |
| 9:36-2nd |  | 34.0 | 27.0 | 0.652 | 0.348 |
| 9:34-2nd |  | 34.0 | 27.0 | 0.66 | 0.34 |
| 9:22-2nd |  | 36.0 | 27.0 | 0.688 | 0.312 |
| 9:11-2nd |  | 36.0 | 30.0 | 0.631 | 0.369 |
| 8:55-2nd |  | 36.0 | 30.0 | 0.609 | 0.391 |
| 8:54-2nd |  | 36.0 | 30.0 | 0.601 | 0.399 |
| 8:50-2nd |  | 36.0 | 30.0 | 0.625 | 0.375 |
| 8:45-2nd |  | 36.0 | 30.0 | 0.633 | 0.367 |
| 8:41-2nd |  | 38.0 | 30.0 | 0.662 | 0.338 |
| 8:26-2nd |  | 38.0 | 30.0 | 0.661 | 0.339 |
| 8:22-2nd |  | 38.0 | 32.0 | 0.637 | 0.363 |
| 8:02-2nd |  | 40.0 | 32.0 | 0.663 | 0.337 |
| 7:50-2nd |  | 40.0 | 32.0 | 0.688 | 0.312 |
| 7:48-2nd |  | 40.0 | 32.0 | 0.696 | 0.304 |
| 7:46-2nd |  | 40.0 | 32.0 | 0.664 | 0.336 |
| 7:31-2nd |  | 40.0 | 32.0 | 0.698 | 0.302 |
| 7:28-2nd |  | 42.0 | 32.0 | 0.724 | 0.276 |
| 7:17-2nd |  | 42.0 | 34.0 | 0.699 | 0.301 |
| 7:04-2nd |  | 45.0 | 34.0 | 0.752 | 0.248 |
| 6:49-2nd |  | 45.0 | 34.0 | 0.772 | 0.228 |
| 6:44-2nd |  | 45.0 | 34.0 | 0.779 | 0.221 |
| 6:32-2nd |  | 45.0 | 34.0 | 0.762 | 0.238 |
| 6:29-2nd |  | 45.0 | 34.0 | 0.756 | 0.244 |
| 6:27-2nd |  | 45.0 | 36.0 | 0.73 | 0.27 |
| 6:02-2nd |  | 45.0 | 36.0 | 0.71 | 0.29 |
| 5:58-2nd |  | 45.0 | 36.0 | 0.703 | 0.297 |
| 5:50-2nd |  | 45.0 | 36.0 | 0.726 | 0.274 |
| 5:49-2nd |  | 45.0 | 36.0 | 0.734 | 0.266 |
| 5:46-2nd |  | 45.0 | 36.0 | 0.734 | 0.266 |
| 5:44-2nd |  | 47.0 | 36.0 | 0.76 | 0.24 |
| 5:36-2nd |  | 47.0 | 36.0 | 0.76 | 0.24 |
| 5:29-2nd |  | 47.0 | 39.0 | 0.708 | 0.292 |
| 5:14-2nd |  | 47.0 | 39.0 | 0.687 | 0.313 |
| 5:13-2nd |  | 47.0 | 39.0 | 0.68 | 0.32 |
| 5:09-2nd |  | 47.0 | 42.0 | 0.619 | 0.381 |
| 5:07-2nd |  | 47.0 | 42.0 | 0.619 | 0.381 |
| 4:56-2nd |  | 47.0 | 42.0 | 0.597 | 0.403 |
| 4:53-2nd |  | 47.0 | 42.0 | 0.59 | 0.41 |
| 4:49-2nd |  | 47.0 | 42.0 | 0.613 | 0.387 |
| 4:47-2nd |  | 47.0 | 42.0 | 0.621 | 0.379 |
| 4:42-2nd |  | 49.0 | 42.0 | 0.652 | 0.348 |
| 4:20-2nd |  | 49.0 | 44.0 | 0.623 | 0.377 |
| 4:06-2nd |  | 49.0 | 44.0 | 0.599 | 0.401 |
| 4:03-2nd |  | 49.0 | 44.0 | 0.591 | 0.409 |
| 3:59-2nd |  | 49.0 | 44.0 | 0.616 | 0.384 |
| 3:56-2nd |  | 49.0 | 44.0 | 0.592 | 0.408 |
| 3:55-2nd |  | 49.0 | 44.0 | 0.617 | 0.383 |
| 3:52-2nd |  | 49.0 | 44.0 | 0.625 | 0.375 |
| 3:41-2nd |  | 49.0 | 44.0 | 0.601 | 0.399 |
| 3:36-2nd |  | 49.0 | 44.0 | 0.593 | 0.407 |
| 3:28-2nd |  | 49.0 | 46.0 | 0.562 | 0.438 |
| 3:13-2nd |  | 49.0 | 46.0 | 0.539 | 0.461 |
| 3:10-2nd |  | 49.0 | 46.0 | 0.531 | 0.469 |
| 3:06-2nd |  | 49.0 | 48.0 | 0.496 | 0.504 |
| 2:41-2nd |  | 49.0 | 48.0 | 0.472 | 0.528 |
| 2:39-2nd |  | 49.0 | 48.0 | 0.463 | 0.537 |
| 2:27-2nd |  | 49.0 | 48.0 | 0.49 | 0.51 |
| 2:25-2nd |  | 49.0 | 48.0 | 0.498 | 0.502 |
| 2:07-2nd |  | 49.0 | 48.0 | 0.473 | 0.527 |
| 2:04-2nd |  | 49.0 | 48.0 | 0.464 | 0.536 |
| 1:52-2nd |  | 49.0 | 48.0 | 0.491 | 0.509 |
| 1:49-2nd |  | 49.0 | 48.0 | 0.5 | 0.5 |
| 1:41-2nd |  | 51.0 | 48.0 | 0.537 | 0.463 |
| 1:32-2nd |  | 51.0 | 48.0 | 0.562 | 0.438 |
| 1:31-2nd |  | 51.0 | 48.0 | 0.538 | 0.462 |
| 1:28-2nd |  | 51.0 | 48.0 | 0.563 | 0.437 |
| 1:26-2nd |  | 51.0 | 48.0 | 0.571 | 0.429 |
| 1:05-2nd |  | 51.0 | 48.0 | 0.548 | 0.452 |
| 1:02-2nd |  | 51.0 | 48.0 | 0.54 | 0.46 |
| 39.2-2nd |  | 51.0 | 48.0 | 0.566 | 0.434 |
| 38.0-2nd |  | 51.0 | 48.0 | 0.575 | 0.425 |
| 26.1-2nd |  | 53.0 | 48.0 | 0.609 | 0.391 |
| 12.1-2nd |  | 53.0 | 48.0 | 0.558 | 0.442 |
| 4.1-2nd |  | 53.0 | 48.0 | 0.641 | 0.359 |
| 2.0-2nd |  | 53.0 | 48.0 | 0.651 | 0.349 |
| 0.0-2nd |  | 53.0 | 48.0 | 0.624 | 0.376 |
| 12:00-3rd |  | 53.0 | 48.0 | 0.624 | 0.376 |
| 11:48-3rd |  | 55.0 | 48.0 | 0.684 | 0.316 |
| 11:23-3rd |  | 55.0 | 50.0 | 0.649 | 0.351 |
| 11:01-3rd |  | 58.0 | 50.0 | 0.718 | 0.282 |
| 10:35-3rd |  | 58.0 | 50.0 | 0.745 | 0.255 |
| 10:34-3rd |  | 58.0 | 50.0 | 0.752 | 0.248 |
| 10:21-3rd |  | 60.0 | 50.0 | 0.78 | 0.22 |
| 10:05-3rd |  | 60.0 | 52.0 | 0.756 | 0.244 |
| 9:46-3rd |  | 60.0 | 52.0 | 0.735 | 0.265 |
| 9:44-3rd |  | 60.0 | 52.0 | 0.727 | 0.273 |
| 9:39-3rd |  | 60.0 | 52.0 | 0.751 | 0.249 |
| 9:37-3rd |  | 60.0 | 52.0 | 0.759 | 0.241 |
| 9:33-3rd |  | 62.0 | 52.0 | 0.787 | 0.213 |
| 9:09-3rd |  | 62.0 | 55.0 | 0.734 | 0.266 |
| 8:53-3rd |  | 62.0 | 55.0 | 0.709 | 0.291 |
| 8:52-3rd |  | 62.0 | 55.0 | 0.701 | 0.299 |
| 8:48-3rd |  | 62.0 | 55.0 | 0.727 | 0.273 |
| 8:45-3rd |  | 62.0 | 55.0 | 0.701 | 0.299 |
| 8:39-3rd |  | 62.0 | 55.0 | 0.728 | 0.272 |
| 8:37-3rd |  | 62.0 | 55.0 | 0.737 | 0.263 |
| 8:27-3rd |  | 64.0 | 55.0 | 0.768 | 0.232 |
| 8:25-3rd |  | 64.0 | 55.0 | 0.768 | 0.232 |
| 8:07-3rd |  | 64.0 | 55.0 | 0.792 | 0.208 |
| 8:03-3rd |  | 64.0 | 55.0 | 0.8 | 0.2 |
| 7:53-3rd |  | 64.0 | 55.0 | 0.772 | 0.228 |
| 7:33-3rd |  | 64.0 | 57.0 | 0.744 | 0.256 |
| 7:23-3rd |  | 64.0 | 57.0 | 0.719 | 0.281 |
| 7:21-3rd |  | 64.0 | 57.0 | 0.711 | 0.289 |
| 7:09-3rd |  | 64.0 | 57.0 | 0.748 | 0.252 |
| 7:04-3rd |  | 66.0 | 57.0 | 0.778 | 0.222 |
| 6:50-3rd |  | 66.0 | 57.0 | 0.81 | 0.19 |
| 6:47-3rd |  | 68.0 | 57.0 | 0.837 | 0.163 |
| 6:29-3rd |  | 68.0 | 59.0 | 0.813 | 0.187 |
| 6:09-3rd |  | 68.0 | 59.0 | 0.793 | 0.207 |
| 6:06-3rd |  | 68.0 | 59.0 | 0.787 | 0.213 |
| 6:02-3rd |  | 68.0 | 62.0 | 0.724 | 0.276 |
| 5:51-3rd |  | 68.0 | 62.0 | 0.725 | 0.275 |
| 5:36-3rd |  | 68.0 | 62.0 | 0.725 | 0.275 |
| 5:24-3rd |  | 70.0 | 62.0 | 0.761 | 0.239 |
| 4:58-3rd |  | 70.0 | 64.0 | 0.731 | 0.269 |
| 4:40-3rd |  | 70.0 | 64.0 | 0.703 | 0.297 |
| 4:37-3rd |  | 70.0 | 64.0 | 0.694 | 0.306 |
| 4:27-3rd |  | 70.0 | 64.0 | 0.725 | 0.275 |
| 4:26-3rd |  | 70.0 | 64.0 | 0.735 | 0.265 |
| 4:18-3rd |  | 72.0 | 64.0 | 0.771 | 0.229 |
| 4:01-3rd |  | 72.0 | 64.0 | 0.796 | 0.204 |
| 3:58-3rd |  | 72.0 | 64.0 | 0.804 | 0.196 |
| 3:49-3rd |  | 74.0 | 64.0 | 0.836 | 0.164 |
| 3:30-3rd |  | 74.0 | 67.0 | 0.781 | 0.219 |
| 3:15-3rd |  | 74.0 | 67.0 | 0.755 | 0.245 |
| 3:14-3rd |  | 74.0 | 67.0 | 0.745 | 0.255 |
| 3:09-3rd |  | 74.0 | 67.0 | 0.775 | 0.225 |
| 3:07-3rd |  | 74.0 | 67.0 | 0.746 | 0.254 |
| 3:04-3rd |  | 74.0 | 70.0 | 0.669 | 0.331 |
| 2:39-3rd |  | 74.0 | 70.0 | 0.639 | 0.361 |
| 2:37-3rd |  | 74.0 | 70.0 | 0.628 | 0.372 |
| 2:34-3rd |  | 74.0 | 72.0 | 0.586 | 0.414 |
| 2:26-3rd |  | 74.0 | 72.0 | 0.553 | 0.447 |
| 2:24-3rd |  | 74.0 | 72.0 | 0.542 | 0.458 |
| 2:10-3rd |  | 74.0 | 74.0 | 0.497 | 0.503 |
| 1:49-3rd |  | 76.0 | 74.0 | 0.544 | 0.456 |
| 1:31-3rd |  | 76.0 | 74.0 | 0.545 | 0.455 |
| 1:25-3rd |  | 76.0 | 74.0 | 0.579 | 0.421 |
| 1:21-3rd |  | 76.0 | 74.0 | 0.591 | 0.409 |
| 1:14-3rd |  | 77.0 | 74.0 | 0.594 | 0.406 |
| 1:06-3rd |  | 77.0 | 74.0 | 0.629 | 0.371 |
| 1:02-3rd |  | 77.0 | 74.0 | 0.641 | 0.359 |
| 50.1-3rd |  | 79.0 | 74.0 | 0.683 | 0.317 |
| 36.0-3rd |  | 79.0 | 74.0 | 0.718 | 0.282 |
| 31.1-3rd |  | 79.0 | 74.0 | 0.73 | 0.27 |
| 16.0-3rd |  | 79.0 | 74.0 | 0.699 | 0.301 |
| 10.1-3rd |  | 79.0 | 74.0 | 0.689 | 0.311 |
| 10.0-3rd |  | 79.0 | 74.0 | 0.734 | 0.266 |
| 8.1-3rd |  | 79.0 | 74.0 | 0.701 | 0.299 |
| 7.0-3rd |  | 79.0 | 74.0 | 0.69 | 0.31 |
| 1.1-3rd |  | 79.0 | 74.0 | 0.691 | 0.309 |
| 0.1-3rd |  | 79.0 | 76.0 | 0.641 | 0.359 |
| 0.0-3rd |  | 79.0 | 76.0 | 0.641 | 0.359 |
| 12:00-4th |  | 79.0 | 76.0 | 0.641 | 0.359 |
| 11:45-4th |  | 79.0 | 76.0 | 0.642 | 0.358 |
| 11:41-4th |  | 79.0 | 76.0 | 0.657 | 0.343 |
| 11:22-4th |  | 79.0 | 76.0 | 0.616 | 0.384 |
| 11:19-4th |  | 79.0 | 76.0 | 0.601 | 0.399 |
| 11:16-4th |  | 79.0 | 76.0 | 0.589 | 0.411 |
| 11:12-4th |  | 79.0 | 79.0 | 0.498 | 0.502 |
| 10:47-4th |  | 81.0 | 79.0 | 0.549 | 0.451 |
| 10:24-4th |  | 81.0 | 79.0 | 0.606 | 0.394 |
| 10:13-4th |  | 81.0 | 79.0 | 0.572 | 0.428 |
| 10:10-4th |  | 81.0 | 79.0 | 0.558 | 0.442 |
| 9:59-4th |  | 81.0 | 81.0 | 0.511 | 0.489 |
| 9:50-4th |  | 81.0 | 81.0 | 0.466 | 0.534 |
| 9:48-4th |  | 81.0 | 81.0 | 0.452 | 0.548 |
| 9:46-4th |  | 81.0 | 81.0 | 0.433 | 0.567 |
| 9:42-4th |  | 81.0 | 81.0 | 0.503 | 0.497 |
| 9:38-4th |  | 83.0 | 81.0 | 0.562 | 0.438 |
| 9:21-4th |  | 83.0 | 84.0 | 0.457 | 0.543 |
| 9:06-4th |  | 83.0 | 84.0 | 0.415 | 0.585 |
| 9:03-4th |  | 83.0 | 84.0 | 0.4 | 0.6 |
| 8:46-4th |  | 83.0 | 84.0 | 0.444 | 0.556 |
| 8:41-4th |  | 83.0 | 84.0 | 0.4 | 0.6 |
| 8:40-4th |  | 83.0 | 84.0 | 0.458 | 0.542 |
| 8:37-4th |  | 83.0 | 84.0 | 0.4 | 0.6 |
| 8:23-4th |  | 83.0 | 84.0 | 0.444 | 0.556 |
| 8:18-4th |  | 83.0 | 84.0 | 0.459 | 0.541 |
| 8:03-4th |  | 83.0 | 84.0 | 0.414 | 0.586 |
| 8:01-4th |  | 83.0 | 84.0 | 0.399 | 0.601 |
| 7:47-4th |  | 83.0 | 84.0 | 0.443 | 0.557 |
| 7:43-4th |  | 83.0 | 84.0 | 0.458 | 0.542 |
| 7:35-4th |  | 83.0 | 84.0 | 0.412 | 0.588 |
| 7:32-4th |  | 83.0 | 84.0 | 0.396 | 0.604 |
| 7:11-4th | TARGET | 83.0 | 87.0 | 0.281 | 0.719 |
| 7:09-4th |  | 83.0 | 87.0 | 0.281 | 0.719 |
| 6:56-4th |  | 83.0 | 87.0 | 0.226 | 0.774 |
| 6:49-4th |  | 83.0 | 90.0 | 0.144 | 0.856 |
| 6:26-4th |  | 84.0 | 90.0 | 0.142 | 0.858 |
| 6:24-4th |  | 84.0 | 90.0 | 0.141 | 0.859 |
| 6:03-4th |  | 84.0 | 93.0 | 0.079 | 0.921 |
| 5:46-4th |  | 84.0 | 93.0 | 0.054 | 0.946 |
| 5:34-4th |  | 84.0 | 96.0 | 0.027 | 0.973 |
| 5:32-4th |  | 84.0 | 96.0 | 0.026 | 0.974 |
| 5:18-4th |  | 87.0 | 96.0 | 0.049 | 0.951 |
| 4:57-4th |  | 87.0 | 99.0 | 0.022 | 0.978 |
| 4:37-4th |  | 89.0 | 99.0 | 0.028 | 0.972 |
| 4:07-4th |  | 89.0 | 99.0 | 0.033 | 0.967 |
| 4:03-4th |  | 89.0 | 99.0 | 0.036 | 0.964 |
| 3:56-4th |  | 91.0 | 99.0 | 0.05 | 0.95 |
| 3:52-4th |  | 91.0 | 99.0 | 0.049 | 0.951 |
| 3:42-4th |  | 94.0 | 99.0 | 0.138 | 0.862 |
| 3:37-4th |  | 94.0 | 99.0 | 0.136 | 0.864 |
| 3:21-4th |  | 94.0 | 99.0 | 0.179 | 0.821 |
| 3:15-4th |  | 94.0 | 99.0 | 0.138 | 0.862 |
| 3:12-4th |  | 94.0 | 99.0 | 0.124 | 0.876 |
| 3:03-4th |  | 94.0 | 101.0 | 0.086 | 0.914 |
| 2:38-4th |  | 94.0 | 101.0 | 0.055 | 0.945 |
| 2:37-4th |  | 94.0 | 101.0 | 0.047 | 0.953 |
| 2:33-4th |  | 94.0 | 101.0 | 0.067 | 0.933 |
| 2:30-4th |  | 94.0 | 101.0 | 0.073 | 0.927 |
| 2:20-4th |  | 94.0 | 101.0 | 0.048 | 0.952 |
| 2:17-4th |  | 96.0 | 101.0 | 0.098 | 0.902 |
| 1:47-4th |  | 96.0 | 101.0 | 0.121 | 0.879 |
| 1:44-4th |  | 96.0 | 101.0 | 0.133 | 0.867 |
| 1:38-4th |  | 96.0 | 101.0 | 0.07 | 0.93 |
| 1:37-4th |  | 96.0 | 101.0 | 0.036 | 0.964 |
| 1:20-4th |  | 96.0 | 101.0 | 0.097 | 0.903 |
| 1:18-4th |  | 96.0 | 101.0 | 0.064 | 0.936 |
| 1:16-4th |  | 96.0 | 101.0 | 0.096 | 0.904 |
| 1:14-4th |  | 96.0 | 101.0 | 0.106 | 0.894 |
| 1:07-4th |  | 99.0 | 101.0 | 0.219 | 0.781 |
| 49.1-4th |  | 99.0 | 103.0 | 0.149 | 0.851 |
| 40.1-4th |  | 99.0 | 103.0 | 0.099 | 0.901 |
| 36.1-4th |  | 99.0 | 103.0 | 0.081 | 0.919 |
| 34.0-4th |  | 99.0 | 103.0 | 0.079 | 0.921 |
| 29.0-4th |  | 99.0 | 103.0 | 0.134 | 0.866 |
| 26.1-4th |  | 99.0 | 103.0 | 0.085 | 0.915 |
| 25.0-4th |  | 99.0 | 103.0 | 0.068 | 0.932 |
| 24.1-4th |  | 99.0 | 105.0 | 0.037 | 0.963 |
| 21.1-4th |  | 101.0 | 105.0 | 0.061 | 0.939 |
| 19.1-4th |  | 101.0 | 106.0 | 0.058 | 0.942 |
| 18.0-4th |  | 101.0 | 106.0 | 0.054 | 0.946 |
| 13.1-4th |  | 103.0 | 106.0 | 0.077 | 0.923 |
| 12.1-4th |  | 103.0 | 108.0 | 0.036 | 0.964 |
| 8.1-4th |  | 103.0 | 108.0 | 0.008 | 0.992 |
| 0.0-4th |  | 103.0 | 108.0 | 0.0 | 1.0 |

Question

Which event most likely happened at the marked missing position?

Answer Choices

A. Player 2 (Team B) makes 25-foot step back jumpshot
B. Player 19 (Team A) misses 12-foot two point shot
C. Player 19 (Team A) makes 5-foot layup (Player 10 (Team A) assists)
D. Player 3 (Team B) misses 8-foot pullup jump shot

Response Format

Return exactly one JSON object:

{
  "answer": "<A|B|C|D>",
  "rationale": "<brief evidence-based justification in 1-3 sentences>",
  "evidence_event_ids": [],
  "evidence_series_times": []
}

Use only event IDs and time labels that are provided above and that support the answer. Use an empty array when the corresponding evidence type is unavailable or unused. Return only the JSON object.
