Task

Reconstruct the missing event in this basketball game. Use the available numerical time-series evidence around the marked row to select the most likely event.

Game

Team A versus Team B, season 22-23.

Time Series

| Game time | Marker | Team A score | Team B score | Team A win probability | Team B win probability |
| --- | --- | --- | --- | --- | --- |
| 12:00-1st |  | 0 | 0 | 0.308 | 0.692 |
| 11:43-1st |  | 0 | 0 | 0.321 | 0.679 |
| 11:38-1st |  | 0 | 0 | 0.322 | 0.678 |
| 11:37-1st |  | 0 | 2 | 0.284 | 0.716 |
| 11:22-1st |  | 0 | 2 | 0.266 | 0.734 |
| 11:17-1st |  | 0 | 2 | 0.285 | 0.715 |
| 11:12-1st |  | 3 | 2 | 0.33 | 0.67 |
| 10:52-1st |  | 3 | 2 | 0.351 | 0.649 |
| 10:50-1st |  | 3 | 2 | 0.358 | 0.642 |
| 10:32-1st |  | 3 | 2 | 0.339 | 0.661 |
| 10:29-1st |  | 3 | 2 | 0.332 | 0.668 |
| 10:20-1st |  | 3 | 5 | 0.289 | 0.711 |
| 10:11-1st |  | 3 | 5 | 0.269 | 0.731 |
| 9:58-1st |  | 3 | 5 | 0.285 | 0.715 |
| 9:55-1st |  | 3 | 5 | 0.29 | 0.71 |
| 9:45-1st |  | 6 | 5 | 0.335 | 0.665 |
| 9:36-1st |  | 6 | 5 | 0.337 | 0.663 |
| 9:26-1st |  | 6 | 7 | 0.315 | 0.685 |
| 9:15-1st |  | 9 | 7 | 0.361 | 0.639 |
| 8:58-1st |  | 9 | 7 | 0.381 | 0.619 |
| 8:56-1st |  | 9 | 7 | 0.388 | 0.612 |
| 8:43-1st |  | 9 | 7 | 0.37 | 0.63 |
| 8:41-1st |  | 9 | 7 | 0.363 | 0.637 |
| 8:40-1st |  | 9 | 9 | 0.34 | 0.66 |
| 8:15-1st |  | 9 | 9 | 0.325 | 0.675 |
| 8:12-1st |  | 9 | 9 | 0.32 | 0.68 |
| 8:08-1st |  | 9 | 9 | 0.336 | 0.664 |
| 8:07-1st |  | 9 | 9 | 0.341 | 0.659 |
| 7:56-1st |  | 9 | 9 | 0.319 | 0.681 |
| 7:48-1st |  | 9 | 9 | 0.325 | 0.675 |
| 7:46-1st |  | 9 | 9 | 0.343 | 0.657 |
| 7:44-1st |  | 9 | 9 | 0.32 | 0.68 |
| 7:40-1st |  | 9 | 11 | 0.298 | 0.702 |
| 7:27-1st |  | 9 | 11 | 0.298 | 0.702 |
| 7:22-1st |  | 11 | 11 | 0.321 | 0.679 |
| 7:03-1st |  | 11 | 14 | 0.277 | 0.723 |
| 6:52-1st |  | 13 | 14 | 0.3 | 0.7 |
| 6:38-1st |  | 13 | 15 | 0.301 | 0.699 |
| 6:34-1st |  | 13 | 15 | 0.301 | 0.699 |
| 6:20-1st |  | 13 | 15 | 0.286 | 0.714 |
| 6:17-1st |  | 13 | 15 | 0.28 | 0.72 |
| 6:11-1st |  | 13 | 15 | 0.297 | 0.703 |
| 6:08-1st |  | 13 | 15 | 0.302 | 0.698 |
| 5:57-1st |  | 13 | 15 | 0.287 | 0.713 |
| 5:53-1st |  | 13 | 15 | 0.281 | 0.719 |
| 5:47-1st |  | 13 | 15 | 0.25 | 0.75 |
| 5:40-1st |  | 13 | 17 | 0.262 | 0.738 |
| 5:30-1st |  | 15 | 17 | 0.283 | 0.717 |
| 5:24-1st |  | 15 | 17 | 0.283 | 0.717 |
| 5:18-1st |  | 15 | 17 | 0.299 | 0.701 |
| 5:15-1st |  | 15 | 17 | 0.305 | 0.695 |
| 4:57-1st |  | 15 | 17 | 0.284 | 0.716 |
| 4:50-1st |  | 15 | 19 | 0.263 | 0.737 |
| 4:36-1st |  | 18 | 19 | 0.307 | 0.693 |
| 4:13-1st |  | 18 | 19 | 0.327 | 0.673 |
| 4:11-1st |  | 18 | 19 | 0.333 | 0.667 |
| 4:08-1st |  | 18 | 19 | 0.314 | 0.686 |
| 4:05-1st |  | 18 | 19 | 0.308 | 0.692 |
| 4:04-1st |  | 18 | 19 | 0.333 | 0.667 |
| 3:53-1st |  | 20 | 19 | 0.358 | 0.642 |
| 3:38-1st |  | 20 | 22 | 0.31 | 0.69 |
| 3:26-1st |  | 23 | 22 | 0.36 | 0.64 |
| 3:13-1st |  | 23 | 25 | 0.311 | 0.689 |
| 3:02-1st |  | 24 | 25 | 0.308 | 0.692 |
| 2:59-1st |  | 24 | 25 | 0.308 | 0.692 |
| 2:48-1st |  | 24 | 25 | 0.335 | 0.665 |
| 2:45-1st |  | 24 | 25 | 0.335 | 0.665 |
| 2:38-1st |  | 26 | 25 | 0.363 | 0.637 |
| 2:28-1st |  | 26 | 25 | 0.386 | 0.614 |
| 2:27-1st |  | 26 | 25 | 0.364 | 0.636 |
| 2:25-1st |  | 26 | 27 | 0.337 | 0.663 |
| 2:10-1st |  | 29 | 27 | 0.391 | 0.609 |
| 2:00-1st |  | 29 | 30 | 0.338 | 0.662 |
| 1:45-1st |  | 29 | 30 | 0.311 | 0.689 |
| 1:44-1st |  | 29 | 30 | 0.339 | 0.661 |
| 1:27-1st |  | 29 | 30 | 0.319 | 0.681 |
| 1:24-1st |  | 29 | 30 | 0.312 | 0.688 |
| 1:17-1st |  | 29 | 30 | 0.334 | 0.666 |
| 1:14-1st |  | 29 | 30 | 0.341 | 0.659 |
| 1:07-1st |  | 31 | 30 | 0.369 | 0.631 |
| 57.1-1st |  | 31 | 30 | 0.393 | 0.607 |
| 53.1-1st |  | 31 | 30 | 0.401 | 0.599 |
| 50.0-1st |  | 33 | 30 | 0.425 | 0.575 |
| 39.1-1st |  | 33 | 32 | 0.403 | 0.597 |
| 28.1-1st |  | 36 | 32 | 0.456 | 0.544 |
| 12.1-1st |  | 36 | 34 | 0.43 | 0.57 |
| 5.1-1st |  | 36 | 34 | 0.399 | 0.601 |
| 2.1-1st |  | 36 | 34 | 0.431 | 0.569 |
| 0.0-1st |  | 36 | 34 | 0.412 | 0.588 |
| 12:00-2nd |  | 36 | 34 | 0.412 | 0.588 |
| 11:48-2nd |  | 36 | 34 | 0.409 | 0.591 |
| 11:46-2nd |  | 36 | 34 | 0.402 | 0.598 |
| 11:39-2nd |  | 36 | 34 | 0.425 | 0.575 |
| 11:37-2nd |  | 36 | 34 | 0.432 | 0.568 |
| 11:23-2nd |  | 37 | 34 | 0.432 | 0.568 |
| 11:10-2nd |  | 37 | 37 | 0.376 | 0.624 |
| 10:57-2nd |  | 37 | 37 | 0.355 | 0.645 |
| 10:55-2nd |  | 37 | 37 | 0.348 | 0.652 |
| 10:53-2nd |  | 37 | 40 | 0.299 | 0.701 |
| 10:32-2nd |  | 40 | 40 | 0.35 | 0.65 |
| 10:19-2nd |  | 40 | 43 | 0.301 | 0.699 |
| 10:09-2nd |  | 40 | 43 | 0.276 | 0.724 |
| 10:05-2nd |  | 40 | 45 | 0.252 | 0.748 |
| 9:48-2nd |  | 43 | 45 | 0.301 | 0.699 |
| 9:25-2nd |  | 43 | 45 | 0.322 | 0.678 |
| 9:24-2nd |  | 43 | 45 | 0.328 | 0.672 |
| 9:17-2nd |  | 43 | 45 | 0.309 | 0.691 |
| 9:14-2nd |  | 43 | 45 | 0.329 | 0.671 |
| 9:10-2nd |  | 45 | 45 | 0.356 | 0.644 |
| 9:01-2nd |  | 45 | 45 | 0.378 | 0.622 |
| 8:56-2nd |  | 45 | 45 | 0.385 | 0.615 |
| 8:37-2nd |  | 48 | 45 | 0.443 | 0.557 |
| 8:14-2nd |  | 48 | 45 | 0.469 | 0.531 |
| 8:12-2nd |  | 48 | 45 | 0.477 | 0.523 |
| 8:02-2nd |  | 50 | 45 | 0.51 | 0.49 |
| 7:52-2nd |  | 50 | 48 | 0.449 | 0.551 |
| 7:32-2nd |  | 52 | 48 | 0.482 | 0.518 |
| 7:17-2nd |  | 52 | 50 | 0.452 | 0.548 |
| 7:04-2nd |  | 52 | 50 | 0.431 | 0.569 |
| 7:01-2nd |  | 52 | 50 | 0.423 | 0.577 |
| 6:56-2nd |  | 52 | 51 | 0.423 | 0.577 |
| 6:43-2nd |  | 52 | 51 | 0.402 | 0.598 |
| 6:41-2nd |  | 52 | 51 | 0.395 | 0.605 |
| 6:38-2nd |  | 52 | 53 | 0.365 | 0.635 |
| 6:26-2nd |  | 54 | 53 | 0.396 | 0.604 |
| 6:03-2nd |  | 54 | 53 | 0.429 | 0.571 |
| 5:48-2nd |  | 54 | 53 | 0.407 | 0.593 |
| 5:44-2nd |  | 54 | 53 | 0.43 | 0.57 |
| 5:42-2nd |  | 57 | 53 | 0.493 | 0.507 |
| 5:34-2nd |  | 57 | 54 | 0.497 | 0.503 |
| 5:30-2nd |  | 57 | 54 | 0.498 | 0.502 |
| 5:24-2nd |  | 60 | 54 | 0.559 | 0.441 |
| 5:14-2nd |  | 60 | 55 | 0.563 | 0.437 |
| 5:04-2nd |  | 62 | 55 | 0.596 | 0.404 |
| 4:52-2nd |  | 62 | 55 | 0.622 | 0.378 |
| 4:50-2nd |  | 62 | 55 | 0.631 | 0.369 |
| 4:39-2nd |  | 64 | 55 | 0.662 | 0.338 |
| 4:31-2nd |  | 64 | 55 | 0.663 | 0.337 |
| 4:25-2nd |  | 64 | 55 | 0.686 | 0.314 |
| 4:23-2nd |  | 64 | 55 | 0.693 | 0.307 |
| 4:12-2nd |  | 66 | 55 | 0.725 | 0.275 |
| 3:59-2nd |  | 66 | 55 | 0.75 | 0.25 |
| 3:56-2nd |  | 66 | 55 | 0.758 | 0.242 |
| 3:44-2nd |  | 66 | 55 | 0.737 | 0.263 |
| 3:42-2nd |  | 66 | 55 | 0.729 | 0.271 |
| 3:37-2nd |  | 66 | 55 | 0.753 | 0.247 |
| 3:33-2nd |  | 66 | 55 | 0.761 | 0.239 |
| 3:21-2nd |  | 68 | 55 | 0.788 | 0.212 |
| 3:11-2nd |  | 68 | 57 | 0.764 | 0.236 |
| 2:54-2nd |  | 70 | 57 | 0.792 | 0.208 |
| 2:39-2nd |  | 70 | 57 | 0.811 | 0.189 |
| 2:36-2nd |  | 70 | 57 | 0.816 | 0.184 |
| 2:25-2nd |  | 72 | 57 | 0.844 | 0.156 |
| 2:12-2nd |  | 72 | 60 | 0.798 | 0.202 |
| 1:56-2nd |  | 72 | 60 | 0.78 | 0.22 |
| 1:54-2nd |  | 72 | 60 | 0.773 | 0.227 |
| 1:47-2nd |  | 72 | 60 | 0.795 | 0.205 |
| 1:44-2nd |  | 72 | 60 | 0.775 | 0.225 |
| 1:43-2nd |  | 72 | 62 | 0.747 | 0.253 |
| 1:28-2nd |  | 72 | 62 | 0.725 | 0.275 |
| 1:24-2nd |  | 72 | 62 | 0.718 | 0.282 |
| 1:17-2nd |  | 72 | 64 | 0.693 | 0.307 |
| 59.0-2nd |  | 74 | 64 | 0.724 | 0.276 |
| 38.1-2nd |  | 74 | 64 | 0.75 | 0.25 |
| 36.1-2nd |  | 74 | 64 | 0.758 | 0.242 |
| 25.1-2nd |  | 76 | 64 | 0.787 | 0.213 |
| 9.1-2nd |  | 76 | 66 | 0.763 | 0.237 |
| 3.1-2nd |  | 76 | 66 | 0.731 | 0.269 |
| 0.0-2nd |  | 76 | 66 | 0.745 | 0.255 |
| 12:00-3rd |  | 76 | 66 | 0.745 | 0.255 |
| 11:42-3rd |  | 76 | 66 | 0.741 | 0.259 |
| 11:39-3rd |  | 76 | 66 | 0.733 | 0.267 |
| 11:26-3rd |  | 76 | 66 | 0.76 | 0.24 |
| 11:24-3rd |  | 76 | 66 | 0.769 | 0.231 |
| 11:05-3rd |  | 78 | 66 | 0.801 | 0.199 |
| 10:51-3rd |  | 78 | 68 | 0.775 | 0.225 |
| 10:27-3rd |  | 78 | 68 | 0.754 | 0.246 |
| 10:24-3rd |  | 78 | 68 | 0.746 | 0.254 |
| 10:21-3rd |  | 78 | 68 | 0.78 | 0.22 |
| 10:11-3rd |  | 78 | 68 | 0.779 | 0.221 |
| 10:02-3rd |  | 80 | 68 | 0.81 | 0.19 |
| 9:45-3rd |  | 80 | 70 | 0.785 | 0.215 |
| 9:31-3rd |  | 80 | 70 | 0.756 | 0.244 |
| 9:18-3rd |  | 80 | 70 | 0.789 | 0.211 |
| 9:11-3rd |  | 80 | 72 | 0.728 | 0.272 |
| 8:57-3rd |  | 82 | 72 | 0.761 | 0.239 |
| 8:47-3rd |  | 82 | 72 | 0.794 | 0.206 |
| 8:41-3rd |  | 84 | 72 | 0.823 | 0.177 |
| 8:29-3rd |  | 84 | 75 | 0.768 | 0.232 |
| 8:14-3rd |  | 84 | 75 | 0.768 | 0.232 |
| 8:00-3rd |  | 84 | 75 | 0.745 | 0.255 |
| 7:57-3rd |  | 84 | 75 | 0.736 | 0.264 |
| 7:56-3rd |  | 84 | 78 | 0.67 | 0.33 |
| 7:36-3rd |  | 86 | 78 | 0.708 | 0.292 |
| 7:19-3rd |  | 86 | 78 | 0.746 | 0.254 |
| 7:15-3rd |  | 88 | 78 | 0.777 | 0.223 |
| 6:59-3rd |  | 88 | 80 | 0.75 | 0.25 |
| 6:34-3rd |  | 88 | 80 | 0.729 | 0.271 |
| 6:32-3rd |  | 90 | 80 | 0.785 | 0.215 |
| 6:23-3rd |  | 90 | 80 | 0.817 | 0.183 |
| 5:57-3rd |  | 92 | 80 | 0.849 | 0.151 |
| 5:40-3rd |  | 92 | 80 | 0.875 | 0.125 |
| 5:36-3rd |  | 92 | 80 | 0.858 | 0.142 |
| 5:33-3rd |  | 92 | 80 | 0.853 | 0.147 |
| 5:23-3rd |  | 92 | 80 | 0.872 | 0.128 |
| 5:21-3rd |  | 92 | 80 | 0.878 | 0.122 |
| 5:17-3rd |  | 92 | 80 | 0.856 | 0.144 |
| 5:11-3rd |  | 92 | 82 | 0.83 | 0.17 |
| 4:59-3rd |  | 92 | 82 | 0.81 | 0.19 |
| 4:56-3rd |  | 92 | 82 | 0.803 | 0.197 |
| 4:53-3rd |  | 92 | 82 | 0.833 | 0.167 |
| 4:43-3rd |  | 92 | 82 | 0.813 | 0.187 |
| 4:40-3rd |  | 92 | 82 | 0.806 | 0.194 |
| 4:33-3rd |  | 92 | 82 | 0.83 | 0.17 |
| 4:31-3rd |  | 92 | 84 | 0.778 | 0.222 |
| 4:10-3rd |  | 95 | 84 | 0.841 | 0.159 |
| 3:56-3rd |  | 95 | 84 | 0.863 | 0.137 |
| 3:54-3rd |  | 95 | 84 | 0.869 | 0.131 |
| 3:46-3rd |  | 97 | 84 | 0.893 | 0.107 |
| 3:32-3rd |  | 97 | 86 | 0.873 | 0.127 |
| 3:17-3rd |  | 97 | 86 | 0.858 | 0.142 |
| 3:14-3rd |  | 97 | 86 | 0.852 | 0.148 |
| 3:06-3rd |  | 97 | 86 | 0.872 | 0.128 |
| 3:03-3rd |  | 97 | 86 | 0.879 | 0.121 |
| 2:52-3rd |  | 97 | 86 | 0.863 | 0.137 |
| 2:50-3rd |  | 97 | 86 | 0.857 | 0.143 |
| 2:45-3rd |  | 97 | 89 | 0.8 | 0.2 |
| 2:29-3rd |  | 100 | 89 | 0.861 | 0.139 |
| 2:16-3rd |  | 100 | 91 | 0.837 | 0.163 |
| 2:14-3rd |  | 100 | 91 | 0.804 | 0.196 |
| 2:09-3rd |  | 100 | 91 | 0.805 | 0.195 |
| 2:00-3rd |  | 100 | 93 | 0.777 | 0.223 |
| 1:47-3rd |  | 102 | 93 | 0.81 | 0.19 |
| 1:35-3rd |  | 102 | 95 | 0.782 | 0.218 |
| 1:23-3rd |  | 102 | 95 | 0.832 | 0.168 |
| 1:12-3rd |  | 102 | 95 | 0.753 | 0.247 |
| 1:09-3rd |  | 102 | 95 | 0.743 | 0.257 |
| 1:06-3rd |  | 102 | 97 | 0.703 | 0.297 |
| 58.1-3rd |  | 104 | 97 | 0.745 | 0.255 |
| 38.1-3rd |  | 104 | 97 | 0.78 | 0.22 |
| 35.1-3rd |  | 104 | 97 | 0.791 | 0.209 |
| 30.0-3rd |  | 104 | 97 | 0.761 | 0.239 |
| 26.1-3rd |  | 104 | 97 | 0.751 | 0.249 |
| 10.2-3rd |  | 104 | 99 | 0.714 | 0.286 |
| 0.0-3rd |  | 104 | 99 | 0.711 | 0.289 |
| 12:00-4th |  | 104 | 99 | 0.711 | 0.289 |
| 11:48-4th |  | 104 | 99 | 0.726 | 0.274 |
| 11:30-4th |  | 104 | 99 | 0.69 | 0.31 |
| 11:27-4th |  | 104 | 99 | 0.691 | 0.309 |
| 11:26-4th |  | 104 | 99 | 0.678 | 0.322 |
| 11:16-4th |  | 104 | 99 | 0.733 | 0.267 |
| 10:55-4th |  | 106 | 99 | 0.776 | 0.224 |
| 10:32-4th |  | 106 | 101 | 0.742 | 0.258 |
| 10:07-4th |  | 106 | 101 | 0.695 | 0.305 |
| 9:55-4th |  | 106 | 104 | 0.597 | 0.403 |
| 9:41-4th |  | 106 | 104 | 0.559 | 0.441 |
| 9:39-4th |  | 106 | 104 | 0.546 | 0.454 |
| 9:34-4th |  | 106 | 106 | 0.487 | 0.513 |
| 9:18-4th | TARGET | 109 | 106 | 0.598 | 0.402 |
| 9:04-4th |  | 109 | 106 | 0.646 | 0.354 |
| 9:01-4th |  | 109 | 106 | 0.661 | 0.339 |
| 8:56-4th |  | 111 | 106 | 0.71 | 0.29 |
| 8:42-4th |  | 111 | 106 | 0.766 | 0.234 |
| 8:40-4th |  | 113 | 106 | 0.807 | 0.193 |
| 8:25-4th |  | 113 | 106 | 0.84 | 0.16 |
| 8:23-4th |  | 113 | 106 | 0.851 | 0.149 |
| 8:14-4th |  | 113 | 106 | 0.823 | 0.177 |
| 8:11-4th |  | 113 | 106 | 0.853 | 0.147 |
| 8:07-4th |  | 113 | 106 | 0.814 | 0.186 |
| 8:00-4th |  | 113 | 106 | 0.856 | 0.144 |
| 7:52-4th |  | 116 | 106 | 0.916 | 0.084 |
| 7:31-4th |  | 116 | 106 | 0.936 | 0.064 |
| 7:29-4th |  | 116 | 106 | 0.921 | 0.079 |
| 7:26-4th |  | 116 | 106 | 0.937 | 0.063 |
| 7:22-4th |  | 116 | 106 | 0.943 | 0.057 |
| 7:04-4th |  | 116 | 106 | 0.931 | 0.069 |
| 7:01-4th |  | 116 | 106 | 0.947 | 0.053 |
| 7:00-4th |  | 118 | 106 | 0.961 | 0.039 |
| 6:45-4th |  | 118 | 107 | 0.964 | 0.036 |
| 6:42-4th |  | 118 | 107 | 0.964 | 0.036 |
| 6:29-4th |  | 118 | 107 | 0.955 | 0.045 |
| 6:27-4th |  | 118 | 107 | 0.951 | 0.049 |
| 6:07-4th |  | 118 | 110 | 0.916 | 0.084 |
| 5:51-4th |  | 120 | 110 | 0.94 | 0.06 |
| 5:31-4th |  | 120 | 110 | 0.963 | 0.037 |
| 5:26-4th |  | 120 | 110 | 0.95 | 0.05 |
| 5:19-4th |  | 120 | 110 | 0.948 | 0.052 |
| 5:09-4th |  | 120 | 112 | 0.932 | 0.068 |
| 4:54-4th |  | 120 | 112 | 0.915 | 0.085 |
| 4:52-4th |  | 120 | 112 | 0.909 | 0.091 |
| 4:46-4th |  | 120 | 112 | 0.931 | 0.069 |
| 4:43-4th |  | 120 | 112 | 0.938 | 0.062 |
| 4:41-4th |  | 123 | 112 | 0.971 | 0.029 |
| 4:28-4th |  | 123 | 112 | 0.983 | 0.017 |
| 4:10-4th |  | 123 | 112 | 0.979 | 0.021 |
| 4:08-4th |  | 123 | 112 | 0.977 | 0.023 |
| 4:04-4th |  | 123 | 114 | 0.966 | 0.034 |
| 3:56-4th |  | 123 | 114 | 0.967 | 0.033 |
| 3:43-4th |  | 125 | 114 | 0.981 | 0.019 |
| 3:32-4th |  | 125 | 114 | 0.99 | 0.01 |
| 3:27-4th |  | 127 | 114 | 0.994 | 0.006 |
| 3:13-4th |  | 127 | 116 | 0.992 | 0.008 |
| 2:53-4th |  | 127 | 116 | 0.989 | 0.011 |
| 2:51-4th |  | 127 | 116 | 0.988 | 0.012 |
| 2:46-4th |  | 127 | 116 | 0.994 | 0.006 |
| 2:32-4th |  | 129 | 116 | 0.997 | 0.003 |
| 2:22-4th |  | 129 | 116 | 0.999 | 0.001 |
| 2:02-4th |  | 129 | 116 | 0.999 | 0.001 |
| 2:01-4th |  | 129 | 116 | 0.999 | 0.001 |
| 1:51-4th |  | 129 | 118 | 0.998 | 0.002 |
| 1:30-4th |  | 129 | 118 | 0.997 | 0.003 |
| 1:27-4th |  | 129 | 118 | 0.996 | 0.004 |
| 1:19-4th |  | 129 | 120 | 0.994 | 0.006 |
| 1:04-4th |  | 129 | 120 | 0.992 | 0.008 |
| 1:00-4th |  | 129 | 120 | 0.991 | 0.009 |
| 58.0-4th |  | 129 | 122 | 0.984 | 0.016 |
| 50.0-4th |  | 129 | 122 | 0.986 | 0.014 |
| 40.1-4th |  | 129 | 122 | 0.974 | 0.026 |
| 37.1-4th |  | 129 | 123 | 0.97 | 0.03 |
| 31.0-4th |  | 129 | 123 | 0.946 | 0.054 |
| 29.0-4th |  | 129 | 123 | 0.969 | 0.031 |
| 26.0-4th |  | 129 | 123 | 0.959 | 0.041 |
| 22.2-4th |  | 129 | 123 | 0.964 | 0.036 |
| 20.1-4th |  | 129 | 125 | 0.936 | 0.064 |
| 19.0-4th |  | 129 | 125 | 0.978 | 0.022 |
| 17.2-4th |  | 131 | 125 | 0.972 | 0.028 |
| 12.1-4th |  | 131 | 127 | 0.957 | 0.043 |
| 6.1-4th |  | 133 | 127 | 0.991 | 0.009 |
| 1.1-4th |  | 133 | 130 | 0.99 | 0.01 |
| 0.0-4th |  | 133 | 130 | 1.0 | 0.0 |

Question

Which event most likely happened at the marked missing position?

Answer Choices

A. Player 7 (Team A) makes 26-foot three point jumper (Player 6 (Team A) assists)
B. Player 18 (Team A) makes 24-foot three point jumper (Player 18 (Team B) assists)
C. Player 13 (Team B) lost ball turnover (Player 14 (Team A) steals)
D. Player 17 (Team B) makes 26-foot step back jumpshot

Response Format

Return exactly one JSON object:

{
  "answer": "<A|B|C|D>",
  "rationale": "<brief evidence-based justification in 1-3 sentences>",
  "evidence_event_ids": [],
  "evidence_series_times": []
}

Use only event IDs and time labels that are provided above and that support the answer. Use an empty array when the corresponding evidence type is unavailable or unused. Return only the JSON object.
