Task

Reconstruct the missing event in this basketball game. Use the available numerical time-series evidence around the marked row to select the most likely event.

Game

Team A versus Team B, season 22-23.

Time Series

| Game time | Marker | Team A score | Team B score | Team A win probability | Team B win probability |
| --- | --- | --- | --- | --- | --- |
| 12:00-1st |  | 0 | 0 | 0.248 | 0.752 |
| 11:45-1st |  | 0 | 0 | 0.264 | 0.736 |
| 11:31-1st |  | 0 | 0 | 0.254 | 0.746 |
| 11:28-1st |  | 0 | 0 | 0.265 | 0.735 |
| 11:24-1st |  | 2 | 0 | 0.289 | 0.711 |
| 11:10-1st |  | 2 | 0 | 0.305 | 0.695 |
| 11:07-1st |  | 2 | 0 | 0.31 | 0.69 |
| 11:04-1st |  | 2 | 0 | 0.296 | 0.704 |
| 11:01-1st |  | 2 | 0 | 0.291 | 0.709 |
| 10:53-1st |  | 2 | 2 | 0.269 | 0.731 |
| 10:29-1st |  | 2 | 2 | 0.258 | 0.742 |
| 10:28-1st |  | 2 | 2 | 0.271 | 0.729 |
| 10:25-1st |  | 2 | 2 | 0.272 | 0.728 |
| 10:18-1st |  | 2 | 2 | 0.259 | 0.741 |
| 10:15-1st |  | 2 | 2 | 0.254 | 0.746 |
| 10:09-1st |  | 2 | 2 | 0.268 | 0.732 |
| 10:07-1st |  | 2 | 2 | 0.273 | 0.727 |
| 9:59-1st |  | 2 | 2 | 0.26 | 0.74 |
| 9:57-1st |  | 2 | 2 | 0.255 | 0.745 |
| 9:53-1st |  | 2 | 2 | 0.27 | 0.73 |
| 9:49-1st |  | 2 | 2 | 0.274 | 0.726 |
| 9:45-1st |  | 5 | 2 | 0.317 | 0.683 |
| 9:24-1st |  | 5 | 2 | 0.338 | 0.662 |
| 9:21-1st |  | 5 | 2 | 0.344 | 0.656 |
| 9:16-1st |  | 7 | 2 | 0.367 | 0.633 |
| 9:01-1st |  | 7 | 2 | 0.393 | 0.607 |
| 8:56-1st |  | 7 | 2 | 0.375 | 0.625 |
| 8:52-1st |  | 7 | 2 | 0.369 | 0.631 |
| 8:42-1st |  | 7 | 2 | 0.389 | 0.611 |
| 8:40-1st |  | 7 | 2 | 0.37 | 0.63 |
| 8:35-1st |  | 7 | 3 | 0.371 | 0.629 |
| 8:12-1st |  | 9 | 3 | 0.401 | 0.599 |
| 7:44-1st |  | 9 | 5 | 0.376 | 0.624 |
| 7:36-1st |  | 9 | 5 | 0.354 | 0.646 |
| 7:32-1st |  | 9 | 7 | 0.333 | 0.667 |
| 7:17-1st |  | 11 | 7 | 0.355 | 0.645 |
| 6:59-1st |  | 11 | 7 | 0.381 | 0.619 |
| 6:46-1st |  | 13 | 7 | 0.411 | 0.589 |
| 6:33-1st |  | 13 | 9 | 0.385 | 0.615 |
| 6:30-1st |  | 13 | 9 | 0.385 | 0.615 |
| 6:20-1st |  | 15 | 9 | 0.413 | 0.587 |
| 6:06-1st |  | 15 | 9 | 0.436 | 0.564 |
| 6:05-1st |  | 15 | 11 | 0.388 | 0.612 |
| 5:47-1st |  | 15 | 11 | 0.365 | 0.635 |
| 5:40-1st |  | 15 | 11 | 0.391 | 0.609 |
| 5:36-1st |  | 15 | 11 | 0.372 | 0.628 |
| 5:32-1st |  | 15 | 11 | 0.392 | 0.608 |
| 5:29-1st |  | 17 | 11 | 0.419 | 0.581 |
| 5:09-1st |  | 17 | 11 | 0.45 | 0.55 |
| 4:52-1st |  | 19 | 11 | 0.478 | 0.522 |
| 4:43-1st |  | 19 | 11 | 0.503 | 0.497 |
| 4:39-1st |  | 19 | 11 | 0.511 | 0.489 |
| 4:31-1st |  | 22 | 11 | 0.57 | 0.43 |
| 4:14-1st |  | 22 | 11 | 0.594 | 0.406 |
| 4:12-1st |  | 22 | 11 | 0.602 | 0.398 |
| 4:01-1st |  | 25 | 11 | 0.659 | 0.341 |
| 4:00-1st |  | 25 | 11 | 0.659 | 0.341 |
| 3:43-1st |  | 25 | 13 | 0.63 | 0.37 |
| 3:22-1st |  | 25 | 13 | 0.614 | 0.386 |
| 3:20-1st |  | 25 | 13 | 0.608 | 0.392 |
| 3:04-1st |  | 25 | 16 | 0.554 | 0.446 |
| 2:39-1st |  | 26 | 16 | 0.556 | 0.444 |
| 2:36-1st |  | 26 | 16 | 0.511 | 0.489 |
| 2:24-1st |  | 26 | 19 | 0.499 | 0.501 |
| 2:08-1st |  | 29 | 19 | 0.56 | 0.44 |
| 1:53-1st |  | 29 | 21 | 0.533 | 0.467 |
| 1:41-1st |  | 29 | 21 | 0.511 | 0.489 |
| 1:37-1st |  | 29 | 21 | 0.504 | 0.496 |
| 1:23-1st |  | 29 | 23 | 0.479 | 0.521 |
| 58.7-1st |  | 32 | 23 | 0.539 | 0.461 |
| 40.6-1st |  | 32 | 26 | 0.485 | 0.515 |
| 30.9-1st |  | 32 | 26 | 0.465 | 0.535 |
| 27.5-1st |  | 32 | 26 | 0.458 | 0.542 |
| 7.5-1st |  | 32 | 29 | 0.4 | 0.6 |
| 1.4-1st |  | 34 | 29 | 0.432 | 0.568 |
| 0.0-1st |  | 34 | 29 | 0.447 | 0.553 |
| 12:00-2nd |  | 34 | 29 | 0.447 | 0.553 |
| 11:40-2nd |  | 34 | 29 | 0.441 | 0.559 |
| 11:37-2nd |  | 34 | 29 | 0.466 | 0.534 |
| 11:34-2nd |  | 34 | 29 | 0.442 | 0.558 |
| 11:30-2nd |  | 34 | 29 | 0.434 | 0.566 |
| 11:22-2nd |  | 34 | 31 | 0.409 | 0.591 |
| 10:59-2nd |  | 34 | 31 | 0.387 | 0.613 |
| 10:56-2nd |  | 34 | 31 | 0.379 | 0.621 |
| 10:49-2nd |  | 34 | 31 | 0.404 | 0.596 |
| 10:46-2nd |  | 34 | 31 | 0.38 | 0.62 |
| 10:33-2nd |  | 34 | 31 | 0.406 | 0.594 |
| 10:31-2nd |  | 34 | 31 | 0.414 | 0.586 |
| 10:29-2nd |  | 34 | 31 | 0.413 | 0.587 |
| 10:20-2nd |  | 35 | 31 | 0.411 | 0.589 |
| 10:06-2nd |  | 35 | 32 | 0.415 | 0.585 |
| 9:54-2nd |  | 35 | 32 | 0.394 | 0.606 |
| 9:51-2nd |  | 35 | 32 | 0.387 | 0.613 |
| 9:47-2nd |  | 35 | 32 | 0.417 | 0.583 |
| 9:33-2nd |  | 35 | 32 | 0.389 | 0.611 |
| 9:16-2nd |  | 35 | 34 | 0.362 | 0.638 |
| 9:15-2nd |  | 35 | 34 | 0.362 | 0.638 |
| 8:51-2nd |  | 35 | 34 | 0.345 | 0.655 |
| 8:49-2nd |  | 35 | 34 | 0.339 | 0.661 |
| 8:41-2nd |  | 35 | 34 | 0.359 | 0.641 |
| 8:39-2nd |  | 35 | 34 | 0.34 | 0.66 |
| 8:29-2nd |  | 35 | 36 | 0.313 | 0.687 |
| 8:13-2nd |  | 35 | 36 | 0.296 | 0.704 |
| 8:11-2nd |  | 35 | 36 | 0.289 | 0.711 |
| 7:55-2nd |  | 35 | 39 | 0.242 | 0.758 |
| 7:36-2nd |  | 38 | 39 | 0.292 | 0.708 |
| 7:13-2nd |  | 38 | 39 | 0.312 | 0.688 |
| 7:09-2nd |  | 38 | 39 | 0.293 | 0.707 |
| 7:01-2nd |  | 38 | 39 | 0.32 | 0.68 |
| 6:53-2nd |  | 38 | 39 | 0.301 | 0.699 |
| 6:51-2nd |  | 38 | 39 | 0.295 | 0.705 |
| 6:37-2nd |  | 38 | 39 | 0.315 | 0.685 |
| 6:32-2nd |  | 38 | 39 | 0.322 | 0.678 |
| 6:23-2nd |  | 38 | 39 | 0.303 | 0.697 |
| 6:22-2nd |  | 38 | 39 | 0.296 | 0.704 |
| 6:17-2nd |  | 38 | 39 | 0.316 | 0.684 |
| 6:13-2nd |  | 38 | 39 | 0.323 | 0.677 |
| 6:07-2nd |  | 40 | 39 | 0.353 | 0.647 |
| 5:48-2nd |  | 40 | 39 | 0.384 | 0.616 |
| 5:30-2nd |  | 40 | 39 | 0.364 | 0.636 |
| 5:28-2nd |  | 40 | 39 | 0.356 | 0.644 |
| 5:15-2nd |  | 40 | 42 | 0.3 | 0.7 |
| 5:00-2nd |  | 40 | 42 | 0.282 | 0.718 |
| 4:56-2nd |  | 40 | 42 | 0.282 | 0.718 |
| 4:55-2nd |  | 40 | 42 | 0.275 | 0.725 |
| 4:48-2nd |  | 40 | 42 | 0.295 | 0.705 |
| 4:45-2nd |  | 40 | 42 | 0.302 | 0.698 |
| 4:37-2nd |  | 40 | 42 | 0.276 | 0.724 |
| 4:33-2nd |  | 40 | 44 | 0.251 | 0.749 |
| 4:03-2nd |  | 40 | 44 | 0.233 | 0.767 |
| 4:01-2nd |  | 40 | 44 | 0.227 | 0.773 |
| 3:54-2nd |  | 40 | 44 | 0.247 | 0.753 |
| 3:50-2nd |  | 40 | 44 | 0.253 | 0.747 |
| 3:32-2nd |  | 43 | 44 | 0.307 | 0.693 |
| 3:14-2nd |  | 43 | 44 | 0.308 | 0.692 |
| 3:07-2nd |  | 43 | 46 | 0.282 | 0.718 |
| 2:49-2nd |  | 46 | 46 | 0.338 | 0.662 |
| 2:36-2nd |  | 46 | 49 | 0.284 | 0.716 |
| 2:15-2nd |  | 48 | 49 | 0.311 | 0.689 |
| 1:57-2nd |  | 48 | 49 | 0.343 | 0.657 |
| 1:46-2nd |  | 48 | 49 | 0.321 | 0.679 |
| 1:43-2nd |  | 48 | 49 | 0.313 | 0.687 |
| 1:27-2nd |  | 48 | 49 | 0.274 | 0.726 |
| 1:14-2nd |  | 48 | 49 | 0.342 | 0.658 |
| 1:12-2nd |  | 48 | 49 | 0.35 | 0.65 |
| 1:07-2nd |  | 48 | 49 | 0.318 | 0.682 |
| 1:05-2nd |  | 48 | 51 | 0.287 | 0.713 |
| 50.1-2nd |  | 48 | 51 | 0.261 | 0.739 |
| 39.6-2nd |  | 48 | 51 | 0.288 | 0.712 |
| 35.9-2nd |  | 50 | 51 | 0.321 | 0.679 |
| 25.8-2nd |  | 50 | 53 | 0.287 | 0.713 |
| 1.9-2nd |  | 50 | 53 | 0.273 | 0.727 |
| 0.1-2nd |  | 50 | 53 | 0.294 | 0.706 |
| 0.0-2nd |  | 50 | 53 | 0.28 | 0.72 |
| 12:00-3rd |  | 50 | 53 | 0.28 | 0.72 |
| 11:44-3rd |  | 50 | 53 | 0.27 | 0.73 |
| 11:42-3rd |  | 50 | 53 | 0.263 | 0.737 |
| 11:26-3rd |  | 50 | 53 | 0.285 | 0.715 |
| 11:22-3rd |  | 50 | 53 | 0.293 | 0.707 |
| 11:13-3rd |  | 52 | 53 | 0.323 | 0.677 |
| 11:00-3rd |  | 52 | 53 | 0.348 | 0.652 |
| 10:57-3rd |  | 52 | 53 | 0.356 | 0.644 |
| 10:35-3rd |  | 52 | 53 | 0.334 | 0.666 |
| 10:32-3rd |  | 52 | 53 | 0.326 | 0.674 |
| 10:21-3rd |  | 52 | 53 | 0.351 | 0.649 |
| 10:17-3rd |  | 52 | 53 | 0.359 | 0.641 |
| 10:01-3rd |  | 54 | 53 | 0.399 | 0.601 |
| 9:42-3rd |  | 54 | 53 | 0.399 | 0.601 |
| 9:38-3rd |  | 54 | 53 | 0.4 | 0.6 |
| 9:29-3rd |  | 54 | 53 | 0.427 | 0.573 |
| 9:26-3rd |  | 54 | 53 | 0.436 | 0.564 |
| 9:16-3rd |  | 56 | 53 | 0.476 | 0.524 |
| 8:54-3rd |  | 56 | 55 | 0.44 | 0.56 |
| 8:41-3rd |  | 56 | 55 | 0.414 | 0.586 |
| 8:38-3rd |  | 56 | 55 | 0.405 | 0.595 |
| 8:28-3rd |  | 56 | 55 | 0.443 | 0.557 |
| 8:24-3rd |  | 58 | 55 | 0.483 | 0.517 |
| 7:59-3rd |  | 58 | 55 | 0.527 | 0.473 |
| 7:56-3rd |  | 58 | 55 | 0.486 | 0.514 |
| 7:52-3rd |  | 58 | 55 | 0.518 | 0.482 |
| 7:49-3rd |  | 58 | 55 | 0.487 | 0.513 |
| 7:36-3rd |  | 58 | 57 | 0.449 | 0.551 |
| 7:17-3rd |  | 58 | 57 | 0.422 | 0.578 |
| 7:16-3rd |  | 58 | 57 | 0.412 | 0.588 |
| 6:57-3rd |  | 58 | 59 | 0.379 | 0.621 |
| 6:39-3rd |  | 58 | 59 | 0.352 | 0.648 |
| 6:36-3rd |  | 58 | 59 | 0.343 | 0.657 |
| 6:24-3rd |  | 58 | 59 | 0.372 | 0.628 |
| 6:23-3rd |  | 58 | 59 | 0.382 | 0.618 |
| 6:07-3rd |  | 58 | 59 | 0.354 | 0.646 |
| 6:02-3rd |  | 60 | 59 | 0.419 | 0.581 |
| 6:01-3rd |  | 60 | 59 | 0.462 | 0.538 |
| 5:55-3rd |  | 62 | 59 | 0.503 | 0.497 |
| 5:34-3rd |  | 62 | 59 | 0.539 | 0.461 |
| 5:27-3rd |  | 62 | 59 | 0.507 | 0.493 |
| 5:25-3rd |  | 62 | 62 | 0.428 | 0.572 |
| 5:06-3rd |  | 64 | 62 | 0.47 | 0.53 |
| 4:44-3rd |  | 64 | 64 | 0.432 | 0.568 |
| 4:26-3rd |  | 64 | 64 | 0.399 | 0.601 |
| 4:23-3rd |  | 64 | 64 | 0.388 | 0.612 |
| 4:06-3rd |  | 64 | 67 | 0.315 | 0.685 |
| 3:38-3rd |  | 64 | 67 | 0.284 | 0.716 |
| 3:35-3rd |  | 64 | 67 | 0.316 | 0.684 |
| 3:32-3rd |  | 64 | 67 | 0.274 | 0.726 |
| 3:20-3rd |  | 64 | 67 | 0.274 | 0.726 |
| 3:15-3rd |  | 64 | 67 | 0.316 | 0.684 |
| 3:12-3rd |  | 66 | 67 | 0.351 | 0.649 |
| 2:58-3rd |  | 66 | 67 | 0.352 | 0.648 |
| 2:51-3rd |  | 66 | 69 | 0.317 | 0.683 |
| 2:37-3rd |  | 66 | 69 | 0.273 | 0.727 |
| 2:34-3rd |  | 66 | 69 | 0.317 | 0.683 |
| 2:28-3rd |  | 66 | 69 | 0.314 | 0.686 |
| 2:22-3rd |  | 66 | 69 | 0.285 | 0.715 |
| 2:18-3rd |  | 66 | 69 | 0.274 | 0.726 |
| 2:13-3rd |  | 66 | 69 | 0.315 | 0.685 |
| 1:54-3rd |  | 68 | 69 | 0.355 | 0.645 |
| 1:42-3rd |  | 68 | 69 | 0.402 | 0.598 |
| 1:30-3rd |  | 68 | 69 | 0.367 | 0.633 |
| 1:27-3rd |  | 68 | 69 | 0.403 | 0.597 |
| 1:15-3rd |  | 70 | 69 | 0.449 | 0.551 |
| 59.9-3rd |  | 71 | 69 | 0.503 | 0.497 |
| 40.5-3rd |  | 71 | 69 | 0.551 | 0.449 |
| 30.8-3rd |  | 71 | 72 | 0.406 | 0.594 |
| 9.3-3rd |  | 73 | 72 | 0.456 | 0.544 |
| 4.0-3rd |  | 73 | 72 | 0.505 | 0.495 |
| 0.0-3rd |  | 73 | 72 | 0.485 | 0.515 |
| 12:00-4th |  | 73 | 72 | 0.485 | 0.515 |
| 11:43-4th |  | 73 | 72 | 0.495 | 0.505 |
| 11:42-4th |  | 73 | 72 | 0.508 | 0.492 |
| 11:28-4th |  | 75 | 72 | 0.559 | 0.441 |
| 11:22-4th |  | 75 | 72 | 0.606 | 0.394 |
| 11:21-4th |  | 75 | 72 | 0.561 | 0.439 |
| 11:19-4th |  | 75 | 72 | 0.561 | 0.439 |
| 11:16-4th |  | 75 | 72 | 0.562 | 0.438 |
| 11:08-4th |  | 75 | 72 | 0.624 | 0.376 |
| 10:59-4th |  | 75 | 72 | 0.565 | 0.435 |
| 10:36-4th |  | 75 | 72 | 0.615 | 0.385 |
| 10:33-4th |  | 75 | 72 | 0.57 | 0.43 |
| 10:31-4th |  | 75 | 72 | 0.616 | 0.384 |
| 10:28-4th |  | 75 | 72 | 0.632 | 0.368 |
| 10:09-4th |  | 76 | 72 | 0.635 | 0.365 |
| 10:07-4th |  | 76 | 72 | 0.635 | 0.365 |
| 9:48-4th |  | 76 | 72 | 0.681 | 0.319 |
| 9:45-4th |  | 76 | 72 | 0.64 | 0.36 |
| 9:41-4th |  | 76 | 72 | 0.683 | 0.317 |
| 9:39-4th |  | 76 | 72 | 0.641 | 0.359 |
| 9:26-4th |  | 76 | 74 | 0.594 | 0.406 |
| 9:03-4th |  | 76 | 74 | 0.554 | 0.446 |
| 9:00-4th |  | 76 | 74 | 0.54 | 0.46 |
| 8:52-4th |  | 76 | 74 | 0.525 | 0.475 |
| 8:42-4th |  | 76 | 74 | 0.582 | 0.418 |
| 8:40-4th |  | 76 | 74 | 0.517 | 0.483 |
| 8:26-4th |  | 76 | 74 | 0.591 | 0.409 |
| 8:19-4th |  | 78 | 74 | 0.648 | 0.352 |
| 8:03-4th |  | 78 | 74 | 0.651 | 0.349 |
| 7:54-4th |  | 78 | 77 | 0.538 | 0.462 |
| 7:25-4th |  | 78 | 77 | 0.481 | 0.519 |
| 7:09-4th |  | 78 | 77 | 0.531 | 0.469 |
| 7:06-4th |  | 78 | 77 | 0.484 | 0.516 |
| 7:04-4th |  | 78 | 79 | 0.548 | 0.452 |
| 6:52-4th | TARGET | 78 | 79 | 0.377 | 0.623 |
| 6:49-4th |  | 78 | 79 | 0.361 | 0.639 |
| 6:36-4th |  | 78 | 79 | 0.409 | 0.591 |
| 6:34-4th |  | 78 | 79 | 0.34 | 0.66 |
| 6:23-4th |  | 78 | 82 | 0.242 | 0.758 |
| 5:58-4th |  | 78 | 82 | 0.187 | 0.813 |
| 5:45-4th |  | 78 | 82 | 0.12 | 0.88 |
| 5:36-4th |  | 78 | 85 | 0.103 | 0.897 |
| 5:18-4th |  | 78 | 85 | 0.073 | 0.927 |
| 5:07-4th |  | 78 | 88 | 0.037 | 0.963 |
| 4:51-4th |  | 78 | 88 | 0.038 | 0.962 |
| 4:44-4th |  | 78 | 88 | 0.026 | 0.974 |
| 4:43-4th |  | 78 | 88 | 0.022 | 0.978 |
| 4:28-4th |  | 78 | 88 | 0.032 | 0.968 |
| 4:21-4th |  | 78 | 88 | 0.036 | 0.964 |
| 4:17-4th |  | 78 | 88 | 0.023 | 0.977 |
| 4:13-4th |  | 78 | 88 | 0.032 | 0.968 |
| 4:11-4th |  | 80 | 88 | 0.044 | 0.956 |
| 3:50-4th |  | 80 | 91 | 0.019 | 0.981 |
| 3:39-4th |  | 80 | 91 | 0.01 | 0.99 |
| 3:26-4th |  | 80 | 91 | 0.011 | 0.989 |
| 3:21-4th |  | 82 | 91 | 0.023 | 0.977 |
| 2:59-4th |  | 82 | 91 | 0.028 | 0.972 |
| 2:56-4th |  | 82 | 91 | 0.018 | 0.982 |
| 2:46-4th |  | 82 | 92 | 0.018 | 0.982 |
| 2:43-4th |  | 82 | 92 | 0.017 | 0.983 |
| 2:37-4th |  | 82 | 92 | 0.042 | 0.958 |
| 2:34-4th |  | 85 | 92 | 0.047 | 0.953 |
| 2:15-4th |  | 85 | 92 | 0.061 | 0.939 |
| 2:12-4th |  | 85 | 92 | 0.067 | 0.933 |
| 2:08-4th |  | 88 | 92 | 0.142 | 0.858 |
| 2:07-4th |  | 88 | 92 | 0.141 | 0.859 |
| 1:45-4th |  | 88 | 92 | 0.195 | 0.805 |
| 1:21-4th |  | 88 | 92 | 0.141 | 0.859 |
| 1:19-4th |  | 88 | 92 | 0.124 | 0.876 |
| 58.9-4th |  | 88 | 92 | 0.166 | 0.834 |
| 57.9-4th |  | 88 | 92 | 0.181 | 0.819 |
| 52.4-4th |  | 88 | 92 | 0.125 | 0.875 |
| 50.7-4th |  | 88 | 92 | 0.106 | 0.894 |
| 43.4-4th |  | 88 | 92 | 0.165 | 0.835 |
| 33.9-4th |  | 88 | 92 | 0.154 | 0.846 |
| 31.0-4th |  | 88 | 92 | 0.1 | 0.9 |
| 28.5-4th |  | 88 | 92 | 0.146 | 0.854 |
| 26.1-4th |  | 91 | 92 | 0.315 | 0.685 |
| 13.8-4th |  | 91 | 94 | 0.178 | 0.822 |
| 11.0-4th |  | 93 | 94 | 0.287 | 0.713 |
| 9.8-4th |  | 93 | 96 | 0.161 | 0.839 |
| 6.7-4th |  | 93 | 96 | 0.053 | 0.947 |
| 5.6-4th |  | 94 | 96 | 0.089 | 0.911 |
| 3.3-4th |  | 94 | 96 | 0.098 | 0.902 |
| 1.7-4th |  | 94 | 96 | 0.027 | 0.973 |
| 0.0-4th |  | 94 | 96 | 0.0 | 1.0 |

Question

Which event most likely happened at the marked missing position?

Answer Choices

A. Player 4 (Team A) enters the game for Julian Champagnie
B. Player 15 (Team A) makes alley oop dunk shot (Player 4 (Team A) assists)
C. Player 3 (Team A) misses 13-foot two point shot
D. Player 4 (Team B) misses 8-foot hook shot

Response Format

Return exactly one JSON object:

{
  "answer": "<A|B|C|D>",
  "rationale": "<brief evidence-based justification in 1-3 sentences>",
  "evidence_event_ids": [],
  "evidence_series_times": []
}

Use only event IDs and time labels that are provided above and that support the answer. Use an empty array when the corresponding evidence type is unavailable or unused. Return only the JSON object.
