Task

Reconstruct the missing event in this basketball game. Use the available numerical time-series evidence around the marked row to select the most likely event.

Game

Team A versus Team B, season 22-23.

Time Series

| Game time | Marker | Team A score | Team B score | Team A win probability | Team B win probability |
| --- | --- | --- | --- | --- | --- |
| 12:00-1st |  | 0 | 0 | 0.33 | 0.67 |
| 11:51-1st |  | 1 | 0 | 0.331 | 0.669 |
| 11:48-1st |  | 1 | 0 | 0.332 | 0.668 |
| 11:33-1st |  | 1 | 3 | 0.289 | 0.711 |
| 11:15-1st |  | 3 | 3 | 0.313 | 0.687 |
| 11:05-1st |  | 3 | 3 | 0.329 | 0.671 |
| 11:02-1st |  | 3 | 3 | 0.334 | 0.666 |
| 10:51-1st |  | 5 | 3 | 0.359 | 0.641 |
| 10:38-1st |  | 5 | 3 | 0.378 | 0.622 |
| 10:33-1st |  | 5 | 3 | 0.384 | 0.616 |
| 10:23-1st |  | 5 | 3 | 0.367 | 0.633 |
| 10:20-1st |  | 5 | 3 | 0.361 | 0.639 |
| 10:14-1st |  | 5 | 3 | 0.379 | 0.621 |
| 10:11-1st |  | 5 | 3 | 0.385 | 0.615 |
| 9:56-1st |  | 5 | 3 | 0.369 | 0.631 |
| 9:52-1st |  | 5 | 3 | 0.363 | 0.637 |
| 9:48-1st |  | 5 | 3 | 0.381 | 0.619 |
| 9:45-1st |  | 5 | 3 | 0.387 | 0.613 |
| 9:42-1st |  | 5 | 3 | 0.387 | 0.613 |
| 9:37-1st |  | 7 | 3 | 0.412 | 0.588 |
| 9:19-1st |  | 7 | 6 | 0.368 | 0.632 |
| 9:07-1st |  | 7 | 6 | 0.348 | 0.652 |
| 9:04-1st |  | 7 | 6 | 0.341 | 0.659 |
| 9:03-1st |  | 7 | 6 | 0.344 | 0.656 |
| 8:55-1st |  | 7 | 6 | 0.36 | 0.64 |
| 8:50-1st |  | 7 | 6 | 0.344 | 0.656 |
| 8:49-1st |  | 7 | 8 | 0.321 | 0.679 |
| 8:39-1st |  | 9 | 8 | 0.344 | 0.656 |
| 8:26-1st |  | 9 | 10 | 0.322 | 0.678 |
| 8:12-1st |  | 11 | 10 | 0.346 | 0.654 |
| 7:59-1st |  | 11 | 12 | 0.322 | 0.678 |
| 7:51-1st |  | 11 | 12 | 0.307 | 0.693 |
| 7:49-1st |  | 11 | 12 | 0.302 | 0.698 |
| 7:44-1st |  | 11 | 14 | 0.279 | 0.721 |
| 7:24-1st |  | 11 | 14 | 0.264 | 0.736 |
| 7:21-1st |  | 11 | 14 | 0.259 | 0.741 |
| 7:13-1st |  | 11 | 17 | 0.221 | 0.779 |
| 6:52-1st |  | 14 | 17 | 0.26 | 0.74 |
| 6:47-1st |  | 14 | 17 | 0.271 | 0.729 |
| 6:37-1st | TARGET | 14 | 20 | 0.222 | 0.778 |
| 6:15-1st |  | 16 | 20 | 0.241 | 0.759 |
| 6:02-1st |  | 16 | 23 | 0.205 | 0.795 |
| 5:53-1st |  | 16 | 23 | 0.19 | 0.81 |
| 5:48-1st |  | 18 | 23 | 0.221 | 0.779 |
| 5:38-1st |  | 18 | 23 | 0.237 | 0.763 |
| 5:35-1st |  | 18 | 23 | 0.242 | 0.758 |
| 5:17-1st |  | 18 | 23 | 0.227 | 0.773 |
| 5:13-1st |  | 18 | 23 | 0.222 | 0.778 |
| 5:11-1st |  | 18 | 23 | 0.237 | 0.763 |
| 5:07-1st |  | 18 | 23 | 0.242 | 0.758 |
| 4:53-1st |  | 18 | 23 | 0.227 | 0.773 |
| 4:50-1st |  | 18 | 23 | 0.222 | 0.778 |
| 4:44-1st |  | 18 | 23 | 0.238 | 0.762 |
| 4:41-1st |  | 18 | 23 | 0.243 | 0.757 |
| 4:30-1st |  | 18 | 23 | 0.244 | 0.756 |
| 4:15-1st |  | 20 | 23 | 0.266 | 0.734 |
| 3:57-1st |  | 20 | 25 | 0.245 | 0.755 |
| 3:42-1st |  | 20 | 25 | 0.23 | 0.77 |
| 3:38-1st |  | 22 | 25 | 0.268 | 0.732 |
| 3:29-1st |  | 22 | 27 | 0.246 | 0.754 |
| 3:13-1st |  | 25 | 27 | 0.292 | 0.708 |
| 3:00-1st |  | 25 | 30 | 0.247 | 0.753 |
| 2:36-1st |  | 25 | 30 | 0.231 | 0.769 |
| 2:33-1st |  | 25 | 30 | 0.247 | 0.753 |
| 2:27-1st |  | 25 | 30 | 0.232 | 0.768 |
| 2:24-1st |  | 25 | 30 | 0.226 | 0.774 |
| 2:20-1st |  | 25 | 33 | 0.19 | 0.81 |
| 2:10-1st |  | 25 | 33 | 0.177 | 0.823 |
| 2:07-1st |  | 25 | 33 | 0.173 | 0.827 |
| 1:58-1st |  | 25 | 33 | 0.186 | 0.814 |
| 1:55-1st |  | 25 | 33 | 0.191 | 0.809 |
| 1:51-1st |  | 25 | 33 | 0.178 | 0.822 |
| 1:49-1st |  | 25 | 33 | 0.173 | 0.827 |
| 1:43-1st |  | 25 | 35 | 0.157 | 0.843 |
| 1:31-1st |  | 27 | 35 | 0.172 | 0.828 |
| 1:22-1st |  | 27 | 35 | 0.172 | 0.828 |
| 1:13-1st |  | 27 | 35 | 0.172 | 0.828 |
| 1:09-1st |  | 27 | 38 | 0.142 | 0.858 |
| 52.2-1st |  | 29 | 38 | 0.155 | 0.845 |
| 47.1-1st |  | 29 | 39 | 0.157 | 0.843 |
| 38.2-1st |  | 30 | 39 | 0.155 | 0.845 |
| 30.0-1st |  | 30 | 39 | 0.174 | 0.826 |
| 27.2-1st |  | 32 | 39 | 0.19 | 0.81 |
| 9.0-1st |  | 32 | 42 | 0.157 | 0.843 |
| 2.0-1st |  | 32 | 42 | 0.142 | 0.858 |
| 0.0-1st |  | 32 | 42 | 0.151 | 0.849 |
| 12:00-2nd |  | 32 | 42 | 0.151 | 0.849 |
| 11:46-2nd |  | 32 | 42 | 0.152 | 0.848 |
| 11:42-2nd |  | 32 | 42 | 0.155 | 0.845 |
| 11:30-2nd |  | 32 | 42 | 0.145 | 0.855 |
| 11:27-2nd |  | 32 | 42 | 0.141 | 0.859 |
| 11:21-2nd |  | 32 | 44 | 0.126 | 0.874 |
| 11:10-2nd |  | 32 | 44 | 0.115 | 0.885 |
| 11:06-2nd |  | 32 | 44 | 0.111 | 0.889 |
| 11:00-2nd |  | 32 | 46 | 0.1 | 0.9 |
| 10:43-2nd |  | 32 | 46 | 0.091 | 0.909 |
| 10:39-2nd |  | 32 | 46 | 0.088 | 0.912 |
| 10:31-2nd |  | 32 | 46 | 0.09 | 0.91 |
| 10:23-2nd |  | 32 | 46 | 0.097 | 0.903 |
| 10:19-2nd |  | 32 | 46 | 0.1 | 0.9 |
| 10:15-2nd |  | 34 | 46 | 0.112 | 0.888 |
| 10:06-2nd |  | 34 | 46 | 0.123 | 0.877 |
| 10:02-2nd |  | 34 | 46 | 0.126 | 0.874 |
| 9:55-2nd |  | 34 | 46 | 0.116 | 0.884 |
| 9:51-2nd |  | 34 | 46 | 0.112 | 0.888 |
| 9:38-2nd |  | 34 | 48 | 0.099 | 0.901 |
| 9:19-2nd |  | 36 | 48 | 0.112 | 0.888 |
| 9:08-2nd |  | 36 | 48 | 0.126 | 0.874 |
| 9:04-2nd |  | 38 | 48 | 0.14 | 0.86 |
| 8:44-2nd |  | 38 | 48 | 0.152 | 0.848 |
| 8:41-2nd |  | 38 | 48 | 0.156 | 0.844 |
| 8:31-2nd |  | 38 | 48 | 0.144 | 0.856 |
| 8:28-2nd |  | 38 | 48 | 0.156 | 0.844 |
| 8:27-2nd |  | 38 | 48 | 0.139 | 0.861 |
| 8:18-2nd |  | 38 | 51 | 0.11 | 0.89 |
| 7:55-2nd |  | 38 | 51 | 0.096 | 0.904 |
| 7:52-2nd |  | 38 | 51 | 0.107 | 0.893 |
| 7:51-2nd |  | 38 | 53 | 0.085 | 0.915 |
| 7:29-2nd |  | 38 | 53 | 0.073 | 0.927 |
| 7:18-2nd |  | 38 | 56 | 0.055 | 0.945 |
| 7:07-2nd |  | 40 | 56 | 0.063 | 0.937 |
| 6:57-2nd |  | 40 | 58 | 0.054 | 0.946 |
| 6:40-2nd |  | 40 | 58 | 0.048 | 0.952 |
| 6:38-2nd |  | 40 | 58 | 0.046 | 0.954 |
| 6:28-2nd |  | 40 | 58 | 0.052 | 0.948 |
| 6:25-2nd |  | 40 | 58 | 0.053 | 0.947 |
| 6:21-2nd |  | 42 | 58 | 0.062 | 0.938 |
| 6:13-2nd |  | 42 | 58 | 0.069 | 0.931 |
| 6:10-2nd |  | 43 | 58 | 0.071 | 0.929 |
| 5:56-2nd |  | 43 | 60 | 0.062 | 0.938 |
| 5:45-2nd |  | 43 | 60 | 0.055 | 0.945 |
| 5:42-2nd |  | 43 | 60 | 0.052 | 0.948 |
| 5:35-2nd |  | 43 | 60 | 0.061 | 0.939 |
| 5:20-2nd |  | 45 | 60 | 0.07 | 0.93 |
| 5:05-2nd |  | 45 | 62 | 0.06 | 0.94 |
| 4:58-2nd |  | 45 | 62 | 0.054 | 0.946 |
| 4:56-2nd |  | 45 | 62 | 0.051 | 0.949 |
| 4:50-2nd |  | 45 | 64 | 0.044 | 0.956 |
| 4:33-2nd |  | 47 | 64 | 0.051 | 0.949 |
| 4:20-2nd |  | 47 | 67 | 0.037 | 0.963 |
| 4:09-2nd |  | 50 | 67 | 0.05 | 0.95 |
| 3:55-2nd |  | 50 | 69 | 0.042 | 0.958 |
| 3:38-2nd |  | 52 | 69 | 0.049 | 0.951 |
| 3:28-2nd |  | 52 | 71 | 0.042 | 0.958 |
| 3:15-2nd |  | 52 | 71 | 0.035 | 0.965 |
| 3:13-2nd |  | 52 | 71 | 0.035 | 0.965 |
| 2:49-2nd |  | 52 | 71 | 0.041 | 0.959 |
| 2:35-2nd |  | 52 | 71 | 0.034 | 0.966 |
| 2:24-2nd |  | 52 | 71 | 0.038 | 0.962 |
| 2:21-2nd |  | 52 | 71 | 0.04 | 0.96 |
| 2:11-2nd |  | 54 | 71 | 0.046 | 0.954 |
| 2:00-2nd |  | 54 | 71 | 0.055 | 0.945 |
| 1:48-2nd |  | 54 | 71 | 0.046 | 0.954 |
| 1:34-2nd |  | 54 | 71 | 0.052 | 0.948 |
| 1:29-2nd |  | 54 | 71 | 0.054 | 0.946 |
| 1:23-2nd |  | 54 | 71 | 0.047 | 0.953 |
| 1:20-2nd |  | 54 | 71 | 0.045 | 0.955 |
| 1:13-2nd |  | 54 | 71 | 0.051 | 0.949 |
| 1:08-2nd |  | 54 | 71 | 0.053 | 0.947 |
| 1:04-2nd |  | 54 | 71 | 0.047 | 0.953 |
| 59.0-2nd |  | 54 | 71 | 0.053 | 0.947 |
| 56.0-2nd |  | 56 | 71 | 0.062 | 0.938 |
| 39.1-2nd |  | 56 | 73 | 0.052 | 0.948 |
| 27.2-2nd |  | 56 | 73 | 0.045 | 0.955 |
| 25.0-2nd |  | 56 | 73 | 0.043 | 0.957 |
| 4.1-2nd |  | 56 | 73 | 0.049 | 0.951 |
| 3.0-2nd |  | 56 | 73 | 0.051 | 0.949 |
| 1.0-2nd |  | 56 | 73 | 0.051 | 0.949 |
| 0.0-2nd |  | 56 | 73 | 0.047 | 0.953 |
| 12:00-3rd |  | 56 | 73 | 0.047 | 0.953 |
| 11:44-3rd |  | 56 | 73 | 0.048 | 0.952 |
| 11:41-3rd |  | 56 | 73 | 0.051 | 0.949 |
| 11:36-3rd |  | 56 | 73 | 0.05 | 0.95 |
| 11:19-3rd |  | 56 | 73 | 0.043 | 0.957 |
| 11:16-3rd |  | 56 | 73 | 0.041 | 0.959 |
| 11:03-3rd |  | 56 | 73 | 0.04 | 0.96 |
| 10:56-3rd |  | 56 | 73 | 0.046 | 0.954 |
| 10:53-3rd |  | 56 | 73 | 0.048 | 0.952 |
| 10:36-3rd |  | 58 | 73 | 0.056 | 0.944 |
| 10:23-3rd |  | 58 | 75 | 0.046 | 0.954 |
| 10:10-3rd |  | 60 | 75 | 0.055 | 0.945 |
| 9:48-3rd |  | 60 | 75 | 0.061 | 0.939 |
| 9:45-3rd |  | 60 | 75 | 0.064 | 0.936 |
| 9:42-3rd |  | 60 | 75 | 0.056 | 0.944 |
| 9:38-3rd |  | 60 | 75 | 0.053 | 0.947 |
| 9:32-3rd |  | 60 | 76 | 0.053 | 0.947 |
| 9:15-3rd |  | 60 | 76 | 0.046 | 0.954 |
| 9:11-3rd |  | 60 | 76 | 0.043 | 0.957 |
| 9:01-3rd |  | 60 | 78 | 0.036 | 0.964 |
| 8:46-3rd |  | 60 | 78 | 0.03 | 0.97 |
| 8:43-3rd |  | 60 | 78 | 0.028 | 0.972 |
| 8:35-3rd |  | 60 | 80 | 0.023 | 0.977 |
| 8:22-3rd |  | 63 | 80 | 0.034 | 0.966 |
| 8:04-3rd |  | 63 | 80 | 0.039 | 0.961 |
| 8:02-3rd |  | 63 | 80 | 0.04 | 0.96 |
| 7:52-3rd |  | 65 | 80 | 0.049 | 0.951 |
| 7:35-3rd |  | 65 | 82 | 0.039 | 0.961 |
| 7:24-3rd |  | 65 | 82 | 0.033 | 0.967 |
| 7:21-3rd |  | 65 | 82 | 0.031 | 0.969 |
| 7:06-3rd |  | 65 | 84 | 0.025 | 0.975 |
| 6:46-3rd |  | 65 | 84 | 0.02 | 0.98 |
| 6:43-3rd |  | 65 | 84 | 0.019 | 0.981 |
| 6:38-3rd |  | 65 | 84 | 0.023 | 0.977 |
| 6:35-3rd |  | 65 | 84 | 0.024 | 0.976 |
| 6:31-3rd |  | 65 | 84 | 0.02 | 0.98 |
| 6:28-3rd |  | 65 | 84 | 0.018 | 0.982 |
| 6:25-3rd |  | 65 | 84 | 0.018 | 0.982 |
| 6:14-3rd |  | 65 | 84 | 0.022 | 0.978 |
| 6:12-3rd |  | 65 | 84 | 0.018 | 0.982 |
| 6:04-3rd |  | 65 | 86 | 0.014 | 0.986 |
| 5:44-3rd |  | 65 | 86 | 0.011 | 0.989 |
| 5:40-3rd |  | 65 | 86 | 0.01 | 0.99 |
| 5:33-3rd |  | 65 | 86 | 0.013 | 0.987 |
| 5:30-3rd |  | 65 | 86 | 0.013 | 0.987 |
| 5:17-3rd |  | 67 | 86 | 0.016 | 0.984 |
| 5:04-3rd |  | 67 | 86 | 0.019 | 0.981 |
| 5:01-3rd |  | 67 | 86 | 0.02 | 0.98 |
| 5:00-3rd |  | 69 | 86 | 0.025 | 0.975 |
| 4:46-3rd |  | 69 | 89 | 0.015 | 0.985 |
| 4:25-3rd |  | 69 | 89 | 0.012 | 0.988 |
| 4:23-3rd |  | 69 | 89 | 0.011 | 0.989 |
| 4:19-3rd |  | 69 | 92 | 0.006 | 0.994 |
| 4:05-3rd |  | 69 | 92 | 0.005 | 0.995 |
| 4:03-3rd |  | 69 | 92 | 0.005 | 0.995 |
| 3:51-3rd |  | 69 | 92 | 0.006 | 0.994 |
| 3:49-3rd |  | 69 | 92 | 0.006 | 0.994 |
| 3:38-3rd |  | 71 | 92 | 0.007 | 0.993 |
| 3:32-3rd |  | 71 | 92 | 0.01 | 0.99 |
| 3:11-3rd |  | 71 | 92 | 0.008 | 0.992 |
| 3:08-3rd |  | 71 | 92 | 0.007 | 0.993 |
| 2:59-3rd |  | 71 | 92 | 0.009 | 0.991 |
| 2:56-3rd |  | 71 | 92 | 0.009 | 0.991 |
| 2:52-3rd |  | 71 | 92 | 0.007 | 0.993 |
| 2:37-3rd |  | 71 | 92 | 0.008 | 0.992 |
| 2:34-3rd |  | 71 | 92 | 0.009 | 0.991 |
| 2:26-3rd |  | 71 | 92 | 0.007 | 0.993 |
| 2:22-3rd |  | 71 | 92 | 0.006 | 0.994 |
| 2:13-3rd |  | 71 | 92 | 0.008 | 0.992 |
| 2:10-3rd |  | 71 | 92 | 0.008 | 0.992 |
| 1:59-3rd |  | 71 | 92 | 0.006 | 0.994 |
| 1:57-3rd |  | 71 | 92 | 0.008 | 0.992 |
| 1:41-3rd |  | 71 | 92 | 0.006 | 0.994 |
| 1:37-3rd |  | 71 | 92 | 0.005 | 0.995 |
| 1:25-3rd |  | 71 | 92 | 0.005 | 0.995 |
| 1:20-3rd |  | 71 | 92 | 0.003 | 0.997 |
| 1:05-3rd |  | 71 | 92 | 0.006 | 0.994 |
| 47.1-3rd |  | 73 | 92 | 0.008 | 0.992 |
| 36.1-3rd |  | 73 | 95 | 0.004 | 0.996 |
| 24.1-3rd |  | 74 | 95 | 0.004 | 0.996 |
| 2.0-3rd |  | 74 | 95 | 0.005 | 0.995 |
| 0.1-3rd |  | 74 | 95 | 0.005 | 0.995 |
| 0.0-3rd |  | 74 | 95 | 0.004 | 0.996 |
| 12:00-4th |  | 74 | 95 | 0.004 | 0.996 |
| 11:44-4th |  | 74 | 95 | 0.004 | 0.996 |
| 11:41-4th |  | 74 | 95 | 0.005 | 0.995 |
| 11:38-4th |  | 74 | 95 | 0.004 | 0.996 |
| 11:35-4th |  | 74 | 95 | 0.003 | 0.997 |
| 11:14-4th |  | 74 | 95 | 0.004 | 0.996 |
| 11:13-4th |  | 74 | 95 | 0.005 | 0.995 |
| 11:01-4th |  | 74 | 95 | 0.003 | 0.997 |
| 10:57-4th |  | 74 | 95 | 0.003 | 0.997 |
| 10:51-4th |  | 74 | 98 | 0.002 | 0.998 |
| 10:36-4th |  | 77 | 98 | 0.003 | 0.997 |
| 10:20-4th |  | 77 | 101 | 0.002 | 0.998 |
| 10:12-4th |  | 80 | 101 | 0.002 | 0.998 |
| 9:54-4th |  | 80 | 101 | 0.003 | 0.997 |
| 9:50-4th |  | 80 | 101 | 0.002 | 0.998 |
| 9:47-4th |  | 80 | 101 | 0.003 | 0.997 |
| 9:45-4th |  | 80 | 101 | 0.003 | 0.997 |
| 9:38-4th |  | 80 | 101 | 0.002 | 0.998 |
| 9:35-4th |  | 80 | 101 | 0.002 | 0.998 |
| 9:31-4th |  | 80 | 101 | 0.003 | 0.997 |
| 9:28-4th |  | 80 | 101 | 0.003 | 0.997 |
| 9:19-4th |  | 80 | 101 | 0.002 | 0.998 |
| 9:16-4th |  | 80 | 101 | 0.003 | 0.997 |
| 9:14-4th |  | 80 | 101 | 0.002 | 0.998 |
| 9:11-4th |  | 80 | 101 | 0.002 | 0.998 |
| 8:59-4th |  | 80 | 101 | 0.003 | 0.997 |
| 8:53-4th |  | 83 | 101 | 0.004 | 0.996 |
| 8:40-4th |  | 83 | 103 | 0.003 | 0.997 |
| 8:35-4th |  | 83 | 103 | 0.002 | 0.998 |
| 8:17-4th |  | 83 | 105 | 0.002 | 0.998 |
| 8:12-4th |  | 85 | 105 | 0.002 | 0.998 |
| 7:57-4th |  | 85 | 108 | 0.001 | 0.999 |
| 7:39-4th |  | 85 | 108 | 0.001 | 0.999 |
| 7:26-4th |  | 85 | 108 | 0.001 | 0.999 |
| 7:23-4th |  | 85 | 108 | 0.001 | 0.999 |
| 7:15-4th |  | 85 | 108 | 0.001 | 0.999 |
| 7:11-4th |  | 85 | 108 | 0.001 | 0.999 |
| 7:00-4th |  | 85 | 108 | 0.001 | 0.999 |
| 6:55-4th |  | 85 | 110 | 0.001 | 0.999 |
| 6:40-4th |  | 87 | 110 | 0.001 | 0.999 |
| 6:26-4th |  | 87 | 110 | 0.001 | 0.999 |
| 6:24-4th |  | 87 | 110 | 0.001 | 0.999 |
| 6:19-4th |  | 87 | 113 | 0.001 | 0.999 |
| 6:07-4th |  | 87 | 113 | 0.001 | 0.999 |
| 6:03-4th |  | 87 | 113 | 0.001 | 0.999 |
| 6:01-4th |  | 87 | 116 | 0.001 | 0.999 |
| 5:49-4th |  | 87 | 116 | 0.001 | 0.999 |
| 5:36-4th |  | 87 | 118 | 0.001 | 0.999 |
| 5:23-4th |  | 87 | 118 | 0.001 | 0.999 |
| 5:19-4th |  | 87 | 118 | 0.001 | 0.999 |
| 5:13-4th |  | 87 | 118 | 0.001 | 0.999 |
| 5:09-4th |  | 89 | 118 | 0.001 | 0.999 |
| 4:54-4th |  | 89 | 121 | 0.001 | 0.999 |
| 4:43-4th |  | 89 | 121 | 0.001 | 0.999 |
| 4:40-4th |  | 89 | 121 | 0.001 | 0.999 |
| 4:30-4th |  | 89 | 124 | 0.001 | 0.999 |
| 4:29-4th |  | 89 | 124 | 0.001 | 0.999 |
| 4:11-4th |  | 89 | 124 | 0.001 | 0.999 |
| 4:07-4th |  | 89 | 124 | 0.001 | 0.999 |
| 4:04-4th |  | 89 | 124 | 0.001 | 0.999 |
| 3:45-4th |  | 91 | 124 | 0.001 | 0.999 |
| 3:22-4th |  | 91 | 124 | 0.001 | 0.999 |
| 3:19-4th |  | 91 | 124 | 0.001 | 0.999 |
| 3:08-4th |  | 91 | 124 | 0.001 | 0.999 |
| 3:05-4th |  | 91 | 124 | 0.001 | 0.999 |
| 2:50-4th |  | 91 | 126 | 0.001 | 0.999 |
| 2:29-4th |  | 91 | 126 | 0.001 | 0.999 |
| 2:27-4th |  | 91 | 126 | 0.001 | 0.999 |
| 2:14-4th |  | 91 | 126 | 0.001 | 0.999 |
| 2:12-4th |  | 91 | 126 | 0.001 | 0.999 |
| 2:11-4th |  | 91 | 126 | 0.001 | 0.999 |
| 2:00-4th |  | 93 | 126 | 0.001 | 0.999 |
| 1:49-4th |  | 93 | 126 | 0.001 | 0.999 |
| 1:46-4th |  | 93 | 126 | 0.001 | 0.999 |
| 1:42-4th |  | 93 | 126 | 0.001 | 0.999 |
| 1:33-4th |  | 93 | 126 | 0.001 | 0.999 |
| 1:29-4th |  | 93 | 126 | 0.001 | 0.999 |
| 1:20-4th |  | 93 | 126 | 0.001 | 0.999 |
| 1:13-4th |  | 93 | 126 | 0.001 | 0.999 |
| 1:12-4th |  | 93 | 126 | 0.001 | 0.999 |
| 1:00-4th |  | 93 | 126 | 0.001 | 0.999 |
| 57.0-4th |  | 93 | 126 | 0.001 | 0.999 |
| 54.1-4th |  | 93 | 126 | 0.001 | 0.999 |
| 42.0-4th |  | 96 | 126 | 0.001 | 0.999 |
| 31.1-4th |  | 96 | 128 | 0.001 | 0.999 |
| 19.0-4th |  | 96 | 128 | 0.001 | 0.999 |
| 14.1-4th |  | 99 | 128 | 0.001 | 0.999 |
| 0.0-4th |  | 99 | 128 | 0.0 | 1.0 |

Question

Which event most likely happened at the marked missing position?

Answer Choices

A. Player 17 (Team B) misses 22-foot step back jumpshot
B. Player 9 (Team A) misses 17-foot pullup jump shot
C. Player 8 (Team B) makes alley oop dunk shot (Player 12 (Team B) assists)
D. Player 6 (Team B) makes 28-foot three point jumper (Player 1 (Team B) assists)

Response Format

Return exactly one JSON object:

{
  "answer": "<A|B|C|D>",
  "rationale": "<brief evidence-based justification in 1-3 sentences>",
  "evidence_event_ids": [],
  "evidence_series_times": []
}

Use only event IDs and time labels that are provided above and that support the answer. Use an empty array when the corresponding evidence type is unavailable or unused. Return only the JSON object.
