Task

Reconstruct the missing event in this basketball game. Use the available numerical time-series evidence around the marked row to select the most likely event.

Game

Team A versus Team B, season 22-23.

Time Series

| Game time | Marker | Team A score | Team B score | Team A win probability | Team B win probability |
| --- | --- | --- | --- | --- | --- |
| 12:00-1st |  | 0.0 | 0.0 | 0.083 | 0.917 |
| 11:39-1st |  | 0.0 | 0.0 | 0.089 | 0.911 |
| 11:34-1st |  | 0.0 | 0.0 | 0.091 | 0.909 |
| 11:23-1st |  | 2.0 | 0.0 | 0.102 | 0.898 |
| 11:05-1st |  | 2.0 | 1.0 | 0.093 | 0.907 |
| 11:00-1st |  | 2.0 | 3.0 | 0.086 | 0.914 |
| 10:46-1st |  | 4.0 | 3.0 | 0.095 | 0.905 |
| 10:27-1st |  | 4.0 | 6.0 | 0.08 | 0.92 |
| 10:19-1st |  | 4.0 | 6.0 | 0.073 | 0.927 |
| 10:12-1st |  | 4.0 | 6.0 | 0.081 | 0.919 |
| 10:02-1st |  | 4.0 | 6.0 | 0.076 | 0.924 |
| 10:00-1st |  | 4.0 | 6.0 | 0.074 | 0.926 |
| 9:52-1st |  | 4.0 | 6.0 | 0.081 | 0.919 |
| 9:50-1st |  | 4.0 | 6.0 | 0.083 | 0.917 |
| 9:27-1st |  | 4.0 | 6.0 | 0.078 | 0.922 |
| 9:23-1st |  | 4.0 | 6.0 | 0.084 | 0.916 |
| 9:22-1st |  | 6.0 | 6.0 | 0.093 | 0.907 |
| 9:04-1st |  | 6.0 | 8.0 | 0.085 | 0.915 |
| 8:37-1st |  | 8.0 | 8.0 | 0.096 | 0.904 |
| 8:23-1st |  | 8.0 | 10.0 | 0.088 | 0.912 |
| 8:09-1st |  | 8.0 | 10.0 | 0.083 | 0.917 |
| 8:06-1st |  | 8.0 | 10.0 | 0.089 | 0.911 |
| 7:58-1st |  | 8.0 | 10.0 | 0.081 | 0.919 |
| 7:56-1st |  | 8.0 | 10.0 | 0.081 | 0.919 |
| 7:47-1st |  | 8.0 | 10.0 | 0.088 | 0.912 |
| 7:45-1st |  | 8.0 | 10.0 | 0.09 | 0.91 |
| 7:39-1st |  | 8.0 | 10.0 | 0.084 | 0.916 |
| 7:36-1st |  | 8.0 | 10.0 | 0.082 | 0.918 |
| 7:33-1st |  | 8.0 | 12.0 | 0.075 | 0.925 |
| 7:16-1st |  | 8.0 | 12.0 | 0.07 | 0.93 |
| 7:14-1st |  | 8.0 | 12.0 | 0.076 | 0.924 |
| 7:13-1st |  | 10.0 | 12.0 | 0.083 | 0.917 |
| 6:57-1st |  | 10.0 | 12.0 | 0.091 | 0.909 |
| 6:55-1st |  | 10.0 | 12.0 | 0.093 | 0.907 |
| 6:51-1st |  | 12.0 | 12.0 | 0.103 | 0.897 |
| 6:27-1st |  | 12.0 | 15.0 | 0.086 | 0.914 |
| 6:08-1st |  | 13.0 | 15.0 | 0.087 | 0.913 |
| 5:49-1st |  | 13.0 | 18.0 | 0.073 | 0.927 |
| 5:32-1st |  | 13.0 | 18.0 | 0.068 | 0.932 |
| 5:29-1st |  | 13.0 | 18.0 | 0.066 | 0.934 |
| 5:14-1st |  | 13.0 | 20.0 | 0.061 | 0.939 |
| 5:00-1st |  | 13.0 | 20.0 | 0.056 | 0.944 |
| 4:57-1st |  | 13.0 | 20.0 | 0.054 | 0.946 |
| 4:56-1st |  | 13.0 | 20.0 | 0.06 | 0.94 |
| 4:53-1st |  | 13.0 | 20.0 | 0.062 | 0.938 |
| 4:45-1st |  | 15.0 | 20.0 | 0.068 | 0.932 |
| 4:42-1st |  | 15.0 | 20.0 | 0.076 | 0.924 |
| 4:29-1st |  | 15.0 | 20.0 | 0.071 | 0.929 |
| 4:23-1st |  | 15.0 | 20.0 | 0.077 | 0.923 |
| 4:22-1st |  | 17.0 | 20.0 | 0.085 | 0.915 |
| 4:14-1st |  | 17.0 | 20.0 | 0.092 | 0.908 |
| 4:12-1st |  | 17.0 | 20.0 | 0.094 | 0.906 |
| 4:08-1st |  | 17.0 | 20.0 | 0.088 | 0.912 |
| 4:06-1st |  | 17.0 | 20.0 | 0.086 | 0.914 |
| 3:56-1st |  | 17.0 | 22.0 | 0.078 | 0.922 |
| 3:39-1st |  | 17.0 | 22.0 | 0.073 | 0.927 |
| 3:38-1st |  | 17.0 | 22.0 | 0.071 | 0.929 |
| 3:24-1st |  | 17.0 | 24.0 | 0.065 | 0.935 |
| 3:21-1st |  | 17.0 | 24.0 | 0.065 | 0.935 |
| 2:56-1st |  | 17.0 | 24.0 | 0.061 | 0.939 |
| 2:54-1st |  | 17.0 | 24.0 | 0.059 | 0.941 |
| 2:39-1st |  | 17.0 | 26.0 | 0.054 | 0.946 |
| 2:28-1st |  | 17.0 | 26.0 | 0.05 | 0.95 |
| 2:25-1st |  | 17.0 | 26.0 | 0.048 | 0.952 |
| 2:10-1st |  | 17.0 | 26.0 | 0.053 | 0.947 |
| 2:07-1st |  | 17.0 | 26.0 | 0.049 | 0.951 |
| 1:59-1st |  | 17.0 | 28.0 | 0.044 | 0.956 |
| 1:52-1st |  | 17.0 | 28.0 | 0.04 | 0.96 |
| 1:49-1st |  | 17.0 | 28.0 | 0.039 | 0.961 |
| 1:38-1st |  | 17.0 | 28.0 | 0.043 | 0.957 |
| 1:35-1st |  | 17.0 | 28.0 | 0.039 | 0.961 |
| 1:28-1st |  | 17.0 | 28.0 | 0.033 | 0.967 |
| 1:18-1st |  | 17.0 | 30.0 | 0.036 | 0.964 |
| 1:00-1st |  | 17.0 | 30.0 | 0.033 | 0.967 |
| 57.1-1st |  | 17.0 | 30.0 | 0.032 | 0.968 |
| 46.0-1st |  | 17.0 | 30.0 | 0.036 | 0.964 |
| 41.2-1st |  | 17.0 | 30.0 | 0.032 | 0.968 |
| 33.1-1st |  | 17.0 | 30.0 | 0.035 | 0.965 |
| 30.1-1st |  | 17.0 | 30.0 | 0.032 | 0.968 |
| 30.0-1st |  | 17.0 | 30.0 | 0.032 | 0.968 |
| 27.1-1st |  | 17.0 | 32.0 | 0.028 | 0.972 |
| 6.1-1st |  | 17.0 | 32.0 | 0.026 | 0.974 |
| 4.1-1st |  | 20.0 | 32.0 | 0.036 | 0.964 |
| 0.0-1st |  | 20.0 | 32.0 | 0.04 | 0.96 |
| 12:00-2nd |  | 20.0 | 32.0 | 0.04 | 0.96 |
| 11:42-2nd |  | 22.0 | 32.0 | 0.047 | 0.953 |
| 11:23-2nd |  | 22.0 | 32.0 | 0.052 | 0.948 |
| 11:20-2nd |  | 22.0 | 32.0 | 0.054 | 0.946 |
| 11:09-2nd |  | 22.0 | 32.0 | 0.049 | 0.951 |
| 11:08-2nd |  | 22.0 | 32.0 | 0.048 | 0.952 |
| 10:56-2nd |  | 22.0 | 33.0 | 0.048 | 0.952 |
| 10:54-2nd |  | 22.0 | 33.0 | 0.048 | 0.952 |
| 10:33-2nd |  | 22.0 | 33.0 | 0.045 | 0.955 |
| 10:31-2nd |  | 22.0 | 33.0 | 0.048 | 0.952 |
| 10:10-2nd |  | 22.0 | 33.0 | 0.045 | 0.955 |
| 10:08-2nd |  | 22.0 | 33.0 | 0.044 | 0.956 |
| 9:59-2nd |  | 22.0 | 33.0 | 0.048 | 0.952 |
| 9:57-2nd |  | 22.0 | 33.0 | 0.049 | 0.951 |
| 9:53-2nd |  | 22.0 | 33.0 | 0.045 | 0.955 |
| 9:51-2nd |  | 22.0 | 33.0 | 0.044 | 0.956 |
| 9:45-2nd |  | 22.0 | 35.0 | 0.039 | 0.961 |
| 9:33-2nd |  | 22.0 | 35.0 | 0.035 | 0.965 |
| 9:32-2nd |  | 22.0 | 35.0 | 0.034 | 0.966 |
| 9:21-2nd |  | 22.0 | 35.0 | 0.038 | 0.962 |
| 9:19-2nd |  | 22.0 | 35.0 | 0.039 | 0.961 |
| 9:10-2nd |  | 22.0 | 35.0 | 0.035 | 0.965 |
| 9:07-2nd |  | 22.0 | 35.0 | 0.034 | 0.966 |
| 8:58-2nd |  | 22.0 | 36.0 | 0.035 | 0.965 |
| 8:56-2nd |  | 22.0 | 36.0 | 0.035 | 0.965 |
| 8:40-2nd |  | 24.0 | 36.0 | 0.04 | 0.96 |
| 8:29-2nd |  | 24.0 | 38.0 | 0.036 | 0.964 |
| 8:10-2nd |  | 24.0 | 38.0 | 0.032 | 0.968 |
| 8:07-2nd |  | 24.0 | 38.0 | 0.031 | 0.969 |
| 7:58-2nd |  | 24.0 | 38.0 | 0.035 | 0.965 |
| 7:56-2nd |  | 24.0 | 38.0 | 0.036 | 0.964 |
| 7:50-2nd |  | 24.0 | 38.0 | 0.031 | 0.969 |
| 7:43-2nd |  | 24.0 | 38.0 | 0.035 | 0.965 |
| 7:40-2nd |  | 24.0 | 38.0 | 0.036 | 0.964 |
| 7:36-2nd |  | 24.0 | 38.0 | 0.036 | 0.964 |
| 7:27-2nd |  | 27.0 | 38.0 | 0.046 | 0.954 |
| 7:06-2nd |  | 27.0 | 40.0 | 0.041 | 0.959 |
| 6:54-2nd |  | 30.0 | 40.0 | 0.053 | 0.947 |
| 6:35-2nd |  | 30.0 | 40.0 | 0.059 | 0.941 |
| 6:32-2nd |  | 30.0 | 40.0 | 0.054 | 0.946 |
| 6:31-2nd |  | 30.0 | 40.0 | 0.06 | 0.94 |
| 6:30-2nd |  | 30.0 | 40.0 | 0.061 | 0.939 |
| 6:11-2nd |  | 30.0 | 40.0 | 0.056 | 0.944 |
| 6:08-2nd |  | 30.0 | 40.0 | 0.062 | 0.938 |
| 6:07-2nd |  | 32.0 | 40.0 | 0.07 | 0.93 |
| 6:02-2nd |  | 32.0 | 40.0 | 0.071 | 0.929 |
| 5:53-2nd |  | 32.0 | 41.0 | 0.063 | 0.937 |
| 5:47-2nd |  | 32.0 | 43.0 | 0.055 | 0.945 |
| 5:33-2nd |  | 32.0 | 43.0 | 0.049 | 0.951 |
| 5:19-2nd |  | 32.0 | 43.0 | 0.056 | 0.944 |
| 5:12-2nd |  | 32.0 | 43.0 | 0.051 | 0.949 |
| 5:10-2nd |  | 32.0 | 43.0 | 0.049 | 0.951 |
| 4:57-2nd |  | 32.0 | 45.0 | 0.043 | 0.957 |
| 4:48-2nd |  | 34.0 | 45.0 | 0.049 | 0.951 |
| 4:42-2nd |  | 34.0 | 45.0 | 0.05 | 0.95 |
| 4:29-2nd |  | 34.0 | 48.0 | 0.037 | 0.963 |
| 4:10-2nd |  | 34.0 | 48.0 | 0.034 | 0.966 |
| 4:07-2nd |  | 34.0 | 48.0 | 0.033 | 0.967 |
| 3:50-2nd |  | 34.0 | 48.0 | 0.036 | 0.964 |
| 3:47-2nd |  | 34.0 | 48.0 | 0.038 | 0.962 |
| 3:41-2nd |  | 36.0 | 48.0 | 0.044 | 0.956 |
| 3:29-2nd |  | 36.0 | 51.0 | 0.033 | 0.967 |
| 3:13-2nd |  | 36.0 | 51.0 | 0.029 | 0.971 |
| 3:10-2nd |  | 36.0 | 51.0 | 0.028 | 0.972 |
| 3:05-2nd |  | 36.0 | 53.0 | 0.024 | 0.976 |
| 2:52-2nd |  | 36.0 | 53.0 | 0.024 | 0.976 |
| 2:40-2nd |  | 36.0 | 53.0 | 0.021 | 0.979 |
| 2:36-2nd |  | 36.0 | 53.0 | 0.02 | 0.98 |
| 2:15-2nd |  | 36.0 | 53.0 | 0.023 | 0.977 |
| 2:14-2nd |  | 36.0 | 53.0 | 0.02 | 0.98 |
| 2:13-2nd |  | 36.0 | 54.0 | 0.02 | 0.98 |
| 2:01-2nd |  | 36.0 | 54.0 | 0.018 | 0.982 |
| 1:58-2nd |  | 36.0 | 54.0 | 0.018 | 0.982 |
| 1:43-2nd |  | 36.0 | 56.0 | 0.014 | 0.986 |
| 1:23-2nd |  | 37.0 | 56.0 | 0.014 | 0.986 |
| 1:12-2nd |  | 37.0 | 56.0 | 0.017 | 0.983 |
| 1:09-2nd |  | 38.0 | 56.0 | 0.018 | 0.982 |
| 59.1-2nd |  | 38.0 | 58.0 | 0.014 | 0.986 |
| 47.0-2nd |  | 38.0 | 58.0 | 0.012 | 0.988 |
| 45.1-2nd |  | 38.0 | 58.0 | 0.012 | 0.988 |
| 43.2-2nd |  | 38.0 | 58.0 | 0.014 | 0.986 |
| 40.0-2nd |  | 40.0 | 58.0 | 0.017 | 0.983 |
| 33.1-2nd |  | 40.0 | 60.0 | 0.013 | 0.987 |
| 10.1-2nd |  | 40.0 | 60.0 | 0.012 | 0.988 |
| 6.1-2nd |  | 40.0 | 60.0 | 0.012 | 0.988 |
| 1.1-2nd |  | 40.0 | 60.0 | 0.015 | 0.985 |
| 0.0-2nd |  | 40.0 | 60.0 | 0.013 | 0.987 |
| 12:00-3rd |  | 40.0 | 60.0 | 0.013 | 0.987 |
| 11:39-3rd |  | 40.0 | 60.0 | 0.011 | 0.989 |
| 11:36-3rd |  | 40.0 | 60.0 | 0.013 | 0.987 |
| 11:35-3rd |  | 40.0 | 60.0 | 0.011 | 0.989 |
| 11:33-3rd |  | 40.0 | 60.0 | 0.011 | 0.989 |
| 11:22-3rd |  | 40.0 | 60.0 | 0.011 | 0.989 |
| 11:19-3rd |  | 40.0 | 60.0 | 0.013 | 0.987 |
| 11:15-3rd |  | 40.0 | 60.0 | 0.013 | 0.987 |
| 11:11-3rd |  | 42.0 | 60.0 | 0.015 | 0.985 |
| 10:56-3rd |  | 42.0 | 62.0 | 0.013 | 0.987 |
| 10:31-3rd |  | 42.0 | 62.0 | 0.011 | 0.989 |
| 10:28-3rd |  | 42.0 | 62.0 | 0.01 | 0.99 |
| 10:19-3rd |  | 42.0 | 65.0 | 0.007 | 0.993 |
| 10:00-3rd |  | 45.0 | 65.0 | 0.01 | 0.99 |
| 9:56-3rd |  | 45.0 | 68.0 | 0.007 | 0.993 |
| 9:40-3rd |  | 45.0 | 68.0 | 0.006 | 0.994 |
| 9:37-3rd |  | 45.0 | 68.0 | 0.006 | 0.994 |
| 9:27-3rd |  | 45.0 | 68.0 | 0.005 | 0.995 |
| 9:25-3rd |  | 45.0 | 68.0 | 0.005 | 0.995 |
| 9:17-3rd |  | 45.0 | 68.0 | 0.006 | 0.994 |
| 9:16-3rd |  | 45.0 | 68.0 | 0.006 | 0.994 |
| 9:11-3rd |  | 45.0 | 68.0 | 0.005 | 0.995 |
| 9:03-3rd |  | 45.0 | 70.0 | 0.004 | 0.996 |
| 8:45-3rd |  | 45.0 | 70.0 | 0.003 | 0.997 |
| 8:41-3rd |  | 45.0 | 70.0 | 0.004 | 0.996 |
| 8:37-3rd |  | 45.0 | 70.0 | 0.004 | 0.996 |
| 8:21-3rd |  | 45.0 | 70.0 | 0.003 | 0.997 |
| 8:19-3rd |  | 45.0 | 70.0 | 0.003 | 0.997 |
| 8:12-3rd |  | 45.0 | 72.0 | 0.002 | 0.998 |
| 7:53-3rd |  | 45.0 | 72.0 | 0.002 | 0.998 |
| 7:51-3rd |  | 45.0 | 72.0 | 0.002 | 0.998 |
| 7:46-3rd |  | 45.0 | 72.0 | 0.002 | 0.998 |
| 7:45-3rd |  | 45.0 | 72.0 | 0.002 | 0.998 |
| 7:32-3rd |  | 45.0 | 72.0 | 0.002 | 0.998 |
| 7:30-3rd |  | 45.0 | 72.0 | 0.002 | 0.998 |
| 7:19-3rd |  | 45.0 | 72.0 | 0.002 | 0.998 |
| 7:18-3rd |  | 45.0 | 72.0 | 0.002 | 0.998 |
| 7:10-3rd |  | 45.0 | 72.0 | 0.002 | 0.998 |
| 7:07-3rd |  | 45.0 | 72.0 | 0.002 | 0.998 |
| 7:04-3rd |  | 47.0 | 72.0 | 0.003 | 0.997 |
| 6:51-3rd |  | 47.0 | 72.0 | 0.003 | 0.997 |
| 6:50-3rd |  | 47.0 | 72.0 | 0.003 | 0.997 |
| 6:44-3rd |  | 47.0 | 72.0 | 0.003 | 0.997 |
| 6:37-3rd |  | 47.0 | 72.0 | 0.003 | 0.997 |
| 6:28-3rd |  | 47.0 | 72.0 | 0.003 | 0.997 |
| 6:24-3rd |  | 49.0 | 72.0 | 0.004 | 0.996 |
| 6:09-3rd |  | 49.0 | 72.0 | 0.005 | 0.995 |
| 6:06-3rd |  | 49.0 | 72.0 | 0.004 | 0.996 |
| 6:05-3rd |  | 49.0 | 72.0 | 0.005 | 0.995 |
| 6:04-3rd |  | 51.0 | 72.0 | 0.006 | 0.994 |
| 5:53-3rd |  | 53.0 | 72.0 | 0.013 | 0.987 |
| 5:48-3rd |  | 54.0 | 72.0 | 0.012 | 0.988 |
| 5:35-3rd |  | 54.0 | 75.0 | 0.007 | 0.993 |
| 5:19-3rd |  | 55.0 | 75.0 | 0.007 | 0.993 |
| 5:09-3rd |  | 55.0 | 75.0 | 0.009 | 0.991 |
| 5:01-3rd |  | 55.0 | 75.0 | 0.007 | 0.993 |
| 4:58-3rd |  | 55.0 | 75.0 | 0.009 | 0.991 |
| 4:43-3rd |  | 55.0 | 75.0 | 0.007 | 0.993 |
| 4:39-3rd |  | 55.0 | 75.0 | 0.007 | 0.993 |
| 4:31-3rd |  | 55.0 | 75.0 | 0.009 | 0.991 |
| 4:26-3rd |  | 57.0 | 75.0 | 0.011 | 0.989 |
| 4:08-3rd |  | 57.0 | 75.0 | 0.014 | 0.986 |
| 4:05-3rd |  | 59.0 | 75.0 | 0.017 | 0.983 |
| 3:45-3rd |  | 59.0 | 75.0 | 0.02 | 0.98 |
| 3:43-3rd |  | 59.0 | 75.0 | 0.021 | 0.979 |
| 3:40-3rd |  | 61.0 | 75.0 | 0.026 | 0.974 |
| 3:23-3rd |  | 61.0 | 75.0 | 0.03 | 0.97 |
| 3:20-3rd |  | 61.0 | 75.0 | 0.032 | 0.968 |
| 3:14-3rd |  | 64.0 | 75.0 | 0.049 | 0.951 |
| 2:49-3rd |  | 64.0 | 78.0 | 0.031 | 0.969 |
| 2:29-3rd |  | 67.0 | 78.0 | 0.047 | 0.953 |
| 2:16-3rd |  | 67.0 | 78.0 | 0.056 | 0.944 |
| 2:13-3rd |  | 67.0 | 78.0 | 0.059 | 0.941 |
| 2:02-3rd |  | 69.0 | 78.0 | 0.072 | 0.928 |
| 1:49-3rd |  | 69.0 | 78.0 | 0.083 | 0.917 |
| 1:47-3rd |  | 69.0 | 78.0 | 0.071 | 0.929 |
| 1:41-3rd |  | 69.0 | 80.0 | 0.058 | 0.942 |
| 1:26-3rd |  | 72.0 | 80.0 | 0.087 | 0.913 |
| 1:11-3rd |  | 72.0 | 80.0 | 0.1 | 0.9 |
| 1:10-3rd |  | 72.0 | 80.0 | 0.086 | 0.914 |
| 1:02-3rd |  | 72.0 | 80.0 | 0.1 | 0.9 |
| 59.0-3rd |  | 72.0 | 80.0 | 0.105 | 0.895 |
| 52.0-3rd |  | 72.0 | 80.0 | 0.091 | 0.909 |
| 50.0-3rd |  | 72.0 | 80.0 | 0.086 | 0.914 |
| 32.1-3rd |  | 72.0 | 82.0 | 0.069 | 0.931 |
| 15.1-3rd |  | 72.0 | 82.0 | 0.058 | 0.942 |
| 12.0-3rd |  | 74.0 | 82.0 | 0.085 | 0.915 |
| 3.1-3rd |  | 74.0 | 84.0 | 0.069 | 0.931 |
| 0.0-3rd |  | 74.0 | 84.0 | 0.062 | 0.938 |
| 12:00-4th |  | 74.0 | 84.0 | 0.062 | 0.938 |
| 11:42-4th |  | 74.0 | 86.0 | 0.041 | 0.959 |
| 11:23-4th |  | 74.0 | 86.0 | 0.034 | 0.966 |
| 11:21-4th |  | 74.0 | 86.0 | 0.031 | 0.969 |
| 11:06-4th |  | 74.0 | 86.0 | 0.038 | 0.962 |
| 11:02-4th |  | 74.0 | 86.0 | 0.04 | 0.96 |
| 10:52-4th |  | 76.0 | 86.0 | 0.05 | 0.95 |
| 10:30-4th |  | 76.0 | 86.0 | 0.059 | 0.941 |
| 10:28-4th |  | 76.0 | 86.0 | 0.062 | 0.938 |
| 10:22-4th |  | 79.0 | 86.0 | 0.098 | 0.902 |
| 10:08-4th |  | 79.0 | 86.0 | 0.117 | 0.883 |
| 10:06-4th |  | 79.0 | 86.0 | 0.123 | 0.877 |
| 9:58-4th |  | 81.0 | 86.0 | 0.149 | 0.851 |
| 9:42-4th |  | 81.0 | 86.0 | 0.176 | 0.824 |
| 9:39-4th |  | 81.0 | 86.0 | 0.185 | 0.815 |
| 9:30-4th |  | 81.0 | 86.0 | 0.149 | 0.851 |
| 9:24-4th |  | 81.0 | 88.0 | 0.122 | 0.878 |
| 9:05-4th |  | 81.0 | 88.0 | 0.101 | 0.899 |
| 9:04-4th |  | 81.0 | 88.0 | 0.095 | 0.905 |
| 8:55-4th |  | 81.0 | 90.0 | 0.073 | 0.927 |
| 8:39-4th |  | 83.0 | 90.0 | 0.091 | 0.909 |
| 8:16-4th |  | 83.0 | 90.0 | 0.116 | 0.884 |
| 7:59-4th |  | 83.0 | 90.0 | 0.089 | 0.911 |
| 7:52-4th |  | 83.0 | 92.0 | 0.069 | 0.931 |
| 7:33-4th |  | 85.0 | 92.0 | 0.086 | 0.914 |
| 7:22-4th |  | 85.0 | 92.0 | 0.112 | 0.888 |
| 7:14-4th |  | 85.0 | 92.0 | 0.091 | 0.909 |
| 7:09-4th |  | 85.0 | 92.0 | 0.083 | 0.917 |
| 7:05-4th |  | 85.0 | 92.0 | 0.103 | 0.897 |
| 7:02-4th |  | 85.0 | 92.0 | 0.083 | 0.917 |
| 7:01-4th |  | 85.0 | 92.0 | 0.103 | 0.897 |
| 6:59-4th |  | 85.0 | 92.0 | 0.109 | 0.891 |
| 6:51-4th |  | 85.0 | 92.0 | 0.088 | 0.912 |
| 6:49-4th |  | 85.0 | 92.0 | 0.081 | 0.919 |
| 6:48-4th |  | 85.0 | 92.0 | 0.108 | 0.892 |
| 6:38-4th |  | 85.0 | 92.0 | 0.087 | 0.913 |
| 6:34-4th |  | 85.0 | 92.0 | 0.106 | 0.894 |
| 6:31-4th |  | 85.0 | 92.0 | 0.079 | 0.921 |
| 6:09-4th |  | 85.0 | 92.0 | 0.097 | 0.903 |
| 6:08-4th |  | 85.0 | 92.0 | 0.103 | 0.897 |
| 5:45-4th |  | 87.0 | 92.0 | 0.131 | 0.869 |
| 5:24-4th |  | 87.0 | 94.0 | 0.098 | 0.902 |
| 5:03-4th |  | 87.0 | 94.0 | 0.075 | 0.925 |
| 5:02-4th |  | 87.0 | 95.0 | 0.048 | 0.952 |
| 4:52-4th |  | 87.0 | 95.0 | 0.067 | 0.933 |
| 4:36-4th |  | 87.0 | 95.0 | 0.05 | 0.95 |
| 4:34-4th |  | 87.0 | 95.0 | 0.044 | 0.956 |
| 4:19-4th |  | 87.0 | 95.0 | 0.057 | 0.943 |
| 4:18-4th |  | 87.0 | 95.0 | 0.042 | 0.958 |
| 4:15-4th |  | 87.0 | 95.0 | 0.062 | 0.938 |
| 4:11-4th |  | 89.0 | 95.0 | 0.088 | 0.912 |
| 3:56-4th |  | 89.0 | 95.0 | 0.079 | 0.921 |
| 3:45-4th |  | 89.0 | 95.0 | 0.11 | 0.89 |
| 3:43-4th |  | 89.0 | 95.0 | 0.11 | 0.89 |
| 3:27-4th |  | 89.0 | 95.0 | 0.082 | 0.918 |
| 3:26-4th |  | 89.0 | 95.0 | 0.106 | 0.894 |
| 3:24-4th |  | 91.0 | 95.0 | 0.146 | 0.854 |
| 3:06-4th |  | 91.0 | 95.0 | 0.183 | 0.817 |
| 3:05-4th |  | 91.0 | 95.0 | 0.142 | 0.858 |
| 3:04-4th |  | 91.0 | 95.0 | 0.196 | 0.804 |
| 3:00-4th |  | 91.0 | 95.0 | 0.141 | 0.859 |
| 2:38-4th |  | 91.0 | 95.0 | 0.175 | 0.825 |
| 2:34-4th |  | 91.0 | 95.0 | 0.132 | 0.868 |
| 2:27-4th |  | 91.0 | 95.0 | 0.171 | 0.829 |
| 2:26-4th |  | 91.0 | 95.0 | 0.185 | 0.815 |
| 2:21-4th |  | 91.0 | 95.0 | 0.141 | 0.859 |
| 2:18-4th |  | 91.0 | 95.0 | 0.182 | 0.818 |
| 2:17-4th |  | 91.0 | 95.0 | 0.139 | 0.861 |
| 2:13-4th |  | 91.0 | 95.0 | 0.124 | 0.876 |
| 1:55-4th |  | 91.0 | 97.0 | 0.081 | 0.919 |
| 1:39-4th |  | 91.0 | 97.0 | 0.046 | 0.954 |
| 1:27-4th |  | 91.0 | 97.0 | 0.063 | 0.937 |
| 1:25-4th |  | 91.0 | 97.0 | 0.07 | 0.93 |
| 1:18-4th |  | 91.0 | 97.0 | 0.046 | 0.954 |
| 1:16-4th |  | 93.0 | 97.0 | 0.104 | 0.896 |
| 55.2-4th | TARGET | 93.0 | 97.0 | 0.041 | 0.959 |
| 45.1-4th |  | 93.0 | 100.0 | 0.025 | 0.975 |
| 36.0-4th |  | 93.0 | 100.0 | 0.012 | 0.988 |
| 34.0-4th |  | 93.0 | 100.0 | 0.009 | 0.991 |
| 13.1-4th |  | 93.0 | 100.0 | 0.003 | 0.997 |
| 0.0-4th |  | 93.0 | 100.0 | 0.0 | 1.0 |

Question

Which event most likely happened at the marked missing position?

Answer Choices

A. Player 17 (Team B) misses 19-foot pullup jump shot
B. Player 6 (Team A) makes 22-foot three point jumper (Player 4 (Team A) assists)
C. Player 6 (Team A) personal foul
D. Player 3 (Team B) misses 7-foot hook shot

Response Format

Return exactly one JSON object:

{
  "answer": "<A|B|C|D>",
  "rationale": "<brief evidence-based justification in 1-3 sentences>",
  "evidence_event_ids": [],
  "evidence_series_times": []
}

Use only event IDs and time labels that are provided above and that support the answer. Use an empty array when the corresponding evidence type is unavailable or unused. Return only the JSON object.
