Task

Reconstruct the missing event in this basketball game. Use the available numerical time-series evidence around the marked row to select the most likely event.

Game

Team A versus Team B, season 22-23.

Time Series

| Game time | Marker | Team A score | Team B score | Team A win probability | Team B win probability |
| --- | --- | --- | --- | --- | --- |
| 12:00-1st |  | 0 | 0 | 0.402 | 0.598 |
| 11:37-1st |  | 0 | 0 | 0.389 | 0.611 |
| 11:34-1st |  | 0 | 0 | 0.403 | 0.597 |
| 11:32-1st |  | 3 | 0 | 0.454 | 0.546 |
| 11:13-1st |  | 3 | 0 | 0.476 | 0.524 |
| 11:09-1st |  | 3 | 0 | 0.484 | 0.516 |
| 11:00-1st |  | 5 | 0 | 0.506 | 0.494 |
| 10:48-1st |  | 5 | 0 | 0.527 | 0.473 |
| 10:45-1st |  | 5 | 0 | 0.533 | 0.467 |
| 10:36-1st |  | 5 | 0 | 0.508 | 0.492 |
| 10:33-1st |  | 5 | 2 | 0.485 | 0.515 |
| 10:12-1st |  | 7 | 2 | 0.508 | 0.492 |
| 10:01-1st |  | 7 | 2 | 0.538 | 0.462 |
| 9:46-1st |  | 9 | 2 | 0.565 | 0.435 |
| 9:28-1st |  | 9 | 4 | 0.54 | 0.46 |
| 9:16-1st |  | 9 | 4 | 0.512 | 0.488 |
| 8:58-1st |  | 9 | 6 | 0.489 | 0.511 |
| 8:39-1st |  | 11 | 6 | 0.515 | 0.485 |
| 8:27-1st |  | 11 | 6 | 0.536 | 0.464 |
| 8:24-1st |  | 11 | 6 | 0.544 | 0.456 |
| 8:23-1st |  | 13 | 6 | 0.57 | 0.43 |
| 8:04-1st |  | 13 | 8 | 0.545 | 0.455 |
| 7:47-1st |  | 13 | 8 | 0.519 | 0.481 |
| 7:45-1st |  | 13 | 10 | 0.492 | 0.508 |
| 7:23-1st |  | 15 | 10 | 0.521 | 0.479 |
| 7:14-1st |  | 15 | 10 | 0.542 | 0.458 |
| 7:11-1st |  | 15 | 10 | 0.549 | 0.451 |
| 7:06-1st |  | 15 | 10 | 0.529 | 0.471 |
| 7:02-1st |  | 15 | 10 | 0.522 | 0.478 |
| 6:56-1st |  | 15 | 10 | 0.544 | 0.456 |
| 6:54-1st |  | 15 | 10 | 0.551 | 0.449 |
| 6:50-1st |  | 17 | 10 | 0.576 | 0.424 |
| 6:32-1st |  | 17 | 10 | 0.598 | 0.402 |
| 6:26-1st |  | 17 | 12 | 0.553 | 0.447 |
| 6:05-1st |  | 17 | 12 | 0.533 | 0.467 |
| 6:02-1st |  | 17 | 12 | 0.526 | 0.474 |
| 5:52-1st |  | 17 | 14 | 0.499 | 0.501 |
| 5:39-1st |  | 17 | 14 | 0.472 | 0.528 |
| 5:38-1st |  | 17 | 14 | 0.473 | 0.527 |
| 5:20-1st |  | 17 | 14 | 0.494 | 0.506 |
| 5:17-1st |  | 17 | 14 | 0.501 | 0.499 |
| 5:15-1st |  | 17 | 14 | 0.475 | 0.525 |
| 5:10-1st |  | 17 | 14 | 0.495 | 0.505 |
| 5:07-1st |  | 17 | 14 | 0.501 | 0.499 |
| 4:49-1st |  | 17 | 14 | 0.483 | 0.517 |
| 4:45-1st |  | 17 | 14 | 0.477 | 0.523 |
| 4:44-1st |  | 17 | 14 | 0.503 | 0.497 |
| 4:22-1st |  | 17 | 14 | 0.485 | 0.515 |
| 4:19-1st |  | 17 | 14 | 0.478 | 0.522 |
| 4:17-1st |  | 17 | 16 | 0.45 | 0.55 |
| 4:01-1st |  | 17 | 16 | 0.451 | 0.549 |
| 3:58-1st |  | 19 | 16 | 0.479 | 0.521 |
| 3:43-1st |  | 19 | 16 | 0.5 | 0.5 |
| 3:39-1st |  | 19 | 16 | 0.507 | 0.493 |
| 3:23-1st |  | 21 | 16 | 0.538 | 0.462 |
| 3:04-1st |  | 21 | 16 | 0.561 | 0.439 |
| 3:02-1st |  | 21 | 16 | 0.568 | 0.432 |
| 2:51-1st |  | 21 | 16 | 0.567 | 0.433 |
| 2:44-1st |  | 23 | 16 | 0.594 | 0.406 |
| 2:27-1st |  | 23 | 18 | 0.569 | 0.431 |
| 2:18-1st |  | 23 | 18 | 0.539 | 0.461 |
| 2:14-1st |  | 23 | 20 | 0.512 | 0.488 |
| 1:59-1st |  | 25 | 20 | 0.541 | 0.459 |
| 1:40-1st |  | 25 | 22 | 0.512 | 0.488 |
| 1:18-1st |  | 25 | 22 | 0.492 | 0.508 |
| 1:13-1st |  | 25 | 22 | 0.486 | 0.514 |
| 1:04-1st |  | 25 | 24 | 0.462 | 0.538 |
| 53.1-1st |  | 25 | 24 | 0.432 | 0.568 |
| 37.1-1st |  | 25 | 24 | 0.463 | 0.537 |
| 20.1-1st |  | 25 | 24 | 0.44 | 0.56 |
| 17.2-1st |  | 25 | 24 | 0.433 | 0.567 |
| 2.0-1st |  | 25 | 26 | 0.403 | 0.597 |
| 0.0-1st |  | 25 | 26 | 0.39 | 0.61 |
| 12:00-2nd |  | 25 | 26 | 0.39 | 0.61 |
| 11:45-2nd |  | 25 | 29 | 0.322 | 0.678 |
| 11:21-2nd |  | 25 | 29 | 0.323 | 0.677 |
| 11:16-2nd |  | 25 | 29 | 0.304 | 0.696 |
| 11:13-2nd |  | 25 | 29 | 0.297 | 0.703 |
| 11:01-2nd |  | 25 | 31 | 0.275 | 0.725 |
| 10:48-2nd |  | 25 | 31 | 0.251 | 0.749 |
| 10:40-2nd |  | 25 | 31 | 0.269 | 0.731 |
| 10:36-2nd |  | 25 | 31 | 0.276 | 0.724 |
| 10:30-2nd |  | 28 | 31 | 0.325 | 0.675 |
| 10:15-2nd |  | 28 | 31 | 0.347 | 0.653 |
| 10:14-2nd |  | 28 | 31 | 0.346 | 0.654 |
| 10:12-2nd |  | 28 | 31 | 0.353 | 0.647 |
| 10:09-2nd |  | 31 | 31 | 0.407 | 0.593 |
| 10:01-2nd |  | 31 | 31 | 0.431 | 0.569 |
| 9:58-2nd |  | 31 | 31 | 0.439 | 0.561 |
| 9:46-2nd |  | 33 | 31 | 0.47 | 0.53 |
| 9:33-2nd |  | 33 | 34 | 0.411 | 0.589 |
| 9:10-2nd |  | 35 | 34 | 0.439 | 0.561 |
| 9:01-2nd |  | 35 | 34 | 0.464 | 0.536 |
| 8:58-2nd |  | 35 | 34 | 0.472 | 0.528 |
| 8:45-2nd |  | 35 | 34 | 0.448 | 0.552 |
| 8:44-2nd |  | 35 | 34 | 0.441 | 0.559 |
| 8:28-2nd |  | 35 | 34 | 0.464 | 0.536 |
| 8:26-2nd |  | 35 | 34 | 0.472 | 0.528 |
| 8:23-2nd |  | 38 | 34 | 0.533 | 0.467 |
| 8:22-2nd |  | 38 | 34 | 0.533 | 0.467 |
| 8:03-2nd |  | 38 | 34 | 0.558 | 0.442 |
| 8:00-2nd |  | 38 | 34 | 0.567 | 0.433 |
| 7:42-2nd |  | 41 | 34 | 0.628 | 0.372 |
| 7:29-2nd |  | 41 | 37 | 0.569 | 0.431 |
| 7:04-2nd |  | 44 | 37 | 0.632 | 0.368 |
| 6:52-2nd |  | 44 | 37 | 0.657 | 0.343 |
| 6:47-2nd |  | 44 | 37 | 0.666 | 0.334 |
| 6:37-2nd |  | 45 | 37 | 0.664 | 0.336 |
| 6:35-2nd |  | 45 | 37 | 0.664 | 0.336 |
| 6:30-2nd |  | 45 | 40 | 0.605 | 0.395 |
| 6:13-2nd |  | 47 | 40 | 0.635 | 0.365 |
| 6:04-2nd |  | 47 | 42 | 0.607 | 0.393 |
| 5:55-2nd |  | 47 | 42 | 0.576 | 0.424 |
| 5:45-2nd |  | 47 | 42 | 0.609 | 0.391 |
| 5:29-2nd |  | 49 | 42 | 0.639 | 0.361 |
| 5:14-2nd |  | 49 | 44 | 0.609 | 0.391 |
| 4:57-2nd |  | 49 | 44 | 0.588 | 0.412 |
| 4:55-2nd |  | 49 | 44 | 0.58 | 0.42 |
| 4:53-2nd |  | 49 | 47 | 0.517 | 0.483 |
| 4:33-2nd |  | 51 | 47 | 0.55 | 0.45 |
| 4:19-2nd |  | 51 | 47 | 0.585 | 0.415 |
| 4:15-2nd |  | 52 | 47 | 0.584 | 0.416 |
| 4:13-2nd |  | 52 | 47 | 0.584 | 0.416 |
| 3:52-2nd |  | 52 | 49 | 0.552 | 0.448 |
| 3:36-2nd |  | 52 | 49 | 0.528 | 0.472 |
| 3:32-2nd |  | 52 | 49 | 0.52 | 0.48 |
| 3:19-2nd |  | 52 | 52 | 0.457 | 0.543 |
| 3:08-2nd |  | 52 | 52 | 0.457 | 0.543 |
| 3:00-2nd |  | 52 | 52 | 0.43 | 0.57 |
| 2:56-2nd |  | 52 | 52 | 0.458 | 0.542 |
| 2:50-2nd |  | 52 | 52 | 0.506 | 0.494 |
| 2:40-2nd |  | 52 | 52 | 0.431 | 0.569 |
| 2:37-2nd |  | 52 | 52 | 0.422 | 0.578 |
| 2:21-2nd |  | 52 | 54 | 0.39 | 0.61 |
| 2:08-2nd |  | 54 | 54 | 0.424 | 0.576 |
| 1:51-2nd |  | 54 | 54 | 0.45 | 0.55 |
| 1:48-2nd |  | 54 | 54 | 0.459 | 0.541 |
| 1:30-2nd |  | 54 | 54 | 0.434 | 0.566 |
| 1:27-2nd |  | 54 | 54 | 0.425 | 0.575 |
| 1:22-2nd |  | 54 | 57 | 0.359 | 0.641 |
| 1:06-2nd |  | 56 | 57 | 0.392 | 0.608 |
| 54.0-2nd |  | 56 | 57 | 0.418 | 0.582 |
| 50.1-2nd |  | 56 | 57 | 0.426 | 0.574 |
| 33.0-2nd |  | 56 | 57 | 0.401 | 0.599 |
| 28.1-2nd |  | 56 | 57 | 0.393 | 0.607 |
| 9.1-2nd |  | 56 | 60 | 0.33 | 0.67 |
| 0.0-2nd |  | 56 | 60 | 0.315 | 0.685 |
| 12:00-3rd |  | 56 | 60 | 0.315 | 0.685 |
| 11:49-3rd |  | 56 | 60 | 0.322 | 0.678 |
| 11:44-3rd |  | 56 | 60 | 0.331 | 0.669 |
| 11:36-3rd |  | 59 | 60 | 0.393 | 0.607 |
| 11:19-3rd |  | 59 | 60 | 0.419 | 0.581 |
| 11:14-3rd |  | 59 | 60 | 0.428 | 0.572 |
| 10:56-3rd |  | 59 | 60 | 0.403 | 0.597 |
| 10:53-3rd |  | 59 | 60 | 0.394 | 0.606 |
| 10:44-3rd |  | 59 | 62 | 0.36 | 0.64 |
| 10:18-3rd |  | 61 | 62 | 0.395 | 0.605 |
| 9:59-3rd |  | 61 | 62 | 0.422 | 0.578 |
| 9:55-3rd |  | 61 | 62 | 0.431 | 0.569 |
| 9:44-3rd |  | 61 | 62 | 0.396 | 0.604 |
| 9:39-3rd |  | 61 | 62 | 0.397 | 0.603 |
| 9:33-3rd |  | 61 | 62 | 0.398 | 0.602 |
| 9:19-3rd |  | 61 | 64 | 0.362 | 0.638 |
| 9:00-3rd |  | 63 | 64 | 0.398 | 0.602 |
| 8:52-3rd |  | 63 | 66 | 0.362 | 0.638 |
| 8:33-3rd |  | 65 | 66 | 0.399 | 0.601 |
| 8:23-3rd |  | 65 | 68 | 0.364 | 0.636 |
| 8:11-3rd |  | 65 | 68 | 0.336 | 0.664 |
| 8:07-3rd |  | 65 | 68 | 0.327 | 0.673 |
| 8:02-3rd |  | 65 | 68 | 0.364 | 0.636 |
| 7:56-3rd |  | 67 | 68 | 0.399 | 0.601 |
| 7:42-3rd |  | 67 | 71 | 0.327 | 0.673 |
| 7:27-3rd |  | 69 | 71 | 0.362 | 0.638 |
| 7:10-3rd |  | 69 | 71 | 0.39 | 0.61 |
| 7:06-3rd |  | 69 | 71 | 0.361 | 0.639 |
| 7:05-3rd |  | 69 | 71 | 0.39 | 0.61 |
| 7:00-3rd |  | 69 | 71 | 0.4 | 0.6 |
| 6:58-3rd |  | 71 | 71 | 0.437 | 0.563 |
| 6:57-3rd |  | 71 | 71 | 0.437 | 0.563 |
| 6:45-3rd |  | 71 | 74 | 0.362 | 0.638 |
| 6:24-3rd |  | 71 | 74 | 0.324 | 0.676 |
| 6:20-3rd |  | 71 | 74 | 0.352 | 0.648 |
| 6:18-3rd |  | 71 | 74 | 0.362 | 0.638 |
| 6:16-3rd |  | 71 | 74 | 0.333 | 0.667 |
| 6:15-3rd |  | 71 | 74 | 0.273 | 0.727 |
| 5:57-3rd |  | 71 | 74 | 0.352 | 0.648 |
| 5:54-3rd |  | 71 | 74 | 0.323 | 0.677 |
| 5:53-3rd |  | 71 | 74 | 0.362 | 0.638 |
| 5:45-3rd |  | 71 | 74 | 0.333 | 0.667 |
| 5:43-3rd |  | 71 | 74 | 0.323 | 0.677 |
| 5:42-3rd |  | 71 | 76 | 0.289 | 0.711 |
| 5:32-3rd |  | 71 | 76 | 0.289 | 0.711 |
| 5:22-3rd |  | 73 | 76 | 0.323 | 0.677 |
| 5:13-3rd |  | 73 | 78 | 0.288 | 0.712 |
| 4:52-3rd |  | 73 | 78 | 0.26 | 0.74 |
| 4:50-3rd |  | 73 | 78 | 0.251 | 0.749 |
| 4:44-3rd |  | 73 | 78 | 0.287 | 0.713 |
| 4:30-3rd |  | 73 | 78 | 0.259 | 0.741 |
| 4:27-3rd |  | 73 | 78 | 0.25 | 0.75 |
| 4:21-3rd |  | 73 | 81 | 0.186 | 0.814 |
| 4:20-3rd |  | 73 | 81 | 0.186 | 0.814 |
| 4:01-3rd |  | 73 | 81 | 0.158 | 0.842 |
| 3:57-3rd |  | 73 | 81 | 0.184 | 0.816 |
| 3:47-3rd |  | 75 | 81 | 0.212 | 0.788 |
| 3:30-3rd |  | 75 | 83 | 0.182 | 0.818 |
| 3:21-3rd |  | 77 | 83 | 0.209 | 0.791 |
| 2:58-3rd |  | 77 | 83 | 0.235 | 0.765 |
| 2:55-3rd |  | 77 | 83 | 0.244 | 0.756 |
| 2:49-3rd |  | 77 | 83 | 0.244 | 0.756 |
| 2:43-3rd |  | 79 | 83 | 0.278 | 0.722 |
| 2:41-3rd |  | 81 | 83 | 0.356 | 0.644 |
| 2:32-3rd |  | 81 | 83 | 0.401 | 0.599 |
| 2:29-3rd |  | 81 | 83 | 0.367 | 0.633 |
| 2:26-3rd |  | 81 | 83 | 0.356 | 0.644 |
| 2:20-3rd |  | 81 | 83 | 0.401 | 0.599 |
| 1:58-3rd |  | 81 | 83 | 0.367 | 0.633 |
| 1:56-3rd |  | 81 | 83 | 0.355 | 0.645 |
| 1:50-3rd |  | 81 | 83 | 0.389 | 0.611 |
| 1:46-3rd |  | 81 | 83 | 0.389 | 0.611 |
| 1:45-3rd |  | 81 | 83 | 0.355 | 0.645 |
| 1:31-3rd |  | 81 | 83 | 0.389 | 0.611 |
| 1:27-3rd |  | 81 | 83 | 0.4 | 0.6 |
| 1:21-3rd |  | 81 | 83 | 0.366 | 0.634 |
| 1:19-3rd |  | 81 | 83 | 0.354 | 0.646 |
| 1:03-3rd |  | 81 | 85 | 0.312 | 0.688 |
| 50.0-3rd |  | 84 | 85 | 0.397 | 0.603 |
| 34.1-3rd |  | 84 | 85 | 0.435 | 0.565 |
| 30.1-3rd |  | 84 | 85 | 0.448 | 0.552 |
| 28.1-3rd |  | 86 | 85 | 0.496 | 0.504 |
| 6.0-3rd |  | 86 | 87 | 0.45 | 0.55 |
| 2.1-3rd |  | 88 | 87 | 0.496 | 0.504 |
| 0.0-3rd |  | 88 | 87 | 0.525 | 0.475 |
| 12:00-4th |  | 88 | 87 | 0.525 | 0.475 |
| 11:48-4th | TARGET | 91 | 87 | 0.645 | 0.355 |
| 11:36-4th |  | 91 | 89 | 0.593 | 0.407 |
| 11:14-4th |  | 91 | 89 | 0.543 | 0.457 |
| 11:01-4th |  | 91 | 91 | 0.495 | 0.505 |
| 10:46-4th |  | 91 | 91 | 0.456 | 0.544 |
| 10:43-4th |  | 91 | 91 | 0.442 | 0.558 |
| 10:34-4th |  | 91 | 91 | 0.497 | 0.503 |
| 10:25-4th |  | 91 | 91 | 0.456 | 0.544 |
| 10:23-4th |  | 91 | 91 | 0.443 | 0.557 |
| 10:19-4th |  | 91 | 91 | 0.516 | 0.484 |
| 10:04-4th |  | 91 | 91 | 0.463 | 0.537 |
| 9:59-4th |  | 91 | 91 | 0.448 | 0.552 |
| 9:54-4th |  | 91 | 93 | 0.401 | 0.599 |
| 9:45-4th |  | 91 | 93 | 0.343 | 0.657 |
| 9:33-4th |  | 91 | 95 | 0.296 | 0.704 |
| 9:16-4th |  | 91 | 95 | 0.258 | 0.742 |
| 9:13-4th |  | 91 | 95 | 0.245 | 0.755 |
| 9:07-4th |  | 91 | 95 | 0.281 | 0.719 |
| 9:02-4th |  | 91 | 95 | 0.293 | 0.707 |
| 8:53-4th |  | 91 | 95 | 0.243 | 0.757 |
| 8:41-4th |  | 91 | 97 | 0.202 | 0.798 |
| 8:27-4th |  | 91 | 97 | 0.212 | 0.788 |
| 8:22-4th |  | 94 | 97 | 0.304 | 0.696 |
| 8:12-4th |  | 94 | 97 | 0.359 | 0.641 |
| 8:01-4th |  | 94 | 97 | 0.316 | 0.684 |
| 7:57-4th |  | 94 | 97 | 0.301 | 0.699 |
| 7:46-4th |  | 94 | 99 | 0.251 | 0.749 |
| 7:27-4th |  | 96 | 99 | 0.295 | 0.705 |
| 7:14-4th |  | 96 | 99 | 0.336 | 0.664 |
| 7:11-4th |  | 96 | 99 | 0.35 | 0.65 |
| 6:52-4th |  | 96 | 99 | 0.303 | 0.697 |
| 6:50-4th |  | 96 | 99 | 0.288 | 0.712 |
| 6:43-4th |  | 96 | 101 | 0.237 | 0.763 |
| 6:17-4th |  | 96 | 101 | 0.195 | 0.805 |
| 6:11-4th |  | 96 | 101 | 0.182 | 0.818 |
| 6:08-4th |  | 96 | 103 | 0.142 | 0.858 |
| 5:49-4th |  | 99 | 103 | 0.223 | 0.777 |
| 5:19-4th |  | 99 | 105 | 0.169 | 0.831 |
| 5:07-4th |  | 99 | 105 | 0.256 | 0.744 |
| 5:01-4th |  | 101 | 105 | 0.225 | 0.775 |
| 4:42-4th |  | 101 | 105 | 0.264 | 0.736 |
| 4:39-4th |  | 101 | 105 | 0.278 | 0.722 |
| 4:26-4th |  | 102 | 105 | 0.271 | 0.729 |
| 4:23-4th |  | 102 | 105 | 0.27 | 0.73 |
| 4:12-4th |  | 102 | 107 | 0.209 | 0.791 |
| 4:00-4th |  | 103 | 107 | 0.208 | 0.792 |
| 3:49-4th |  | 103 | 107 | 0.249 | 0.751 |
| 3:46-4th |  | 103 | 107 | 0.263 | 0.737 |
| 3:30-4th |  | 103 | 107 | 0.212 | 0.788 |
| 3:28-4th |  | 103 | 107 | 0.196 | 0.804 |
| 3:21-4th |  | 103 | 110 | 0.103 | 0.897 |
| 3:04-4th |  | 103 | 110 | 0.064 | 0.936 |
| 2:55-4th |  | 103 | 111 | 0.062 | 0.938 |
| 2:39-4th |  | 103 | 111 | 0.041 | 0.959 |
| 2:36-4th |  | 103 | 111 | 0.035 | 0.965 |
| 2:24-4th |  | 103 | 113 | 0.02 | 0.98 |
| 2:10-4th |  | 105 | 113 | 0.028 | 0.972 |
| 1:56-4th |  | 105 | 116 | 0.009 | 0.991 |
| 1:37-4th |  | 107 | 116 | 0.012 | 0.988 |
| 1:36-4th |  | 107 | 116 | 0.012 | 0.988 |
| 1:28-4th |  | 107 | 118 | 0.005 | 0.995 |
| 1:18-4th |  | 107 | 118 | 0.005 | 0.995 |
| 1:10-4th |  | 107 | 118 | 0.002 | 0.998 |
| 1:07-4th |  | 107 | 118 | 0.001 | 0.999 |
| 51.1-4th |  | 107 | 120 | 0.001 | 0.999 |
| 46.0-4th |  | 110 | 120 | 0.002 | 0.998 |
| 34.0-4th |  | 110 | 122 | 0.001 | 0.999 |
| 28.1-4th |  | 112 | 122 | 0.001 | 0.999 |
| 4.1-4th |  | 112 | 122 | 0.001 | 0.999 |
| 0.0-4th |  | 112 | 122 | 0.0 | 1.0 |

Question

Which event most likely happened at the marked missing position?

Answer Choices

A. Player 10 (Team A) makes 27-foot three pointer
B. Player 17 (Team B) enters the game for Player 20 (Team A)
C. Player 3 (Team A) vs. Player 19 (Team A) (Player 12 (Team A) gains possession)
D. Player 6 (Team B) makes 28-foot three pointer (Player 3 (Team A) assists)

Response Format

Return exactly one JSON object:

{
  "answer": "<A|B|C|D>",
  "rationale": "<brief evidence-based justification in 1-3 sentences>",
  "evidence_event_ids": [],
  "evidence_series_times": []
}

Use only event IDs and time labels that are provided above and that support the answer. Use an empty array when the corresponding evidence type is unavailable or unused. Return only the JSON object.
