Task

Reconstruct the missing event in this basketball game. Use the available numerical time-series evidence around the marked row to select the most likely event.

Game

Team A versus Team B, season 22-23.

Time Series

| Game time | Marker | Team A score | Team B score | Team A win probability | Team B win probability |
| --- | --- | --- | --- | --- | --- |
| 12:00-1st |  | 0 | 0 | 0.211 | 0.789 |
| 11:46-1st |  | 0 | 0 | 0.199 | 0.801 |
| 11:38-1st |  | 0 | 3 | 0.167 | 0.833 |
| 11:19-1st |  | 0 | 3 | 0.159 | 0.841 |
| 11:16-1st |  | 0 | 3 | 0.155 | 0.845 |
| 11:07-1st |  | 0 | 3 | 0.158 | 0.842 |
| 11:02-1st |  | 0 | 3 | 0.169 | 0.831 |
| 10:50-1st |  | 0 | 3 | 0.161 | 0.839 |
| 10:48-1st |  | 0 | 3 | 0.17 | 0.83 |
| 10:47-1st |  | 0 | 3 | 0.161 | 0.839 |
| 10:45-1st |  | 0 | 3 | 0.158 | 0.842 |
| 10:29-1st |  | 0 | 3 | 0.168 | 0.832 |
| 10:27-1st |  | 0 | 3 | 0.171 | 0.829 |
| 10:13-1st |  | 3 | 3 | 0.205 | 0.795 |
| 9:57-1st |  | 3 | 3 | 0.219 | 0.781 |
| 9:55-1st |  | 3 | 3 | 0.223 | 0.777 |
| 9:43-1st |  | 3 | 3 | 0.208 | 0.792 |
| 9:23-1st |  | 3 | 5 | 0.192 | 0.808 |
| 9:10-1st |  | 5 | 5 | 0.21 | 0.79 |
| 9:01-1st |  | 5 | 7 | 0.194 | 0.806 |
| 8:52-1st |  | 5 | 7 | 0.182 | 0.818 |
| 8:50-1st |  | 5 | 7 | 0.179 | 0.821 |
| 8:41-1st |  | 5 | 7 | 0.195 | 0.805 |
| 8:33-1st |  | 5 | 7 | 0.184 | 0.816 |
| 8:30-1st |  | 5 | 7 | 0.18 | 0.82 |
| 8:23-1st |  | 5 | 7 | 0.196 | 0.804 |
| 8:19-1st |  | 6 | 7 | 0.197 | 0.803 |
| 8:08-1st |  | 6 | 7 | 0.21 | 0.79 |
| 8:05-1st |  | 6 | 7 | 0.214 | 0.786 |
| 7:50-1st |  | 6 | 7 | 0.199 | 0.801 |
| 7:32-1st |  | 6 | 9 | 0.184 | 0.816 |
| 7:17-1st |  | 6 | 9 | 0.173 | 0.827 |
| 7:15-1st |  | 6 | 9 | 0.169 | 0.831 |
| 7:09-1st |  | 6 | 11 | 0.155 | 0.845 |
| 6:46-1st |  | 6 | 11 | 0.146 | 0.854 |
| 6:43-1st |  | 6 | 11 | 0.142 | 0.858 |
| 6:40-1st |  | 6 | 11 | 0.153 | 0.847 |
| 6:36-1st |  | 6 | 11 | 0.156 | 0.844 |
| 6:25-1st |  | 6 | 11 | 0.156 | 0.844 |
| 6:15-1st |  | 6 | 11 | 0.146 | 0.854 |
| 6:11-1st |  | 6 | 11 | 0.157 | 0.843 |
| 6:10-1st |  | 6 | 11 | 0.147 | 0.853 |
| 6:08-1st |  | 6 | 11 | 0.143 | 0.857 |
| 5:58-1st |  | 6 | 13 | 0.131 | 0.869 |
| 5:47-1st |  | 9 | 13 | 0.158 | 0.842 |
| 5:19-1st |  | 9 | 15 | 0.146 | 0.854 |
| 5:05-1st |  | 11 | 15 | 0.16 | 0.84 |
| 4:41-1st |  | 11 | 15 | 0.174 | 0.826 |
| 4:38-1st |  | 11 | 15 | 0.178 | 0.822 |
| 4:31-1st |  | 11 | 15 | 0.166 | 0.834 |
| 4:28-1st |  | 11 | 15 | 0.162 | 0.838 |
| 4:19-1st |  | 11 | 15 | 0.142 | 0.858 |
| 4:16-1st |  | 11 | 17 | 0.149 | 0.851 |
| 3:58-1st |  | 11 | 17 | 0.14 | 0.86 |
| 3:55-1st |  | 11 | 17 | 0.136 | 0.864 |
| 3:50-1st |  | 11 | 19 | 0.124 | 0.876 |
| 3:30-1st |  | 13 | 19 | 0.137 | 0.863 |
| 3:13-1st |  | 13 | 22 | 0.112 | 0.888 |
| 3:03-1st |  | 15 | 22 | 0.124 | 0.876 |
| 2:42-1st |  | 15 | 22 | 0.135 | 0.865 |
| 2:37-1st |  | 15 | 22 | 0.139 | 0.861 |
| 2:31-1st |  | 17 | 22 | 0.154 | 0.846 |
| 2:16-1st |  | 17 | 22 | 0.154 | 0.846 |
| 2:11-1st |  | 17 | 22 | 0.167 | 0.833 |
| 2:07-1st |  | 17 | 22 | 0.171 | 0.829 |
| 2:00-1st |  | 20 | 22 | 0.205 | 0.795 |
| 1:43-1st |  | 20 | 25 | 0.172 | 0.828 |
| 1:30-1st |  | 20 | 25 | 0.161 | 0.839 |
| 1:28-1st |  | 20 | 25 | 0.157 | 0.843 |
| 1:19-1st |  | 20 | 25 | 0.17 | 0.83 |
| 1:16-1st |  | 20 | 25 | 0.174 | 0.826 |
| 1:11-1st |  | 20 | 25 | 0.162 | 0.838 |
| 1:06-1st |  | 22 | 25 | 0.191 | 0.809 |
| 53.4-1st |  | 22 | 25 | 0.192 | 0.808 |
| 49.3-1st |  | 22 | 25 | 0.204 | 0.796 |
| 46.9-1st |  | 22 | 25 | 0.208 | 0.792 |
| 41.9-1st |  | 22 | 25 | 0.239 | 0.761 |
| 38.9-1st |  | 24 | 25 | 0.226 | 0.774 |
| 31.5-1st |  | 24 | 26 | 0.229 | 0.771 |
| 13.5-1st |  | 26 | 26 | 0.252 | 0.748 |
| 0.0-1st |  | 26 | 26 | 0.265 | 0.735 |
| 12:00-2nd |  | 26 | 26 | 0.265 | 0.735 |
| 11:43-2nd |  | 26 | 28 | 0.233 | 0.767 |
| 11:25-2nd |  | 26 | 28 | 0.219 | 0.781 |
| 11:21-2nd |  | 26 | 28 | 0.214 | 0.786 |
| 11:07-2nd |  | 26 | 31 | 0.178 | 0.822 |
| 11:01-2nd |  | 26 | 31 | 0.166 | 0.834 |
| 10:58-2nd |  | 26 | 31 | 0.161 | 0.839 |
| 10:52-2nd |  | 26 | 31 | 0.179 | 0.821 |
| 10:48-2nd |  | 26 | 31 | 0.179 | 0.821 |
| 10:31-2nd |  | 26 | 31 | 0.167 | 0.833 |
| 10:30-2nd |  | 26 | 31 | 0.181 | 0.819 |
| 10:24-2nd |  | 26 | 31 | 0.168 | 0.832 |
| 10:22-2nd |  | 26 | 31 | 0.163 | 0.837 |
| 10:06-2nd |  | 26 | 31 | 0.177 | 0.823 |
| 10:03-2nd |  | 26 | 31 | 0.181 | 0.819 |
| 9:59-2nd |  | 26 | 31 | 0.169 | 0.831 |
| 9:55-2nd |  | 26 | 31 | 0.164 | 0.836 |
| 9:41-2nd |  | 26 | 33 | 0.15 | 0.85 |
| 9:23-2nd |  | 26 | 33 | 0.138 | 0.862 |
| 9:22-2nd |  | 26 | 33 | 0.134 | 0.866 |
| 9:17-2nd |  | 26 | 36 | 0.108 | 0.892 |
| 9:15-2nd |  | 26 | 36 | 0.108 | 0.892 |
| 9:01-2nd |  | 26 | 36 | 0.099 | 0.901 |
| 8:59-2nd |  | 26 | 36 | 0.108 | 0.892 |
| 8:57-2nd |  | 26 | 36 | 0.099 | 0.901 |
| 8:54-2nd |  | 26 | 36 | 0.108 | 0.892 |
| 8:52-2nd |  | 29 | 36 | 0.134 | 0.866 |
| 8:30-2nd |  | 29 | 36 | 0.148 | 0.852 |
| 8:25-2nd |  | 29 | 36 | 0.153 | 0.847 |
| 8:21-2nd |  | 32 | 36 | 0.187 | 0.813 |
| 7:57-2nd |  | 32 | 39 | 0.154 | 0.846 |
| 7:44-2nd |  | 34 | 39 | 0.17 | 0.83 |
| 7:31-2nd |  | 34 | 41 | 0.154 | 0.846 |
| 7:17-2nd |  | 37 | 41 | 0.189 | 0.811 |
| 7:02-2nd |  | 37 | 43 | 0.173 | 0.827 |
| 6:52-2nd |  | 39 | 43 | 0.19 | 0.81 |
| 6:33-2nd |  | 39 | 43 | 0.213 | 0.787 |
| 6:29-2nd |  | 42 | 43 | 0.259 | 0.741 |
| 6:27-2nd |  | 42 | 43 | 0.259 | 0.741 |
| 6:12-2nd |  | 42 | 46 | 0.214 | 0.786 |
| 5:58-2nd |  | 44 | 46 | 0.237 | 0.763 |
| 5:40-2nd |  | 44 | 46 | 0.256 | 0.744 |
| 5:38-2nd |  | 44 | 46 | 0.262 | 0.738 |
| 5:28-2nd |  | 44 | 46 | 0.245 | 0.755 |
| 5:26-2nd |  | 44 | 46 | 0.239 | 0.761 |
| 5:17-2nd |  | 44 | 46 | 0.258 | 0.742 |
| 5:13-2nd |  | 44 | 46 | 0.264 | 0.736 |
| 4:54-2nd |  | 44 | 46 | 0.266 | 0.734 |
| 4:42-2nd |  | 44 | 46 | 0.248 | 0.752 |
| 4:38-2nd |  | 44 | 46 | 0.242 | 0.758 |
| 4:30-2nd |  | 44 | 46 | 0.268 | 0.732 |
| 4:26-2nd |  | 44 | 46 | 0.249 | 0.751 |
| 4:24-2nd |  | 44 | 46 | 0.243 | 0.757 |
| 4:20-2nd |  | 44 | 48 | 0.22 | 0.78 |
| 4:03-2nd |  | 46 | 48 | 0.245 | 0.755 |
| 3:37-2nd |  | 46 | 51 | 0.2 | 0.8 |
| 3:21-2nd |  | 49 | 51 | 0.248 | 0.752 |
| 3:04-2nd |  | 49 | 51 | 0.25 | 0.75 |
| 2:58-2nd |  | 49 | 51 | 0.269 | 0.731 |
| 2:55-2nd |  | 49 | 51 | 0.276 | 0.724 |
| 2:44-2nd |  | 52 | 51 | 0.334 | 0.666 |
| 2:31-2nd |  | 52 | 51 | 0.359 | 0.641 |
| 2:28-2nd |  | 52 | 51 | 0.336 | 0.664 |
| 2:26-2nd |  | 52 | 51 | 0.368 | 0.632 |
| 2:20-2nd |  | 55 | 51 | 0.432 | 0.568 |
| 1:58-2nd |  | 55 | 51 | 0.471 | 0.529 |
| 1:54-2nd |  | 58 | 51 | 0.541 | 0.459 |
| 1:42-2nd |  | 58 | 54 | 0.474 | 0.526 |
| 1:17-2nd |  | 58 | 54 | 0.441 | 0.559 |
| 1:06-2nd |  | 58 | 56 | 0.407 | 0.593 |
| 54.1-2nd |  | 58 | 56 | 0.379 | 0.621 |
| 51.2-2nd |  | 58 | 56 | 0.408 | 0.592 |
| 48.6-2nd |  | 61 | 56 | 0.481 | 0.519 |
| 41.8-2nd |  | 61 | 59 | 0.409 | 0.591 |
| 32.9-2nd |  | 61 | 59 | 0.381 | 0.619 |
| 27.1-2nd |  | 61 | 62 | 0.317 | 0.683 |
| 10.0-2nd |  | 63 | 62 | 0.352 | 0.648 |
| 0.5-2nd |  | 63 | 62 | 0.385 | 0.615 |
| 0.0-2nd |  | 63 | 62 | 0.368 | 0.632 |
| 12:00-3rd |  | 63 | 62 | 0.368 | 0.632 |
| 11:46-3rd |  | 63 | 65 | 0.29 | 0.71 |
| 11:21-3rd |  | 66 | 65 | 0.359 | 0.641 |
| 11:10-3rd |  | 66 | 67 | 0.324 | 0.676 |
| 11:06-3rd |  | 66 | 67 | 0.324 | 0.676 |
| 10:59-3rd |  | 66 | 67 | 0.302 | 0.698 |
| 10:55-3rd |  | 66 | 67 | 0.325 | 0.675 |
| 10:47-3rd |  | 66 | 67 | 0.303 | 0.697 |
| 10:45-3rd |  | 66 | 67 | 0.326 | 0.674 |
| 10:44-3rd |  | 68 | 67 | 0.362 | 0.638 |
| 10:29-3rd |  | 68 | 67 | 0.388 | 0.612 |
| 10:27-3rd |  | 68 | 67 | 0.396 | 0.604 |
| 10:18-3rd |  | 71 | 67 | 0.472 | 0.528 |
| 10:07-3rd |  | 71 | 70 | 0.399 | 0.601 |
| 9:53-3rd |  | 73 | 70 | 0.439 | 0.561 |
| 9:34-3rd |  | 73 | 72 | 0.403 | 0.597 |
| 9:21-3rd |  | 73 | 72 | 0.379 | 0.621 |
| 9:16-3rd |  | 73 | 72 | 0.405 | 0.595 |
| 9:07-3rd |  | 73 | 72 | 0.381 | 0.619 |
| 9:05-3rd |  | 73 | 72 | 0.407 | 0.593 |
| 9:02-3rd |  | 73 | 72 | 0.373 | 0.627 |
| 8:49-3rd |  | 73 | 75 | 0.307 | 0.693 |
| 8:30-3rd |  | 76 | 75 | 0.377 | 0.623 |
| 8:10-3rd |  | 76 | 77 | 0.343 | 0.657 |
| 7:40-3rd |  | 76 | 77 | 0.346 | 0.654 |
| 7:37-3rd |  | 76 | 77 | 0.312 | 0.688 |
| 7:29-3rd |  | 76 | 77 | 0.339 | 0.661 |
| 7:26-3rd |  | 76 | 77 | 0.339 | 0.661 |
| 7:24-3rd |  | 76 | 77 | 0.348 | 0.652 |
| 7:19-3rd |  | 79 | 77 | 0.423 | 0.577 |
| 7:05-3rd |  | 79 | 80 | 0.35 | 0.65 |
| 6:40-3rd |  | 82 | 80 | 0.428 | 0.572 |
| 6:25-3rd |  | 82 | 82 | 0.395 | 0.605 |
| 6:08-3rd |  | 82 | 82 | 0.395 | 0.605 |
| 6:05-3rd |  | 82 | 82 | 0.354 | 0.646 |
| 5:59-3rd |  | 82 | 82 | 0.386 | 0.614 |
| 5:54-3rd |  | 82 | 82 | 0.397 | 0.603 |
| 5:49-3rd |  | 85 | 82 | 0.477 | 0.523 |
| 5:37-3rd |  | 85 | 82 | 0.512 | 0.488 |
| 5:36-3rd |  | 85 | 82 | 0.524 | 0.476 |
| 5:28-3rd |  | 85 | 82 | 0.492 | 0.508 |
| 5:23-3rd |  | 87 | 82 | 0.566 | 0.434 |
| 5:14-3rd |  | 87 | 82 | 0.601 | 0.399 |
| 5:11-3rd |  | 87 | 82 | 0.613 | 0.387 |
| 4:58-3rd |  | 89 | 82 | 0.656 | 0.344 |
| 4:44-3rd |  | 89 | 82 | 0.69 | 0.31 |
| 4:41-3rd |  | 89 | 82 | 0.701 | 0.299 |
| 4:31-3rd |  | 89 | 82 | 0.673 | 0.327 |
| 4:29-3rd |  | 89 | 82 | 0.704 | 0.296 |
| 4:14-3rd |  | 89 | 82 | 0.708 | 0.292 |
| 4:06-3rd |  | 89 | 82 | 0.71 | 0.29 |
| 3:52-3rd |  | 89 | 82 | 0.682 | 0.318 |
| 3:49-3rd |  | 89 | 82 | 0.673 | 0.327 |
| 3:41-3rd |  | 89 | 84 | 0.632 | 0.368 |
| 3:22-3rd |  | 92 | 84 | 0.72 | 0.28 |
| 3:06-3rd |  | 92 | 86 | 0.685 | 0.315 |
| 2:51-3rd |  | 92 | 86 | 0.654 | 0.346 |
| 2:49-3rd |  | 92 | 86 | 0.643 | 0.357 |
| 2:38-3rd |  | 92 | 86 | 0.646 | 0.354 |
| 2:33-3rd |  | 92 | 86 | 0.682 | 0.318 |
| 2:29-3rd |  | 92 | 86 | 0.695 | 0.305 |
| 2:09-3rd |  | 92 | 86 | 0.653 | 0.347 |
| 2:07-3rd |  | 92 | 87 | 0.656 | 0.344 |
| 1:56-3rd | TARGET | 92 | 90 | 0.518 | 0.482 |
| 1:38-3rd |  | 92 | 90 | 0.475 | 0.525 |
| 1:36-3rd |  | 92 | 90 | 0.475 | 0.525 |
| 1:26-3rd |  | 92 | 90 | 0.522 | 0.478 |
| 1:08-3rd |  | 92 | 90 | 0.491 | 0.509 |
| 1:07-3rd |  | 92 | 90 | 0.48 | 0.52 |
| 54.8-3rd |  | 92 | 90 | 0.411 | 0.589 |
| 43.4-3rd |  | 92 | 90 | 0.52 | 0.48 |
| 39.9-3rd |  | 92 | 90 | 0.533 | 0.467 |
| 31.9-3rd |  | 92 | 90 | 0.497 | 0.503 |
| 29.2-3rd |  | 92 | 90 | 0.485 | 0.515 |
| 9.8-3rd |  | 92 | 90 | 0.528 | 0.472 |
| 8.2-3rd |  | 92 | 90 | 0.489 | 0.511 |
| 6.2-3rd |  | 92 | 90 | 0.529 | 0.471 |
| 1.8-3rd |  | 92 | 90 | 0.543 | 0.457 |
| 0.0-3rd |  | 92 | 90 | 0.518 | 0.482 |
| 12:00-4th |  | 92 | 90 | 0.518 | 0.482 |
| 11:50-4th |  | 94 | 90 | 0.59 | 0.41 |
| 11:27-4th |  | 94 | 90 | 0.639 | 0.361 |
| 11:24-4th |  | 94 | 90 | 0.654 | 0.346 |
| 11:12-4th |  | 97 | 90 | 0.747 | 0.253 |
| 10:47-4th |  | 97 | 92 | 0.712 | 0.288 |
| 10:30-4th |  | 97 | 92 | 0.662 | 0.338 |
| 10:18-4th |  | 97 | 92 | 0.72 | 0.28 |
| 10:06-4th |  | 98 | 92 | 0.724 | 0.276 |
| 10:02-4th |  | 98 | 92 | 0.726 | 0.274 |
| 9:55-4th |  | 98 | 95 | 0.623 | 0.377 |
| 9:38-4th |  | 100 | 95 | 0.676 | 0.324 |
| 9:26-4th |  | 100 | 95 | 0.718 | 0.282 |
| 9:24-4th |  | 100 | 95 | 0.731 | 0.269 |
| 9:07-4th |  | 103 | 95 | 0.82 | 0.18 |
| 9:06-4th |  | 103 | 95 | 0.82 | 0.18 |
| 8:50-4th |  | 103 | 95 | 0.855 | 0.145 |
| 8:47-4th |  | 103 | 95 | 0.866 | 0.134 |
| 8:32-4th |  | 105 | 95 | 0.897 | 0.103 |
| 8:21-4th |  | 105 | 95 | 0.919 | 0.081 |
| 8:19-4th |  | 105 | 95 | 0.926 | 0.074 |
| 7:59-4th |  | 105 | 95 | 0.911 | 0.089 |
| 7:58-4th |  | 105 | 95 | 0.936 | 0.064 |
| 7:50-4th |  | 105 | 95 | 0.916 | 0.084 |
| 7:47-4th |  | 105 | 95 | 0.91 | 0.09 |
| 7:42-4th |  | 105 | 97 | 0.885 | 0.115 |
| 7:22-4th |  | 108 | 97 | 0.939 | 0.061 |
| 7:08-4th |  | 108 | 99 | 0.922 | 0.078 |
| 6:54-4th |  | 108 | 99 | 0.922 | 0.078 |
| 6:44-4th |  | 108 | 99 | 0.907 | 0.093 |
| 6:40-4th |  | 108 | 99 | 0.902 | 0.098 |
| 6:37-4th |  | 108 | 101 | 0.871 | 0.129 |
| 6:14-4th |  | 111 | 101 | 0.931 | 0.069 |
| 6:01-4th |  | 111 | 101 | 0.949 | 0.051 |
| 5:58-4th |  | 111 | 101 | 0.955 | 0.045 |
| 5:41-4th |  | 112 | 101 | 0.959 | 0.041 |
| 5:39-4th |  | 114 | 101 | 0.981 | 0.019 |
| 5:21-4th |  | 114 | 101 | 0.979 | 0.021 |
| 5:15-4th |  | 114 | 101 | 0.964 | 0.036 |
| 5:09-4th |  | 114 | 101 | 0.986 | 0.014 |
| 5:07-4th |  | 114 | 102 | 0.981 | 0.019 |
| 4:52-4th |  | 116 | 102 | 0.989 | 0.011 |
| 4:46-4th |  | 116 | 103 | 0.991 | 0.009 |
| 4:24-4th |  | 116 | 103 | 0.988 | 0.012 |
| 4:20-4th |  | 116 | 103 | 0.993 | 0.007 |
| 4:13-4th |  | 116 | 103 | 0.99 | 0.01 |
| 4:10-4th |  | 116 | 103 | 0.994 | 0.006 |
| 4:08-4th |  | 116 | 103 | 0.99 | 0.01 |
| 4:04-4th |  | 118 | 103 | 0.997 | 0.003 |
| 3:52-4th |  | 118 | 105 | 0.995 | 0.005 |
| 3:32-4th |  | 118 | 105 | 0.993 | 0.007 |
| 3:31-4th |  | 118 | 105 | 0.993 | 0.007 |
| 3:28-4th |  | 118 | 105 | 0.996 | 0.004 |
| 3:25-4th |  | 118 | 105 | 0.994 | 0.006 |
| 3:21-4th |  | 118 | 105 | 0.993 | 0.007 |
| 3:17-4th |  | 118 | 107 | 0.99 | 0.01 |
| 2:53-4th |  | 118 | 107 | 0.986 | 0.014 |
| 2:51-4th |  | 118 | 107 | 0.985 | 0.015 |
| 2:47-4th |  | 118 | 109 | 0.977 | 0.023 |
| 2:33-4th |  | 121 | 109 | 0.994 | 0.006 |
| 2:23-4th |  | 121 | 111 | 0.99 | 0.01 |
| 2:03-4th |  | 121 | 111 | 0.987 | 0.013 |
| 2:02-4th |  | 121 | 111 | 0.985 | 0.015 |
| 1:53-4th |  | 121 | 111 | 0.992 | 0.008 |
| 1:51-4th |  | 121 | 111 | 0.994 | 0.006 |
| 1:38-4th |  | 123 | 111 | 0.998 | 0.002 |
| 1:31-4th |  | 123 | 113 | 0.996 | 0.004 |
| 1:11-4th |  | 123 | 113 | 0.994 | 0.006 |
| 1:08-4th |  | 123 | 113 | 0.998 | 0.002 |
| 1:07-4th |  | 125 | 113 | 0.999 | 0.001 |
| 56.9-4th |  | 125 | 116 | 0.996 | 0.004 |
| 42.2-4th |  | 125 | 116 | 0.992 | 0.008 |
| 32.6-4th |  | 125 | 116 | 0.998 | 0.002 |
| 29.7-4th |  | 125 | 116 | 0.999 | 0.001 |
| 13.5-4th |  | 125 | 116 | 0.999 | 0.001 |
| 10.5-4th |  | 125 | 116 | 0.999 | 0.001 |
| 6.3-4th |  | 125 | 116 | 0.999 | 0.001 |
| 2.4-4th |  | 125 | 116 | 0.999 | 0.001 |
| 0.0-4th |  | 125 | 116 | 1.0 | 0.0 |

Question

Which event most likely happened at the marked missing position?

Answer Choices

A. Player 1 (Team B) misses driving floating jump shot
B. Player 2 (Team B) makes 26-foot three pointer
C. Player 18 (Team B) makes dunk (Player 17 (Team B) assists)
D. Player 16 (Team B) enters the game for Player 9 (Team A)

Response Format

Return exactly one JSON object:

{
  "answer": "<A|B|C|D>",
  "rationale": "<brief evidence-based justification in 1-3 sentences>",
  "evidence_event_ids": [],
  "evidence_series_times": []
}

Use only event IDs and time labels that are provided above and that support the answer. Use an empty array when the corresponding evidence type is unavailable or unused. Return only the JSON object.
