Task

Reconstruct the missing event in this basketball game. Use the available numerical time-series evidence around the marked row to select the most likely event.

Game

Team A versus Team B, season 22-23.

Time Series

| Game time | Marker | Team A score | Team B score | Team A win probability | Team B win probability |
| --- | --- | --- | --- | --- | --- |
| 12:00-1st |  | 0 | 0 | 0.52 | 0.48 |
| 11:45-1st |  | 0 | 0 | 0.505 | 0.495 |
| 11:39-1st |  | 0 | 0 | 0.52 | 0.48 |
| 11:38-1st | TARGET | 3 | 0 | 0.572 | 0.428 |
| 11:31-1st |  | 3 | 0 | 0.599 | 0.401 |
| 11:25-1st |  | 5 | 0 | 0.62 | 0.38 |
| 11:15-1st |  | 5 | 0 | 0.623 | 0.377 |
| 11:07-1st |  | 5 | 0 | 0.639 | 0.361 |
| 11:05-1st |  | 5 | 0 | 0.645 | 0.355 |
| 10:55-1st |  | 7 | 0 | 0.67 | 0.33 |
| 10:35-1st |  | 7 | 0 | 0.688 | 0.312 |
| 10:33-1st |  | 7 | 0 | 0.694 | 0.306 |
| 10:22-1st |  | 10 | 0 | 0.737 | 0.263 |
| 10:02-1st |  | 10 | 0 | 0.752 | 0.248 |
| 10:00-1st |  | 10 | 0 | 0.756 | 0.244 |
| 9:51-1st |  | 13 | 0 | 0.797 | 0.203 |
| 9:25-1st |  | 13 | 0 | 0.812 | 0.188 |
| 9:23-1st |  | 13 | 0 | 0.817 | 0.183 |
| 9:08-1st |  | 15 | 0 | 0.832 | 0.168 |
| 9:01-1st |  | 15 | 0 | 0.845 | 0.155 |
| 8:58-1st |  | 15 | 0 | 0.849 | 0.151 |
| 8:52-1st |  | 15 | 0 | 0.837 | 0.163 |
| 8:49-1st |  | 15 | 0 | 0.849 | 0.151 |
| 8:47-1st |  | 17 | 0 | 0.864 | 0.136 |
| 8:28-1st |  | 17 | 1 | 0.866 | 0.134 |
| 8:26-1st |  | 17 | 1 | 0.866 | 0.134 |
| 8:09-1st |  | 19 | 1 | 0.879 | 0.121 |
| 7:55-1st |  | 19 | 1 | 0.889 | 0.111 |
| 7:50-1st |  | 19 | 1 | 0.893 | 0.107 |
| 7:47-1st |  | 19 | 1 | 0.893 | 0.107 |
| 7:41-1st |  | 21 | 1 | 0.904 | 0.096 |
| 7:21-1st |  | 21 | 1 | 0.913 | 0.087 |
| 7:18-1st |  | 21 | 1 | 0.916 | 0.084 |
| 7:13-1st |  | 23 | 1 | 0.926 | 0.074 |
| 7:01-1st |  | 23 | 3 | 0.917 | 0.083 |
| 6:43-1st |  | 23 | 3 | 0.909 | 0.091 |
| 6:40-1st |  | 23 | 3 | 0.907 | 0.093 |
| 6:34-1st |  | 23 | 5 | 0.896 | 0.104 |
| 6:19-1st |  | 23 | 5 | 0.884 | 0.116 |
| 6:17-1st |  | 23 | 5 | 0.896 | 0.104 |
| 5:56-1st |  | 23 | 5 | 0.888 | 0.112 |
| 5:54-1st |  | 23 | 5 | 0.898 | 0.102 |
| 5:43-1st |  | 25 | 5 | 0.909 | 0.091 |
| 5:18-1st |  | 25 | 5 | 0.918 | 0.082 |
| 5:16-1st |  | 25 | 5 | 0.921 | 0.079 |
| 5:12-1st |  | 25 | 5 | 0.91 | 0.09 |
| 4:59-1st |  | 25 | 7 | 0.9 | 0.1 |
| 4:48-1st |  | 27 | 7 | 0.911 | 0.089 |
| 4:37-1st |  | 27 | 7 | 0.923 | 0.077 |
| 4:31-1st |  | 29 | 7 | 0.932 | 0.068 |
| 4:12-1st |  | 29 | 7 | 0.94 | 0.06 |
| 4:11-1st |  | 29 | 9 | 0.924 | 0.076 |
| 3:59-1st |  | 29 | 9 | 0.913 | 0.087 |
| 3:50-1st |  | 29 | 9 | 0.897 | 0.103 |
| 3:45-1st |  | 29 | 12 | 0.891 | 0.109 |
| 3:22-1st |  | 29 | 12 | 0.882 | 0.118 |
| 3:19-1st |  | 29 | 12 | 0.879 | 0.121 |
| 3:11-1st |  | 29 | 12 | 0.89 | 0.11 |
| 3:08-1st |  | 29 | 12 | 0.88 | 0.12 |
| 3:04-1st |  | 29 | 14 | 0.865 | 0.135 |
| 2:45-1st |  | 29 | 14 | 0.855 | 0.145 |
| 2:42-1st |  | 29 | 14 | 0.852 | 0.148 |
| 2:37-1st |  | 29 | 17 | 0.817 | 0.183 |
| 2:22-1st |  | 31 | 17 | 0.835 | 0.165 |
| 2:11-1st |  | 31 | 17 | 0.852 | 0.148 |
| 1:46-1st |  | 31 | 17 | 0.841 | 0.159 |
| 1:43-1st |  | 31 | 17 | 0.837 | 0.163 |
| 1:42-1st |  | 31 | 17 | 0.849 | 0.151 |
| 1:41-1st |  | 31 | 17 | 0.837 | 0.163 |
| 1:40-1st |  | 31 | 19 | 0.82 | 0.18 |
| 1:18-1st |  | 31 | 19 | 0.806 | 0.194 |
| 1:15-1st |  | 31 | 19 | 0.801 | 0.199 |
| 1:08-1st |  | 31 | 19 | 0.822 | 0.178 |
| 1:04-1st |  | 31 | 19 | 0.807 | 0.193 |
| 1:02-1st |  | 33 | 19 | 0.838 | 0.162 |
| 43.1-1st |  | 33 | 22 | 0.803 | 0.197 |
| 37.1-1st |  | 36 | 22 | 0.839 | 0.161 |
| 31.1-1st |  | 36 | 22 | 0.857 | 0.143 |
| 13.1-1st |  | 36 | 22 | 0.84 | 0.16 |
| 1.1-1st |  | 36 | 23 | 0.841 | 0.159 |
| 0.1-1st |  | 36 | 23 | 0.829 | 0.171 |
| 0.0-1st |  | 36 | 23 | 0.833 | 0.167 |
| 12:00-2nd |  | 36 | 23 | 0.833 | 0.167 |
| 11:45-2nd |  | 36 | 23 | 0.838 | 0.162 |
| 11:43-2nd |  | 36 | 23 | 0.826 | 0.174 |
| 11:42-2nd |  | 36 | 26 | 0.782 | 0.218 |
| 11:30-2nd |  | 36 | 26 | 0.764 | 0.236 |
| 11:19-2nd |  | 36 | 26 | 0.779 | 0.221 |
| 11:14-2nd |  | 36 | 26 | 0.784 | 0.216 |
| 11:06-2nd |  | 36 | 26 | 0.77 | 0.23 |
| 11:03-2nd |  | 36 | 26 | 0.785 | 0.215 |
| 11:02-2nd |  | 39 | 26 | 0.827 | 0.173 |
| 10:39-2nd |  | 39 | 26 | 0.842 | 0.158 |
| 10:36-2nd |  | 39 | 26 | 0.847 | 0.153 |
| 10:25-2nd |  | 39 | 26 | 0.833 | 0.167 |
| 10:22-2nd |  | 39 | 26 | 0.829 | 0.171 |
| 10:17-2nd |  | 39 | 28 | 0.807 | 0.193 |
| 9:51-2nd |  | 42 | 28 | 0.848 | 0.152 |
| 9:38-2nd |  | 42 | 28 | 0.862 | 0.138 |
| 9:36-2nd |  | 42 | 28 | 0.866 | 0.134 |
| 9:35-2nd |  | 42 | 28 | 0.864 | 0.136 |
| 9:12-2nd |  | 43 | 28 | 0.866 | 0.134 |
| 8:56-2nd |  | 43 | 30 | 0.85 | 0.15 |
| 8:28-2nd |  | 45 | 30 | 0.869 | 0.131 |
| 8:09-2nd |  | 45 | 32 | 0.853 | 0.147 |
| 7:55-2nd |  | 47 | 32 | 0.885 | 0.115 |
| 7:38-2nd |  | 49 | 32 | 0.902 | 0.098 |
| 7:24-2nd |  | 49 | 34 | 0.887 | 0.113 |
| 7:04-2nd |  | 51 | 34 | 0.905 | 0.095 |
| 6:43-2nd |  | 52 | 37 | 0.889 | 0.111 |
| 6:29-2nd |  | 54 | 37 | 0.907 | 0.093 |
| 6:17-2nd |  | 54 | 37 | 0.916 | 0.084 |
| 6:13-2nd |  | 54 | 37 | 0.919 | 0.081 |
| 6:11-2nd |  | 56 | 37 | 0.928 | 0.072 |
| 6:10-2nd |  | 56 | 37 | 0.928 | 0.072 |
| 5:48-2nd |  | 56 | 37 | 0.941 | 0.059 |
| 5:28-2nd |  | 56 | 37 | 0.934 | 0.066 |
| 5:24-2nd |  | 56 | 37 | 0.931 | 0.069 |
| 5:10-2nd |  | 56 | 37 | 0.94 | 0.06 |
| 5:08-2nd |  | 56 | 37 | 0.943 | 0.057 |
| 4:57-2nd |  | 59 | 37 | 0.959 | 0.041 |
| 4:39-2nd |  | 59 | 37 | 0.966 | 0.034 |
| 4:38-2nd |  | 59 | 37 | 0.968 | 0.032 |
| 4:35-2nd |  | 59 | 37 | 0.96 | 0.04 |
| 4:21-2nd |  | 59 | 37 | 0.96 | 0.04 |
| 4:12-2nd |  | 59 | 39 | 0.955 | 0.045 |
| 3:56-2nd |  | 62 | 39 | 0.969 | 0.031 |
| 3:37-2nd |  | 62 | 41 | 0.964 | 0.036 |
| 3:21-2nd |  | 65 | 41 | 0.976 | 0.024 |
| 3:12-2nd |  | 65 | 41 | 0.98 | 0.02 |
| 3:04-2nd |  | 65 | 41 | 0.979 | 0.021 |
| 3:02-2nd |  | 65 | 41 | 0.977 | 0.023 |
| 3:01-2nd |  | 65 | 41 | 0.98 | 0.02 |
| 2:57-2nd |  | 65 | 41 | 0.977 | 0.023 |
| 2:46-2nd |  | 65 | 43 | 0.971 | 0.029 |
| 2:31-2nd |  | 67 | 43 | 0.978 | 0.022 |
| 2:21-2nd |  | 67 | 43 | 0.982 | 0.018 |
| 2:07-2nd |  | 70 | 43 | 0.988 | 0.012 |
| 1:52-2nd |  | 70 | 43 | 0.991 | 0.009 |
| 1:49-2nd |  | 70 | 43 | 0.991 | 0.009 |
| 1:44-2nd |  | 73 | 43 | 0.995 | 0.005 |
| 1:42-2nd |  | 73 | 43 | 0.995 | 0.005 |
| 1:23-2nd |  | 73 | 45 | 0.993 | 0.007 |
| 1:15-2nd |  | 73 | 45 | 0.992 | 0.008 |
| 1:13-2nd |  | 73 | 45 | 0.991 | 0.009 |
| 1:11-2nd |  | 73 | 45 | 0.988 | 0.012 |
| 1:02-2nd |  | 73 | 45 | 0.993 | 0.007 |
| 1:01-2nd |  | 73 | 45 | 0.993 | 0.007 |
| 44.1-2nd |  | 73 | 45 | 0.992 | 0.008 |
| 37.1-2nd |  | 73 | 45 | 0.993 | 0.007 |
| 35.1-2nd |  | 73 | 45 | 0.994 | 0.006 |
| 31.1-2nd |  | 73 | 45 | 0.992 | 0.008 |
| 30.0-2nd |  | 73 | 48 | 0.988 | 0.012 |
| 7.0-2nd |  | 76 | 48 | 0.993 | 0.007 |
| 0.0-2nd |  | 76 | 48 | 0.993 | 0.007 |
| 12:00-3rd |  | 76 | 48 | 0.994 | 0.006 |
| 11:44-3rd |  | 76 | 48 | 0.995 | 0.005 |
| 11:42-3rd |  | 76 | 48 | 0.995 | 0.005 |
| 11:20-3rd |  | 76 | 48 | 0.995 | 0.005 |
| 11:18-3rd |  | 76 | 48 | 0.995 | 0.005 |
| 11:05-3rd |  | 76 | 50 | 0.993 | 0.007 |
| 10:38-3rd |  | 76 | 50 | 0.992 | 0.008 |
| 10:37-3rd |  | 76 | 50 | 0.991 | 0.009 |
| 10:31-3rd |  | 76 | 50 | 0.993 | 0.007 |
| 10:27-3rd |  | 76 | 50 | 0.994 | 0.006 |
| 10:20-3rd |  | 76 | 50 | 0.992 | 0.008 |
| 10:18-3rd |  | 76 | 50 | 0.991 | 0.009 |
| 10:04-3rd |  | 76 | 50 | 0.994 | 0.006 |
| 10:02-3rd |  | 76 | 50 | 0.994 | 0.006 |
| 9:44-3rd |  | 79 | 50 | 0.996 | 0.004 |
| 9:27-3rd |  | 79 | 50 | 0.998 | 0.002 |
| 9:22-3rd |  | 79 | 50 | 0.997 | 0.003 |
| 9:21-3rd |  | 79 | 50 | 0.997 | 0.003 |
| 9:17-3rd |  | 79 | 52 | 0.996 | 0.004 |
| 8:57-3rd |  | 82 | 52 | 0.998 | 0.002 |
| 8:36-3rd |  | 82 | 52 | 0.998 | 0.002 |
| 8:34-3rd |  | 82 | 52 | 0.998 | 0.002 |
| 8:33-3rd |  | 82 | 52 | 0.999 | 0.001 |
| 8:28-3rd |  | 82 | 52 | 0.998 | 0.002 |
| 8:24-3rd |  | 82 | 54 | 0.997 | 0.003 |
| 8:20-3rd |  | 82 | 54 | 0.998 | 0.002 |
| 8:04-3rd |  | 82 | 54 | 0.997 | 0.003 |
| 7:55-3rd |  | 82 | 54 | 0.998 | 0.002 |
| 7:52-3rd |  | 82 | 54 | 0.998 | 0.002 |
| 7:48-3rd |  | 85 | 54 | 0.999 | 0.001 |
| 7:29-3rd |  | 85 | 56 | 0.999 | 0.001 |
| 7:10-3rd |  | 85 | 56 | 0.998 | 0.002 |
| 7:08-3rd |  | 85 | 56 | 0.998 | 0.002 |
| 6:58-3rd |  | 85 | 56 | 0.999 | 0.001 |
| 6:55-3rd |  | 85 | 56 | 0.999 | 0.001 |
| 6:49-3rd |  | 87 | 56 | 0.999 | 0.001 |
| 6:38-3rd |  | 87 | 58 | 0.999 | 0.001 |
| 6:21-3rd |  | 87 | 58 | 0.999 | 0.001 |
| 6:18-3rd |  | 87 | 58 | 0.999 | 0.001 |
| 6:17-3rd |  | 87 | 58 | 0.999 | 0.001 |
| 6:13-3rd |  | 87 | 58 | 0.998 | 0.002 |
| 6:08-3rd |  | 87 | 61 | 0.997 | 0.003 |
| 5:45-3rd |  | 89 | 61 | 0.998 | 0.002 |
| 5:38-3rd |  | 89 | 61 | 0.998 | 0.002 |
| 5:28-3rd |  | 89 | 63 | 0.997 | 0.003 |
| 5:20-3rd |  | 89 | 63 | 0.997 | 0.003 |
| 5:07-3rd |  | 89 | 63 | 0.997 | 0.003 |
| 5:06-3rd |  | 89 | 63 | 0.997 | 0.003 |
| 5:05-3rd |  | 89 | 63 | 0.997 | 0.003 |
| 4:57-3rd |  | 89 | 63 | 0.998 | 0.002 |
| 4:53-3rd |  | 89 | 63 | 0.998 | 0.002 |
| 4:50-3rd |  | 89 | 63 | 0.999 | 0.001 |
| 4:30-3rd |  | 89 | 63 | 0.997 | 0.003 |
| 4:29-3rd |  | 89 | 63 | 0.997 | 0.003 |
| 4:15-3rd |  | 89 | 65 | 0.996 | 0.004 |
| 3:58-3rd |  | 89 | 65 | 0.995 | 0.005 |
| 3:54-3rd |  | 89 | 65 | 0.996 | 0.004 |
| 3:52-3rd |  | 91 | 65 | 0.998 | 0.002 |
| 3:40-3rd |  | 91 | 65 | 0.998 | 0.002 |
| 3:26-3rd |  | 91 | 65 | 0.998 | 0.002 |
| 3:24-3rd |  | 91 | 67 | 0.997 | 0.003 |
| 3:11-3rd |  | 91 | 67 | 0.996 | 0.004 |
| 3:07-3rd |  | 91 | 67 | 0.996 | 0.004 |
| 2:57-3rd |  | 91 | 69 | 0.994 | 0.006 |
| 2:33-3rd |  | 91 | 69 | 0.995 | 0.005 |
| 2:32-3rd |  | 91 | 69 | 0.993 | 0.007 |
| 2:12-3rd |  | 91 | 69 | 0.995 | 0.005 |
| 2:09-3rd |  | 91 | 69 | 0.996 | 0.004 |
| 1:49-3rd |  | 93 | 69 | 0.997 | 0.003 |
| 1:33-3rd |  | 93 | 69 | 0.998 | 0.002 |
| 1:31-3rd |  | 93 | 69 | 0.998 | 0.002 |
| 1:30-3rd |  | 93 | 69 | 0.998 | 0.002 |
| 1:20-3rd |  | 93 | 71 | 0.997 | 0.003 |
| 1:03-3rd |  | 93 | 71 | 0.997 | 0.003 |
| 56.1-3rd |  | 93 | 71 | 0.996 | 0.004 |
| 56.0-3rd |  | 93 | 71 | 0.995 | 0.005 |
| 43.0-3rd |  | 93 | 74 | 0.992 | 0.008 |
| 25.1-3rd |  | 93 | 74 | 0.989 | 0.011 |
| 22.1-3rd |  | 93 | 76 | 0.986 | 0.014 |
| 1.1-3rd |  | 96 | 76 | 0.993 | 0.007 |
| 0.2-3rd |  | 96 | 76 | 0.995 | 0.005 |
| 0.0-3rd |  | 96 | 76 | 0.994 | 0.006 |
| 12:00-4th |  | 96 | 76 | 0.994 | 0.006 |
| 11:39-4th |  | 96 | 76 | 0.995 | 0.005 |
| 11:35-4th |  | 96 | 76 | 0.994 | 0.006 |
| 11:23-4th |  | 96 | 76 | 0.996 | 0.004 |
| 11:20-4th |  | 96 | 76 | 0.996 | 0.004 |
| 11:19-4th |  | 96 | 76 | 0.995 | 0.005 |
| 11:18-4th |  | 96 | 78 | 0.992 | 0.008 |
| 10:57-4th |  | 96 | 78 | 0.99 | 0.01 |
| 10:56-4th |  | 96 | 78 | 0.989 | 0.011 |
| 10:53-4th |  | 96 | 78 | 0.989 | 0.011 |
| 10:50-4th |  | 96 | 78 | 0.993 | 0.007 |
| 10:30-4th |  | 96 | 78 | 0.991 | 0.009 |
| 10:27-4th |  | 96 | 78 | 0.993 | 0.007 |
| 10:26-4th |  | 96 | 78 | 0.99 | 0.01 |
| 10:18-4th |  | 96 | 78 | 0.993 | 0.007 |
| 10:16-4th |  | 96 | 78 | 0.994 | 0.006 |
| 10:04-4th |  | 96 | 78 | 0.992 | 0.008 |
| 10:01-4th |  | 96 | 78 | 0.991 | 0.009 |
| 9:57-4th |  | 96 | 78 | 0.994 | 0.006 |
| 9:54-4th |  | 96 | 78 | 0.994 | 0.006 |
| 9:34-4th |  | 99 | 78 | 0.997 | 0.003 |
| 9:21-4th |  | 99 | 78 | 0.999 | 0.001 |
| 9:18-4th |  | 99 | 78 | 0.998 | 0.002 |
| 9:10-4th |  | 99 | 78 | 0.998 | 0.002 |
| 9:05-4th |  | 99 | 78 | 0.999 | 0.001 |
| 9:01-4th |  | 99 | 80 | 0.997 | 0.003 |
| 8:37-4th |  | 99 | 80 | 0.997 | 0.003 |
| 8:35-4th |  | 99 | 80 | 0.997 | 0.003 |
| 8:33-4th |  | 99 | 80 | 0.996 | 0.004 |
| 8:26-4th |  | 99 | 80 | 0.997 | 0.003 |
| 8:25-4th |  | 99 | 80 | 0.998 | 0.002 |
| 8:09-4th |  | 101 | 80 | 0.999 | 0.001 |
| 7:51-4th |  | 101 | 82 | 0.999 | 0.001 |
| 7:24-4th |  | 101 | 82 | 0.998 | 0.002 |
| 7:22-4th |  | 101 | 82 | 0.998 | 0.002 |
| 7:09-4th |  | 101 | 82 | 0.999 | 0.001 |
| 7:06-4th |  | 103 | 82 | 0.999 | 0.001 |
| 7:03-4th |  | 103 | 82 | 0.999 | 0.001 |
| 6:51-4th |  | 103 | 82 | 0.999 | 0.001 |
| 6:47-4th |  | 105 | 82 | 0.999 | 0.001 |
| 6:29-4th |  | 105 | 82 | 0.999 | 0.001 |
| 6:26-4th |  | 105 | 82 | 0.999 | 0.001 |
| 6:17-4th |  | 105 | 82 | 0.999 | 0.001 |
| 6:16-4th |  | 105 | 82 | 0.999 | 0.001 |
| 5:49-4th |  | 105 | 82 | 0.999 | 0.001 |
| 5:47-4th |  | 105 | 82 | 0.999 | 0.001 |
| 5:37-4th |  | 105 | 84 | 0.999 | 0.001 |
| 5:14-4th |  | 107 | 84 | 0.999 | 0.001 |
| 4:56-4th |  | 107 | 84 | 0.999 | 0.001 |
| 4:51-4th |  | 107 | 84 | 0.999 | 0.001 |
| 4:33-4th |  | 107 | 84 | 0.999 | 0.001 |
| 4:12-4th |  | 107 | 84 | 0.999 | 0.001 |
| 4:11-4th |  | 107 | 84 | 0.999 | 0.001 |
| 4:08-4th |  | 107 | 84 | 0.999 | 0.001 |
| 4:01-4th |  | 109 | 84 | 0.999 | 0.001 |
| 3:36-4th |  | 109 | 84 | 0.999 | 0.001 |
| 3:32-4th |  | 109 | 84 | 0.999 | 0.001 |
| 3:24-4th |  | 112 | 84 | 0.999 | 0.001 |
| 3:15-4th |  | 112 | 84 | 0.999 | 0.001 |
| 3:05-4th |  | 112 | 86 | 0.999 | 0.001 |
| 2:38-4th |  | 112 | 86 | 0.999 | 0.001 |
| 2:36-4th |  | 112 | 86 | 0.999 | 0.001 |
| 2:35-4th |  | 112 | 87 | 0.999 | 0.001 |
| 2:13-4th |  | 114 | 87 | 0.999 | 0.001 |
| 2:05-4th |  | 114 | 89 | 0.999 | 0.001 |
| 1:47-4th |  | 114 | 89 | 0.999 | 0.001 |
| 1:46-4th |  | 114 | 91 | 0.999 | 0.001 |
| 1:16-4th |  | 114 | 91 | 0.999 | 0.001 |
| 1:15-4th |  | 114 | 91 | 0.999 | 0.001 |
| 1:10-4th |  | 114 | 91 | 0.999 | 0.001 |
| 1:00-4th |  | 114 | 91 | 0.999 | 0.001 |
| 44.2-4th |  | 116 | 91 | 0.999 | 0.001 |
| 36.1-4th |  | 116 | 91 | 0.999 | 0.001 |
| 35.0-4th |  | 116 | 91 | 0.999 | 0.001 |
| 31.1-4th |  | 116 | 91 | 0.999 | 0.001 |
| 13.1-4th |  | 116 | 91 | 0.999 | 0.001 |
| 0.0-4th |  | 116 | 91 | 1.0 | 0.0 |

Question

Which event most likely happened at the marked missing position?

Answer Choices

A. Player 1 (Team B) vs. Player 19 (Team B) (Player 4 (Team B) gains possession)
B. Player 7 (Team A) makes 26-foot three point jumper (Player 6 (Team A) assists)
C. Player 12 (Team B) misses three point jumper
D. Player 12 (Team A) loose ball foul

Response Format

Return exactly one JSON object:

{
  "answer": "<A|B|C|D>",
  "rationale": "<brief evidence-based justification in 1-3 sentences>",
  "evidence_event_ids": [],
  "evidence_series_times": []
}

Use only event IDs and time labels that are provided above and that support the answer. Use an empty array when the corresponding evidence type is unavailable or unused. Return only the JSON object.
