Task

Reconstruct the missing event in this basketball game. Use the available numerical time-series evidence around the marked row to select the most likely event.

Game

Team A versus Team B, season 22-23.

Time Series

| Game time | Marker | Team A score | Team B score | Team A win probability | Team B win probability |
| --- | --- | --- | --- | --- | --- |
| 12:00-1st |  | 0 | 0 | 0.222 | 0.778 |
| 11:40-1st |  | 0 | 3 | 0.189 | 0.811 |
| 11:21-1st |  | 0 | 3 | 0.178 | 0.822 |
| 11:19-1st |  | 0 | 3 | 0.174 | 0.826 |
| 11:08-1st |  | 0 | 6 | 0.145 | 0.855 |
| 10:57-1st |  | 0 | 6 | 0.137 | 0.863 |
| 10:54-1st |  | 0 | 6 | 0.135 | 0.865 |
| 10:48-1st |  | 0 | 6 | 0.146 | 0.854 |
| 10:33-1st |  | 0 | 6 | 0.138 | 0.862 |
| 10:31-1st |  | 0 | 6 | 0.147 | 0.853 |
| 10:30-1st |  | 2 | 6 | 0.162 | 0.838 |
| 10:14-1st |  | 2 | 6 | 0.18 | 0.82 |
| 10:01-1st |  | 5 | 6 | 0.208 | 0.792 |
| 9:51-1st |  | 5 | 6 | 0.211 | 0.789 |
| 9:46-1st |  | 5 | 6 | 0.226 | 0.774 |
| 9:43-1st |  | 5 | 6 | 0.231 | 0.769 |
| 9:41-1st |  | 7 | 6 | 0.249 | 0.751 |
| 9:19-1st |  | 7 | 9 | 0.214 | 0.786 |
| 9:07-1st |  | 10 | 9 | 0.252 | 0.748 |
| 8:51-1st |  | 10 | 9 | 0.254 | 0.746 |
| 8:47-1st |  | 10 | 12 | 0.217 | 0.783 |
| 8:37-1st |  | 12 | 12 | 0.235 | 0.765 |
| 8:21-1st |  | 12 | 12 | 0.256 | 0.744 |
| 8:10-1st |  | 12 | 12 | 0.242 | 0.758 |
| 8:08-1st |  | 12 | 12 | 0.237 | 0.763 |
| 8:05-1st |  | 12 | 14 | 0.219 | 0.781 |
| 7:52-1st |  | 12 | 14 | 0.202 | 0.798 |
| 7:43-1st |  | 12 | 17 | 0.171 | 0.829 |
| 7:30-1st |  | 14 | 17 | 0.187 | 0.813 |
| 7:14-1st |  | 14 | 17 | 0.2 | 0.8 |
| 7:12-1st |  | 14 | 17 | 0.204 | 0.796 |
| 6:58-1st |  | 14 | 17 | 0.193 | 0.807 |
| 6:57-1st |  | 14 | 17 | 0.205 | 0.795 |
| 6:54-1st |  | 16 | 17 | 0.224 | 0.776 |
| 6:41-1st |  | 16 | 17 | 0.226 | 0.774 |
| 6:38-1st |  | 16 | 17 | 0.244 | 0.756 |
| 6:21-1st |  | 16 | 17 | 0.232 | 0.768 |
| 6:19-1st |  | 16 | 18 | 0.226 | 0.774 |
| 6:08-1st |  | 16 | 18 | 0.214 | 0.786 |
| 6:04-1st |  | 18 | 18 | 0.247 | 0.753 |
| 5:53-1st |  | 18 | 21 | 0.212 | 0.788 |
| 5:32-1st |  | 18 | 21 | 0.199 | 0.801 |
| 5:28-1st |  | 18 | 21 | 0.195 | 0.805 |
| 5:18-1st |  | 18 | 21 | 0.209 | 0.791 |
| 5:15-1st |  | 18 | 21 | 0.214 | 0.786 |
| 5:10-1st |  | 18 | 21 | 0.196 | 0.804 |
| 5:01-1st |  | 18 | 22 | 0.196 | 0.804 |
| 4:58-1st |  | 18 | 22 | 0.196 | 0.804 |
| 4:41-1st |  | 18 | 22 | 0.184 | 0.816 |
| 4:37-1st |  | 18 | 22 | 0.18 | 0.82 |
| 4:27-1st |  | 18 | 25 | 0.149 | 0.851 |
| 4:09-1st |  | 18 | 25 | 0.136 | 0.864 |
| 4:08-1st |  | 18 | 25 | 0.15 | 0.85 |
| 4:03-1st |  | 21 | 25 | 0.181 | 0.819 |
| 3:48-1st |  | 21 | 28 | 0.151 | 0.849 |
| 3:39-1st |  | 24 | 28 | 0.182 | 0.818 |
| 3:21-1st |  | 24 | 28 | 0.196 | 0.804 |
| 3:18-1st |  | 24 | 28 | 0.201 | 0.799 |
| 3:06-1st |  | 26 | 28 | 0.22 | 0.78 |
| 2:50-1st |  | 26 | 31 | 0.186 | 0.814 |
| 2:31-1st |  | 26 | 31 | 0.174 | 0.826 |
| 2:27-1st |  | 26 | 31 | 0.17 | 0.83 |
| 2:19-1st |  | 26 | 32 | 0.17 | 0.83 |
| 2:17-1st |  | 26 | 32 | 0.17 | 0.83 |
| 2:08-1st |  | 26 | 32 | 0.159 | 0.841 |
| 2:04-1st |  | 26 | 32 | 0.155 | 0.845 |
| 1:58-1st |  | 26 | 35 | 0.125 | 0.875 |
| 1:41-1st |  | 28 | 35 | 0.139 | 0.861 |
| 1:27-1st |  | 28 | 35 | 0.155 | 0.845 |
| 1:16-1st |  | 28 | 35 | 0.182 | 0.818 |
| 1:08-1st |  | 28 | 35 | 0.144 | 0.856 |
| 1:05-1st |  | 28 | 35 | 0.14 | 0.86 |
| 1:00-1st |  | 28 | 37 | 0.128 | 0.872 |
| 46.9-1st |  | 28 | 37 | 0.114 | 0.886 |
| 36.5-1st |  | 28 | 39 | 0.104 | 0.896 |
| 14.2-1st |  | 28 | 39 | 0.096 | 0.904 |
| 11.7-1st |  | 28 | 39 | 0.093 | 0.907 |
| 2.3-1st |  | 28 | 39 | 0.094 | 0.906 |
| 0.0-1st |  | 28 | 39 | 0.099 | 0.901 |
| 12:00-2nd |  | 28 | 39 | 0.099 | 0.901 |
| 11:44-2nd |  | 28 | 39 | 0.096 | 0.904 |
| 11:41-2nd |  | 28 | 39 | 0.093 | 0.907 |
| 11:32-2nd |  | 28 | 39 | 0.1 | 0.9 |
| 11:27-2nd |  | 28 | 39 | 0.103 | 0.897 |
| 11:16-2nd |  | 28 | 39 | 0.093 | 0.907 |
| 11:12-2nd |  | 28 | 39 | 0.101 | 0.899 |
| 11:10-2nd |  | 28 | 39 | 0.103 | 0.897 |
| 10:53-2nd |  | 28 | 39 | 0.096 | 0.904 |
| 10:50-2nd |  | 28 | 39 | 0.103 | 0.897 |
| 10:48-2nd |  | 28 | 39 | 0.096 | 0.904 |
| 10:45-2nd |  | 28 | 39 | 0.096 | 0.904 |
| 10:44-2nd |  | 28 | 39 | 0.103 | 0.897 |
| 10:43-2nd |  | 28 | 39 | 0.093 | 0.907 |
| 10:28-2nd |  | 28 | 41 | 0.082 | 0.918 |
| 10:14-2nd |  | 28 | 41 | 0.075 | 0.925 |
| 10:11-2nd |  | 28 | 41 | 0.073 | 0.927 |
| 9:58-2nd |  | 28 | 41 | 0.08 | 0.92 |
| 9:55-2nd |  | 28 | 41 | 0.082 | 0.918 |
| 9:44-2nd |  | 30 | 41 | 0.093 | 0.907 |
| 9:25-2nd |  | 30 | 41 | 0.093 | 0.907 |
| 9:20-2nd |  | 30 | 43 | 0.083 | 0.917 |
| 9:06-2nd |  | 33 | 43 | 0.104 | 0.896 |
| 8:47-2nd |  | 33 | 45 | 0.093 | 0.907 |
| 8:36-2nd |  | 35 | 45 | 0.104 | 0.896 |
| 8:21-2nd |  | 35 | 45 | 0.114 | 0.886 |
| 8:17-2nd |  | 35 | 45 | 0.118 | 0.882 |
| 8:14-2nd |  | 35 | 45 | 0.104 | 0.896 |
| 8:07-2nd |  | 35 | 48 | 0.084 | 0.916 |
| 8:06-2nd |  | 35 | 48 | 0.084 | 0.916 |
| 7:47-2nd |  | 37 | 48 | 0.093 | 0.907 |
| 7:23-2nd |  | 37 | 50 | 0.083 | 0.917 |
| 7:17-2nd |  | 40 | 50 | 0.104 | 0.896 |
| 7:02-2nd |  | 40 | 50 | 0.119 | 0.881 |
| 6:57-2nd |  | 42 | 50 | 0.133 | 0.867 |
| 6:56-2nd |  | 42 | 50 | 0.133 | 0.867 |
| 6:48-2nd |  | 42 | 52 | 0.119 | 0.881 |
| 6:37-2nd |  | 45 | 52 | 0.15 | 0.85 |
| 6:23-2nd |  | 45 | 55 | 0.119 | 0.881 |
| 6:07-2nd |  | 45 | 55 | 0.108 | 0.892 |
| 6:04-2nd |  | 45 | 55 | 0.104 | 0.896 |
| 5:58-2nd |  | 45 | 55 | 0.116 | 0.884 |
| 5:54-2nd |  | 45 | 55 | 0.119 | 0.881 |
| 5:48-2nd |  | 45 | 55 | 0.104 | 0.896 |
| 5:40-2nd |  | 45 | 57 | 0.093 | 0.907 |
| 5:25-2nd |  | 48 | 57 | 0.118 | 0.882 |
| 5:11-2nd |  | 48 | 59 | 0.105 | 0.895 |
| 4:52-2nd |  | 48 | 59 | 0.095 | 0.905 |
| 4:48-2nd |  | 48 | 59 | 0.092 | 0.908 |
| 4:37-2nd |  | 48 | 59 | 0.102 | 0.898 |
| 4:35-2nd |  | 48 | 59 | 0.105 | 0.895 |
| 4:30-2nd |  | 48 | 59 | 0.095 | 0.905 |
| 4:27-2nd |  | 48 | 59 | 0.092 | 0.908 |
| 4:19-2nd |  | 48 | 59 | 0.102 | 0.898 |
| 4:17-2nd |  | 48 | 59 | 0.105 | 0.895 |
| 4:10-2nd |  | 48 | 59 | 0.095 | 0.905 |
| 4:06-2nd |  | 48 | 59 | 0.092 | 0.908 |
| 4:00-2nd |  | 48 | 59 | 0.102 | 0.898 |
| 3:58-2nd |  | 48 | 59 | 0.105 | 0.895 |
| 3:46-2nd |  | 48 | 59 | 0.092 | 0.908 |
| 3:41-2nd |  | 48 | 59 | 0.105 | 0.895 |
| 3:35-2nd |  | 48 | 59 | 0.092 | 0.908 |
| 3:31-2nd |  | 48 | 59 | 0.092 | 0.908 |
| 3:18-2nd |  | 48 | 59 | 0.102 | 0.898 |
| 3:16-2nd |  | 48 | 59 | 0.105 | 0.895 |
| 3:13-2nd |  | 48 | 59 | 0.092 | 0.908 |
| 2:49-2nd |  | 48 | 59 | 0.102 | 0.898 |
| 2:47-2nd |  | 48 | 59 | 0.105 | 0.895 |
| 2:43-2nd |  | 48 | 59 | 0.091 | 0.909 |
| 2:39-2nd |  | 48 | 61 | 0.08 | 0.92 |
| 2:24-2nd |  | 48 | 61 | 0.071 | 0.929 |
| 2:22-2nd |  | 48 | 61 | 0.079 | 0.921 |
| 2:20-2nd |  | 51 | 61 | 0.105 | 0.895 |
| 2:06-2nd |  | 51 | 63 | 0.093 | 0.907 |
| 1:54-2nd |  | 53 | 63 | 0.105 | 0.895 |
| 1:41-2nd |  | 53 | 63 | 0.12 | 0.88 |
| 1:26-2nd |  | 53 | 63 | 0.109 | 0.891 |
| 1:23-2nd |  | 53 | 63 | 0.105 | 0.895 |
| 1:01-2nd |  | 53 | 65 | 0.092 | 0.908 |
| 49.8-2nd |  | 53 | 65 | 0.082 | 0.918 |
| 46.1-2nd |  | 53 | 65 | 0.078 | 0.922 |
| 40.8-2nd |  | 53 | 65 | 0.062 | 0.938 |
| 38.2-2nd |  | 53 | 65 | 0.091 | 0.909 |
| 33.6-2nd |  | 53 | 65 | 0.081 | 0.919 |
| 30.1-2nd |  | 53 | 65 | 0.081 | 0.919 |
| 29.6-2nd |  | 53 | 65 | 0.077 | 0.923 |
| 19.9-2nd |  | 53 | 68 | 0.057 | 0.943 |
| 4.1-2nd |  | 53 | 68 | 0.051 | 0.949 |
| 2.3-2nd |  | 53 | 68 | 0.057 | 0.943 |
| 0.4-2nd |  | 53 | 68 | 0.059 | 0.941 |
| 0.0-2nd |  | 53 | 68 | 0.054 | 0.946 |
| 12:00-3rd |  | 53 | 68 | 0.054 | 0.946 |
| 11:52-3rd |  | 53 | 68 | 0.049 | 0.951 |
| 11:48-3rd |  | 53 | 68 | 0.056 | 0.944 |
| 11:44-3rd |  | 55 | 68 | 0.067 | 0.933 |
| 11:27-3rd |  | 55 | 71 | 0.047 | 0.953 |
| 11:16-3rd |  | 57 | 71 | 0.056 | 0.944 |
| 11:00-3rd |  | 57 | 74 | 0.039 | 0.961 |
| 10:43-3rd |  | 60 | 74 | 0.055 | 0.945 |
| 10:27-3rd |  | 60 | 74 | 0.065 | 0.935 |
| 10:23-3rd |  | 60 | 74 | 0.057 | 0.943 |
| 10:19-3rd |  | 60 | 74 | 0.065 | 0.935 |
| 10:18-3rd |  | 62 | 74 | 0.075 | 0.925 |
| 10:02-3rd |  | 62 | 74 | 0.083 | 0.917 |
| 10:01-3rd |  | 62 | 74 | 0.086 | 0.914 |
| 9:56-3rd |  | 64 | 74 | 0.101 | 0.899 |
| 9:40-3rd |  | 64 | 74 | 0.113 | 0.887 |
| 9:37-3rd |  | 64 | 74 | 0.118 | 0.882 |
| 9:23-3rd |  | 67 | 74 | 0.153 | 0.847 |
| 9:22-3rd |  | 67 | 74 | 0.153 | 0.847 |
| 9:12-3rd |  | 67 | 76 | 0.134 | 0.866 |
| 9:02-3rd |  | 67 | 76 | 0.116 | 0.884 |
| 8:57-3rd |  | 67 | 78 | 0.1 | 0.9 |
| 8:41-3rd |  | 70 | 78 | 0.134 | 0.866 |
| 8:21-3rd |  | 70 | 78 | 0.15 | 0.85 |
| 8:19-3rd |  | 70 | 78 | 0.155 | 0.845 |
| 8:15-3rd |  | 70 | 78 | 0.139 | 0.861 |
| 8:13-3rd |  | 70 | 78 | 0.134 | 0.866 |
| 8:03-3rd |  | 70 | 78 | 0.155 | 0.845 |
| 7:58-3rd |  | 70 | 78 | 0.139 | 0.861 |
| 7:54-3rd |  | 70 | 78 | 0.134 | 0.866 |
| 7:47-3rd |  | 70 | 78 | 0.134 | 0.866 |
| 7:38-3rd |  | 70 | 80 | 0.114 | 0.886 |
| 7:16-3rd |  | 73 | 80 | 0.153 | 0.847 |
| 7:08-3rd |  | 73 | 80 | 0.177 | 0.823 |
| 6:54-3rd |  | 73 | 80 | 0.158 | 0.842 |
| 6:53-3rd |  | 73 | 80 | 0.177 | 0.823 |
| 6:51-3rd |  | 73 | 80 | 0.152 | 0.848 |
| 6:33-3rd |  | 73 | 80 | 0.176 | 0.824 |
| 6:09-3rd |  | 73 | 80 | 0.157 | 0.843 |
| 6:08-3rd |  | 73 | 80 | 0.151 | 0.849 |
| 5:52-3rd |  | 73 | 80 | 0.176 | 0.824 |
| 5:41-3rd |  | 75 | 80 | 0.201 | 0.799 |
| 5:33-3rd |  | 75 | 82 | 0.175 | 0.825 |
| 5:23-3rd |  | 75 | 82 | 0.156 | 0.844 |
| 5:20-3rd |  | 75 | 82 | 0.15 | 0.85 |
| 5:02-3rd |  | 75 | 82 | 0.168 | 0.832 |
| 5:00-3rd |  | 75 | 82 | 0.175 | 0.825 |
| 4:55-3rd |  | 75 | 82 | 0.149 | 0.851 |
| 4:51-3rd |  | 75 | 84 | 0.128 | 0.872 |
| 4:37-3rd |  | 75 | 84 | 0.128 | 0.872 |
| 4:31-3rd |  | 75 | 84 | 0.112 | 0.888 |
| 4:29-3rd |  | 75 | 84 | 0.107 | 0.893 |
| 4:20-3rd |  | 75 | 84 | 0.127 | 0.873 |
| 4:09-3rd |  | 75 | 84 | 0.161 | 0.839 |
| 4:06-3rd |  | 77 | 84 | 0.147 | 0.853 |
| 3:54-3rd |  | 77 | 86 | 0.125 | 0.875 |
| 3:43-3rd |  | 80 | 86 | 0.172 | 0.828 |
| 3:28-3rd |  | 80 | 88 | 0.146 | 0.854 |
| 3:21-3rd |  | 80 | 88 | 0.129 | 0.871 |
| 3:19-3rd |  | 80 | 88 | 0.123 | 0.877 |
| 3:12-3rd |  | 80 | 90 | 0.102 | 0.898 |
| 2:57-3rd |  | 83 | 90 | 0.143 | 0.857 |
| 2:46-3rd |  | 83 | 93 | 0.101 | 0.899 |
| 2:31-3rd |  | 85 | 93 | 0.12 | 0.88 |
| 2:18-3rd |  | 85 | 93 | 0.142 | 0.858 |
| 2:15-3rd |  | 87 | 93 | 0.168 | 0.832 |
| 2:03-3rd |  | 87 | 96 | 0.119 | 0.881 |
| 1:48-3rd |  | 90 | 96 | 0.167 | 0.833 |
| 1:28-3rd |  | 90 | 96 | 0.19 | 0.81 |
| 1:25-3rd |  | 90 | 96 | 0.198 | 0.802 |
| 1:22-3rd |  | 90 | 96 | 0.166 | 0.834 |
| 1:08-3rd | TARGET | 90 | 99 | 0.115 | 0.885 |
| 56.4-3rd |  | 90 | 99 | 0.098 | 0.902 |
| 54.0-3rd |  | 90 | 99 | 0.092 | 0.908 |
| 50.3-3rd |  | 90 | 99 | 0.108 | 0.892 |
| 47.6-3rd |  | 90 | 99 | 0.114 | 0.886 |
| 31.1-3rd |  | 92 | 99 | 0.135 | 0.865 |
| 14.2-3rd |  | 92 | 102 | 0.09 | 0.91 |
| 1.1-3rd |  | 94 | 102 | 0.111 | 0.889 |
| 0.2-3rd |  | 94 | 102 | 0.138 | 0.862 |
| 0.1-3rd |  | 94 | 102 | 0.12 | 0.88 |
| 0.0-3rd |  | 94 | 102 | 0.132 | 0.868 |
| 12:00-4th |  | 94 | 102 | 0.132 | 0.868 |
| 11:48-4th |  | 94 | 102 | 0.1 | 0.9 |
| 11:43-4th |  | 94 | 102 | 0.121 | 0.879 |
| 11:40-4th |  | 94 | 102 | 0.127 | 0.873 |
| 11:19-4th |  | 94 | 102 | 0.106 | 0.894 |
| 11:16-4th |  | 94 | 102 | 0.1 | 0.9 |
| 11:10-4th |  | 94 | 102 | 0.094 | 0.906 |
| 10:55-4th |  | 94 | 104 | 0.077 | 0.923 |
| 10:35-4th |  | 94 | 104 | 0.063 | 0.937 |
| 10:32-4th |  | 94 | 104 | 0.059 | 0.941 |
| 10:23-4th |  | 94 | 106 | 0.046 | 0.954 |
| 10:06-4th |  | 94 | 106 | 0.035 | 0.965 |
| 10:03-4th |  | 94 | 106 | 0.044 | 0.956 |
| 10:00-4th |  | 96 | 106 | 0.056 | 0.944 |
| 9:39-4th |  | 96 | 108 | 0.042 | 0.958 |
| 9:27-4th |  | 96 | 108 | 0.029 | 0.971 |
| 9:09-4th |  | 96 | 110 | 0.02 | 0.98 |
| 8:56-4th |  | 98 | 110 | 0.026 | 0.974 |
| 8:36-4th |  | 98 | 112 | 0.018 | 0.982 |
| 8:13-4th |  | 98 | 112 | 0.018 | 0.982 |
| 8:10-4th |  | 98 | 112 | 0.013 | 0.987 |
| 8:06-4th |  | 98 | 112 | 0.011 | 0.989 |
| 7:49-4th |  | 98 | 114 | 0.008 | 0.992 |
| 7:38-4th |  | 101 | 114 | 0.015 | 0.985 |
| 7:22-4th |  | 101 | 116 | 0.011 | 0.989 |
| 7:01-4th |  | 103 | 116 | 0.013 | 0.987 |
| 6:42-4th |  | 103 | 118 | 0.009 | 0.991 |
| 6:25-4th |  | 106 | 118 | 0.017 | 0.983 |
| 6:24-4th |  | 106 | 118 | 0.017 | 0.983 |
| 6:04-4th |  | 106 | 118 | 0.021 | 0.979 |
| 6:00-4th |  | 106 | 118 | 0.023 | 0.977 |
| 5:51-4th |  | 108 | 118 | 0.03 | 0.97 |
| 5:46-4th |  | 108 | 118 | 0.017 | 0.983 |
| 5:40-4th |  | 108 | 121 | 0.013 | 0.987 |
| 5:26-4th |  | 111 | 121 | 0.026 | 0.974 |
| 5:11-4th |  | 111 | 123 | 0.018 | 0.982 |
| 5:05-4th |  | 111 | 123 | 0.012 | 0.988 |
| 5:02-4th |  | 111 | 123 | 0.01 | 0.99 |
| 4:45-4th |  | 111 | 123 | 0.014 | 0.986 |
| 4:43-4th |  | 111 | 123 | 0.015 | 0.985 |
| 4:37-4th |  | 111 | 123 | 0.015 | 0.985 |
| 4:33-4th |  | 114 | 123 | 0.032 | 0.968 |
| 4:24-4th |  | 114 | 125 | 0.021 | 0.979 |
| 4:15-4th |  | 114 | 125 | 0.014 | 0.986 |
| 4:12-4th |  | 114 | 125 | 0.012 | 0.988 |
| 4:06-4th |  | 114 | 125 | 0.017 | 0.983 |
| 4:03-4th |  | 114 | 125 | 0.018 | 0.982 |
| 3:56-4th |  | 116 | 125 | 0.028 | 0.972 |
| 3:45-4th |  | 116 | 127 | 0.018 | 0.982 |
| 3:29-4th |  | 116 | 127 | 0.011 | 0.989 |
| 3:26-4th |  | 116 | 127 | 0.016 | 0.984 |
| 3:20-4th |  | 116 | 127 | 0.01 | 0.99 |
| 3:16-4th |  | 116 | 127 | 0.008 | 0.992 |
| 3:08-4th |  | 116 | 128 | 0.008 | 0.992 |
| 3:06-4th |  | 116 | 128 | 0.008 | 0.992 |
| 2:54-4th |  | 118 | 128 | 0.011 | 0.989 |
| 2:42-4th |  | 118 | 128 | 0.017 | 0.983 |
| 2:25-4th |  | 120 | 128 | 0.024 | 0.976 |
| 2:00-4th |  | 120 | 130 | 0.012 | 0.988 |
| 1:47-4th |  | 120 | 130 | 0.006 | 0.994 |
| 1:44-4th |  | 120 | 130 | 0.005 | 0.995 |
| 1:42-4th |  | 120 | 132 | 0.002 | 0.998 |
| 1:29-4th |  | 120 | 132 | 0.002 | 0.998 |
| 1:26-4th |  | 120 | 132 | 0.001 | 0.999 |
| 1:13-4th |  | 120 | 134 | 0.001 | 0.999 |
| 1:02-4th |  | 122 | 134 | 0.001 | 0.999 |
| 42.9-4th |  | 122 | 134 | 0.001 | 0.999 |
| 39.6-4th |  | 122 | 134 | 0.001 | 0.999 |
| 30.7-4th |  | 122 | 134 | 0.001 | 0.999 |
| 28.8-4th |  | 122 | 134 | 0.001 | 0.999 |
| 27.9-4th |  | 122 | 134 | 0.001 | 0.999 |
| 26.9-4th |  | 122 | 134 | 0.001 | 0.999 |
| 26.2-4th |  | 122 | 134 | 0.001 | 0.999 |
| 25.3-4th |  | 122 | 134 | 0.001 | 0.999 |
| 0.7-4th |  | 122 | 134 | 0.001 | 0.999 |
| 0.0-4th |  | 122 | 134 | 0.0 | 1.0 |

Question

Which event most likely happened at the marked missing position?

Answer Choices

A. Player 7 (Team A) misses 28-foot step back jumpshot
B. Player 1 (Team B) makes 22-foot three point jumper (Player 9 (Team B) assists)
C. Player 15 (Team B) makes free throw 2 of 3
D. Player 6 (Team A) misses 15-foot jumper

Response Format

Return exactly one JSON object:

{
  "answer": "<A|B|C|D>",
  "rationale": "<brief evidence-based justification in 1-3 sentences>",
  "evidence_event_ids": [],
  "evidence_series_times": []
}

Use only event IDs and time labels that are provided above and that support the answer. Use an empty array when the corresponding evidence type is unavailable or unused. Return only the JSON object.
