Task

Reconstruct the missing event in this basketball game. Use the available numerical time-series evidence around the marked row to select the most likely event.

Game

Team A versus Team B, season 22-23.

Time Series

| Game time | Marker | Team A score | Team B score | Team A win probability | Team B win probability |
| --- | --- | --- | --- | --- | --- |
| 12:00-1st |  | 0 | 0 | 0.543 | 0.457 |
| 11:49-1st |  | 0 | 3 | 0.489 | 0.511 |
| 11:32-1st |  | 0 | 3 | 0.47 | 0.53 |
| 11:29-1st |  | 0 | 3 | 0.464 | 0.536 |
| 11:23-1st |  | 0 | 5 | 0.442 | 0.558 |
| 11:08-1st |  | 0 | 5 | 0.419 | 0.581 |
| 11:05-1st |  | 0 | 5 | 0.412 | 0.588 |
| 11:03-1st |  | 0 | 5 | 0.434 | 0.566 |
| 10:58-1st |  | 0 | 5 | 0.441 | 0.559 |
| 10:55-1st |  | 3 | 5 | 0.489 | 0.511 |
| 10:34-1st |  | 3 | 5 | 0.507 | 0.493 |
| 10:32-1st |  | 3 | 5 | 0.513 | 0.487 |
| 10:28-1st |  | 5 | 5 | 0.54 | 0.46 |
| 10:18-1st |  | 5 | 5 | 0.563 | 0.437 |
| 10:04-1st |  | 5 | 5 | 0.545 | 0.455 |
| 10:02-1st |  | 5 | 5 | 0.539 | 0.461 |
| 9:58-1st |  | 5 | 5 | 0.557 | 0.443 |
| 9:55-1st |  | 5 | 5 | 0.563 | 0.437 |
| 9:50-1st |  | 8 | 5 | 0.613 | 0.387 |
| 9:40-1st |  | 8 | 7 | 0.587 | 0.413 |
| 9:26-1st |  | 10 | 7 | 0.613 | 0.387 |
| 9:09-1st |  | 10 | 9 | 0.587 | 0.413 |
| 8:51-1st |  | 12 | 9 | 0.613 | 0.387 |
| 8:30-1st |  | 12 | 9 | 0.613 | 0.387 |
| 8:27-1st |  | 12 | 9 | 0.612 | 0.388 |
| 8:17-1st |  | 12 | 9 | 0.632 | 0.368 |
| 8:13-1st |  | 12 | 9 | 0.638 | 0.362 |
| 8:03-1st |  | 14 | 9 | 0.663 | 0.337 |
| 7:54-1st |  | 14 | 9 | 0.68 | 0.32 |
| 7:53-1st |  | 14 | 9 | 0.663 | 0.337 |
| 7:34-1st |  | 14 | 9 | 0.669 | 0.331 |
| 7:30-1st |  | 14 | 9 | 0.663 | 0.337 |
| 7:24-1st |  | 14 | 9 | 0.625 | 0.375 |
| 7:15-1st |  | 15 | 9 | 0.709 | 0.291 |
| 7:05-1st |  | 17 | 11 | 0.685 | 0.315 |
| 6:49-1st |  | 17 | 13 | 0.664 | 0.336 |
| 6:39-1st |  | 17 | 13 | 0.644 | 0.356 |
| 6:37-1st |  | 17 | 13 | 0.664 | 0.336 |
| 6:30-1st |  | 17 | 13 | 0.644 | 0.356 |
| 6:26-1st |  | 17 | 13 | 0.638 | 0.362 |
| 6:11-1st |  | 17 | 15 | 0.614 | 0.386 |
| 6:07-1st |  | 17 | 15 | 0.586 | 0.414 |
| 6:01-1st |  | 17 | 15 | 0.607 | 0.393 |
| 5:59-1st |  | 17 | 15 | 0.586 | 0.414 |
| 5:55-1st |  | 17 | 17 | 0.56 | 0.44 |
| 5:42-1st |  | 20 | 17 | 0.612 | 0.388 |
| 5:26-1st |  | 20 | 17 | 0.632 | 0.368 |
| 5:23-1st |  | 20 | 17 | 0.638 | 0.362 |
| 5:17-1st |  | 20 | 17 | 0.619 | 0.381 |
| 5:14-1st |  | 20 | 17 | 0.638 | 0.362 |
| 5:11-1st |  | 22 | 17 | 0.663 | 0.337 |
| 5:02-1st |  | 22 | 17 | 0.663 | 0.337 |
| 4:56-1st |  | 22 | 19 | 0.638 | 0.362 |
| 4:45-1st |  | 22 | 19 | 0.619 | 0.381 |
| 4:40-1st |  | 22 | 19 | 0.612 | 0.388 |
| 4:36-1st |  | 22 | 19 | 0.632 | 0.368 |
| 4:35-1st |  | 22 | 19 | 0.638 | 0.362 |
| 4:34-1st |  | 22 | 19 | 0.612 | 0.388 |
| 4:33-1st |  | 22 | 19 | 0.638 | 0.362 |
| 4:22-1st |  | 22 | 19 | 0.612 | 0.388 |
| 3:59-1st |  | 22 | 19 | 0.632 | 0.368 |
| 3:58-1st |  | 22 | 19 | 0.638 | 0.362 |
| 3:50-1st |  | 25 | 19 | 0.688 | 0.312 |
| 3:26-1st |  | 25 | 19 | 0.706 | 0.294 |
| 3:22-1st |  | 25 | 19 | 0.713 | 0.287 |
| 3:18-1st |  | 28 | 19 | 0.756 | 0.244 |
| 3:17-1st |  | 28 | 19 | 0.756 | 0.244 |
| 3:05-1st |  | 28 | 21 | 0.735 | 0.265 |
| 2:54-1st |  | 28 | 21 | 0.717 | 0.283 |
| 2:50-1st |  | 28 | 21 | 0.711 | 0.289 |
| 2:47-1st |  | 28 | 21 | 0.729 | 0.271 |
| 2:43-1st |  | 28 | 21 | 0.735 | 0.265 |
| 2:36-1st |  | 28 | 21 | 0.718 | 0.282 |
| 2:34-1st |  | 28 | 21 | 0.712 | 0.288 |
| 2:15-1st |  | 28 | 21 | 0.735 | 0.265 |
| 1:55-1st |  | 28 | 21 | 0.712 | 0.288 |
| 1:50-1st |  | 28 | 23 | 0.691 | 0.309 |
| 1:31-1st |  | 28 | 23 | 0.672 | 0.328 |
| 1:28-1st |  | 28 | 23 | 0.665 | 0.335 |
| 1:18-1st |  | 28 | 23 | 0.687 | 0.313 |
| 1:17-1st |  | 28 | 23 | 0.726 | 0.274 |
| 58.1-1st |  | 28 | 23 | 0.668 | 0.332 |
| 56.1-1st |  | 28 | 23 | 0.662 | 0.338 |
| 52.0-1st |  | 28 | 23 | 0.681 | 0.319 |
| 48.0-1st |  | 28 | 23 | 0.687 | 0.313 |
| 39.1-1st |  | 29 | 23 | 0.688 | 0.312 |
| 30.1-1st |  | 29 | 25 | 0.664 | 0.336 |
| 12.1-1st |  | 29 | 25 | 0.641 | 0.359 |
| 3.0-1st |  | 29 | 25 | 0.643 | 0.357 |
| 0.0-1st |  | 29 | 25 | 0.65 | 0.35 |
| 12:00-2nd |  | 29 | 25 | 0.65 | 0.35 |
| 11:39-2nd |  | 31 | 25 | 0.691 | 0.309 |
| 11:28-2nd |  | 31 | 27 | 0.668 | 0.332 |
| 11:03-2nd |  | 34 | 27 | 0.717 | 0.283 |
| 10:51-2nd |  | 34 | 30 | 0.668 | 0.332 |
| 10:47-2nd |  | 34 | 30 | 0.668 | 0.332 |
| 10:36-2nd |  | 34 | 30 | 0.647 | 0.353 |
| 10:31-2nd |  | 34 | 30 | 0.668 | 0.332 |
| 10:30-2nd |  | 34 | 30 | 0.647 | 0.353 |
| 10:28-2nd |  | 34 | 30 | 0.64 | 0.36 |
| 10:23-2nd |  | 34 | 30 | 0.639 | 0.361 |
| 10:12-2nd |  | 34 | 30 | 0.661 | 0.339 |
| 10:08-2nd |  | 34 | 30 | 0.639 | 0.361 |
| 10:02-2nd |  | 34 | 30 | 0.661 | 0.339 |
| 9:58-2nd |  | 34 | 30 | 0.669 | 0.331 |
| 9:50-2nd |  | 34 | 30 | 0.639 | 0.361 |
| 9:38-2nd |  | 34 | 33 | 0.584 | 0.416 |
| 9:20-2nd |  | 34 | 33 | 0.551 | 0.449 |
| 9:12-2nd |  | 34 | 35 | 0.522 | 0.478 |
| 8:53-2nd |  | 34 | 35 | 0.498 | 0.502 |
| 8:49-2nd |  | 34 | 35 | 0.49 | 0.51 |
| 8:46-2nd |  | 34 | 38 | 0.431 | 0.569 |
| 8:24-2nd |  | 36 | 38 | 0.459 | 0.541 |
| 8:08-2nd |  | 36 | 41 | 0.397 | 0.603 |
| 7:55-2nd |  | 36 | 41 | 0.374 | 0.626 |
| 7:51-2nd |  | 36 | 41 | 0.366 | 0.634 |
| 7:46-2nd |  | 36 | 42 | 0.369 | 0.631 |
| 7:34-2nd | TARGET | 40 | 42 | 0.457 | 0.543 |
| 7:23-2nd |  | 40 | 42 | 0.481 | 0.519 |
| 7:20-2nd |  | 40 | 42 | 0.489 | 0.511 |
| 7:16-2nd |  | 40 | 42 | 0.464 | 0.536 |
| 7:12-2nd |  | 40 | 42 | 0.456 | 0.544 |
| 7:05-2nd |  | 40 | 42 | 0.48 | 0.52 |
| 7:02-2nd |  | 40 | 42 | 0.489 | 0.511 |
| 6:57-2nd |  | 42 | 42 | 0.519 | 0.481 |
| 6:47-2nd |  | 42 | 42 | 0.472 | 0.528 |
| 6:41-2nd |  | 42 | 42 | 0.551 | 0.449 |
| 6:30-2nd |  | 45 | 42 | 0.611 | 0.389 |
| 6:16-2nd |  | 45 | 42 | 0.644 | 0.356 |
| 6:07-2nd |  | 47 | 42 | 0.67 | 0.33 |
| 5:55-2nd |  | 47 | 44 | 0.644 | 0.356 |
| 5:38-2nd |  | 47 | 44 | 0.643 | 0.357 |
| 5:24-2nd |  | 47 | 44 | 0.611 | 0.389 |
| 5:11-2nd |  | 47 | 44 | 0.644 | 0.356 |
| 5:06-2nd |  | 49 | 44 | 0.671 | 0.329 |
| 4:54-2nd |  | 49 | 44 | 0.701 | 0.299 |
| 4:41-2nd |  | 51 | 44 | 0.728 | 0.272 |
| 4:23-2nd |  | 51 | 47 | 0.673 | 0.327 |
| 4:09-2nd |  | 51 | 47 | 0.642 | 0.358 |
| 4:06-2nd |  | 51 | 47 | 0.673 | 0.327 |
| 4:02-2nd |  | 51 | 47 | 0.673 | 0.327 |
| 3:41-2nd |  | 51 | 47 | 0.643 | 0.357 |
| 3:32-2nd |  | 51 | 50 | 0.581 | 0.419 |
| 3:16-2nd |  | 54 | 50 | 0.641 | 0.359 |
| 3:09-2nd |  | 54 | 50 | 0.666 | 0.334 |
| 3:04-2nd |  | 54 | 50 | 0.675 | 0.325 |
| 2:53-2nd |  | 54 | 50 | 0.65 | 0.35 |
| 2:49-2nd |  | 54 | 50 | 0.641 | 0.359 |
| 2:38-2nd |  | 54 | 50 | 0.667 | 0.333 |
| 2:35-2nd |  | 54 | 50 | 0.676 | 0.324 |
| 2:31-2nd |  | 54 | 50 | 0.65 | 0.35 |
| 2:28-2nd |  | 54 | 50 | 0.641 | 0.359 |
| 2:16-2nd |  | 54 | 50 | 0.668 | 0.332 |
| 2:13-2nd |  | 54 | 50 | 0.677 | 0.323 |
| 2:01-2nd |  | 54 | 50 | 0.677 | 0.323 |
| 1:55-2nd |  | 56 | 50 | 0.703 | 0.297 |
| 1:44-2nd |  | 56 | 53 | 0.648 | 0.352 |
| 1:25-2nd |  | 58 | 53 | 0.675 | 0.325 |
| 1:15-2nd |  | 58 | 53 | 0.7 | 0.3 |
| 1:11-2nd |  | 58 | 53 | 0.708 | 0.292 |
| 1:06-2nd |  | 60 | 53 | 0.736 | 0.264 |
| 52.2-2nd |  | 60 | 53 | 0.767 | 0.233 |
| 49.1-2nd |  | 62 | 53 | 0.792 | 0.208 |
| 38.1-2nd |  | 62 | 53 | 0.814 | 0.186 |
| 32.1-2nd |  | 62 | 53 | 0.798 | 0.202 |
| 29.0-2nd |  | 62 | 53 | 0.793 | 0.207 |
| 10.0-2nd |  | 62 | 55 | 0.767 | 0.233 |
| 1.2-2nd |  | 62 | 55 | 0.743 | 0.257 |
| 0.0-2nd |  | 62 | 55 | 0.751 | 0.249 |
| 12:00-3rd |  | 62 | 55 | 0.751 | 0.249 |
| 11:42-3rd |  | 62 | 55 | 0.751 | 0.249 |
| 11:40-3rd |  | 62 | 55 | 0.744 | 0.256 |
| 11:37-3rd |  | 62 | 58 | 0.682 | 0.318 |
| 11:21-3rd |  | 64 | 58 | 0.713 | 0.287 |
| 11:01-3rd |  | 64 | 60 | 0.682 | 0.318 |
| 10:42-3rd |  | 67 | 60 | 0.745 | 0.255 |
| 10:19-3rd |  | 67 | 62 | 0.716 | 0.284 |
| 10:05-3rd |  | 69 | 62 | 0.747 | 0.253 |
| 9:44-3rd |  | 69 | 62 | 0.779 | 0.221 |
| 9:31-3rd |  | 69 | 62 | 0.757 | 0.243 |
| 9:25-3rd |  | 69 | 62 | 0.749 | 0.251 |
| 9:23-3rd |  | 69 | 62 | 0.748 | 0.252 |
| 9:11-3rd |  | 69 | 62 | 0.773 | 0.227 |
| 9:07-3rd |  | 69 | 62 | 0.781 | 0.219 |
| 9:04-3rd |  | 72 | 62 | 0.831 | 0.169 |
| 8:48-3rd |  | 72 | 62 | 0.856 | 0.144 |
| 8:39-3rd |  | 72 | 62 | 0.833 | 0.167 |
| 8:22-3rd |  | 72 | 62 | 0.841 | 0.159 |
| 8:19-3rd |  | 72 | 62 | 0.835 | 0.165 |
| 8:08-3rd |  | 72 | 64 | 0.81 | 0.19 |
| 7:55-3rd |  | 72 | 64 | 0.79 | 0.21 |
| 7:52-3rd |  | 72 | 64 | 0.811 | 0.189 |
| 7:51-3rd |  | 74 | 64 | 0.838 | 0.162 |
| 7:38-3rd |  | 74 | 66 | 0.812 | 0.188 |
| 7:28-3rd |  | 74 | 66 | 0.793 | 0.207 |
| 7:25-3rd |  | 74 | 66 | 0.786 | 0.214 |
| 7:13-3rd |  | 74 | 66 | 0.808 | 0.192 |
| 7:11-3rd |  | 74 | 66 | 0.815 | 0.185 |
| 7:04-3rd |  | 76 | 66 | 0.842 | 0.158 |
| 6:54-3rd |  | 76 | 66 | 0.86 | 0.14 |
| 6:48-3rd |  | 76 | 66 | 0.867 | 0.133 |
| 6:39-3rd |  | 77 | 66 | 0.867 | 0.133 |
| 6:36-3rd |  | 77 | 66 | 0.867 | 0.133 |
| 6:16-3rd |  | 77 | 66 | 0.884 | 0.116 |
| 6:14-3rd |  | 77 | 66 | 0.89 | 0.11 |
| 6:12-3rd |  | 79 | 66 | 0.907 | 0.093 |
| 5:51-3rd |  | 79 | 69 | 0.872 | 0.128 |
| 5:36-3rd |  | 81 | 69 | 0.894 | 0.106 |
| 5:16-3rd |  | 81 | 71 | 0.875 | 0.125 |
| 5:10-3rd |  | 84 | 71 | 0.912 | 0.088 |
| 4:56-3rd |  | 84 | 71 | 0.931 | 0.069 |
| 4:51-3rd |  | 84 | 71 | 0.919 | 0.081 |
| 4:48-3rd |  | 84 | 71 | 0.914 | 0.086 |
| 4:36-3rd |  | 84 | 71 | 0.933 | 0.067 |
| 4:31-3rd |  | 84 | 71 | 0.92 | 0.08 |
| 4:27-3rd |  | 84 | 71 | 0.916 | 0.084 |
| 4:11-3rd |  | 84 | 71 | 0.931 | 0.069 |
| 4:05-3rd |  | 84 | 71 | 0.936 | 0.064 |
| 3:52-3rd |  | 84 | 71 | 0.924 | 0.076 |
| 3:47-3rd |  | 84 | 71 | 0.92 | 0.08 |
| 3:40-3rd |  | 84 | 71 | 0.938 | 0.062 |
| 3:37-3rd |  | 86 | 71 | 0.95 | 0.05 |
| 3:22-3rd |  | 86 | 71 | 0.958 | 0.042 |
| 3:21-3rd |  | 86 | 71 | 0.951 | 0.049 |
| 3:18-3rd |  | 86 | 71 | 0.959 | 0.041 |
| 3:16-3rd |  | 86 | 71 | 0.961 | 0.039 |
| 3:08-3rd |  | 88 | 71 | 0.97 | 0.03 |
| 2:53-3rd |  | 88 | 73 | 0.963 | 0.037 |
| 2:35-3rd |  | 88 | 73 | 0.957 | 0.043 |
| 2:33-3rd |  | 88 | 73 | 0.955 | 0.045 |
| 2:15-3rd |  | 88 | 73 | 0.963 | 0.037 |
| 2:13-3rd |  | 88 | 73 | 0.957 | 0.043 |
| 2:12-3rd |  | 88 | 76 | 0.915 | 0.085 |
| 1:54-3rd |  | 88 | 76 | 0.921 | 0.079 |
| 1:49-3rd |  | 90 | 76 | 0.948 | 0.052 |
| 1:29-3rd |  | 90 | 78 | 0.936 | 0.064 |
| 1:08-3rd |  | 92 | 78 | 0.952 | 0.048 |
| 44.1-3rd |  | 92 | 81 | 0.925 | 0.075 |
| 30.1-3rd |  | 92 | 81 | 0.912 | 0.088 |
| 27.2-3rd |  | 92 | 81 | 0.907 | 0.093 |
| 9.0-3rd |  | 92 | 83 | 0.887 | 0.113 |
| 3.1-3rd |  | 94 | 83 | 0.91 | 0.09 |
| 0.0-3rd |  | 94 | 83 | 0.915 | 0.085 |
| 12:00-4th |  | 94 | 83 | 0.915 | 0.085 |
| 11:44-4th |  | 94 | 83 | 0.932 | 0.068 |
| 11:40-4th |  | 94 | 85 | 0.891 | 0.109 |
| 11:28-4th |  | 96 | 85 | 0.915 | 0.085 |
| 11:13-4th |  | 96 | 85 | 0.931 | 0.069 |
| 11:11-4th |  | 96 | 85 | 0.933 | 0.067 |
| 11:08-4th |  | 96 | 85 | 0.914 | 0.086 |
| 11:07-4th |  | 96 | 85 | 0.929 | 0.071 |
| 11:03-4th |  | 96 | 85 | 0.934 | 0.066 |
| 10:54-4th |  | 96 | 85 | 0.921 | 0.079 |
| 10:51-4th |  | 96 | 85 | 0.916 | 0.084 |
| 10:41-4th |  | 96 | 85 | 0.932 | 0.068 |
| 10:33-4th |  | 96 | 85 | 0.919 | 0.081 |
| 10:30-4th |  | 96 | 85 | 0.933 | 0.067 |
| 10:28-4th |  | 96 | 85 | 0.938 | 0.062 |
| 10:20-4th |  | 96 | 85 | 0.925 | 0.075 |
| 10:16-4th |  | 96 | 85 | 0.921 | 0.079 |
| 10:11-4th |  | 96 | 87 | 0.9 | 0.1 |
| 9:58-4th |  | 98 | 87 | 0.924 | 0.076 |
| 9:46-4th |  | 98 | 87 | 0.939 | 0.061 |
| 9:44-4th |  | 98 | 87 | 0.926 | 0.074 |
| 9:39-4th |  | 98 | 87 | 0.919 | 0.081 |
| 9:28-4th |  | 98 | 87 | 0.943 | 0.057 |
| 9:13-4th |  | 98 | 87 | 0.931 | 0.069 |
| 9:10-4th |  | 98 | 87 | 0.927 | 0.073 |
| 9:00-4th |  | 98 | 89 | 0.908 | 0.092 |
| 8:45-4th |  | 100 | 89 | 0.932 | 0.068 |
| 8:21-4th |  | 100 | 89 | 0.952 | 0.048 |
| 8:10-4th |  | 100 | 89 | 0.941 | 0.059 |
| 8:07-4th |  | 100 | 89 | 0.937 | 0.063 |
| 7:56-4th |  | 100 | 92 | 0.894 | 0.106 |
| 7:27-4th |  | 100 | 92 | 0.876 | 0.124 |
| 7:23-4th |  | 100 | 92 | 0.869 | 0.131 |
| 7:13-4th |  | 100 | 92 | 0.904 | 0.096 |
| 7:09-4th |  | 100 | 92 | 0.881 | 0.119 |
| 7:07-4th |  | 100 | 92 | 0.905 | 0.095 |
| 7:05-4th |  | 102 | 92 | 0.927 | 0.073 |
| 6:40-4th |  | 102 | 92 | 0.947 | 0.053 |
| 6:37-4th |  | 102 | 92 | 0.952 | 0.048 |
| 6:28-4th |  | 104 | 92 | 0.967 | 0.033 |
| 6:13-4th |  | 104 | 92 | 0.944 | 0.056 |
| 6:01-4th |  | 104 | 94 | 0.956 | 0.044 |
| 5:36-4th |  | 104 | 94 | 0.947 | 0.053 |
| 5:34-4th |  | 104 | 94 | 0.942 | 0.058 |
| 5:29-4th |  | 104 | 94 | 0.957 | 0.043 |
| 5:25-4th |  | 104 | 94 | 0.944 | 0.056 |
| 5:16-4th |  | 104 | 96 | 0.925 | 0.075 |
| 5:01-4th |  | 104 | 96 | 0.908 | 0.092 |
| 4:59-4th |  | 104 | 96 | 0.902 | 0.098 |
| 4:49-4th |  | 104 | 96 | 0.924 | 0.076 |
| 4:45-4th |  | 104 | 96 | 0.932 | 0.068 |
| 4:28-4th |  | 106 | 96 | 0.955 | 0.045 |
| 4:05-4th |  | 106 | 96 | 0.975 | 0.025 |
| 3:50-4th |  | 108 | 96 | 0.986 | 0.014 |
| 3:32-4th |  | 108 | 96 | 0.992 | 0.008 |
| 3:27-4th |  | 108 | 96 | 0.988 | 0.012 |
| 3:25-4th |  | 108 | 96 | 0.992 | 0.008 |
| 3:22-4th |  | 108 | 96 | 0.989 | 0.011 |
| 3:02-4th |  | 108 | 96 | 0.994 | 0.006 |
| 3:00-4th |  | 108 | 96 | 0.995 | 0.005 |
| 2:45-4th |  | 108 | 96 | 0.993 | 0.007 |
| 2:34-4th |  | 108 | 96 | 0.997 | 0.003 |
| 2:31-4th |  | 110 | 96 | 0.998 | 0.002 |
| 2:18-4th |  | 110 | 96 | 0.999 | 0.001 |
| 2:09-4th |  | 110 | 96 | 0.999 | 0.001 |
| 1:56-4th |  | 112 | 96 | 0.999 | 0.001 |
| 1:35-4th |  | 112 | 99 | 0.999 | 0.001 |
| 1:25-4th |  | 112 | 99 | 0.999 | 0.001 |
| 1:23-4th |  | 112 | 99 | 0.999 | 0.001 |
| 1:08-4th |  | 112 | 100 | 0.999 | 0.001 |
| 51.1-4th |  | 112 | 100 | 0.999 | 0.001 |
| 47.1-4th |  | 112 | 100 | 0.999 | 0.001 |
| 43.1-4th |  | 112 | 100 | 0.999 | 0.001 |
| 39.0-4th |  | 112 | 100 | 0.999 | 0.001 |
| 17.1-4th |  | 112 | 100 | 0.999 | 0.001 |
| 0.0-4th |  | 112 | 100 | 1.0 | 0.0 |

Question

Which event most likely happened at the marked missing position?

Answer Choices

A. Player 5 (Team A) makes 28-foot three point jumper (Player 7 (Team A) assists)
B. Player 2 (Team A) makes 25-foot three pointer (Player 19 (Team A) assists) | Player 6 (Team B) shooting foul | Player 19 (Team B) enters the game for Player 15 (Team B) | Player 2 (Team A) makes free throw 1 of 1
C. Player 18 (Team A) makes layup (Player 17 (Team B) assists)
D. Player 2 (Team B) makes free throw 2 of 2

Response Format

Return exactly one JSON object:

{
  "answer": "<A|B|C|D>",
  "rationale": "<brief evidence-based justification in 1-3 sentences>",
  "evidence_event_ids": [],
  "evidence_series_times": []
}

Use only event IDs and time labels that are provided above and that support the answer. Use an empty array when the corresponding evidence type is unavailable or unused. Return only the JSON object.
