Task

Reconstruct the missing event in this basketball game. Use the available numerical time-series evidence around the marked row to select the most likely event.

Game

Team A versus Team B, season 22-23.

Time Series

| Game time | Marker | Team A score | Team B score | Team A win probability | Team B win probability |
| --- | --- | --- | --- | --- | --- |
| 12:00-1st |  | 0.0 | 0.0 | 0.505 | 0.495 |
| 11:37-1st |  | 0.0 | 2.0 | 0.475 | 0.525 |
| 11:20-1st |  | 0.0 | 2.0 | 0.457 | 0.543 |
| 11:19-1st |  | 0.0 | 2.0 | 0.475 | 0.525 |
| 11:18-1st |  | 1.0 | 2.0 | 0.476 | 0.524 |
| 10:54-1st |  | 1.0 | 4.0 | 0.452 | 0.548 |
| 10:28-1st |  | 1.0 | 4.0 | 0.431 | 0.569 |
| 10:26-1st |  | 1.0 | 4.0 | 0.424 | 0.576 |
| 10:21-1st |  | 1.0 | 7.0 | 0.372 | 0.628 |
| 10:07-1st |  | 1.0 | 7.0 | 0.349 | 0.651 |
| 9:46-1st |  | 1.0 | 7.0 | 0.366 | 0.634 |
| 9:43-1st |  | 1.0 | 7.0 | 0.372 | 0.628 |
| 9:40-1st |  | 4.0 | 7.0 | 0.423 | 0.577 |
| 9:22-1st |  | 4.0 | 9.0 | 0.399 | 0.601 |
| 9:10-1st |  | 4.0 | 9.0 | 0.374 | 0.626 |
| 8:58-1st |  | 4.0 | 9.0 | 0.392 | 0.608 |
| 8:54-1st |  | 4.0 | 9.0 | 0.399 | 0.601 |
| 8:45-1st |  | 6.0 | 9.0 | 0.422 | 0.578 |
| 8:33-1st |  | 6.0 | 9.0 | 0.449 | 0.551 |
| 8:29-1st |  | 8.0 | 9.0 | 0.474 | 0.526 |
| 8:09-1st |  | 8.0 | 11.0 | 0.449 | 0.551 |
| 7:47-1st |  | 8.0 | 11.0 | 0.428 | 0.572 |
| 7:42-1st |  | 10.0 | 11.0 | 0.473 | 0.527 |
| 7:12-1st |  | 10.0 | 11.0 | 0.493 | 0.507 |
| 7:09-1st |  | 10.0 | 11.0 | 0.473 | 0.527 |
| 7:03-1st |  | 10.0 | 14.0 | 0.422 | 0.578 |
| 6:45-1st |  | 10.0 | 14.0 | 0.395 | 0.605 |
| 6:39-1st |  | 10.0 | 17.0 | 0.344 | 0.656 |
| 6:38-1st |  | 10.0 | 17.0 | 0.344 | 0.656 |
| 6:24-1st |  | 10.0 | 17.0 | 0.325 | 0.675 |
| 6:22-1st |  | 12.0 | 17.0 | 0.368 | 0.632 |
| 6:04-1st |  | 12.0 | 19.0 | 0.342 | 0.658 |
| 5:45-1st |  | 12.0 | 19.0 | 0.324 | 0.676 |
| 5:43-1st |  | 12.0 | 19.0 | 0.318 | 0.682 |
| 5:33-1st |  | 12.0 | 21.0 | 0.292 | 0.708 |
| 5:20-1st |  | 14.0 | 21.0 | 0.317 | 0.683 |
| 5:04-1st |  | 14.0 | 21.0 | 0.34 | 0.66 |
| 5:01-1st |  | 16.0 | 21.0 | 0.365 | 0.635 |
| 4:41-1st |  | 16.0 | 21.0 | 0.362 | 0.638 |
| 4:29-1st |  | 16.0 | 22.0 | 0.365 | 0.635 |
| 4:16-1st |  | 19.0 | 22.0 | 0.417 | 0.583 |
| 3:57-1st |  | 19.0 | 22.0 | 0.436 | 0.564 |
| 3:55-1st |  | 19.0 | 22.0 | 0.443 | 0.557 |
| 3:50-1st |  | 19.0 | 22.0 | 0.416 | 0.584 |
| 3:46-1st |  | 19.0 | 24.0 | 0.389 | 0.611 |
| 3:36-1st |  | 22.0 | 24.0 | 0.442 | 0.558 |
| 3:13-1st |  | 22.0 | 24.0 | 0.464 | 0.536 |
| 3:10-1st |  | 22.0 | 24.0 | 0.471 | 0.529 |
| 3:04-1st |  | 22.0 | 24.0 | 0.449 | 0.551 |
| 3:01-1st |  | 22.0 | 24.0 | 0.441 | 0.559 |
| 2:45-1st |  | 22.0 | 24.0 | 0.464 | 0.536 |
| 2:42-1st |  | 22.0 | 24.0 | 0.471 | 0.529 |
| 2:36-1st |  | 22.0 | 24.0 | 0.441 | 0.559 |
| 2:32-1st |  | 22.0 | 25.0 | 0.443 | 0.557 |
| 2:21-1st |  | 25.0 | 25.0 | 0.498 | 0.502 |
| 1:55-1st |  | 25.0 | 25.0 | 0.526 | 0.474 |
| 1:44-1st |  | 25.0 | 25.0 | 0.505 | 0.495 |
| 1:42-1st |  | 25.0 | 25.0 | 0.498 | 0.502 |
| 1:35-1st |  | 25.0 | 25.0 | 0.519 | 0.481 |
| 1:31-1st |  | 25.0 | 25.0 | 0.526 | 0.474 |
| 1:26-1st |  | 25.0 | 25.0 | 0.526 | 0.474 |
| 1:18-1st |  | 25.0 | 25.0 | 0.505 | 0.495 |
| 1:17-1st |  | 25.0 | 25.0 | 0.498 | 0.502 |
| 1:01-1st |  | 25.0 | 27.0 | 0.47 | 0.53 |
| 46.1-1st |  | 25.0 | 27.0 | 0.447 | 0.553 |
| 44.1-1st |  | 25.0 | 27.0 | 0.439 | 0.561 |
| 31.1-1st |  | 25.0 | 27.0 | 0.462 | 0.538 |
| 29.1-1st |  | 25.0 | 27.0 | 0.469 | 0.531 |
| 15.1-1st |  | 27.0 | 27.0 | 0.497 | 0.503 |
| 1.0-1st |  | 27.0 | 29.0 | 0.466 | 0.534 |
| 0.0-1st |  | 27.0 | 29.0 | 0.455 | 0.545 |
| 12:00-2nd |  | 27.0 | 29.0 | 0.455 | 0.545 |
| 11:45-2nd |  | 29.0 | 29.0 | 0.496 | 0.504 |
| 11:31-2nd |  | 29.0 | 29.0 | 0.526 | 0.474 |
| 11:17-2nd |  | 29.0 | 29.0 | 0.503 | 0.497 |
| 11:14-2nd |  | 29.0 | 29.0 | 0.496 | 0.504 |
| 11:04-2nd |  | 29.0 | 29.0 | 0.518 | 0.482 |
| 11:02-2nd |  | 29.0 | 29.0 | 0.526 | 0.474 |
| 10:57-2nd |  | 32.0 | 29.0 | 0.582 | 0.418 |
| 10:42-2nd |  | 32.0 | 29.0 | 0.606 | 0.394 |
| 10:40-2nd |  | 32.0 | 29.0 | 0.614 | 0.386 |
| 10:32-2nd |  | 35.0 | 29.0 | 0.667 | 0.333 |
| 10:24-2nd |  | 35.0 | 32.0 | 0.614 | 0.386 |
| 10:09-2nd |  | 35.0 | 32.0 | 0.591 | 0.409 |
| 10:06-2nd |  | 35.0 | 32.0 | 0.583 | 0.417 |
| 10:00-2nd |  | 35.0 | 35.0 | 0.527 | 0.473 |
| 9:41-2nd |  | 35.0 | 35.0 | 0.502 | 0.498 |
| 9:38-2nd |  | 35.0 | 35.0 | 0.494 | 0.506 |
| 9:30-2nd |  | 35.0 | 37.0 | 0.464 | 0.536 |
| 9:17-2nd |  | 37.0 | 37.0 | 0.494 | 0.506 |
| 8:54-2nd |  | 37.0 | 37.0 | 0.518 | 0.482 |
| 8:53-2nd |  | 37.0 | 39.0 | 0.465 | 0.535 |
| 8:40-2nd |  | 40.0 | 39.0 | 0.525 | 0.475 |
| 8:29-2nd |  | 40.0 | 39.0 | 0.547 | 0.453 |
| 8:27-2nd |  | 40.0 | 39.0 | 0.555 | 0.445 |
| 8:22-2nd |  | 41.0 | 39.0 | 0.556 | 0.444 |
| 8:14-2nd |  | 41.0 | 39.0 | 0.558 | 0.442 |
| 8:01-2nd |  | 41.0 | 39.0 | 0.579 | 0.421 |
| 7:59-2nd |  | 41.0 | 39.0 | 0.587 | 0.413 |
| 7:51-2nd |  | 41.0 | 39.0 | 0.564 | 0.436 |
| 7:46-2nd |  | 41.0 | 39.0 | 0.557 | 0.443 |
| 7:40-2nd |  | 41.0 | 39.0 | 0.587 | 0.413 |
| 7:36-2nd |  | 43.0 | 39.0 | 0.617 | 0.383 |
| 7:20-2nd |  | 43.0 | 39.0 | 0.647 | 0.353 |
| 7:14-2nd |  | 43.0 | 39.0 | 0.625 | 0.375 |
| 7:12-2nd |  | 43.0 | 39.0 | 0.625 | 0.375 |
| 7:11-2nd |  | 43.0 | 39.0 | 0.617 | 0.383 |
| 7:01-2nd |  | 43.0 | 41.0 | 0.588 | 0.412 |
| 6:45-2nd |  | 43.0 | 41.0 | 0.565 | 0.435 |
| 6:42-2nd |  | 45.0 | 41.0 | 0.618 | 0.382 |
| 6:28-2nd |  | 45.0 | 44.0 | 0.556 | 0.444 |
| 6:15-2nd |  | 45.0 | 44.0 | 0.533 | 0.467 |
| 6:13-2nd |  | 45.0 | 44.0 | 0.526 | 0.474 |
| 6:10-2nd |  | 45.0 | 44.0 | 0.549 | 0.451 |
| 6:09-2nd |  | 45.0 | 44.0 | 0.55 | 0.45 |
| 6:06-2nd |  | 45.0 | 44.0 | 0.526 | 0.474 |
| 6:03-2nd |  | 45.0 | 44.0 | 0.549 | 0.451 |
| 6:02-2nd |  | 45.0 | 44.0 | 0.549 | 0.451 |
| 6:01-2nd |  | 45.0 | 44.0 | 0.526 | 0.474 |
| 6:00-2nd |  | 45.0 | 46.0 | 0.493 | 0.507 |
| 5:46-2nd |  | 45.0 | 46.0 | 0.47 | 0.53 |
| 5:44-2nd |  | 45.0 | 46.0 | 0.493 | 0.507 |
| 5:40-2nd |  | 45.0 | 46.0 | 0.462 | 0.538 |
| 5:30-2nd |  | 45.0 | 48.0 | 0.432 | 0.568 |
| 5:12-2nd |  | 45.0 | 48.0 | 0.408 | 0.592 |
| 5:09-2nd |  | 45.0 | 48.0 | 0.431 | 0.569 |
| 5:05-2nd |  | 47.0 | 48.0 | 0.461 | 0.539 |
| 4:52-2nd |  | 47.0 | 48.0 | 0.484 | 0.516 |
| 4:50-2nd |  | 47.0 | 48.0 | 0.492 | 0.508 |
| 4:44-2nd |  | 47.0 | 48.0 | 0.468 | 0.532 |
| 4:41-2nd |  | 47.0 | 48.0 | 0.46 | 0.54 |
| 4:24-2nd |  | 47.0 | 50.0 | 0.429 | 0.571 |
| 4:07-2nd |  | 47.0 | 50.0 | 0.404 | 0.596 |
| 4:05-2nd |  | 47.0 | 50.0 | 0.404 | 0.596 |
| 4:04-2nd |  | 47.0 | 50.0 | 0.396 | 0.604 |
| 3:54-2nd |  | 47.0 | 52.0 | 0.365 | 0.635 |
| 3:40-2nd |  | 49.0 | 52.0 | 0.396 | 0.604 |
| 3:29-2nd |  | 49.0 | 54.0 | 0.364 | 0.636 |
| 3:27-2nd |  | 49.0 | 54.0 | 0.364 | 0.636 |
| 3:19-2nd |  | 51.0 | 54.0 | 0.395 | 0.605 |
| 3:06-2nd |  | 51.0 | 54.0 | 0.418 | 0.582 |
| 3:04-2nd |  | 51.0 | 54.0 | 0.425 | 0.575 |
| 2:58-2nd |  | 51.0 | 54.0 | 0.401 | 0.599 |
| 2:55-2nd |  | 51.0 | 54.0 | 0.393 | 0.607 |
| 2:47-2nd |  | 51.0 | 54.0 | 0.417 | 0.583 |
| 2:40-2nd |  | 51.0 | 54.0 | 0.424 | 0.576 |
| 2:34-2nd |  | 51.0 | 54.0 | 0.4 | 0.6 |
| 2:32-2nd |  | 51.0 | 54.0 | 0.392 | 0.608 |
| 2:28-2nd |  | 51.0 | 54.0 | 0.416 | 0.584 |
| 2:27-2nd |  | 51.0 | 56.0 | 0.36 | 0.64 |
| 2:12-2nd |  | 53.0 | 56.0 | 0.391 | 0.609 |
| 1:52-2nd |  | 53.0 | 58.0 | 0.359 | 0.641 |
| 1:35-2nd |  | 53.0 | 58.0 | 0.333 | 0.667 |
| 1:33-2nd |  | 53.0 | 58.0 | 0.324 | 0.676 |
| 1:21-2nd |  | 53.0 | 58.0 | 0.357 | 0.643 |
| 1:14-2nd |  | 53.0 | 60.0 | 0.293 | 0.707 |
| 59.1-2nd |  | 53.0 | 60.0 | 0.269 | 0.731 |
| 56.1-2nd |  | 53.0 | 60.0 | 0.262 | 0.738 |
| 43.0-2nd |  | 53.0 | 63.0 | 0.207 | 0.793 |
| 30.0-2nd |  | 55.0 | 63.0 | 0.236 | 0.764 |
| 12.2-2nd |  | 55.0 | 65.0 | 0.206 | 0.794 |
| 5.1-2nd |  | 55.0 | 65.0 | 0.244 | 0.756 |
| 0.1-2nd |  | 55.0 | 65.0 | 0.187 | 0.813 |
| 0.0-2nd |  | 55.0 | 65.0 | 0.194 | 0.806 |
| 12:00-3rd |  | 55.0 | 65.0 | 0.194 | 0.806 |
| 11:51-3rd |  | 55.0 | 65.0 | 0.185 | 0.815 |
| 11:49-3rd |  | 55.0 | 65.0 | 0.178 | 0.822 |
| 11:42-3rd |  | 55.0 | 68.0 | 0.133 | 0.867 |
| 11:33-3rd |  | 55.0 | 68.0 | 0.116 | 0.884 |
| 11:28-3rd |  | 56.0 | 68.0 | 0.134 | 0.866 |
| 11:26-3rd |  | 56.0 | 68.0 | 0.133 | 0.867 |
| 11:12-3rd |  | 56.0 | 68.0 | 0.147 | 0.853 |
| 11:09-3rd |  | 56.0 | 68.0 | 0.132 | 0.868 |
| 11:07-3rd |  | 56.0 | 68.0 | 0.146 | 0.854 |
| 11:04-3rd |  | 56.0 | 68.0 | 0.151 | 0.849 |
| 11:01-3rd |  | 56.0 | 68.0 | 0.151 | 0.849 |
| 10:57-3rd |  | 58.0 | 68.0 | 0.173 | 0.827 |
| 10:43-3rd |  | 58.0 | 68.0 | 0.191 | 0.809 |
| 10:41-3rd |  | 58.0 | 68.0 | 0.172 | 0.828 |
| 10:39-3rd |  | 58.0 | 70.0 | 0.149 | 0.851 |
| 10:20-3rd |  | 58.0 | 70.0 | 0.127 | 0.873 |
| 10:17-3rd |  | 58.0 | 70.0 | 0.142 | 0.858 |
| 10:15-3rd |  | 58.0 | 70.0 | 0.147 | 0.853 |
| 10:08-3rd |  | 58.0 | 70.0 | 0.131 | 0.869 |
| 10:05-3rd |  | 58.0 | 70.0 | 0.126 | 0.874 |
| 9:59-3rd |  | 58.0 | 70.0 | 0.145 | 0.855 |
| 9:52-3rd |  | 58.0 | 70.0 | 0.139 | 0.861 |
| 9:50-3rd |  | 58.0 | 70.0 | 0.144 | 0.856 |
| 9:43-3rd |  | 58.0 | 70.0 | 0.144 | 0.856 |
| 9:32-3rd |  | 61.0 | 70.0 | 0.189 | 0.811 |
| 9:16-3rd |  | 61.0 | 70.0 | 0.209 | 0.791 |
| 9:15-3rd |  | 61.0 | 73.0 | 0.141 | 0.859 |
| 9:03-3rd |  | 61.0 | 73.0 | 0.14 | 0.86 |
| 8:51-3rd |  | 61.0 | 73.0 | 0.124 | 0.876 |
| 8:48-3rd |  | 63.0 | 73.0 | 0.16 | 0.84 |
| 8:35-3rd |  | 63.0 | 73.0 | 0.178 | 0.822 |
| 8:34-3rd |  | 63.0 | 73.0 | 0.184 | 0.816 |
| 8:26-3rd |  | 63.0 | 73.0 | 0.164 | 0.836 |
| 8:22-3rd |  | 63.0 | 73.0 | 0.158 | 0.842 |
| 8:11-3rd |  | 63.0 | 73.0 | 0.176 | 0.824 |
| 8:09-3rd |  | 63.0 | 73.0 | 0.182 | 0.818 |
| 8:02-3rd |  | 64.0 | 73.0 | 0.181 | 0.819 |
| 7:49-3rd |  | 64.0 | 76.0 | 0.133 | 0.867 |
| 7:35-3rd |  | 66.0 | 76.0 | 0.153 | 0.847 |
| 7:18-3rd |  | 66.0 | 76.0 | 0.17 | 0.83 |
| 7:16-3rd |  | 66.0 | 76.0 | 0.176 | 0.824 |
| 7:07-3rd |  | 68.0 | 76.0 | 0.202 | 0.798 |
| 6:51-3rd |  | 68.0 | 76.0 | 0.223 | 0.777 |
| 6:49-3rd |  | 68.0 | 76.0 | 0.23 | 0.77 |
| 6:47-3rd |  | 68.0 | 76.0 | 0.2 | 0.8 |
| 6:36-3rd |  | 68.0 | 76.0 | 0.221 | 0.779 |
| 6:33-3rd |  | 68.0 | 76.0 | 0.228 | 0.772 |
| 6:32-3rd |  | 68.0 | 76.0 | 0.198 | 0.802 |
| 6:28-3rd |  | 68.0 | 76.0 | 0.22 | 0.78 |
| 6:26-3rd |  | 68.0 | 76.0 | 0.227 | 0.773 |
| 6:22-3rd |  | 70.0 | 76.0 | 0.257 | 0.743 |
| 6:13-3rd |  | 70.0 | 76.0 | 0.291 | 0.709 |
| 6:09-3rd |  | 71.0 | 76.0 | 0.327 | 0.673 |
| 6:07-3rd |  | 73.0 | 76.0 | 0.364 | 0.636 |
| 5:51-3rd |  | 73.0 | 76.0 | 0.365 | 0.635 |
| 5:41-3rd |  | 73.0 | 78.0 | 0.326 | 0.674 |
| 5:21-3rd |  | 75.0 | 78.0 | 0.361 | 0.639 |
| 5:02-3rd |  | 75.0 | 78.0 | 0.305 | 0.695 |
| 4:51-3rd | TARGET | 75.0 | 78.0 | 0.401 | 0.599 |
| 4:45-3rd |  | 77.0 | 78.0 | 0.44 | 0.56 |
| 4:23-3rd |  | 77.0 | 78.0 | 0.484 | 0.516 |
| 4:19-3rd |  | 79.0 | 78.0 | 0.526 | 0.474 |
| 4:18-3rd |  | 79.0 | 78.0 | 0.526 | 0.474 |
| 3:55-3rd |  | 79.0 | 78.0 | 0.56 | 0.44 |
| 3:52-3rd |  | 79.0 | 78.0 | 0.572 | 0.428 |
| 3:45-3rd |  | 81.0 | 78.0 | 0.612 | 0.388 |
| 3:34-3rd |  | 81.0 | 78.0 | 0.655 | 0.345 |
| 3:19-3rd |  | 81.0 | 78.0 | 0.624 | 0.376 |
| 3:17-3rd |  | 81.0 | 78.0 | 0.614 | 0.386 |
| 3:14-3rd |  | 81.0 | 78.0 | 0.646 | 0.354 |
| 3:11-3rd |  | 81.0 | 78.0 | 0.657 | 0.343 |
| 3:05-3rd |  | 81.0 | 78.0 | 0.625 | 0.375 |
| 3:02-3rd |  | 81.0 | 78.0 | 0.614 | 0.386 |
| 2:54-3rd |  | 81.0 | 78.0 | 0.647 | 0.353 |
| 2:51-3rd |  | 81.0 | 78.0 | 0.658 | 0.342 |
| 2:31-3rd |  | 81.0 | 78.0 | 0.616 | 0.384 |
| 2:23-3rd |  | 81.0 | 78.0 | 0.65 | 0.35 |
| 2:21-3rd |  | 81.0 | 78.0 | 0.661 | 0.339 |
| 2:15-3rd |  | 83.0 | 78.0 | 0.696 | 0.304 |
| 1:58-3rd |  | 83.0 | 78.0 | 0.732 | 0.268 |
| 1:54-3rd |  | 83.0 | 78.0 | 0.744 | 0.256 |
| 1:49-3rd |  | 86.0 | 78.0 | 0.815 | 0.185 |
| 1:25-3rd |  | 86.0 | 78.0 | 0.84 | 0.16 |
| 1:23-3rd |  | 86.0 | 78.0 | 0.847 | 0.153 |
| 1:17-3rd |  | 88.0 | 78.0 | 0.875 | 0.125 |
| 1:00-3rd |  | 88.0 | 81.0 | 0.821 | 0.179 |
| 48.0-3rd |  | 90.0 | 81.0 | 0.85 | 0.15 |
| 34.1-3rd |  | 90.0 | 81.0 | 0.875 | 0.125 |
| 32.0-3rd |  | 90.0 | 81.0 | 0.883 | 0.117 |
| 28.2-3rd |  | 90.0 | 81.0 | 0.853 | 0.147 |
| 13.1-3rd |  | 90.0 | 81.0 | 0.877 | 0.123 |
| 11.0-3rd |  | 90.0 | 83.0 | 0.829 | 0.171 |
| 0.0-3rd |  | 90.0 | 83.0 | 0.812 | 0.188 |
| 11:36-4th |  | 90.0 | 83.0 | 0.828 | 0.172 |
| 11:32-4th |  | 90.0 | 83.0 | 0.838 | 0.162 |
| 11:19-4th |  | 90.0 | 83.0 | 0.812 | 0.188 |
| 11:16-4th |  | 90.0 | 83.0 | 0.841 | 0.159 |
| 11:15-4th |  | 90.0 | 83.0 | 0.813 | 0.187 |
| 11:09-4th |  | 90.0 | 83.0 | 0.805 | 0.195 |
| 10:57-4th |  | 90.0 | 83.0 | 0.834 | 0.166 |
| 10:55-4th |  | 90.0 | 83.0 | 0.844 | 0.156 |
| 10:52-4th |  | 93.0 | 83.0 | 0.901 | 0.099 |
| 10:34-4th |  | 93.0 | 83.0 | 0.919 | 0.081 |
| 10:32-4th |  | 93.0 | 83.0 | 0.925 | 0.075 |
| 10:17-4th |  | 95.0 | 83.0 | 0.942 | 0.058 |
| 10:02-4th |  | 95.0 | 83.0 | 0.955 | 0.045 |
| 9:59-4th |  | 95.0 | 83.0 | 0.959 | 0.041 |
| 9:38-4th |  | 95.0 | 83.0 | 0.95 | 0.05 |
| 9:35-4th |  | 95.0 | 83.0 | 0.947 | 0.053 |
| 9:23-4th |  | 95.0 | 83.0 | 0.963 | 0.037 |
| 9:04-4th |  | 95.0 | 83.0 | 0.954 | 0.046 |
| 9:01-4th |  | 95.0 | 83.0 | 0.951 | 0.049 |
| 9:00-4th |  | 95.0 | 83.0 | 0.951 | 0.049 |
| 8:56-4th |  | 95.0 | 86.0 | 0.918 | 0.082 |
| 8:35-4th |  | 95.0 | 86.0 | 0.927 | 0.073 |
| 8:30-4th |  | 96.0 | 86.0 | 0.926 | 0.074 |
| 8:26-4th |  | 96.0 | 86.0 | 0.946 | 0.054 |
| 8:11-4th |  | 98.0 | 86.0 | 0.96 | 0.04 |
| 7:59-4th |  | 98.0 | 89.0 | 0.932 | 0.068 |
| 7:41-4th |  | 98.0 | 89.0 | 0.96 | 0.04 |
| 7:34-4th |  | 98.0 | 89.0 | 0.922 | 0.078 |
| 7:32-4th |  | 98.0 | 89.0 | 0.917 | 0.083 |
| 7:21-4th |  | 98.0 | 90.0 | 0.892 | 0.108 |
| 7:10-4th |  | 98.0 | 90.0 | 0.922 | 0.078 |
| 6:59-4th |  | 100.0 | 90.0 | 0.943 | 0.057 |
| 6:38-4th |  | 100.0 | 90.0 | 0.958 | 0.042 |
| 6:36-4th |  | 100.0 | 90.0 | 0.963 | 0.037 |
| 6:26-4th |  | 102.0 | 90.0 | 0.973 | 0.027 |
| 6:21-4th |  | 102.0 | 90.0 | 0.972 | 0.028 |
| 6:15-4th |  | 102.0 | 94.0 | 0.93 | 0.07 |
| 5:59-4th |  | 102.0 | 94.0 | 0.913 | 0.087 |
| 5:58-4th |  | 102.0 | 94.0 | 0.909 | 0.091 |
| 5:57-4th |  | 102.0 | 94.0 | 0.93 | 0.07 |
| 5:56-4th |  | 104.0 | 94.0 | 0.949 | 0.051 |
| 5:39-4th |  | 104.0 | 94.0 | 0.964 | 0.036 |
| 5:36-4th |  | 104.0 | 94.0 | 0.968 | 0.032 |
| 5:18-4th |  | 106.0 | 94.0 | 0.979 | 0.021 |
| 5:02-4th |  | 106.0 | 94.0 | 0.986 | 0.014 |
| 5:01-4th |  | 106.0 | 94.0 | 0.988 | 0.012 |
| 4:47-4th |  | 108.0 | 94.0 | 0.993 | 0.007 |
| 4:37-4th |  | 108.0 | 96.0 | 0.99 | 0.01 |
| 4:21-4th |  | 110.0 | 96.0 | 0.994 | 0.006 |
| 4:10-4th |  | 110.0 | 99.0 | 0.985 | 0.015 |
| 3:46-4th |  | 112.0 | 99.0 | 0.992 | 0.008 |
| 3:33-4th |  | 112.0 | 99.0 | 0.997 | 0.003 |
| 3:16-4th |  | 112.0 | 99.0 | 0.995 | 0.005 |
| 3:14-4th |  | 112.0 | 99.0 | 0.995 | 0.005 |
| 3:12-4th |  | 112.0 | 99.0 | 0.994 | 0.006 |
| 3:08-4th |  | 112.0 | 99.0 | 0.998 | 0.002 |
| 3:06-4th |  | 112.0 | 99.0 | 0.995 | 0.005 |
| 3:05-4th |  | 112.0 | 99.0 | 0.998 | 0.002 |
| 3:02-4th |  | 112.0 | 99.0 | 0.995 | 0.005 |
| 2:51-4th |  | 112.0 | 101.0 | 0.993 | 0.007 |
| 2:34-4th |  | 114.0 | 101.0 | 0.997 | 0.003 |
| 2:25-4th |  | 114.0 | 101.0 | 0.999 | 0.001 |
| 2:20-4th |  | 114.0 | 101.0 | 0.999 | 0.001 |
| 2:05-4th |  | 114.0 | 101.0 | 0.999 | 0.001 |
| 2:04-4th |  | 114.0 | 101.0 | 0.998 | 0.002 |
| 1:59-4th |  | 114.0 | 103.0 | 0.997 | 0.003 |
| 1:48-4th |  | 114.0 | 103.0 | 0.993 | 0.007 |
| 1:38-4th |  | 114.0 | 105.0 | 0.99 | 0.01 |
| 1:31-4th |  | 116.0 | 105.0 | 0.995 | 0.005 |
| 1:23-4th |  | 116.0 | 108.0 | 0.985 | 0.015 |
| 1:19-4th |  | 116.0 | 108.0 | 0.986 | 0.014 |
| 1:10-4th |  | 118.0 | 108.0 | 0.993 | 0.007 |
| 1:06-4th |  | 118.0 | 108.0 | 0.997 | 0.003 |
| 1:05-4th |  | 118.0 | 108.0 | 0.998 | 0.002 |
| 54.0-4th |  | 121.0 | 108.0 | 0.999 | 0.001 |
| 48.1-4th |  | 121.0 | 111.0 | 0.999 | 0.001 |
| 42.0-4th |  | 123.0 | 111.0 | 0.999 | 0.001 |
| 37.0-4th |  | 123.0 | 111.0 | 0.999 | 0.001 |
| 34.1-4th |  | 123.0 | 111.0 | 0.999 | 0.001 |
| 12.0-4th |  | 123.0 | 111.0 | 0.999 | 0.001 |
| 8.1-4th |  | 123.0 | 111.0 | 0.999 | 0.001 |
| 5.1-4th |  | 123.0 | 111.0 | 0.999 | 0.001 |
| 0.0-4th |  | 123.0 | 111.0 | 1.0 | 0.0 |

Question

Which event most likely happened at the marked missing position?

Answer Choices

A. Player 1 (Team B) lost ball turnover (Player 17 (Team B) steals)
B. Player 16 (Team A) makes 9-foot two point shot (Player 1 (Team A) assists)
C. Player 16 (Team A) enters the game for Player 2 (Team B)
D. Player 18 (Team A) misses 26-foot three point jumper

Response Format

Return exactly one JSON object:

{
  "answer": "<A|B|C|D>",
  "rationale": "<brief evidence-based justification in 1-3 sentences>",
  "evidence_event_ids": [],
  "evidence_series_times": []
}

Use only event IDs and time labels that are provided above and that support the answer. Use an empty array when the corresponding evidence type is unavailable or unused. Return only the JSON object.
