Task

Reconstruct the missing event in this basketball game. Use the available numerical time-series evidence around the marked row to select the most likely event.

Game

Team A versus Team B, season 22-23.

Time Series

| Game time | Marker | Team A score | Team B score | Team A win probability | Team B win probability |
| --- | --- | --- | --- | --- | --- |
| 12:00-1st |  | 0 | 0 | 0.434 | 0.566 |
| 11:42-1st |  | 2 | 0 | 0.464 | 0.536 |
| 11:19-1st |  | 2 | 2 | 0.435 | 0.565 |
| 10:58-1st |  | 4 | 2 | 0.465 | 0.535 |
| 10:40-1st |  | 4 | 4 | 0.436 | 0.564 |
| 10:29-1st |  | 4 | 4 | 0.422 | 0.578 |
| 10:26-1st |  | 4 | 4 | 0.437 | 0.563 |
| 10:18-1st |  | 7 | 4 | 0.49 | 0.51 |
| 9:58-1st |  | 7 | 6 | 0.47 | 0.53 |
| 9:44-1st |  | 9 | 6 | 0.491 | 0.509 |
| 9:33-1st |  | 9 | 8 | 0.471 | 0.529 |
| 9:29-1st |  | 10 | 8 | 0.466 | 0.534 |
| 9:14-1st |  | 10 | 11 | 0.416 | 0.584 |
| 8:59-1st |  | 13 | 11 | 0.467 | 0.533 |
| 8:48-1st |  | 13 | 11 | 0.487 | 0.513 |
| 8:43-1st |  | 13 | 11 | 0.493 | 0.507 |
| 8:42-1st |  | 15 | 11 | 0.52 | 0.48 |
| 8:24-1st |  | 15 | 11 | 0.54 | 0.46 |
| 8:22-1st |  | 15 | 11 | 0.546 | 0.454 |
| 8:19-1st |  | 15 | 11 | 0.527 | 0.473 |
| 8:15-1st |  | 15 | 11 | 0.521 | 0.479 |
| 8:04-1st |  | 15 | 14 | 0.468 | 0.532 |
| 7:54-1st |  | 18 | 14 | 0.522 | 0.478 |
| 7:39-1st |  | 18 | 14 | 0.542 | 0.458 |
| 7:37-1st |  | 18 | 14 | 0.549 | 0.451 |
| 7:34-1st |  | 20 | 14 | 0.574 | 0.426 |
| 7:15-1st |  | 20 | 14 | 0.603 | 0.397 |
| 7:08-1st |  | 22 | 14 | 0.628 | 0.372 |
| 6:48-1st |  | 22 | 14 | 0.649 | 0.351 |
| 6:46-1st |  | 22 | 14 | 0.655 | 0.345 |
| 6:37-1st |  | 22 | 14 | 0.637 | 0.363 |
| 6:34-1st |  | 22 | 14 | 0.63 | 0.37 |
| 6:29-1st |  | 22 | 14 | 0.65 | 0.35 |
| 6:26-1st |  | 22 | 14 | 0.656 | 0.344 |
| 6:16-1st |  | 25 | 14 | 0.707 | 0.293 |
| 5:57-1st |  | 25 | 14 | 0.727 | 0.273 |
| 5:55-1st |  | 25 | 14 | 0.733 | 0.267 |
| 5:44-1st |  | 25 | 14 | 0.765 | 0.235 |
| 5:42-1st |  | 25 | 14 | 0.709 | 0.291 |
| 5:33-1st |  | 25 | 17 | 0.66 | 0.34 |
| 5:23-1st |  | 26 | 17 | 0.662 | 0.338 |
| 5:20-1st |  | 26 | 17 | 0.663 | 0.337 |
| 5:07-1st |  | 26 | 17 | 0.664 | 0.336 |
| 5:06-1st |  | 26 | 19 | 0.638 | 0.362 |
| 4:50-1st |  | 29 | 19 | 0.69 | 0.31 |
| 4:37-1st |  | 29 | 21 | 0.665 | 0.335 |
| 4:36-1st |  | 29 | 21 | 0.665 | 0.335 |
| 4:21-1st |  | 29 | 21 | 0.645 | 0.355 |
| 4:19-1st |  | 29 | 21 | 0.638 | 0.362 |
| 4:18-1st |  | 29 | 21 | 0.666 | 0.334 |
| 4:05-1st |  | 31 | 21 | 0.693 | 0.307 |
| 3:38-1st |  | 31 | 23 | 0.669 | 0.331 |
| 3:14-1st |  | 33 | 23 | 0.697 | 0.303 |
| 2:58-1st |  | 33 | 25 | 0.672 | 0.328 |
| 2:41-1st |  | 33 | 25 | 0.651 | 0.349 |
| 2:37-1st |  | 33 | 25 | 0.674 | 0.326 |
| 2:29-1st |  | 36 | 25 | 0.722 | 0.278 |
| 2:05-1st |  | 36 | 28 | 0.677 | 0.323 |
| 1:48-1st |  | 38 | 28 | 0.702 | 0.298 |
| 1:31-1st |  | 38 | 28 | 0.724 | 0.276 |
| 1:30-1st |  | 38 | 28 | 0.731 | 0.269 |
| 1:11-1st |  | 40 | 28 | 0.752 | 0.248 |
| 58.1-1st |  | 40 | 29 | 0.756 | 0.244 |
| 38.2-1st |  | 40 | 29 | 0.737 | 0.263 |
| 36.1-1st |  | 40 | 29 | 0.758 | 0.242 |
| 32.1-1st |  | 40 | 29 | 0.738 | 0.262 |
| 29.1-1st |  | 40 | 29 | 0.758 | 0.242 |
| 27.0-1st |  | 40 | 29 | 0.738 | 0.262 |
| 24.1-1st |  | 40 | 29 | 0.732 | 0.268 |
| 3.2-1st |  | 40 | 29 | 0.757 | 0.243 |
| 0.0-1st |  | 40 | 29 | 0.746 | 0.254 |
| 12:00-2nd |  | 40 | 29 | 0.746 | 0.254 |
| 11:46-2nd |  | 40 | 30 | 0.737 | 0.263 |
| 11:44-2nd |  | 40 | 30 | 0.737 | 0.263 |
| 11:28-2nd |  | 42 | 30 | 0.764 | 0.236 |
| 11:10-2nd |  | 42 | 30 | 0.783 | 0.217 |
| 11:05-2nd |  | 42 | 30 | 0.766 | 0.234 |
| 11:02-2nd |  | 42 | 32 | 0.741 | 0.259 |
| 10:52-2nd |  | 45 | 32 | 0.788 | 0.212 |
| 10:43-2nd |  | 45 | 32 | 0.787 | 0.213 |
| 10:30-2nd |  | 45 | 34 | 0.769 | 0.231 |
| 10:11-2nd |  | 46 | 34 | 0.769 | 0.231 |
| 9:57-2nd |  | 46 | 34 | 0.787 | 0.213 |
| 9:55-2nd |  | 46 | 34 | 0.793 | 0.207 |
| 9:48-2nd |  | 46 | 34 | 0.771 | 0.229 |
| 9:43-2nd |  | 46 | 34 | 0.794 | 0.206 |
| 9:30-2nd |  | 46 | 34 | 0.778 | 0.222 |
| 9:27-2nd |  | 46 | 34 | 0.773 | 0.227 |
| 9:13-2nd |  | 46 | 36 | 0.751 | 0.249 |
| 8:57-2nd |  | 46 | 36 | 0.722 | 0.278 |
| 8:55-2nd |  | 46 | 36 | 0.75 | 0.25 |
| 8:46-2nd |  | 48 | 36 | 0.776 | 0.224 |
| 8:27-2nd |  | 48 | 37 | 0.779 | 0.221 |
| 8:16-2nd |  | 50 | 37 | 0.799 | 0.201 |
| 8:00-2nd |  | 50 | 37 | 0.819 | 0.181 |
| 7:58-2nd |  | 50 | 37 | 0.825 | 0.175 |
| 7:51-2nd |  | 50 | 37 | 0.808 | 0.192 |
| 7:46-2nd |  | 50 | 37 | 0.802 | 0.198 |
| 7:44-2nd |  | 50 | 39 | 0.783 | 0.217 |
| 7:30-2nd |  | 50 | 39 | 0.766 | 0.234 |
| 7:28-2nd |  | 52 | 39 | 0.804 | 0.196 |
| 7:13-2nd |  | 52 | 41 | 0.785 | 0.215 |
| 7:00-2nd |  | 52 | 41 | 0.768 | 0.232 |
| 6:57-2nd |  | 52 | 41 | 0.762 | 0.238 |
| 6:46-2nd |  | 52 | 43 | 0.736 | 0.264 |
| 6:35-2nd |  | 55 | 43 | 0.787 | 0.213 |
| 6:19-2nd |  | 55 | 43 | 0.812 | 0.188 |
| 6:12-2nd |  | 55 | 43 | 0.807 | 0.193 |
| 6:10-2nd |  | 55 | 43 | 0.813 | 0.187 |
| 5:56-2nd |  | 55 | 43 | 0.791 | 0.209 |
| 5:52-2nd |  | 55 | 46 | 0.741 | 0.259 |
| 5:31-2nd |  | 57 | 46 | 0.77 | 0.23 |
| 5:24-2nd |  | 57 | 46 | 0.796 | 0.204 |
| 5:16-2nd |  | 57 | 46 | 0.778 | 0.222 |
| 5:14-2nd |  | 57 | 46 | 0.771 | 0.229 |
| 5:13-2nd |  | 57 | 48 | 0.744 | 0.256 |
| 4:55-2nd |  | 59 | 48 | 0.773 | 0.227 |
| 4:53-2nd |  | 59 | 48 | 0.773 | 0.227 |
| 4:41-2nd |  | 59 | 48 | 0.793 | 0.207 |
| 4:35-2nd |  | 59 | 48 | 0.8 | 0.2 |
| 4:23-2nd |  | 59 | 48 | 0.782 | 0.218 |
| 4:21-2nd |  | 59 | 48 | 0.802 | 0.198 |
| 4:20-2nd |  | 59 | 48 | 0.782 | 0.218 |
| 4:17-2nd |  | 59 | 48 | 0.776 | 0.224 |
| 4:02-2nd |  | 59 | 48 | 0.797 | 0.203 |
| 4:00-2nd |  | 59 | 48 | 0.804 | 0.196 |
| 3:52-2nd |  | 59 | 48 | 0.778 | 0.222 |
| 3:44-2nd |  | 59 | 50 | 0.752 | 0.248 |
| 3:28-2nd |  | 59 | 50 | 0.735 | 0.265 |
| 3:24-2nd |  | 59 | 50 | 0.729 | 0.271 |
| 3:21-2nd |  | 59 | 52 | 0.702 | 0.298 |
| 3:11-2nd |  | 59 | 52 | 0.679 | 0.321 |
| 3:08-2nd |  | 59 | 52 | 0.671 | 0.329 |
| 3:00-2nd |  | 59 | 54 | 0.641 | 0.359 |
| 2:46-2nd |  | 60 | 54 | 0.639 | 0.361 |
| 2:44-2nd |  | 60 | 54 | 0.639 | 0.361 |
| 2:22-2nd |  | 60 | 57 | 0.58 | 0.42 |
| 1:55-2nd |  | 60 | 57 | 0.555 | 0.445 |
| 1:53-2nd |  | 60 | 57 | 0.546 | 0.454 |
| 1:35-2nd |  | 60 | 59 | 0.512 | 0.488 |
| 1:26-2nd |  | 60 | 59 | 0.487 | 0.513 |
| 1:22-2nd |  | 60 | 59 | 0.478 | 0.522 |
| 1:10-2nd |  | 60 | 61 | 0.446 | 0.554 |
| 54.0-2nd |  | 60 | 61 | 0.411 | 0.589 |
| 32.2-2nd |  | 60 | 61 | 0.438 | 0.562 |
| 31.0-2nd |  | 60 | 61 | 0.447 | 0.553 |
| 14.2-2nd |  | 60 | 61 | 0.42 | 0.58 |
| 11.1-2nd |  | 60 | 61 | 0.411 | 0.589 |
| 0.0-2nd |  | 60 | 64 | 0.331 | 0.669 |
| 12:00-3rd |  | 60 | 64 | 0.331 | 0.669 |
| 11:35-3rd |  | 60 | 64 | 0.336 | 0.664 |
| 11:33-3rd |  | 60 | 64 | 0.345 | 0.655 |
| 11:11-3rd |  | 63 | 64 | 0.409 | 0.591 |
| 10:57-3rd | TARGET | 62 | 67 | 0.307 | 0.693 |
| 10:47-3rd |  | 65 | 67 | 0.375 | 0.625 |
| 10:26-3rd |  | 65 | 67 | 0.4 | 0.6 |
| 10:24-3rd |  | 65 | 67 | 0.409 | 0.591 |
| 10:03-3rd |  | 65 | 67 | 0.374 | 0.626 |
| 9:50-3rd |  | 65 | 67 | 0.4 | 0.6 |
| 9:48-3rd |  | 65 | 67 | 0.409 | 0.591 |
| 9:43-3rd |  | 65 | 67 | 0.383 | 0.617 |
| 9:42-3rd |  | 67 | 67 | 0.444 | 0.556 |
| 9:21-3rd |  | 67 | 67 | 0.477 | 0.523 |
| 9:20-3rd |  | 67 | 67 | 0.488 | 0.512 |
| 9:16-3rd |  | 67 | 67 | 0.485 | 0.515 |
| 9:05-3rd |  | 70 | 67 | 0.562 | 0.438 |
| 8:57-3rd |  | 70 | 68 | 0.563 | 0.437 |
| 8:43-3rd |  | 73 | 68 | 0.638 | 0.362 |
| 8:19-3rd |  | 73 | 70 | 0.604 | 0.396 |
| 8:00-3rd |  | 73 | 70 | 0.575 | 0.425 |
| 7:59-3rd |  | 73 | 70 | 0.575 | 0.425 |
| 7:57-3rd |  | 73 | 70 | 0.605 | 0.395 |
| 7:52-3rd |  | 73 | 70 | 0.576 | 0.424 |
| 7:49-3rd |  | 73 | 70 | 0.566 | 0.434 |
| 7:39-3rd |  | 73 | 72 | 0.527 | 0.473 |
| 7:26-3rd |  | 75 | 72 | 0.567 | 0.433 |
| 7:11-3rd |  | 75 | 74 | 0.529 | 0.471 |
| 6:56-3rd |  | 78 | 74 | 0.61 | 0.39 |
| 6:55-3rd |  | 78 | 74 | 0.61 | 0.39 |
| 6:40-3rd |  | 78 | 74 | 0.64 | 0.36 |
| 6:39-3rd |  | 78 | 74 | 0.65 | 0.35 |
| 6:16-3rd |  | 80 | 74 | 0.689 | 0.311 |
| 6:01-3rd |  | 80 | 74 | 0.719 | 0.281 |
| 5:58-3rd |  | 80 | 74 | 0.729 | 0.271 |
| 5:49-3rd |  | 83 | 74 | 0.793 | 0.207 |
| 5:31-3rd |  | 83 | 76 | 0.765 | 0.235 |
| 5:17-3rd |  | 83 | 76 | 0.741 | 0.259 |
| 5:15-3rd |  | 83 | 76 | 0.733 | 0.267 |
| 5:09-3rd |  | 83 | 76 | 0.735 | 0.265 |
| 4:56-3rd |  | 83 | 76 | 0.762 | 0.238 |
| 4:52-3rd |  | 83 | 76 | 0.736 | 0.264 |
| 4:43-3rd |  | 83 | 78 | 0.701 | 0.299 |
| 4:25-3rd |  | 83 | 78 | 0.673 | 0.327 |
| 4:22-3rd |  | 83 | 78 | 0.663 | 0.337 |
| 4:17-3rd |  | 83 | 78 | 0.694 | 0.306 |
| 4:14-3rd |  | 83 | 78 | 0.705 | 0.295 |
| 4:07-3rd |  | 85 | 78 | 0.742 | 0.258 |
| 3:54-3rd |  | 85 | 78 | 0.78 | 0.22 |
| 3:49-3rd |  | 85 | 78 | 0.753 | 0.247 |
| 3:45-3rd |  | 85 | 78 | 0.781 | 0.219 |
| 3:41-3rd |  | 88 | 78 | 0.841 | 0.159 |
| 3:24-3rd |  | 88 | 78 | 0.869 | 0.131 |
| 3:06-3rd |  | 88 | 78 | 0.853 | 0.147 |
| 3:04-3rd |  | 88 | 78 | 0.846 | 0.154 |
| 2:51-3rd |  | 88 | 78 | 0.868 | 0.132 |
| 2:48-3rd |  | 88 | 78 | 0.875 | 0.125 |
| 2:33-3rd |  | 88 | 78 | 0.851 | 0.149 |
| 2:28-3rd |  | 88 | 80 | 0.823 | 0.177 |
| 2:19-3rd |  | 88 | 80 | 0.801 | 0.199 |
| 2:17-3rd |  | 88 | 80 | 0.802 | 0.198 |
| 2:15-3rd |  | 88 | 80 | 0.794 | 0.206 |
| 2:00-3rd |  | 88 | 80 | 0.797 | 0.203 |
| 1:56-3rd |  | 88 | 80 | 0.821 | 0.179 |
| 1:55-3rd |  | 88 | 80 | 0.828 | 0.172 |
| 1:40-3rd |  | 88 | 80 | 0.873 | 0.127 |
| 1:32-3rd |  | 88 | 80 | 0.809 | 0.191 |
| 1:27-3rd |  | 88 | 80 | 0.833 | 0.167 |
| 1:25-3rd |  | 88 | 80 | 0.81 | 0.19 |
| 1:22-3rd |  | 88 | 80 | 0.803 | 0.197 |
| 1:07-3rd |  | 88 | 80 | 0.829 | 0.171 |
| 1:04-3rd |  | 88 | 80 | 0.829 | 0.171 |
| 1:02-3rd |  | 89 | 83 | 0.773 | 0.227 |
| 48.0-3rd |  | 92 | 83 | 0.837 | 0.163 |
| 35.1-3rd |  | 92 | 85 | 0.81 | 0.19 |
| 18.1-3rd |  | 92 | 85 | 0.785 | 0.215 |
| 14.2-3rd |  | 92 | 85 | 0.815 | 0.185 |
| 7.0-3rd |  | 94 | 85 | 0.847 | 0.153 |
| 3.1-3rd |  | 94 | 85 | 0.875 | 0.125 |
| 0.0-3rd |  | 94 | 85 | 0.861 | 0.139 |
| 12:00-4th |  | 94 | 85 | 0.861 | 0.139 |
| 11:41-4th |  | 94 | 85 | 0.852 | 0.148 |
| 11:40-4th |  | 94 | 88 | 0.781 | 0.219 |
| 11:15-4th |  | 96 | 88 | 0.821 | 0.179 |
| 10:57-4th |  | 96 | 90 | 0.789 | 0.211 |
| 10:42-4th |  | 96 | 90 | 0.762 | 0.238 |
| 10:39-4th |  | 96 | 90 | 0.792 | 0.208 |
| 10:37-4th |  | 99 | 90 | 0.86 | 0.14 |
| 10:12-4th |  | 99 | 90 | 0.854 | 0.146 |
| 10:06-4th |  | 99 | 93 | 0.794 | 0.206 |
| 9:39-4th |  | 99 | 93 | 0.768 | 0.232 |
| 9:36-4th |  | 99 | 93 | 0.758 | 0.242 |
| 9:27-4th |  | 99 | 93 | 0.791 | 0.209 |
| 9:24-4th |  | 99 | 93 | 0.802 | 0.198 |
| 9:23-4th |  | 99 | 93 | 0.812 | 0.188 |
| 9:11-4th |  | 102 | 93 | 0.874 | 0.126 |
| 8:48-4th |  | 102 | 93 | 0.9 | 0.1 |
| 8:45-4th |  | 102 | 93 | 0.908 | 0.092 |
| 8:39-4th |  | 105 | 93 | 0.948 | 0.052 |
| 8:20-4th |  | 105 | 95 | 0.937 | 0.063 |
| 8:11-4th |  | 105 | 95 | 0.916 | 0.084 |
| 7:58-4th |  | 105 | 95 | 0.924 | 0.076 |
| 7:55-4th |  | 105 | 95 | 0.918 | 0.082 |
| 7:44-4th |  | 105 | 95 | 0.943 | 0.057 |
| 7:37-4th |  | 105 | 95 | 0.928 | 0.072 |
| 7:31-4th |  | 105 | 95 | 0.945 | 0.055 |
| 7:27-4th |  | 107 | 95 | 0.958 | 0.042 |
| 7:26-4th |  | 107 | 95 | 0.958 | 0.042 |
| 7:11-4th |  | 107 | 97 | 0.949 | 0.051 |
| 6:42-4th |  | 107 | 97 | 0.939 | 0.061 |
| 6:41-4th |  | 107 | 97 | 0.934 | 0.066 |
| 6:36-4th |  | 107 | 98 | 0.932 | 0.068 |
| 6:14-4th |  | 107 | 98 | 0.913 | 0.087 |
| 6:08-4th |  | 107 | 98 | 0.932 | 0.068 |
| 6:04-4th |  | 107 | 98 | 0.915 | 0.085 |
| 5:59-4th |  | 107 | 100 | 0.891 | 0.109 |
| 5:44-4th |  | 107 | 100 | 0.866 | 0.134 |
| 5:42-4th |  | 107 | 100 | 0.858 | 0.142 |
| 5:22-4th |  | 107 | 100 | 0.901 | 0.099 |
| 5:08-4th |  | 110 | 100 | 0.949 | 0.051 |
| 4:46-4th |  | 110 | 100 | 0.914 | 0.086 |
| 4:30-4th |  | 110 | 100 | 0.97 | 0.03 |
| 4:10-4th |  | 112 | 100 | 0.982 | 0.018 |
| 3:50-4th |  | 112 | 100 | 0.989 | 0.011 |
| 3:48-4th |  | 112 | 100 | 0.991 | 0.009 |
| 3:36-4th |  | 114 | 100 | 0.996 | 0.004 |
| 3:19-4th |  | 114 | 100 | 0.998 | 0.002 |
| 3:17-4th |  | 114 | 100 | 0.997 | 0.003 |
| 3:13-4th |  | 114 | 100 | 0.998 | 0.002 |
| 3:09-4th |  | 114 | 100 | 0.997 | 0.003 |
| 3:01-4th |  | 114 | 100 | 0.999 | 0.001 |
| 2:59-4th |  | 114 | 100 | 0.999 | 0.001 |
| 2:44-4th |  | 117 | 100 | 0.998 | 0.002 |
| 2:28-4th |  | 117 | 100 | 0.999 | 0.001 |
| 2:26-4th |  | 117 | 100 | 0.999 | 0.001 |
| 2:25-4th |  | 117 | 100 | 0.999 | 0.001 |
| 2:24-4th |  | 117 | 102 | 0.999 | 0.001 |
| 1:57-4th |  | 119 | 102 | 0.999 | 0.001 |
| 1:54-4th |  | 119 | 102 | 0.999 | 0.001 |
| 1:53-4th |  | 120 | 102 | 0.999 | 0.001 |
| 1:31-4th |  | 123 | 102 | 0.999 | 0.001 |
| 1:11-4th |  | 123 | 102 | 0.999 | 0.001 |
| 1:08-4th |  | 123 | 102 | 0.999 | 0.001 |
| 50.1-4th |  | 125 | 102 | 0.999 | 0.001 |
| 30.1-4th |  | 125 | 104 | 0.999 | 0.001 |
| 6.1-4th |  | 125 | 104 | 0.999 | 0.001 |
| 0.0-4th |  | 125 | 104 | 1.0 | 0.0 |

Question

Which event most likely happened at the marked missing position?

Answer Choices

A. Player 16 (Team A) makes 26-foot three point jumper (Player 3 (Team B) assists)
B. Player 8 (Team A) misses 24-foot step back jumpshot
C. Player 20 (Team A) blocks Player 11 (Team A) 's 5-foot driving layup
D. Player 3 (Team B) makes three point jumper (Player 2 (Team B) assists)

Response Format

Return exactly one JSON object:

{
  "answer": "<A|B|C|D>",
  "rationale": "<brief evidence-based justification in 1-3 sentences>",
  "evidence_event_ids": [],
  "evidence_series_times": []
}

Use only event IDs and time labels that are provided above and that support the answer. Use an empty array when the corresponding evidence type is unavailable or unused. Return only the JSON object.
