Task

Reconstruct the missing event in this basketball game. Use the available numerical time-series evidence around the marked row to select the most likely event.

Game

Team A versus Team B, season 22-23.

Time Series

| Game time | Marker | Team A score | Team B score | Team A win probability | Team B win probability |
| --- | --- | --- | --- | --- | --- |
| 12:00-1st |  | 0 | 0 | 0.428 | 0.572 |
| 11:44-1st |  | 0 | 0 | 0.443 | 0.557 |
| 11:40-1st |  | 0 | 0 | 0.448 | 0.552 |
| 11:27-1st |  | 3 | 0 | 0.501 | 0.499 |
| 11:09-1st |  | 3 | 0 | 0.522 | 0.478 |
| 11:05-1st |  | 3 | 0 | 0.501 | 0.499 |
| 11:03-1st |  | 3 | 0 | 0.523 | 0.477 |
| 10:59-1st |  | 3 | 0 | 0.53 | 0.47 |
| 10:40-1st |  | 5 | 0 | 0.553 | 0.447 |
| 10:24-1st |  | 5 | 0 | 0.573 | 0.427 |
| 10:21-1st |  | 5 | 0 | 0.579 | 0.421 |
| 10:17-1st |  | 5 | 0 | 0.579 | 0.421 |
| 10:01-1st |  | 5 | 0 | 0.561 | 0.439 |
| 9:58-1st |  | 5 | 0 | 0.555 | 0.445 |
| 9:52-1st |  | 5 | 3 | 0.504 | 0.496 |
| 9:26-1st |  | 5 | 3 | 0.486 | 0.514 |
| 9:24-1st |  | 5 | 3 | 0.505 | 0.495 |
| 9:20-1st |  | 5 | 3 | 0.48 | 0.52 |
| 9:05-1st |  | 5 | 5 | 0.452 | 0.548 |
| 8:50-1st |  | 8 | 5 | 0.506 | 0.494 |
| 8:41-1st |  | 8 | 5 | 0.527 | 0.473 |
| 8:38-1st |  | 8 | 5 | 0.535 | 0.465 |
| 8:29-1st |  | 8 | 5 | 0.514 | 0.486 |
| 8:27-1st |  | 8 | 5 | 0.506 | 0.494 |
| 8:20-1st |  | 8 | 8 | 0.453 | 0.547 |
| 8:00-1st |  | 11 | 8 | 0.507 | 0.493 |
| 7:49-1st |  | 11 | 8 | 0.508 | 0.492 |
| 7:41-1st |  | 11 | 11 | 0.454 | 0.546 |
| 7:21-1st |  | 11 | 11 | 0.439 | 0.561 |
| 7:18-1st |  | 11 | 11 | 0.433 | 0.567 |
| 7:13-1st |  | 11 | 11 | 0.45 | 0.55 |
| 7:11-1st |  | 11 | 11 | 0.455 | 0.545 |
| 7:02-1st |  | 11 | 11 | 0.456 | 0.544 |
| 6:52-1st |  | 11 | 11 | 0.431 | 0.569 |
| 6:50-1st |  | 11 | 13 | 0.406 | 0.594 |
| 6:49-1st |  | 11 | 13 | 0.406 | 0.594 |
| 6:38-1st |  | 11 | 13 | 0.386 | 0.614 |
| 6:35-1st |  | 11 | 13 | 0.379 | 0.621 |
| 6:23-1st |  | 11 | 16 | 0.333 | 0.667 |
| 6:05-1st |  | 11 | 16 | 0.307 | 0.693 |
| 6:00-1st |  | 11 | 16 | 0.327 | 0.673 |
| 5:57-1st |  | 11 | 16 | 0.307 | 0.693 |
| 5:47-1st |  | 11 | 16 | 0.327 | 0.673 |
| 5:45-1st |  | 11 | 16 | 0.307 | 0.693 |
| 5:44-1st |  | 11 | 18 | 0.284 | 0.716 |
| 5:17-1st |  | 13 | 18 | 0.307 | 0.693 |
| 4:55-1st |  | 13 | 18 | 0.327 | 0.673 |
| 4:52-1st |  | 13 | 18 | 0.333 | 0.667 |
| 4:48-1st |  | 16 | 18 | 0.38 | 0.62 |
| 4:32-1st |  | 16 | 18 | 0.408 | 0.592 |
| 4:21-1st |  | 18 | 18 | 0.434 | 0.566 |
| 4:06-1st |  | 18 | 20 | 0.409 | 0.591 |
| 3:48-1st |  | 18 | 20 | 0.388 | 0.612 |
| 3:46-1st |  | 18 | 20 | 0.381 | 0.619 |
| 3:42-1st |  | 18 | 20 | 0.402 | 0.598 |
| 3:40-1st |  | 18 | 20 | 0.381 | 0.619 |
| 3:39-1st |  | 18 | 23 | 0.334 | 0.666 |
| 3:13-1st |  | 18 | 23 | 0.305 | 0.695 |
| 2:56-1st |  | 18 | 23 | 0.326 | 0.674 |
| 2:53-1st |  | 18 | 23 | 0.333 | 0.667 |
| 2:51-1st |  | 20 | 23 | 0.355 | 0.645 |
| 2:40-1st |  | 20 | 23 | 0.374 | 0.626 |
| 2:36-1st |  | 20 | 23 | 0.38 | 0.62 |
| 2:20-1st |  | 22 | 23 | 0.409 | 0.591 |
| 2:09-1st |  | 22 | 23 | 0.43 | 0.57 |
| 2:06-1st |  | 22 | 23 | 0.41 | 0.59 |
| 2:04-1st |  | 22 | 23 | 0.43 | 0.57 |
| 2:01-1st |  | 22 | 23 | 0.437 | 0.563 |
| 1:46-1st |  | 25 | 23 | 0.491 | 0.509 |
| 1:27-1st |  | 25 | 23 | 0.515 | 0.485 |
| 1:25-1st |  | 25 | 25 | 0.467 | 0.533 |
| 1:10-1st |  | 25 | 25 | 0.438 | 0.562 |
| 56.1-1st |  | 25 | 25 | 0.46 | 0.54 |
| 53.1-1st |  | 25 | 25 | 0.467 | 0.533 |
| 40.1-1st |  | 25 | 25 | 0.439 | 0.561 |
| 33.0-1st |  | 25 | 27 | 0.41 | 0.59 |
| 15.1-1st |  | 25 | 27 | 0.39 | 0.61 |
| 14.2-1st |  | 27 | 27 | 0.437 | 0.563 |
| 3.1-1st |  | 27 | 27 | 0.466 | 0.534 |
| 1.1-1st |  | 27 | 27 | 0.513 | 0.487 |
| 0.1-1st |  | 27 | 27 | 0.464 | 0.536 |
| 0.0-1st |  | 27 | 27 | 0.453 | 0.547 |
| 12:00-2nd |  | 27 | 27 | 0.453 | 0.547 |
| 11:42-2nd |  | 27 | 27 | 0.447 | 0.553 |
| 11:39-2nd |  | 27 | 27 | 0.439 | 0.561 |
| 11:30-2nd |  | 27 | 30 | 0.385 | 0.615 |
| 11:09-2nd |  | 29 | 30 | 0.409 | 0.591 |
| 10:54-2nd |  | 29 | 32 | 0.385 | 0.615 |
| 10:38-2nd |  | 31 | 32 | 0.409 | 0.591 |
| 10:25-2nd |  | 31 | 32 | 0.435 | 0.565 |
| 10:22-2nd |  | 31 | 32 | 0.443 | 0.557 |
| 10:16-2nd |  | 31 | 32 | 0.418 | 0.582 |
| 10:15-2nd |  | 31 | 32 | 0.443 | 0.557 |
| 10:02-2nd |  | 31 | 32 | 0.418 | 0.582 |
| 10:00-2nd |  | 31 | 32 | 0.41 | 0.59 |
| 9:55-2nd |  | 31 | 35 | 0.354 | 0.646 |
| 9:39-2nd |  | 31 | 35 | 0.326 | 0.674 |
| 9:30-2nd |  | 31 | 35 | 0.347 | 0.653 |
| 9:27-2nd |  | 31 | 35 | 0.354 | 0.646 |
| 9:21-2nd |  | 34 | 35 | 0.41 | 0.59 |
| 8:59-2nd |  | 34 | 38 | 0.354 | 0.646 |
| 8:57-2nd |  | 34 | 38 | 0.354 | 0.646 |
| 8:45-2nd |  | 36 | 38 | 0.383 | 0.617 |
| 8:27-2nd |  | 36 | 38 | 0.404 | 0.596 |
| 8:25-2nd |  | 36 | 38 | 0.411 | 0.589 |
| 8:16-2nd |  | 38 | 38 | 0.442 | 0.558 |
| 8:14-2nd |  | 38 | 38 | 0.475 | 0.525 |
| 8:04-2nd |  | 38 | 41 | 0.386 | 0.614 |
| 7:48-2nd |  | 38 | 41 | 0.363 | 0.637 |
| 7:46-2nd |  | 38 | 41 | 0.386 | 0.614 |
| 7:45-2nd |  | 40 | 41 | 0.412 | 0.588 |
| 7:31-2nd |  | 40 | 44 | 0.354 | 0.646 |
| 7:09-2nd |  | 40 | 44 | 0.332 | 0.668 |
| 7:07-2nd |  | 40 | 44 | 0.324 | 0.676 |
| 7:04-2nd |  | 40 | 46 | 0.3 | 0.7 |
| 6:41-2nd |  | 40 | 46 | 0.272 | 0.728 |
| 6:29-2nd |  | 40 | 48 | 0.246 | 0.754 |
| 6:17-2nd |  | 40 | 48 | 0.221 | 0.779 |
| 6:04-2nd |  | 40 | 48 | 0.246 | 0.754 |
| 6:03-2nd |  | 40 | 48 | 0.246 | 0.754 |
| 5:53-2nd |  | 42 | 48 | 0.272 | 0.728 |
| 5:40-2nd |  | 42 | 48 | 0.291 | 0.709 |
| 5:37-2nd |  | 42 | 48 | 0.297 | 0.703 |
| 5:19-2nd |  | 42 | 48 | 0.277 | 0.723 |
| 5:16-2nd |  | 42 | 48 | 0.271 | 0.729 |
| 5:09-2nd |  | 42 | 48 | 0.29 | 0.71 |
| 5:06-2nd |  | 42 | 48 | 0.297 | 0.703 |
| 5:05-2nd |  | 42 | 48 | 0.271 | 0.729 |
| 4:55-2nd |  | 42 | 48 | 0.29 | 0.71 |
| 4:53-2nd |  | 42 | 48 | 0.296 | 0.704 |
| 4:44-2nd |  | 42 | 48 | 0.276 | 0.724 |
| 4:41-2nd |  | 42 | 48 | 0.27 | 0.73 |
| 4:25-2nd |  | 42 | 48 | 0.289 | 0.711 |
| 4:23-2nd |  | 42 | 48 | 0.296 | 0.704 |
| 4:19-2nd |  | 42 | 48 | 0.276 | 0.724 |
| 4:16-2nd |  | 42 | 48 | 0.269 | 0.731 |
| 4:05-2nd |  | 42 | 50 | 0.242 | 0.758 |
| 3:48-2nd |  | 45 | 50 | 0.296 | 0.704 |
| 3:32-2nd |  | 45 | 52 | 0.266 | 0.734 |
| 3:05-2nd |  | 45 | 52 | 0.244 | 0.756 |
| 3:01-2nd |  | 45 | 52 | 0.237 | 0.763 |
| 2:52-2nd |  | 45 | 52 | 0.257 | 0.743 |
| 2:50-2nd |  | 45 | 52 | 0.264 | 0.736 |
| 2:43-2nd |  | 45 | 52 | 0.243 | 0.757 |
| 2:41-2nd |  | 45 | 52 | 0.237 | 0.763 |
| 2:33-2nd |  | 45 | 54 | 0.214 | 0.786 |
| 2:11-2nd |  | 45 | 54 | 0.187 | 0.813 |
| 2:07-2nd |  | 45 | 56 | 0.167 | 0.833 |
| 1:45-2nd |  | 45 | 56 | 0.15 | 0.85 |
| 1:41-2nd |  | 45 | 56 | 0.145 | 0.855 |
| 1:34-2nd |  | 45 | 56 | 0.16 | 0.84 |
| 1:31-2nd |  | 45 | 56 | 0.165 | 0.835 |
| 1:25-2nd |  | 45 | 56 | 0.149 | 0.851 |
| 1:22-2nd |  | 45 | 56 | 0.165 | 0.835 |
| 1:21-2nd |  | 45 | 56 | 0.165 | 0.835 |
| 1:17-2nd |  | 45 | 56 | 0.148 | 0.852 |
| 1:14-2nd |  | 45 | 56 | 0.164 | 0.836 |
| 1:04-2nd |  | 45 | 56 | 0.148 | 0.852 |
| 1:00-2nd |  | 47 | 56 | 0.184 | 0.816 |
| 52.1-2nd |  | 47 | 58 | 0.163 | 0.837 |
| 35.0-2nd |  | 49 | 58 | 0.185 | 0.815 |
| 16.1-2nd |  | 49 | 58 | 0.199 | 0.801 |
| 14.0-2nd |  | 49 | 58 | 0.205 | 0.795 |
| 4.0-2nd |  | 52 | 58 | 0.258 | 0.742 |
| 1.0-2nd |  | 52 | 58 | 0.258 | 0.742 |
| 0.0-2nd |  | 52 | 58 | 0.273 | 0.727 |
| 12:00-3rd |  | 52 | 58 | 0.273 | 0.727 |
| 11:51-3rd |  | 52 | 58 | 0.261 | 0.739 |
| 11:48-3rd |  | 52 | 58 | 0.252 | 0.748 |
| 11:39-3rd |  | 52 | 58 | 0.276 | 0.724 |
| 11:36-3rd |  | 52 | 58 | 0.252 | 0.748 |
| 11:35-3rd |  | 52 | 60 | 0.228 | 0.772 |
| 11:14-3rd |  | 52 | 60 | 0.207 | 0.793 |
| 11:11-3rd |  | 52 | 60 | 0.227 | 0.773 |
| 11:09-3rd |  | 55 | 60 | 0.285 | 0.715 |
| 10:57-3rd |  | 55 | 63 | 0.226 | 0.774 |
| 10:44-3rd |  | 55 | 63 | 0.198 | 0.802 |
| 10:39-3rd |  | 55 | 66 | 0.154 | 0.846 |
| 10:25-3rd |  | 55 | 66 | 0.151 | 0.849 |
| 10:19-3rd |  | 57 | 66 | 0.172 | 0.828 |
| 10:01-3rd |  | 57 | 66 | 0.19 | 0.81 |
| 9:59-3rd |  | 57 | 66 | 0.196 | 0.804 |
| 9:48-3rd |  | 59 | 66 | 0.22 | 0.78 |
| 9:40-3rd |  | 59 | 68 | 0.195 | 0.805 |
| 9:24-3rd |  | 61 | 68 | 0.22 | 0.78 |
| 9:17-3rd |  | 61 | 71 | 0.169 | 0.831 |
| 9:05-3rd |  | 62 | 71 | 0.168 | 0.832 |
| 9:03-3rd |  | 62 | 71 | 0.168 | 0.832 |
| 8:52-3rd |  | 62 | 71 | 0.185 | 0.815 |
| 8:50-3rd |  | 62 | 71 | 0.167 | 0.833 |
| 8:49-3rd |  | 62 | 71 | 0.185 | 0.815 |
| 8:47-3rd |  | 62 | 71 | 0.167 | 0.833 |
| 8:46-3rd |  | 62 | 71 | 0.185 | 0.815 |
| 8:43-3rd |  | 64 | 71 | 0.217 | 0.783 |
| 8:30-3rd |  | 64 | 73 | 0.19 | 0.81 |
| 8:17-3rd |  | 66 | 73 | 0.215 | 0.785 |
| 8:03-3rd |  | 66 | 73 | 0.215 | 0.785 |
| 7:54-3rd |  | 66 | 75 | 0.187 | 0.813 |
| 7:53-3rd |  | 66 | 75 | 0.162 | 0.838 |
| 7:41-3rd |  | 69 | 75 | 0.241 | 0.759 |
| 7:28-3rd |  | 69 | 75 | 0.273 | 0.727 |
| 7:19-3rd |  | 69 | 75 | 0.248 | 0.752 |
| 7:15-3rd |  | 69 | 75 | 0.272 | 0.728 |
| 7:12-3rd |  | 71 | 75 | 0.305 | 0.695 |
| 6:57-3rd |  | 71 | 75 | 0.331 | 0.669 |
| 6:56-3rd |  | 71 | 75 | 0.304 | 0.696 |
| 6:40-3rd |  | 71 | 75 | 0.312 | 0.688 |
| 6:37-3rd |  | 71 | 75 | 0.303 | 0.697 |
| 6:23-3rd |  | 71 | 75 | 0.33 | 0.67 |
| 6:19-3rd |  | 71 | 75 | 0.339 | 0.661 |
| 6:17-3rd |  | 71 | 75 | 0.339 | 0.661 |
| 6:10-3rd |  | 72 | 75 | 0.337 | 0.663 |
| 5:56-3rd |  | 72 | 75 | 0.368 | 0.632 |
| 5:55-3rd |  | 72 | 75 | 0.378 | 0.622 |
| 5:49-3rd |  | 72 | 75 | 0.378 | 0.622 |
| 5:41-3rd |  | 72 | 75 | 0.346 | 0.654 |
| 5:36-3rd |  | 72 | 75 | 0.336 | 0.664 |
| 5:25-3rd |  | 72 | 77 | 0.3 | 0.7 |
| 5:06-3rd |  | 72 | 77 | 0.271 | 0.729 |
| 5:04-3rd |  | 72 | 77 | 0.262 | 0.738 |
| 4:58-3rd |  | 72 | 77 | 0.289 | 0.711 |
| 4:57-3rd |  | 72 | 77 | 0.298 | 0.702 |
| 4:53-3rd |  | 76 | 77 | 0.458 | 0.542 |
| 4:34-3rd |  | 76 | 77 | 0.447 | 0.553 |
| 4:32-3rd |  | 76 | 77 | 0.413 | 0.587 |
| 4:31-3rd |  | 76 | 77 | 0.447 | 0.553 |
| 4:30-3rd |  | 76 | 77 | 0.458 | 0.542 |
| 4:24-3rd |  | 76 | 77 | 0.424 | 0.576 |
| 4:23-3rd |  | 77 | 77 | 0.457 | 0.543 |
| 4:21-3rd |  | 77 | 77 | 0.457 | 0.543 |
| 4:13-3rd |  | 77 | 77 | 0.457 | 0.543 |
| 4:08-3rd |  | 77 | 77 | 0.49 | 0.51 |
| 4:07-3rd |  | 77 | 77 | 0.501 | 0.499 |
| 3:58-3rd |  | 77 | 77 | 0.468 | 0.532 |
| 3:56-3rd |  | 79 | 77 | 0.544 | 0.456 |
| 3:45-3rd |  | 79 | 80 | 0.459 | 0.541 |
| 3:32-3rd |  | 79 | 80 | 0.412 | 0.588 |
| 3:20-3rd |  | 79 | 82 | 0.373 | 0.627 |
| 3:03-3rd |  | 81 | 82 | 0.412 | 0.588 |
| 2:42-3rd |  | 81 | 84 | 0.372 | 0.628 |
| 2:28-3rd |  | 81 | 84 | 0.338 | 0.662 |
| 2:25-3rd |  | 81 | 84 | 0.326 | 0.674 |
| 2:20-3rd |  | 81 | 86 | 0.29 | 0.71 |
| 2:19-3rd |  | 81 | 86 | 0.29 | 0.71 |
| 2:06-3rd |  | 83 | 86 | 0.325 | 0.675 |
| 1:42-3rd |  | 83 | 88 | 0.288 | 0.712 |
| 1:26-3rd |  | 85 | 88 | 0.323 | 0.677 |
| 1:10-3rd |  | 85 | 91 | 0.243 | 0.757 |
| 51.0-3rd |  | 85 | 91 | 0.212 | 0.788 |
| 48.1-3rd |  | 85 | 91 | 0.202 | 0.798 |
| 43.1-3rd |  | 85 | 93 | 0.17 | 0.83 |
| 29.1-3rd |  | 87 | 93 | 0.198 | 0.802 |
| 10.0-3rd |  | 87 | 95 | 0.168 | 0.832 |
| 2.1-3rd |  | 87 | 95 | 0.136 | 0.864 |
| 0.0-3rd |  | 87 | 95 | 0.151 | 0.849 |
| 12:00-4th |  | 87 | 95 | 0.151 | 0.849 |
| 11:47-4th |  | 87 | 97 | 0.106 | 0.894 |
| 11:23-4th |  | 89 | 97 | 0.126 | 0.874 |
| 11:07-4th |  | 89 | 97 | 0.146 | 0.854 |
| 11:05-4th |  | 89 | 97 | 0.153 | 0.847 |
| 10:59-4th |  | 91 | 97 | 0.186 | 0.814 |
| 10:41-4th |  | 91 | 99 | 0.15 | 0.85 |
| 10:28-4th |  | 94 | 99 | 0.218 | 0.782 |
| 10:11-4th |  | 95 | 99 | 0.309 | 0.691 |
| 9:57-4th |  | 95 | 99 | 0.256 | 0.744 |
| 9:51-4th |  | 95 | 99 | 0.294 | 0.706 |
| 9:48-4th |  | 95 | 99 | 0.307 | 0.693 |
| 9:35-4th |  | 97 | 99 | 0.352 | 0.648 |
| 9:17-4th |  | 97 | 99 | 0.391 | 0.609 |
| 9:14-4th |  | 97 | 99 | 0.351 | 0.649 |
| 9:12-4th |  | 97 | 102 | 0.255 | 0.745 |
| 8:56-4th |  | 100 | 102 | 0.349 | 0.651 |
| 8:41-4th |  | 100 | 104 | 0.296 | 0.704 |
| 8:40-4th |  | 100 | 104 | 0.296 | 0.704 |
| 8:29-4th |  | 102 | 104 | 0.342 | 0.658 |
| 8:12-4th |  | 102 | 104 | 0.385 | 0.615 |
| 8:11-4th |  | 102 | 104 | 0.399 | 0.601 |
| 7:59-4th |  | 104 | 104 | 0.456 | 0.544 |
| 7:45-4th |  | 104 | 106 | 0.398 | 0.602 |
| 7:29-4th |  | 104 | 106 | 0.335 | 0.665 |
| 7:23-4th |  | 104 | 106 | 0.381 | 0.619 |
| 7:21-4th |  | 104 | 108 | 0.284 | 0.716 |
| 7:08-4th |  | 106 | 108 | 0.333 | 0.667 |
| 6:41-4th |  | 106 | 108 | 0.393 | 0.607 |
| 6:27-4th |  | 108 | 108 | 0.456 | 0.544 |
| 6:06-4th |  | 108 | 108 | 0.507 | 0.493 |
| 6:03-4th |  | 108 | 108 | 0.457 | 0.543 |
| 6:02-4th |  | 108 | 108 | 0.457 | 0.543 |
| 5:58-4th |  | 108 | 110 | 0.39 | 0.61 |
| 5:46-4th |  | 108 | 110 | 0.321 | 0.679 |
| 5:31-4th |  | 108 | 113 | 0.209 | 0.791 |
| 5:11-4th |  | 109 | 113 | 0.202 | 0.798 |
| 4:51-4th |  | 112 | 116 | 0.255 | 0.745 |
| 4:37-4th |  | 114 | 116 | 0.312 | 0.688 |
| 4:18-4th |  | 114 | 116 | 0.364 | 0.636 |
| 4:16-4th |  | 114 | 116 | 0.383 | 0.617 |
| 4:08-4th |  | 114 | 116 | 0.307 | 0.693 |
| 3:53-4th |  | 114 | 116 | 0.38 | 0.62 |
| 3:41-4th |  | 116 | 116 | 0.455 | 0.545 |
| 3:29-4th |  | 116 | 118 | 0.374 | 0.626 |
| 3:18-4th |  | 116 | 118 | 0.313 | 0.687 |
| 3:14-4th |  | 116 | 118 | 0.373 | 0.627 |
| 3:13-4th |  | 118 | 118 | 0.45 | 0.55 |
| 2:52-4th |  | 118 | 120 | 0.37 | 0.63 |
| 2:36-4th |  | 118 | 120 | 0.302 | 0.698 |
| 2:33-4th |  | 120 | 120 | 0.45 | 0.55 |
| 2:15-4th |  | 120 | 120 | 0.522 | 0.478 |
| 2:10-4th |  | 120 | 120 | 0.546 | 0.454 |
| 2:00-4th |  | 123 | 120 | 0.736 | 0.264 |
| 1:38-4th |  | 123 | 120 | 0.808 | 0.192 |
| 1:35-4th |  | 123 | 120 | 0.832 | 0.168 |
| 1:26-4th |  | 125 | 120 | 0.887 | 0.113 |
| 1:21-4th |  | 125 | 120 | 0.924 | 0.076 |
| 1:17-4th |  | 125 | 120 | 0.889 | 0.111 |
| 1:14-4th |  | 125 | 123 | 0.785 | 0.215 |
| 51.1-4th |  | 125 | 123 | 0.724 | 0.276 |
| 39.0-4th |  | 125 | 123 | 0.812 | 0.188 |
| 21.1-4th |  | 125 | 123 | 0.756 | 0.244 |
| 18.1-4th |  | 125 | 123 | 0.729 | 0.271 |
| 13.1-4th |  | 125 | 125 | 0.541 | 0.459 |
| 4.0-4th | TARGET | 126 | 125 | 0.875 | 0.125 |
| 3.2-4th |  | 126 | 125 | 0.884 | 0.116 |
| 0.1-4th |  | 126 | 125 | 0.99 | 0.01 |
| 0.0-4th |  | 126 | 125 | 1.0 | 0.0 |

Question

Which event most likely happened at the marked missing position?

Answer Choices

A. Player 19 (Team A) lost ball turnover (Player 5 (Team B) steals)
B. Player 11 (Team B) personal foul | Player 2 (Team A) makes free throw 1 of 2 | Player 6 (Team B) enters the game for Player 5 (Team B) | Player 18 (Team B) enters the game for Player 11 (Team B) | Player 2 (Team A) misses free throw 2 of 2
C. Player 15 (Team A) makes 19-foot step back jumpshot
D. Player 12 (Team B) vs. Player 11 (Team B) (Player 10 (Team A) gains possession)

Response Format

Return exactly one JSON object:

{
  "answer": "<A|B|C|D>",
  "rationale": "<brief evidence-based justification in 1-3 sentences>",
  "evidence_event_ids": [],
  "evidence_series_times": []
}

Use only event IDs and time labels that are provided above and that support the answer. Use an empty array when the corresponding evidence type is unavailable or unused. Return only the JSON object.
