Task

Reconstruct the missing event in this basketball game. Use the available numerical time-series evidence around the marked row to select the most likely event.

Game

Team A versus Team B, season 22-23.

Time Series

| Game time | Marker | Team A score | Team B score | Team A win probability | Team B win probability |
| --- | --- | --- | --- | --- | --- |
| 12:00-1st |  | 0 | 0 | 0.691 | 0.309 |
| 11:44-1st |  | 0 | 0 | 0.703 | 0.297 |
| 11:39-1st |  | 0 | 0 | 0.707 | 0.293 |
| 11:21-1st |  | 0 | 0 | 0.693 | 0.307 |
| 11:18-1st |  | 0 | 0 | 0.688 | 0.312 |
| 11:12-1st |  | 0 | 0 | 0.701 | 0.299 |
| 11:09-1st |  | 0 | 0 | 0.705 | 0.295 |
| 11:05-1st |  | 0 | 0 | 0.692 | 0.308 |
| 11:00-1st |  | 0 | 0 | 0.687 | 0.313 |
| 10:52-1st |  | 0 | 2 | 0.661 | 0.339 |
| 10:30-1st |  | 0 | 2 | 0.659 | 0.341 |
| 10:23-1st |  | 0 | 2 | 0.641 | 0.359 |
| 10:20-1st |  | 0 | 2 | 0.635 | 0.365 |
| 10:11-1st |  | 0 | 5 | 0.587 | 0.413 |
| 9:53-1st |  | 2 | 5 | 0.609 | 0.391 |
| 9:29-1st |  | 2 | 5 | 0.627 | 0.373 |
| 9:26-1st |  | 2 | 5 | 0.633 | 0.367 |
| 9:17-1st |  | 2 | 5 | 0.606 | 0.394 |
| 9:06-1st |  | 2 | 5 | 0.611 | 0.389 |
| 9:05-1st |  | 2 | 5 | 0.605 | 0.395 |
| 8:49-1st |  | 2 | 8 | 0.551 | 0.449 |
| 8:27-1st |  | 5 | 8 | 0.601 | 0.399 |
| 8:11-1st |  | 5 | 11 | 0.548 | 0.452 |
| 7:58-1st |  | 5 | 11 | 0.519 | 0.481 |
| 7:47-1st |  | 5 | 11 | 0.539 | 0.461 |
| 7:42-1st |  | 5 | 11 | 0.545 | 0.455 |
| 7:33-1st |  | 7 | 11 | 0.573 | 0.427 |
| 7:16-1st |  | 7 | 14 | 0.517 | 0.483 |
| 7:15-1st |  | 7 | 14 | 0.516 | 0.484 |
| 6:58-1st |  | 10 | 14 | 0.569 | 0.431 |
| 6:30-1st |  | 10 | 17 | 0.512 | 0.488 |
| 6:05-1st |  | 13 | 17 | 0.564 | 0.436 |
| 5:50-1st |  | 13 | 20 | 0.509 | 0.491 |
| 5:37-1st |  | 13 | 20 | 0.506 | 0.494 |
| 5:24-1st |  | 15 | 20 | 0.532 | 0.468 |
| 5:12-1st |  | 15 | 20 | 0.559 | 0.441 |
| 5:07-1st |  | 15 | 20 | 0.537 | 0.463 |
| 5:03-1st |  | 15 | 20 | 0.53 | 0.47 |
| 4:57-1st |  | 15 | 20 | 0.551 | 0.449 |
| 4:56-1st |  | 15 | 20 | 0.529 | 0.471 |
| 4:40-1st |  | 15 | 20 | 0.534 | 0.466 |
| 4:38-1st |  | 15 | 20 | 0.527 | 0.473 |
| 4:16-1st |  | 15 | 20 | 0.547 | 0.453 |
| 4:13-1st |  | 15 | 20 | 0.524 | 0.476 |
| 4:12-1st |  | 15 | 20 | 0.554 | 0.446 |
| 4:03-1st |  | 15 | 20 | 0.531 | 0.469 |
| 4:00-1st |  | 17 | 20 | 0.577 | 0.423 |
| 3:49-1st |  | 17 | 24 | 0.496 | 0.504 |
| 3:32-1st |  | 17 | 24 | 0.47 | 0.53 |
| 3:30-1st |  | 17 | 24 | 0.461 | 0.539 |
| 3:13-1st |  | 17 | 24 | 0.484 | 0.516 |
| 3:10-1st |  | 17 | 24 | 0.492 | 0.508 |
| 3:03-1st |  | 17 | 24 | 0.531 | 0.469 |
| 2:48-1st |  | 19 | 24 | 0.514 | 0.486 |
| 2:27-1st |  | 19 | 27 | 0.457 | 0.543 |
| 2:07-1st |  | 21 | 27 | 0.482 | 0.518 |
| 1:59-1st |  | 21 | 27 | 0.51 | 0.49 |
| 1:54-1st |  | 21 | 27 | 0.502 | 0.498 |
| 1:51-1st |  | 21 | 27 | 0.509 | 0.491 |
| 1:38-1st |  | 21 | 27 | 0.507 | 0.493 |
| 1:32-1st |  | 23 | 27 | 0.537 | 0.463 |
| 1:17-1st |  | 23 | 27 | 0.556 | 0.444 |
| 1:14-1st |  | 23 | 27 | 0.556 | 0.444 |
| 1:13-1st |  | 23 | 27 | 0.535 | 0.465 |
| 1:11-1st |  | 23 | 27 | 0.563 | 0.437 |
| 1:06-1st |  | 25 | 27 | 0.587 | 0.413 |
| 57.1-1st |  | 25 | 27 | 0.616 | 0.384 |
| 48.1-1st |  | 27 | 27 | 0.642 | 0.358 |
| 31.1-1st |  | 27 | 27 | 0.662 | 0.338 |
| 28.0-1st |  | 27 | 27 | 0.669 | 0.331 |
| 17.1-1st |  | 29 | 27 | 0.694 | 0.306 |
| 4.0-1st |  | 29 | 27 | 0.709 | 0.291 |
| 0.1-1st |  | 29 | 27 | 0.714 | 0.286 |
| 0.0-1st |  | 29 | 27 | 0.701 | 0.299 |
| 12:00-2nd |  | 29 | 27 | 0.701 | 0.299 |
| 11:47-2nd |  | 29 | 27 | 0.698 | 0.302 |
| 11:41-2nd |  | 29 | 27 | 0.717 | 0.283 |
| 11:37-2nd |  | 29 | 27 | 0.698 | 0.302 |
| 11:34-2nd |  | 29 | 27 | 0.691 | 0.309 |
| 11:22-2nd |  | 29 | 29 | 0.664 | 0.336 |
| 11:10-2nd |  | 29 | 29 | 0.643 | 0.357 |
| 11:05-2nd |  | 29 | 29 | 0.636 | 0.364 |
| 10:59-2nd |  | 29 | 29 | 0.663 | 0.337 |
| 10:40-2nd |  | 31 | 29 | 0.689 | 0.311 |
| 10:28-2nd |  | 31 | 31 | 0.661 | 0.339 |
| 10:14-2nd |  | 31 | 31 | 0.659 | 0.341 |
| 10:07-2nd |  | 33 | 31 | 0.687 | 0.313 |
| 9:48-2nd |  | 33 | 31 | 0.704 | 0.296 |
| 9:44-2nd |  | 33 | 31 | 0.71 | 0.29 |
| 9:37-2nd |  | 36 | 31 | 0.757 | 0.243 |
| 9:16-2nd |  | 36 | 33 | 0.734 | 0.266 |
| 8:56-2nd |  | 36 | 33 | 0.713 | 0.287 |
| 8:53-2nd |  | 36 | 33 | 0.733 | 0.267 |
| 8:52-2nd |  | 36 | 33 | 0.713 | 0.287 |
| 8:48-2nd |  | 36 | 33 | 0.733 | 0.267 |
| 8:43-2nd |  | 37 | 33 | 0.73 | 0.27 |
| 8:31-2nd |  | 37 | 33 | 0.749 | 0.251 |
| 8:28-2nd |  | 37 | 33 | 0.755 | 0.245 |
| 8:20-2nd |  | 39 | 33 | 0.776 | 0.224 |
| 8:00-2nd |  | 39 | 36 | 0.73 | 0.27 |
| 7:43-2nd |  | 41 | 36 | 0.754 | 0.246 |
| 7:34-2nd |  | 41 | 36 | 0.771 | 0.229 |
| 7:28-2nd |  | 41 | 36 | 0.777 | 0.223 |
| 7:25-2nd |  | 41 | 36 | 0.759 | 0.241 |
| 7:22-2nd |  | 41 | 36 | 0.777 | 0.223 |
| 7:11-2nd |  | 41 | 36 | 0.759 | 0.241 |
| 7:09-2nd |  | 41 | 36 | 0.806 | 0.194 |
| 7:05-2nd |  | 41 | 36 | 0.757 | 0.243 |
| 7:02-2nd |  | 41 | 36 | 0.75 | 0.25 |
| 6:54-2nd |  | 41 | 38 | 0.727 | 0.273 |
| 6:44-2nd |  | 41 | 38 | 0.698 | 0.302 |
| 6:32-2nd |  | 41 | 38 | 0.719 | 0.281 |
| 6:27-2nd |  | 41 | 38 | 0.726 | 0.274 |
| 6:15-2nd |  | 41 | 38 | 0.704 | 0.296 |
| 6:13-2nd |  | 41 | 38 | 0.697 | 0.303 |
| 6:09-2nd |  | 41 | 38 | 0.718 | 0.282 |
| 6:07-2nd |  | 41 | 38 | 0.725 | 0.275 |
| 5:52-2nd |  | 43 | 38 | 0.748 | 0.252 |
| 5:35-2nd |  | 43 | 38 | 0.776 | 0.224 |
| 5:25-2nd |  | 43 | 38 | 0.755 | 0.245 |
| 5:22-2nd |  | 43 | 38 | 0.748 | 0.252 |
| 5:16-2nd |  | 43 | 38 | 0.748 | 0.252 |
| 5:12-2nd |  | 43 | 38 | 0.748 | 0.252 |
| 5:09-2nd |  | 43 | 38 | 0.748 | 0.252 |
| 4:55-2nd |  | 43 | 38 | 0.767 | 0.233 |
| 4:50-2nd |  | 43 | 38 | 0.773 | 0.227 |
| 4:38-2nd |  | 46 | 38 | 0.816 | 0.184 |
| 4:18-2nd |  | 46 | 38 | 0.831 | 0.169 |
| 4:15-2nd |  | 46 | 38 | 0.836 | 0.164 |
| 4:04-2nd |  | 46 | 38 | 0.821 | 0.179 |
| 4:01-2nd |  | 46 | 38 | 0.816 | 0.184 |
| 3:56-2nd |  | 46 | 40 | 0.795 | 0.205 |
| 3:28-2nd |  | 46 | 40 | 0.777 | 0.223 |
| 3:24-2nd |  | 46 | 40 | 0.771 | 0.229 |
| 3:20-2nd |  | 46 | 40 | 0.789 | 0.211 |
| 3:18-2nd |  | 46 | 40 | 0.795 | 0.205 |
| 3:12-2nd |  | 49 | 40 | 0.838 | 0.162 |
| 3:11-2nd |  | 49 | 40 | 0.838 | 0.162 |
| 2:55-2nd |  | 49 | 40 | 0.852 | 0.148 |
| 2:52-2nd |  | 49 | 40 | 0.856 | 0.144 |
| 2:48-2nd |  | 51 | 40 | 0.873 | 0.127 |
| 2:34-2nd |  | 51 | 43 | 0.836 | 0.164 |
| 2:11-2nd |  | 51 | 43 | 0.823 | 0.177 |
| 2:07-2nd |  | 51 | 43 | 0.818 | 0.182 |
| 1:57-2nd |  | 51 | 47 | 0.747 | 0.253 |
| 1:45-2nd |  | 51 | 47 | 0.723 | 0.277 |
| 1:42-2nd |  | 51 | 47 | 0.715 | 0.285 |
| 1:39-2nd |  | 51 | 50 | 0.658 | 0.342 |
| 1:17-2nd |  | 53 | 50 | 0.692 | 0.308 |
| 51.0-2nd |  | 53 | 50 | 0.72 | 0.28 |
| 49.1-2nd |  | 55 | 50 | 0.744 | 0.256 |
| 43.1-2nd |  | 55 | 50 | 0.764 | 0.236 |
| 40.1-2nd |  | 55 | 50 | 0.771 | 0.229 |
| 17.1-2nd |  | 55 | 50 | 0.751 | 0.249 |
| 14.1-2nd |  | 55 | 50 | 0.744 | 0.256 |
| 2.1-2nd |  | 55 | 53 | 0.686 | 0.314 |
| 0.0-2nd |  | 55 | 53 | 0.671 | 0.329 |
| 12:00-3rd |  | 55 | 53 | 0.671 | 0.329 |
| 11:48-3rd |  | 57 | 53 | 0.714 | 0.286 |
| 11:34-3rd |  | 57 | 55 | 0.685 | 0.315 |
| 11:19-3rd |  | 57 | 55 | 0.685 | 0.315 |
| 11:14-3rd |  | 59 | 55 | 0.713 | 0.287 |
| 10:59-3rd |  | 59 | 57 | 0.684 | 0.316 |
| 10:42-3rd |  | 62 | 57 | 0.743 | 0.257 |
| 10:25-3rd |  | 62 | 59 | 0.715 | 0.285 |
| 10:09-3rd |  | 65 | 59 | 0.77 | 0.23 |
| 9:52-3rd |  | 65 | 61 | 0.743 | 0.257 |
| 9:37-3rd |  | 67 | 61 | 0.771 | 0.229 |
| 9:24-3rd |  | 67 | 61 | 0.799 | 0.201 |
| 9:19-3rd |  | 67 | 61 | 0.778 | 0.222 |
| 9:16-3rd |  | 67 | 61 | 0.8 | 0.2 |
| 9:10-3rd |  | 70 | 61 | 0.844 | 0.156 |
| 9:02-3rd |  | 70 | 61 | 0.846 | 0.154 |
| 8:55-3rd |  | 70 | 61 | 0.867 | 0.133 |
| 8:44-3rd |  | 72 | 61 | 0.886 | 0.114 |
| 8:34-3rd |  | 72 | 61 | 0.886 | 0.114 |
| 8:25-3rd |  | 72 | 61 | 0.899 | 0.101 |
| 8:23-3rd |  | 72 | 61 | 0.886 | 0.114 |
| 8:20-3rd |  | 72 | 64 | 0.846 | 0.154 |
| 8:00-3rd |  | 72 | 64 | 0.829 | 0.171 |
| 7:57-3rd |  | 72 | 64 | 0.824 | 0.176 |
| 7:53-3rd |  | 72 | 66 | 0.801 | 0.199 |
| 7:41-3rd |  | 72 | 66 | 0.8 | 0.2 |
| 7:34-3rd |  | 72 | 66 | 0.779 | 0.221 |
| 7:32-3rd |  | 72 | 66 | 0.771 | 0.229 |
| 7:24-3rd |  | 72 | 66 | 0.725 | 0.275 |
| 7:21-3rd |  | 72 | 68 | 0.742 | 0.258 |
| 7:01-3rd |  | 72 | 68 | 0.717 | 0.283 |
| 6:57-3rd |  | 72 | 68 | 0.709 | 0.291 |
| 6:52-3rd |  | 72 | 70 | 0.677 | 0.323 |
| 6:36-3rd |  | 74 | 70 | 0.707 | 0.293 |
| 6:19-3rd |  | 74 | 70 | 0.731 | 0.269 |
| 6:16-3rd |  | 74 | 70 | 0.74 | 0.26 |
| 6:09-3rd |  | 74 | 70 | 0.715 | 0.285 |
| 6:08-3rd |  | 74 | 71 | 0.71 | 0.29 |
| 6:06-3rd |  | 74 | 71 | 0.71 | 0.29 |
| 5:55-3rd |  | 74 | 71 | 0.683 | 0.317 |
| 5:52-3rd |  | 74 | 71 | 0.674 | 0.326 |
| 5:46-3rd |  | 74 | 73 | 0.638 | 0.362 |
| 5:45-3rd |  | 74 | 73 | 0.638 | 0.362 |
| 5:30-3rd |  | 74 | 73 | 0.596 | 0.404 |
| 5:27-3rd |  | 74 | 75 | 0.557 | 0.443 |
| 5:13-3rd |  | 74 | 75 | 0.512 | 0.488 |
| 5:11-3rd |  | 75 | 77 | 0.514 | 0.486 |
| 4:53-3rd |  | 77 | 77 | 0.553 | 0.447 |
| 4:35-3rd |  | 77 | 79 | 0.51 | 0.49 |
| 4:25-3rd |  | 79 | 79 | 0.551 | 0.449 |
| 4:21-3rd |  | 79 | 79 | 0.551 | 0.449 |
| 4:03-3rd |  | 79 | 79 | 0.581 | 0.419 |
| 3:58-3rd |  | 79 | 79 | 0.549 | 0.451 |
| 3:57-3rd |  | 79 | 79 | 0.58 | 0.42 |
| 3:54-3rd |  | 79 | 79 | 0.591 | 0.409 |
| 3:48-3rd |  | 79 | 79 | 0.559 | 0.441 |
| 3:43-3rd |  | 79 | 79 | 0.548 | 0.452 |
| 3:39-3rd |  | 79 | 82 | 0.46 | 0.54 |
| 3:27-3rd |  | 81 | 82 | 0.5 | 0.5 |
| 3:05-3rd |  | 81 | 82 | 0.533 | 0.467 |
| 3:02-3rd |  | 81 | 82 | 0.544 | 0.456 |
| 2:54-3rd |  | 83 | 82 | 0.587 | 0.413 |
| 2:46-3rd |  | 83 | 84 | 0.543 | 0.457 |
| 2:37-3rd |  | 83 | 84 | 0.494 | 0.506 |
| 2:29-3rd |  | 83 | 84 | 0.529 | 0.471 |
| 2:27-3rd |  | 83 | 84 | 0.542 | 0.458 |
| 2:25-3rd |  | 83 | 84 | 0.492 | 0.508 |
| 2:21-3rd |  | 83 | 86 | 0.45 | 0.55 |
| 2:14-3rd |  | 83 | 86 | 0.413 | 0.587 |
| 2:13-3rd |  | 83 | 86 | 0.402 | 0.598 |
| 1:54-3rd |  | 83 | 86 | 0.434 | 0.566 |
| 1:50-3rd |  | 83 | 86 | 0.445 | 0.555 |
| 1:46-3rd |  | 86 | 86 | 0.54 | 0.46 |
| 1:36-3rd |  | 86 | 86 | 0.57 | 0.43 |
| 1:33-3rd |  | 86 | 86 | 0.58 | 0.42 |
| 1:28-3rd |  | 87 | 86 | 0.582 | 0.418 |
| 1:17-3rd |  | 87 | 86 | 0.631 | 0.369 |
| 1:13-3rd |  | 88 | 86 | 0.627 | 0.373 |
| 1:01-3rd |  | 88 | 86 | 0.66 | 0.34 |
| 57.1-3rd |  | 88 | 86 | 0.672 | 0.328 |
| 53.1-3rd |  | 88 | 86 | 0.638 | 0.362 |
| 51.0-3rd |  | 88 | 86 | 0.626 | 0.374 |
| 38.0-3rd |  | 88 | 88 | 0.577 | 0.423 |
| 31.1-3rd |  | 91 | 88 | 0.669 | 0.331 |
| 13.1-3rd |  | 91 | 88 | 0.702 | 0.298 |
| 10.1-3rd |  | 91 | 88 | 0.713 | 0.287 |
| 0.0-3rd |  | 91 | 88 | 0.694 | 0.306 |
| 12:00-4th |  | 91 | 88 | 0.694 | 0.306 |
| 11:40-4th |  | 91 | 90 | 0.623 | 0.377 |
| 11:28-4th |  | 91 | 90 | 0.638 | 0.362 |
| 11:15-4th |  | 91 | 90 | 0.579 | 0.421 |
| 11:08-4th |  | 91 | 92 | 0.533 | 0.467 |
| 10:54-4th |  | 94 | 92 | 0.638 | 0.362 |
| 10:42-4th |  | 94 | 93 | 0.631 | 0.369 |
| 10:39-4th |  | 94 | 93 | 0.631 | 0.369 |
| 10:32-4th |  | 97 | 93 | 0.725 | 0.275 |
| 10:13-4th |  | 97 | 93 | 0.76 | 0.24 |
| 10:09-4th |  | 97 | 93 | 0.772 | 0.228 |
| 10:07-4th |  | 99 | 93 | 0.806 | 0.194 |
| 9:51-4th |  | 99 | 94 | 0.804 | 0.196 |
| 9:32-4th |  | 99 | 94 | 0.765 | 0.235 |
| 9:16-4th |  | 99 | 94 | 0.797 | 0.203 |
| 9:12-4th |  | 99 | 94 | 0.767 | 0.233 |
| 9:11-4th |  | 99 | 94 | 0.797 | 0.203 |
| 9:08-4th |  | 99 | 94 | 0.808 | 0.192 |
| 9:05-4th |  | 99 | 94 | 0.777 | 0.223 |
| 9:01-4th |  | 99 | 94 | 0.768 | 0.232 |
| 8:45-4th |  | 99 | 94 | 0.81 | 0.19 |
| 8:38-4th |  | 99 | 94 | 0.78 | 0.22 |
| 8:36-4th |  | 99 | 94 | 0.77 | 0.23 |
| 8:33-4th |  | 99 | 94 | 0.801 | 0.199 |
| 8:30-4th |  | 99 | 94 | 0.77 | 0.23 |
| 8:27-4th |  | 99 | 96 | 0.727 | 0.273 |
| 8:06-4th |  | 99 | 96 | 0.687 | 0.313 |
| 8:02-4th |  | 99 | 96 | 0.674 | 0.326 |
| 7:55-4th |  | 99 | 99 | 0.569 | 0.431 |
| 7:54-4th |  | 99 | 99 | 0.569 | 0.431 |
| 7:30-4th |  | 99 | 99 | 0.498 | 0.502 |
| 7:15-4th |  | 99 | 101 | 0.442 | 0.558 |
| 6:58-4th |  | 99 | 101 | 0.388 | 0.612 |
| 6:54-4th |  | 99 | 101 | 0.371 | 0.629 |
| 6:52-4th |  | 99 | 104 | 0.259 | 0.741 |
| 6:34-4th |  | 99 | 104 | 0.203 | 0.797 |
| 6:24-4th |  | 99 | 104 | 0.237 | 0.763 |
| 6:22-4th |  | 99 | 104 | 0.199 | 0.801 |
| 6:20-4th |  | 99 | 107 | 0.121 | 0.879 |
| 6:19-4th |  | 99 | 107 | 0.121 | 0.879 |
| 6:03-4th |  | 99 | 107 | 0.129 | 0.871 |
| 5:55-4th |  | 101 | 107 | 0.153 | 0.847 |
| 5:40-4th |  | 101 | 107 | 0.183 | 0.817 |
| 5:37-4th |  | 101 | 107 | 0.193 | 0.807 |
| 5:32-4th |  | 104 | 107 | 0.297 | 0.703 |
| 5:09-4th |  | 104 | 107 | 0.356 | 0.644 |
| 5:01-4th |  | 106 | 107 | 0.436 | 0.564 |
| 4:48-4th |  | 106 | 107 | 0.512 | 0.488 |
| 4:39-4th |  | 108 | 107 | 0.58 | 0.42 |
| 4:28-4th |  | 108 | 109 | 0.5 | 0.5 |
| 4:25-4th |  | 108 | 109 | 0.5 | 0.5 |
| 4:11-4th |  | 108 | 109 | 0.438 | 0.562 |
| 4:07-4th |  | 108 | 109 | 0.418 | 0.582 |
| 3:58-4th |  | 108 | 111 | 0.347 | 0.653 |
| 3:41-4th |  | 108 | 111 | 0.287 | 0.713 |
| 3:40-4th |  | 109 | 111 | 0.339 | 0.661 |
| 3:37-4th |  | 109 | 111 | 0.338 | 0.662 |
| 3:29-4th |  | 109 | 113 | 0.256 | 0.744 |
| 3:16-4th |  | 111 | 113 | 0.314 | 0.686 |
| 2:52-4th |  | 111 | 113 | 0.391 | 0.609 |
| 2:46-4th | TARGET | 114 | 113 | 0.552 | 0.448 |
| 2:28-4th |  | 114 | 113 | 0.644 | 0.356 |
| 2:13-4th |  | 116 | 113 | 0.726 | 0.274 |
| 1:57-4th |  | 116 | 113 | 0.786 | 0.214 |
| 1:54-4th |  | 116 | 113 | 0.805 | 0.195 |
| 1:41-4th |  | 118 | 113 | 0.867 | 0.133 |
| 1:36-4th |  | 118 | 113 | 0.919 | 0.081 |
| 1:24-4th |  | 118 | 113 | 0.884 | 0.116 |
| 1:18-4th |  | 118 | 113 | 0.873 | 0.127 |
| 1:12-4th |  | 118 | 116 | 0.747 | 0.253 |
| 57.0-4th |  | 121 | 116 | 0.881 | 0.119 |
| 55.0-4th |  | 121 | 116 | 0.921 | 0.079 |
| 53.1-4th |  | 121 | 116 | 0.935 | 0.065 |
| 49.1-4th |  | 121 | 116 | 0.889 | 0.111 |
| 44.1-4th |  | 121 | 116 | 0.931 | 0.069 |
| 42.1-4th |  | 121 | 116 | 0.944 | 0.056 |
| 42.0-4th |  | 123 | 116 | 0.969 | 0.031 |
| 38.0-4th |  | 123 | 116 | 0.989 | 0.011 |
| 34.2-4th |  | 124 | 116 | 0.986 | 0.014 |
| 33.0-4th |  | 124 | 116 | 0.987 | 0.013 |
| 30.1-4th |  | 124 | 116 | 0.997 | 0.003 |
| 7.0-4th |  | 124 | 116 | 0.999 | 0.001 |
| 0.0-4th |  | 124 | 116 | 1.0 | 0.0 |

Question

Which event most likely happened at the marked missing position?

Answer Choices

A. Player 9 (Team B) bad pass (Player 14 (Team B) steals)
B. Player 17 (Team B) makes 23-foot three point jumper (Player 5 (Team A) assists)
C. Player 1 (Team A) makes 26-foot three point jumper (Player 6 (Team A) assists)
D. Player 16 (Team A) double dribble turnover

Response Format

Return exactly one JSON object:

{
  "answer": "<A|B|C|D>",
  "rationale": "<brief evidence-based justification in 1-3 sentences>",
  "evidence_event_ids": [],
  "evidence_series_times": []
}

Use only event IDs and time labels that are provided above and that support the answer. Use an empty array when the corresponding evidence type is unavailable or unused. Return only the JSON object.
