Task

Reconstruct the missing event in this basketball game. Use the available numerical time-series evidence around the marked row to select the most likely event.

Game

Team A versus Team B, season 22-23.

Time Series

| Game time | Marker | Team A score | Team B score | Team A win probability | Team B win probability |
| --- | --- | --- | --- | --- | --- |
| 12:00-1st |  | 0 | 0 | 0.084 | 0.916 |
| 11:42-1st |  | 0 | 0 | 0.09 | 0.91 |
| 11:41-1st |  | 0 | 0 | 0.09 | 0.91 |
| 11:38-1st |  | 0 | 0 | 0.092 | 0.908 |
| 11:22-1st |  | 0 | 0 | 0.086 | 0.914 |
| 11:19-1st |  | 0 | 2 | 0.077 | 0.923 |
| 10:57-1st |  | 2 | 2 | 0.088 | 0.912 |
| 10:32-1st |  | 2 | 2 | 0.094 | 0.906 |
| 10:30-1st |  | 2 | 2 | 0.096 | 0.904 |
| 10:20-1st |  | 2 | 2 | 0.092 | 0.908 |
| 10:18-1st |  | 2 | 2 | 0.09 | 0.91 |
| 10:15-1st |  | 2 | 5 | 0.074 | 0.926 |
| 9:56-1st |  | 2 | 5 | 0.07 | 0.93 |
| 9:52-1st |  | 4 | 5 | 0.082 | 0.918 |
| 9:35-1st |  | 4 | 5 | 0.092 | 0.908 |
| 9:14-1st |  | 4 | 5 | 0.084 | 0.916 |
| 9:11-1st |  | 4 | 7 | 0.078 | 0.922 |
| 8:56-1st |  | 7 | 7 | 0.095 | 0.905 |
| 8:45-1st |  | 7 | 7 | 0.104 | 0.896 |
| 8:41-1st |  | 10 | 7 | 0.127 | 0.873 |
| 8:24-1st |  | 10 | 9 | 0.118 | 0.882 |
| 8:01-1st |  | 10 | 9 | 0.109 | 0.891 |
| 7:39-1st |  | 10 | 12 | 0.091 | 0.909 |
| 7:22-1st |  | 12 | 12 | 0.101 | 0.899 |
| 7:00-1st |  | 12 | 12 | 0.111 | 0.889 |
| 6:57-1st |  | 14 | 12 | 0.124 | 0.876 |
| 6:35-1st |  | 14 | 12 | 0.136 | 0.864 |
| 6:32-1st |  | 14 | 12 | 0.14 | 0.86 |
| 6:25-1st |  | 16 | 12 | 0.153 | 0.847 |
| 6:06-1st |  | 16 | 12 | 0.17 | 0.83 |
| 5:55-1st |  | 16 | 12 | 0.16 | 0.84 |
| 5:51-1st |  | 16 | 12 | 0.157 | 0.843 |
| 5:47-1st |  | 16 | 12 | 0.158 | 0.842 |
| 5:31-1st |  | 16 | 15 | 0.133 | 0.867 |
| 5:07-1st |  | 19 | 15 | 0.163 | 0.837 |
| 4:51-1st |  | 19 | 15 | 0.177 | 0.823 |
| 4:49-1st |  | 19 | 15 | 0.165 | 0.835 |
| 4:48-1st |  | 19 | 17 | 0.15 | 0.85 |
| 4:31-1st |  | 19 | 17 | 0.139 | 0.861 |
| 4:22-1st |  | 19 | 19 | 0.127 | 0.873 |
| 4:07-1st |  | 21 | 19 | 0.141 | 0.859 |
| 3:49-1st |  | 21 | 22 | 0.119 | 0.881 |
| 3:36-1st |  | 24 | 22 | 0.144 | 0.856 |
| 3:17-1st |  | 24 | 22 | 0.147 | 0.853 |
| 3:14-1st |  | 24 | 24 | 0.133 | 0.867 |
| 3:08-1st |  | 24 | 24 | 0.125 | 0.875 |
| 3:05-1st |  | 24 | 24 | 0.123 | 0.877 |
| 3:01-1st |  | 24 | 26 | 0.111 | 0.889 |
| 3:00-1st |  | 24 | 26 | 0.135 | 0.865 |
| 2:39-1st |  | 24 | 26 | 0.102 | 0.898 |
| 2:33-1st |  | 24 | 28 | 0.092 | 0.908 |
| 2:22-1st |  | 26 | 28 | 0.103 | 0.897 |
| 2:04-1st |  | 26 | 30 | 0.094 | 0.906 |
| 1:49-1st |  | 26 | 30 | 0.088 | 0.912 |
| 1:47-1st |  | 26 | 30 | 0.086 | 0.914 |
| 1:33-1st |  | 26 | 32 | 0.078 | 0.922 |
| 1:16-1st |  | 28 | 32 | 0.087 | 0.913 |
| 1:02-1st |  | 28 | 32 | 0.095 | 0.905 |
| 59.0-1st |  | 28 | 32 | 0.098 | 0.902 |
| 52.0-1st |  | 31 | 32 | 0.121 | 0.879 |
| 34.1-1st |  | 31 | 34 | 0.111 | 0.889 |
| 26.1-1st |  | 31 | 34 | 0.1 | 0.9 |
| 5.1-1st |  | 31 | 34 | 0.11 | 0.89 |
| 1.2-1st |  | 31 | 34 | 0.114 | 0.886 |
| 0.1-1st |  | 31 | 34 | 0.106 | 0.894 |
| 0.0-1st |  | 31 | 34 | 0.108 | 0.892 |
| 12:00-2nd |  | 31 | 34 | 0.108 | 0.892 |
| 11:43-2nd |  | 31 | 34 | 0.106 | 0.894 |
| 11:40-2nd |  | 31 | 34 | 0.103 | 0.897 |
| 11:37-2nd |  | 31 | 34 | 0.104 | 0.896 |
| 11:29-2nd |  | 31 | 36 | 0.094 | 0.906 |
| 11:27-2nd |  | 31 | 36 | 0.094 | 0.906 |
| 11:26-2nd |  | 31 | 36 | 0.094 | 0.906 |
| 11:12-2nd |  | 31 | 36 | 0.087 | 0.913 |
| 11:10-2nd |  | 31 | 36 | 0.085 | 0.915 |
| 11:07-2nd |  | 31 | 36 | 0.092 | 0.908 |
| 11:02-2nd |  | 31 | 36 | 0.095 | 0.905 |
| 10:45-2nd |  | 34 | 36 | 0.119 | 0.881 |
| 10:22-2nd |  | 34 | 36 | 0.134 | 0.866 |
| 10:11-2nd |  | 37 | 36 | 0.166 | 0.834 |
| 10:02-2nd |  | 37 | 38 | 0.15 | 0.85 |
| 9:49-2nd |  | 37 | 38 | 0.138 | 0.862 |
| 9:45-2nd |  | 37 | 38 | 0.152 | 0.848 |
| 9:33-2nd |  | 37 | 38 | 0.143 | 0.857 |
| 9:32-2nd |  | 37 | 38 | 0.14 | 0.86 |
| 9:28-2nd |  | 37 | 38 | 0.15 | 0.85 |
| 9:23-2nd |  | 37 | 38 | 0.154 | 0.846 |
| 9:20-2nd |  | 40 | 38 | 0.19 | 0.81 |
| 8:55-2nd |  | 40 | 38 | 0.213 | 0.787 |
| 8:41-2nd |  | 40 | 38 | 0.2 | 0.8 |
| 8:39-2nd |  | 42 | 38 | 0.236 | 0.764 |
| 8:22-2nd |  | 42 | 38 | 0.257 | 0.743 |
| 8:18-2nd |  | 42 | 38 | 0.264 | 0.736 |
| 8:14-2nd |  | 45 | 38 | 0.316 | 0.684 |
| 7:59-2nd |  | 45 | 38 | 0.34 | 0.66 |
| 7:56-2nd |  | 45 | 38 | 0.348 | 0.652 |
| 7:41-2nd |  | 48 | 38 | 0.412 | 0.588 |
| 7:21-2nd |  | 48 | 38 | 0.445 | 0.555 |
| 7:20-2nd |  | 48 | 38 | 0.455 | 0.545 |
| 7:19-2nd |  | 48 | 38 | 0.455 | 0.545 |
| 7:03-2nd |  | 48 | 38 | 0.432 | 0.568 |
| 7:00-2nd |  | 48 | 38 | 0.423 | 0.577 |
| 6:57-2nd |  | 48 | 38 | 0.452 | 0.548 |
| 6:54-2nd |  | 48 | 38 | 0.425 | 0.575 |
| 6:52-2nd |  | 48 | 41 | 0.364 | 0.636 |
| 6:39-2nd |  | 50 | 41 | 0.399 | 0.601 |
| 6:30-2nd |  | 50 | 44 | 0.338 | 0.662 |
| 6:09-2nd |  | 50 | 44 | 0.314 | 0.686 |
| 5:45-2nd |  | 50 | 46 | 0.295 | 0.705 |
| 5:30-2nd |  | 50 | 46 | 0.276 | 0.724 |
| 5:28-2nd |  | 50 | 46 | 0.27 | 0.73 |
| 5:25-2nd |  | 50 | 46 | 0.299 | 0.701 |
| 5:20-2nd |  | 50 | 46 | 0.278 | 0.722 |
| 5:18-2nd |  | 50 | 46 | 0.3 | 0.7 |
| 5:14-2nd |  | 50 | 46 | 0.3 | 0.7 |
| 5:09-2nd |  | 50 | 46 | 0.274 | 0.726 |
| 5:06-2nd |  | 50 | 46 | 0.274 | 0.726 |
| 5:00-2nd |  | 50 | 48 | 0.252 | 0.748 |
| 4:43-2nd |  | 50 | 48 | 0.231 | 0.769 |
| 4:21-2nd |  | 50 | 48 | 0.252 | 0.748 |
| 4:19-2nd |  | 50 | 48 | 0.259 | 0.741 |
| 4:03-2nd |  | 52 | 48 | 0.286 | 0.714 |
| 3:44-2nd |  | 52 | 48 | 0.312 | 0.688 |
| 3:41-2nd |  | 52 | 48 | 0.32 | 0.68 |
| 3:24-2nd |  | 52 | 48 | 0.301 | 0.699 |
| 3:21-2nd |  | 52 | 48 | 0.294 | 0.706 |
| 3:15-2nd |  | 52 | 48 | 0.318 | 0.682 |
| 3:13-2nd |  | 52 | 48 | 0.326 | 0.674 |
| 3:10-2nd |  | 54 | 48 | 0.355 | 0.645 |
| 2:57-2nd |  | 54 | 50 | 0.329 | 0.671 |
| 2:36-2nd |  | 54 | 51 | 0.306 | 0.694 |
| 2:12-2nd |  | 54 | 51 | 0.281 | 0.719 |
| 2:04-2nd |  | 54 | 51 | 0.305 | 0.695 |
| 2:01-2nd |  | 54 | 51 | 0.314 | 0.686 |
| 1:54-2nd |  | 56 | 51 | 0.343 | 0.657 |
| 1:37-2nd |  | 56 | 51 | 0.372 | 0.628 |
| 1:36-2nd |  | 56 | 51 | 0.38 | 0.62 |
| 1:34-2nd |  | 56 | 51 | 0.433 | 0.567 |
| 1:16-2nd |  | 56 | 51 | 0.359 | 0.641 |
| 1:12-2nd |  | 56 | 51 | 0.351 | 0.649 |
| 1:09-2nd |  | 56 | 51 | 0.378 | 0.622 |
| 1:07-2nd |  | 56 | 51 | 0.352 | 0.648 |
| 1:00-2nd |  | 56 | 51 | 0.38 | 0.62 |
| 58.1-2nd |  | 56 | 51 | 0.389 | 0.611 |
| 53.0-2nd |  | 59 | 51 | 0.464 | 0.536 |
| 32.0-2nd |  | 59 | 53 | 0.429 | 0.571 |
| 21.2-2nd |  | 61 | 53 | 0.473 | 0.527 |
| 0.1-2nd |  | 61 | 53 | 0.503 | 0.497 |
| 0.0-2nd |  | 61 | 53 | 0.493 | 0.507 |
| 12:00-3rd |  | 61 | 53 | 0.493 | 0.507 |
| 11:45-3rd |  | 61 | 53 | 0.492 | 0.508 |
| 11:41-3rd |  | 61 | 53 | 0.483 | 0.517 |
| 11:25-3rd |  | 61 | 53 | 0.518 | 0.482 |
| 11:21-3rd |  | 61 | 53 | 0.529 | 0.471 |
| 11:03-3rd |  | 61 | 53 | 0.505 | 0.495 |
| 11:01-3rd |  | 61 | 53 | 0.496 | 0.504 |
| 10:49-3rd |  | 61 | 53 | 0.529 | 0.471 |
| 10:45-3rd |  | 61 | 53 | 0.541 | 0.459 |
| 10:42-3rd |  | 61 | 53 | 0.502 | 0.498 |
| 10:29-3rd |  | 61 | 55 | 0.472 | 0.528 |
| 10:12-3rd |  | 61 | 55 | 0.435 | 0.565 |
| 10:10-3rd |  | 61 | 55 | 0.478 | 0.522 |
| 9:58-3rd |  | 61 | 55 | 0.439 | 0.561 |
| 9:45-3rd |  | 61 | 55 | 0.475 | 0.525 |
| 9:43-3rd |  | 61 | 55 | 0.486 | 0.514 |
| 9:38-3rd |  | 64 | 55 | 0.566 | 0.434 |
| 9:10-3rd |  | 64 | 57 | 0.536 | 0.464 |
| 8:58-3rd |  | 64 | 57 | 0.534 | 0.466 |
| 8:45-3rd |  | 64 | 57 | 0.51 | 0.49 |
| 8:43-3rd |  | 64 | 57 | 0.5 | 0.5 |
| 8:25-3rd |  | 64 | 59 | 0.464 | 0.536 |
| 8:07-3rd |  | 64 | 59 | 0.429 | 0.571 |
| 7:51-3rd |  | 64 | 61 | 0.396 | 0.604 |
| 7:50-3rd |  | 64 | 59 | 0.475 | 0.525 |
| 7:32-3rd | TARGET | 64 | 61 | 0.372 | 0.628 |
| 7:29-3rd |  | 64 | 61 | 0.363 | 0.637 |
| 7:17-3rd |  | 64 | 63 | 0.329 | 0.671 |
| 7:04-3rd |  | 66 | 63 | 0.369 | 0.631 |
| 6:46-3rd |  | 66 | 63 | 0.403 | 0.597 |
| 6:42-3rd |  | 66 | 63 | 0.414 | 0.586 |
| 6:36-3rd |  | 66 | 63 | 0.415 | 0.585 |
| 6:29-3rd |  | 68 | 63 | 0.455 | 0.545 |
| 6:13-3rd |  | 68 | 65 | 0.421 | 0.579 |
| 5:59-3rd |  | 68 | 65 | 0.394 | 0.606 |
| 5:57-3rd |  | 68 | 65 | 0.426 | 0.574 |
| 5:49-3rd |  | 68 | 65 | 0.396 | 0.604 |
| 5:47-3rd |  | 68 | 65 | 0.386 | 0.614 |
| 5:43-3rd |  | 68 | 67 | 0.349 | 0.651 |
| 5:30-3rd |  | 68 | 67 | 0.324 | 0.676 |
| 5:28-3rd |  | 68 | 67 | 0.315 | 0.685 |
| 5:26-3rd |  | 68 | 69 | 0.282 | 0.718 |
| 5:10-3rd |  | 68 | 69 | 0.259 | 0.741 |
| 5:07-3rd |  | 68 | 69 | 0.25 | 0.75 |
| 4:59-3rd |  | 68 | 69 | 0.278 | 0.722 |
| 4:57-3rd |  | 68 | 69 | 0.287 | 0.713 |
| 4:51-3rd |  | 69 | 69 | 0.285 | 0.715 |
| 4:49-3rd |  | 69 | 69 | 0.286 | 0.714 |
| 4:33-3rd |  | 69 | 72 | 0.225 | 0.775 |
| 4:17-3rd |  | 69 | 72 | 0.276 | 0.724 |
| 4:11-3rd |  | 69 | 72 | 0.204 | 0.796 |
| 4:09-3rd |  | 69 | 72 | 0.196 | 0.804 |
| 4:02-3rd |  | 69 | 74 | 0.172 | 0.828 |
| 3:40-3rd |  | 72 | 74 | 0.228 | 0.772 |
| 3:21-3rd |  | 72 | 74 | 0.264 | 0.736 |
| 3:16-3rd |  | 72 | 74 | 0.239 | 0.761 |
| 3:13-3rd |  | 72 | 74 | 0.231 | 0.769 |
| 3:00-3rd |  | 72 | 77 | 0.175 | 0.825 |
| 2:43-3rd |  | 75 | 77 | 0.235 | 0.765 |
| 2:24-3rd |  | 75 | 79 | 0.205 | 0.795 |
| 2:07-3rd |  | 75 | 79 | 0.176 | 0.824 |
| 2:03-3rd |  | 75 | 81 | 0.151 | 0.849 |
| 1:48-3rd |  | 75 | 81 | 0.133 | 0.867 |
| 1:45-3rd |  | 75 | 81 | 0.151 | 0.849 |
| 1:44-3rd |  | 77 | 81 | 0.177 | 0.823 |
| 1:26-3rd |  | 77 | 84 | 0.127 | 0.873 |
| 1:12-3rd |  | 79 | 84 | 0.152 | 0.848 |
| 1:00-3rd |  | 79 | 84 | 0.176 | 0.824 |
| 56.1-3rd |  | 79 | 84 | 0.184 | 0.816 |
| 49.0-3rd |  | 79 | 84 | 0.152 | 0.848 |
| 42.1-3rd |  | 79 | 84 | 0.176 | 0.824 |
| 40.2-3rd |  | 79 | 84 | 0.185 | 0.815 |
| 39.0-3rd |  | 79 | 84 | 0.185 | 0.815 |
| 26.1-3rd |  | 79 | 86 | 0.127 | 0.873 |
| 4.1-3rd |  | 79 | 86 | 0.11 | 0.89 |
| 3.1-3rd |  | 79 | 86 | 0.127 | 0.873 |
| 2.1-3rd |  | 79 | 86 | 0.11 | 0.89 |
| 1.0-3rd |  | 79 | 86 | 0.104 | 0.896 |
| 0.0-3rd |  | 79 | 86 | 0.124 | 0.876 |
| 12:00-4th |  | 79 | 86 | 0.124 | 0.876 |
| 11:46-4th |  | 79 | 89 | 0.066 | 0.934 |
| 11:22-4th |  | 79 | 89 | 0.071 | 0.929 |
| 11:11-4th |  | 81 | 89 | 0.082 | 0.918 |
| 10:54-4th |  | 81 | 89 | 0.078 | 0.922 |
| 10:46-4th |  | 81 | 89 | 0.097 | 0.903 |
| 10:42-4th |  | 81 | 89 | 0.102 | 0.898 |
| 10:26-4th |  | 81 | 89 | 0.084 | 0.916 |
| 10:24-4th |  | 81 | 89 | 0.079 | 0.921 |
| 10:17-4th |  | 81 | 92 | 0.049 | 0.951 |
| 10:01-4th |  | 81 | 92 | 0.039 | 0.961 |
| 10:00-4th |  | 81 | 92 | 0.036 | 0.964 |
| 9:53-4th |  | 81 | 92 | 0.047 | 0.953 |
| 9:47-4th |  | 83 | 92 | 0.061 | 0.939 |
| 9:20-4th |  | 83 | 94 | 0.045 | 0.955 |
| 9:04-4th |  | 85 | 94 | 0.058 | 0.942 |
| 8:42-4th |  | 85 | 96 | 0.043 | 0.957 |
| 8:31-4th |  | 88 | 96 | 0.073 | 0.927 |
| 8:10-4th |  | 88 | 98 | 0.055 | 0.945 |
| 8:00-4th |  | 88 | 98 | 0.043 | 0.957 |
| 7:57-4th |  | 88 | 98 | 0.039 | 0.961 |
| 7:53-4th |  | 88 | 98 | 0.039 | 0.961 |
| 7:46-4th |  | 88 | 101 | 0.021 | 0.979 |
| 7:26-4th |  | 88 | 101 | 0.014 | 0.986 |
| 7:12-4th |  | 88 | 101 | 0.018 | 0.982 |
| 7:09-4th |  | 88 | 101 | 0.019 | 0.981 |
| 7:03-4th |  | 88 | 101 | 0.013 | 0.987 |
| 6:59-4th |  | 88 | 101 | 0.017 | 0.983 |
| 6:57-4th |  | 88 | 101 | 0.018 | 0.982 |
| 6:55-4th |  | 90 | 101 | 0.026 | 0.974 |
| 6:37-4th |  | 90 | 101 | 0.032 | 0.968 |
| 6:35-4th |  | 90 | 101 | 0.035 | 0.965 |
| 6:26-4th |  | 91 | 101 | 0.036 | 0.964 |
| 6:11-4th |  | 91 | 104 | 0.018 | 0.982 |
| 5:57-4th |  | 91 | 104 | 0.013 | 0.987 |
| 5:55-4th |  | 91 | 104 | 0.011 | 0.989 |
| 5:50-4th |  | 91 | 105 | 0.011 | 0.989 |
| 5:36-4th |  | 92 | 105 | 0.011 | 0.989 |
| 5:23-4th |  | 92 | 105 | 0.014 | 0.986 |
| 5:19-4th |  | 92 | 105 | 0.015 | 0.985 |
| 5:12-4th |  | 92 | 105 | 0.011 | 0.989 |
| 5:10-4th |  | 92 | 105 | 0.009 | 0.991 |
| 5:02-4th |  | 92 | 107 | 0.006 | 0.994 |
| 5:00-4th |  | 92 | 107 | 0.006 | 0.994 |
| 4:42-4th |  | 92 | 107 | 0.004 | 0.996 |
| 4:39-4th |  | 92 | 107 | 0.003 | 0.997 |
| 4:24-4th |  | 92 | 107 | 0.004 | 0.996 |
| 4:19-4th |  | 94 | 107 | 0.006 | 0.994 |
| 4:01-4th |  | 94 | 110 | 0.002 | 0.998 |
| 3:42-4th |  | 94 | 110 | 0.002 | 0.998 |
| 3:39-4th |  | 94 | 110 | 0.001 | 0.999 |
| 3:34-4th |  | 94 | 110 | 0.002 | 0.998 |
| 3:31-4th |  | 94 | 112 | 0.001 | 0.999 |
| 3:29-4th |  | 94 | 112 | 0.001 | 0.999 |
| 3:24-4th |  | 94 | 112 | 0.001 | 0.999 |
| 3:22-4th |  | 94 | 112 | 0.001 | 0.999 |
| 3:05-4th |  | 94 | 112 | 0.001 | 0.999 |
| 3:03-4th |  | 94 | 112 | 0.001 | 0.999 |
| 2:57-4th |  | 94 | 112 | 0.001 | 0.999 |
| 2:55-4th |  | 94 | 112 | 0.001 | 0.999 |
| 2:44-4th |  | 94 | 112 | 0.001 | 0.999 |
| 2:38-4th |  | 94 | 114 | 0.001 | 0.999 |
| 2:25-4th |  | 96 | 114 | 0.001 | 0.999 |
| 2:04-4th |  | 96 | 114 | 0.001 | 0.999 |
| 2:01-4th |  | 96 | 114 | 0.001 | 0.999 |
| 1:57-4th |  | 98 | 114 | 0.001 | 0.999 |
| 1:46-4th |  | 98 | 114 | 0.001 | 0.999 |
| 1:34-4th |  | 101 | 114 | 0.001 | 0.999 |
| 1:19-4th |  | 101 | 114 | 0.001 | 0.999 |
| 1:16-4th |  | 104 | 114 | 0.004 | 0.996 |
| 1:07-4th |  | 104 | 114 | 0.006 | 0.994 |
| 1:06-4th |  | 104 | 114 | 0.003 | 0.997 |
| 59.0-4th |  | 104 | 114 | 0.005 | 0.995 |
| 57.1-4th |  | 104 | 117 | 0.001 | 0.999 |
| 47.0-4th |  | 106 | 117 | 0.001 | 0.999 |
| 43.0-4th |  | 106 | 118 | 0.001 | 0.999 |
| 32.1-4th |  | 109 | 118 | 0.002 | 0.998 |
| 7.0-4th |  | 109 | 118 | 0.001 | 0.999 |
| 0.0-4th |  | 109 | 118 | 0.0 | 1.0 |

Question

Which event most likely happened at the marked missing position?

Answer Choices

A. Player 13 (Team B) blocks Player 6 (Team A) 's 4-foot driving floating jump shot
B. Player 8 (Team A) makes layup (Player 14 (Team A) assists)
C. Player 1 (Team B) makes 24-foot three point jumper (Player 11 (Team A) assists)
D. Player 7 (Team A) misses 28-foot three point jumper

Response Format

Return exactly one JSON object:

{
  "answer": "<A|B|C|D>",
  "rationale": "<brief evidence-based justification in 1-3 sentences>",
  "evidence_event_ids": [],
  "evidence_series_times": []
}

Use only event IDs and time labels that are provided above and that support the answer. Use an empty array when the corresponding evidence type is unavailable or unused. Return only the JSON object.
