Task

Reconstruct the missing event in this basketball game. Use the available numerical time-series evidence around the marked row to select the most likely event.

Game

Team A versus Team B, season 22-23.

Time Series

| Game time | Marker | Team A score | Team B score | Team A win probability | Team B win probability |
| --- | --- | --- | --- | --- | --- |
| 12:00-1st |  | 0 | 0 | 0.449 | 0.551 |
| 11:38-1st |  | 2 | 0 | 0.479 | 0.521 |
| 11:24-1st |  | 2 | 0 | 0.503 | 0.497 |
| 11:20-1st |  | 2 | 0 | 0.485 | 0.515 |
| 11:16-1st |  | 4 | 0 | 0.526 | 0.474 |
| 11:03-1st |  | 4 | 0 | 0.549 | 0.451 |
| 11:01-1st |  | 4 | 0 | 0.557 | 0.443 |
| 10:57-1st |  | 4 | 0 | 0.534 | 0.466 |
| 10:54-1st |  | 4 | 0 | 0.527 | 0.473 |
| 10:44-1st |  | 4 | 0 | 0.55 | 0.45 |
| 10:42-1st |  | 4 | 0 | 0.558 | 0.442 |
| 10:32-1st |  | 4 | 0 | 0.555 | 0.445 |
| 10:25-1st |  | 6 | 0 | 0.583 | 0.417 |
| 10:05-1st |  | 6 | 3 | 0.531 | 0.469 |
| 9:50-1st |  | 8 | 3 | 0.555 | 0.445 |
| 9:33-1st |  | 8 | 3 | 0.584 | 0.416 |
| 9:24-1st |  | 11 | 3 | 0.635 | 0.365 |
| 9:10-1st |  | 11 | 3 | 0.654 | 0.346 |
| 9:08-1st |  | 11 | 3 | 0.66 | 0.34 |
| 9:05-1st |  | 12 | 3 | 0.66 | 0.34 |
| 8:54-1st |  | 12 | 3 | 0.679 | 0.321 |
| 8:52-1st |  | 12 | 3 | 0.685 | 0.315 |
| 8:40-1st |  | 14 | 3 | 0.706 | 0.294 |
| 8:28-1st |  | 14 | 3 | 0.71 | 0.29 |
| 8:16-1st |  | 14 | 6 | 0.663 | 0.337 |
| 8:02-1st |  | 16 | 6 | 0.687 | 0.313 |
| 7:45-1st |  | 16 | 9 | 0.639 | 0.361 |
| 7:36-1st |  | 16 | 9 | 0.614 | 0.386 |
| 7:21-1st |  | 16 | 9 | 0.634 | 0.366 |
| 7:19-1st |  | 16 | 9 | 0.641 | 0.359 |
| 7:09-1st |  | 16 | 9 | 0.616 | 0.384 |
| 6:59-1st |  | 16 | 11 | 0.59 | 0.41 |
| 6:51-1st |  | 16 | 11 | 0.63 | 0.37 |
| 6:44-1st | TARGET | 16 | 11 | 0.57 | 0.43 |
| 6:42-1st |  | 16 | 11 | 0.588 | 0.412 |
| 6:38-1st |  | 16 | 11 | 0.57 | 0.43 |
| 6:36-1st |  | 16 | 11 | 0.589 | 0.411 |
| 6:34-1st |  | 16 | 11 | 0.564 | 0.436 |
| 6:28-1st |  | 16 | 11 | 0.583 | 0.417 |
| 6:26-1st |  | 16 | 11 | 0.589 | 0.411 |
| 6:23-1st |  | 16 | 11 | 0.565 | 0.435 |
| 6:12-1st |  | 16 | 13 | 0.538 | 0.462 |
| 6:02-1st |  | 16 | 13 | 0.517 | 0.483 |
| 6:00-1st |  | 16 | 13 | 0.51 | 0.49 |
| 5:53-1st |  | 16 | 13 | 0.539 | 0.461 |
| 5:38-1st |  | 16 | 13 | 0.518 | 0.482 |
| 5:35-1st |  | 16 | 13 | 0.511 | 0.489 |
| 5:25-1st |  | 16 | 13 | 0.533 | 0.467 |
| 5:23-1st |  | 16 | 13 | 0.54 | 0.46 |
| 5:18-1st |  | 19 | 13 | 0.595 | 0.405 |
| 5:03-1st |  | 19 | 13 | 0.616 | 0.384 |
| 5:02-1st |  | 19 | 13 | 0.623 | 0.377 |
| 4:56-1st |  | 19 | 13 | 0.603 | 0.397 |
| 4:54-1st |  | 19 | 13 | 0.596 | 0.404 |
| 4:48-1st |  | 19 | 13 | 0.596 | 0.404 |
| 4:40-1st |  | 19 | 13 | 0.624 | 0.376 |
| 4:36-1st |  | 21 | 13 | 0.65 | 0.35 |
| 4:28-1st |  | 21 | 13 | 0.677 | 0.323 |
| 4:21-1st |  | 21 | 13 | 0.65 | 0.35 |
| 4:13-1st |  | 21 | 13 | 0.649 | 0.351 |
| 3:55-1st |  | 21 | 13 | 0.672 | 0.328 |
| 3:53-1st |  | 21 | 13 | 0.679 | 0.321 |
| 3:47-1st |  | 21 | 13 | 0.658 | 0.342 |
| 3:45-1st |  | 21 | 13 | 0.651 | 0.349 |
| 3:38-1st |  | 21 | 15 | 0.627 | 0.373 |
| 3:25-1st |  | 24 | 15 | 0.682 | 0.318 |
| 3:06-1st |  | 24 | 18 | 0.629 | 0.371 |
| 2:58-1st |  | 24 | 18 | 0.629 | 0.371 |
| 2:43-1st |  | 26 | 18 | 0.655 | 0.345 |
| 2:24-1st |  | 26 | 20 | 0.631 | 0.369 |
| 2:06-1st |  | 26 | 20 | 0.605 | 0.395 |
| 1:43-1st |  | 26 | 22 | 0.58 | 0.42 |
| 1:34-1st |  | 26 | 22 | 0.56 | 0.44 |
| 1:31-1st |  | 26 | 22 | 0.553 | 0.447 |
| 1:19-1st |  | 26 | 22 | 0.574 | 0.426 |
| 1:16-1st |  | 26 | 22 | 0.581 | 0.419 |
| 1:03-1st |  | 26 | 22 | 0.562 | 0.438 |
| 1:00-1st |  | 26 | 22 | 0.555 | 0.445 |
| 41.1-1st |  | 26 | 22 | 0.576 | 0.424 |
| 39.1-1st |  | 26 | 22 | 0.583 | 0.417 |
| 30.1-1st |  | 28 | 22 | 0.61 | 0.39 |
| 8.1-1st |  | 28 | 22 | 0.641 | 0.359 |
| 5.1-1st |  | 30 | 22 | 0.666 | 0.334 |
| 1.0-1st |  | 30 | 22 | 0.666 | 0.334 |
| 0.0-1st |  | 30 | 22 | 0.68 | 0.32 |
| 12:00-2nd |  | 30 | 22 | 0.68 | 0.32 |
| 11:46-2nd |  | 30 | 22 | 0.667 | 0.333 |
| 11:43-2nd |  | 30 | 22 | 0.689 | 0.311 |
| 11:40-2nd |  | 30 | 22 | 0.696 | 0.304 |
| 11:35-2nd |  | 33 | 22 | 0.747 | 0.253 |
| 11:25-2nd |  | 33 | 24 | 0.724 | 0.276 |
| 11:08-2nd |  | 36 | 24 | 0.774 | 0.226 |
| 10:44-2nd |  | 36 | 24 | 0.793 | 0.207 |
| 10:41-2nd |  | 36 | 24 | 0.798 | 0.202 |
| 10:34-2nd |  | 36 | 24 | 0.782 | 0.218 |
| 10:30-2nd |  | 36 | 24 | 0.776 | 0.224 |
| 10:27-2nd |  | 36 | 24 | 0.799 | 0.201 |
| 10:25-2nd |  | 38 | 24 | 0.82 | 0.18 |
| 10:03-2nd |  | 38 | 24 | 0.835 | 0.165 |
| 10:01-2nd |  | 38 | 24 | 0.839 | 0.161 |
| 9:49-2nd |  | 38 | 24 | 0.823 | 0.177 |
| 9:32-2nd |  | 38 | 26 | 0.803 | 0.197 |
| 9:16-2nd |  | 41 | 26 | 0.843 | 0.157 |
| 9:00-2nd |  | 41 | 26 | 0.857 | 0.143 |
| 8:58-2nd |  | 41 | 26 | 0.862 | 0.138 |
| 8:51-2nd |  | 41 | 26 | 0.845 | 0.155 |
| 8:39-2nd |  | 41 | 28 | 0.828 | 0.172 |
| 8:05-2nd |  | 43 | 28 | 0.848 | 0.152 |
| 7:58-2nd |  | 43 | 30 | 0.831 | 0.169 |
| 7:52-2nd |  | 43 | 30 | 0.831 | 0.169 |
| 7:37-2nd |  | 41 | 30 | 0.772 | 0.228 |
| 7:34-2nd |  | 41 | 30 | 0.766 | 0.234 |
| 7:13-2nd |  | 41 | 30 | 0.792 | 0.208 |
| 7:01-2nd |  | 43 | 30 | 0.812 | 0.188 |
| 6:44-2nd |  | 43 | 30 | 0.832 | 0.168 |
| 6:42-2nd |  | 43 | 30 | 0.838 | 0.162 |
| 6:36-2nd |  | 43 | 30 | 0.814 | 0.186 |
| 6:24-2nd |  | 43 | 30 | 0.833 | 0.167 |
| 6:21-2nd |  | 43 | 30 | 0.84 | 0.16 |
| 6:16-2nd |  | 43 | 30 | 0.822 | 0.178 |
| 6:15-2nd |  | 43 | 30 | 0.816 | 0.184 |
| 5:58-2nd |  | 43 | 30 | 0.836 | 0.164 |
| 5:55-2nd |  | 43 | 30 | 0.842 | 0.158 |
| 5:52-2nd |  | 43 | 30 | 0.824 | 0.176 |
| 5:49-2nd |  | 43 | 30 | 0.818 | 0.182 |
| 5:46-2nd |  | 43 | 30 | 0.818 | 0.182 |
| 5:42-2nd |  | 43 | 30 | 0.837 | 0.163 |
| 5:38-2nd |  | 43 | 30 | 0.843 | 0.157 |
| 5:29-2nd |  | 43 | 30 | 0.826 | 0.174 |
| 5:26-2nd |  | 43 | 30 | 0.844 | 0.156 |
| 5:24-2nd |  | 45 | 30 | 0.86 | 0.14 |
| 5:08-2nd |  | 45 | 33 | 0.823 | 0.177 |
| 4:54-2nd |  | 47 | 33 | 0.846 | 0.154 |
| 4:31-2nd |  | 47 | 35 | 0.826 | 0.174 |
| 4:16-2nd |  | 49 | 35 | 0.849 | 0.151 |
| 3:58-2nd |  | 49 | 37 | 0.829 | 0.171 |
| 3:52-2nd |  | 51 | 37 | 0.851 | 0.149 |
| 3:43-2nd |  | 51 | 37 | 0.866 | 0.134 |
| 3:41-2nd |  | 51 | 37 | 0.852 | 0.148 |
| 3:38-2nd |  | 51 | 39 | 0.831 | 0.169 |
| 3:22-2nd |  | 51 | 39 | 0.833 | 0.167 |
| 3:18-2nd |  | 51 | 39 | 0.816 | 0.184 |
| 3:14-2nd |  | 51 | 39 | 0.811 | 0.189 |
| 3:08-2nd |  | 51 | 41 | 0.789 | 0.211 |
| 2:56-2nd |  | 51 | 41 | 0.77 | 0.23 |
| 2:54-2nd |  | 51 | 41 | 0.763 | 0.237 |
| 2:41-2nd |  | 51 | 41 | 0.785 | 0.215 |
| 2:40-2nd |  | 51 | 41 | 0.791 | 0.209 |
| 2:31-2nd |  | 53 | 41 | 0.815 | 0.185 |
| 2:06-2nd |  | 53 | 41 | 0.835 | 0.165 |
| 2:03-2nd |  | 53 | 41 | 0.841 | 0.159 |
| 1:57-2nd |  | 56 | 41 | 0.88 | 0.12 |
| 1:42-2nd |  | 56 | 44 | 0.843 | 0.157 |
| 1:22-2nd |  | 58 | 44 | 0.862 | 0.138 |
| 1:10-2nd |  | 58 | 44 | 0.878 | 0.122 |
| 1:06-2nd |  | 58 | 44 | 0.884 | 0.116 |
| 1:03-2nd |  | 58 | 44 | 0.869 | 0.131 |
| 1:01-2nd |  | 58 | 44 | 0.864 | 0.136 |
| 55.0-2nd |  | 58 | 44 | 0.885 | 0.115 |
| 46.0-2nd |  | 58 | 44 | 0.866 | 0.134 |
| 41.1-2nd |  | 58 | 46 | 0.849 | 0.151 |
| 28.1-2nd |  | 58 | 46 | 0.851 | 0.149 |
| 21.0-2nd |  | 58 | 46 | 0.833 | 0.167 |
| 19.0-2nd |  | 58 | 46 | 0.851 | 0.149 |
| 17.1-2nd |  | 58 | 46 | 0.833 | 0.167 |
| 14.1-2nd |  | 58 | 46 | 0.828 | 0.172 |
| 2.1-2nd |  | 58 | 48 | 0.806 | 0.194 |
| 0.0-2nd |  | 58 | 48 | 0.795 | 0.205 |
| 12:00-3rd |  | 58 | 48 | 0.795 | 0.205 |
| 11:45-3rd |  | 58 | 50 | 0.756 | 0.244 |
| 11:28-3rd |  | 60 | 50 | 0.782 | 0.218 |
| 11:13-3rd |  | 60 | 50 | 0.806 | 0.194 |
| 11:10-3rd |  | 60 | 50 | 0.813 | 0.187 |
| 11:00-3rd |  | 60 | 50 | 0.786 | 0.214 |
| 10:49-3rd |  | 60 | 50 | 0.809 | 0.191 |
| 10:48-3rd |  | 60 | 50 | 0.816 | 0.184 |
| 10:41-3rd |  | 63 | 50 | 0.865 | 0.135 |
| 10:29-3rd |  | 63 | 52 | 0.842 | 0.158 |
| 10:15-3rd |  | 66 | 52 | 0.882 | 0.118 |
| 10:02-3rd |  | 66 | 52 | 0.897 | 0.103 |
| 10:00-3rd |  | 66 | 52 | 0.883 | 0.117 |
| 9:55-3rd |  | 66 | 54 | 0.866 | 0.134 |
| 9:41-3rd |  | 66 | 54 | 0.852 | 0.148 |
| 9:38-3rd |  | 66 | 54 | 0.847 | 0.153 |
| 9:34-3rd |  | 66 | 56 | 0.825 | 0.175 |
| 9:22-3rd |  | 69 | 56 | 0.869 | 0.131 |
| 9:06-3rd |  | 69 | 56 | 0.887 | 0.113 |
| 9:04-3rd |  | 69 | 56 | 0.892 | 0.108 |
| 8:54-3rd |  | 69 | 56 | 0.878 | 0.122 |
| 8:52-3rd |  | 69 | 56 | 0.873 | 0.127 |
| 8:42-3rd |  | 69 | 56 | 0.889 | 0.111 |
| 8:40-3rd |  | 69 | 56 | 0.895 | 0.105 |
| 8:34-3rd |  | 69 | 56 | 0.88 | 0.12 |
| 8:32-3rd |  | 69 | 56 | 0.875 | 0.125 |
| 8:28-3rd |  | 69 | 58 | 0.855 | 0.145 |
| 8:10-3rd |  | 71 | 58 | 0.877 | 0.123 |
| 7:56-3rd |  | 71 | 58 | 0.895 | 0.105 |
| 7:53-3rd |  | 71 | 58 | 0.9 | 0.1 |
| 7:40-3rd |  | 73 | 58 | 0.917 | 0.083 |
| 7:31-3rd |  | 73 | 61 | 0.883 | 0.117 |
| 7:19-3rd |  | 73 | 61 | 0.883 | 0.117 |
| 7:17-3rd |  | 73 | 61 | 0.869 | 0.131 |
| 7:15-3rd |  | 73 | 61 | 0.864 | 0.136 |
| 7:08-3rd |  | 73 | 63 | 0.842 | 0.158 |
| 6:51-3rd |  | 75 | 63 | 0.867 | 0.133 |
| 6:39-3rd |  | 75 | 63 | 0.884 | 0.116 |
| 6:37-3rd |  | 75 | 63 | 0.889 | 0.111 |
| 6:31-3rd |  | 77 | 63 | 0.909 | 0.091 |
| 6:14-3rd |  | 77 | 63 | 0.922 | 0.078 |
| 6:12-3rd |  | 77 | 63 | 0.925 | 0.075 |
| 6:08-3rd |  | 77 | 63 | 0.915 | 0.085 |
| 6:06-3rd |  | 77 | 63 | 0.912 | 0.088 |
| 6:03-3rd |  | 77 | 63 | 0.883 | 0.117 |
| 5:59-3rd |  | 77 | 65 | 0.894 | 0.106 |
| 5:39-3rd |  | 79 | 65 | 0.913 | 0.087 |
| 5:26-3rd |  | 79 | 65 | 0.926 | 0.074 |
| 5:24-3rd |  | 79 | 65 | 0.93 | 0.07 |
| 5:19-3rd |  | 79 | 65 | 0.949 | 0.051 |
| 5:17-3rd |  | 79 | 65 | 0.913 | 0.087 |
| 5:08-3rd |  | 79 | 65 | 0.928 | 0.072 |
| 5:06-3rd |  | 79 | 65 | 0.932 | 0.068 |
| 4:57-3rd |  | 79 | 66 | 0.916 | 0.084 |
| 4:54-3rd |  | 79 | 66 | 0.917 | 0.083 |
| 4:38-3rd |  | 79 | 66 | 0.906 | 0.094 |
| 4:36-3rd |  | 79 | 66 | 0.902 | 0.098 |
| 4:25-3rd |  | 79 | 66 | 0.916 | 0.084 |
| 4:22-3rd |  | 79 | 66 | 0.92 | 0.08 |
| 4:15-3rd |  | 80 | 66 | 0.921 | 0.079 |
| 4:13-3rd |  | 80 | 66 | 0.921 | 0.079 |
| 3:57-3rd |  | 80 | 66 | 0.935 | 0.065 |
| 3:53-3rd |  | 80 | 66 | 0.94 | 0.06 |
| 3:42-3rd |  | 83 | 66 | 0.961 | 0.039 |
| 3:41-3rd |  | 83 | 66 | 0.962 | 0.038 |
| 3:20-3rd |  | 83 | 66 | 0.97 | 0.03 |
| 3:17-3rd |  | 83 | 66 | 0.972 | 0.028 |
| 3:02-3rd |  | 85 | 66 | 0.979 | 0.021 |
| 2:48-3rd |  | 85 | 66 | 0.984 | 0.016 |
| 2:47-3rd |  | 85 | 66 | 0.985 | 0.015 |
| 2:31-3rd |  | 88 | 66 | 0.992 | 0.008 |
| 2:10-3rd |  | 88 | 68 | 0.99 | 0.01 |
| 1:48-3rd |  | 88 | 68 | 0.989 | 0.011 |
| 1:45-3rd |  | 88 | 68 | 0.991 | 0.009 |
| 1:41-3rd |  | 90 | 68 | 0.994 | 0.006 |
| 1:30-3rd |  | 90 | 68 | 0.995 | 0.005 |
| 1:28-3rd |  | 90 | 68 | 0.996 | 0.004 |
| 1:15-3rd |  | 92 | 68 | 0.998 | 0.002 |
| 58.0-3rd |  | 92 | 68 | 0.999 | 0.001 |
| 56.2-3rd |  | 92 | 68 | 0.999 | 0.001 |
| 50.1-3rd |  | 94 | 68 | 0.999 | 0.001 |
| 33.1-3rd |  | 94 | 68 | 0.999 | 0.001 |
| 30.1-3rd |  | 94 | 68 | 0.999 | 0.001 |
| 17.1-3rd |  | 94 | 71 | 0.998 | 0.002 |
| 3.0-3rd |  | 95 | 71 | 0.999 | 0.001 |
| 1.0-3rd |  | 95 | 71 | 0.999 | 0.001 |
| 0.0-3rd |  | 95 | 71 | 0.999 | 0.001 |
| 12:00-4th |  | 95 | 71 | 0.999 | 0.001 |
| 11:40-4th |  | 95 | 71 | 0.999 | 0.001 |
| 11:37-4th |  | 95 | 71 | 0.998 | 0.002 |
| 11:29-4th |  | 95 | 71 | 0.999 | 0.001 |
| 11:24-4th |  | 95 | 74 | 0.997 | 0.003 |
| 11:11-4th |  | 95 | 74 | 0.996 | 0.004 |
| 11:08-4th |  | 95 | 74 | 0.995 | 0.005 |
| 10:55-4th |  | 95 | 74 | 0.997 | 0.003 |
| 10:52-4th |  | 95 | 74 | 0.998 | 0.002 |
| 10:42-4th |  | 97 | 74 | 0.998 | 0.002 |
| 10:29-4th |  | 97 | 77 | 0.996 | 0.004 |
| 10:07-4th |  | 99 | 77 | 0.998 | 0.002 |
| 10:00-4th |  | 99 | 79 | 0.997 | 0.003 |
| 9:44-4th |  | 102 | 79 | 0.999 | 0.001 |
| 9:33-4th |  | 102 | 79 | 0.999 | 0.001 |
| 9:31-4th |  | 102 | 79 | 0.999 | 0.001 |
| 9:17-4th |  | 102 | 79 | 0.999 | 0.001 |
| 9:16-4th |  | 102 | 79 | 0.999 | 0.001 |
| 9:05-4th |  | 102 | 81 | 0.998 | 0.002 |
| 9:03-4th |  | 102 | 81 | 0.999 | 0.001 |
| 8:50-4th |  | 105 | 81 | 0.999 | 0.001 |
| 8:33-4th |  | 105 | 83 | 0.999 | 0.001 |
| 8:21-4th |  | 107 | 83 | 0.999 | 0.001 |
| 8:09-4th |  | 107 | 85 | 0.999 | 0.001 |
| 8:07-4th |  | 107 | 85 | 0.999 | 0.001 |
| 7:51-4th |  | 109 | 85 | 0.999 | 0.001 |
| 7:39-4th |  | 109 | 88 | 0.999 | 0.001 |
| 7:17-4th |  | 111 | 88 | 0.999 | 0.001 |
| 7:10-4th |  | 111 | 90 | 0.999 | 0.001 |
| 6:49-4th |  | 111 | 90 | 0.999 | 0.001 |
| 6:47-4th |  | 111 | 90 | 0.999 | 0.001 |
| 6:41-4th |  | 111 | 92 | 0.999 | 0.001 |
| 6:22-4th |  | 111 | 92 | 0.999 | 0.001 |
| 6:13-4th |  | 113 | 92 | 0.999 | 0.001 |
| 6:11-4th |  | 113 | 94 | 0.999 | 0.001 |
| 5:56-4th |  | 113 | 94 | 0.998 | 0.002 |
| 5:55-4th |  | 113 | 94 | 0.998 | 0.002 |
| 5:43-4th |  | 113 | 94 | 0.999 | 0.001 |
| 5:40-4th |  | 113 | 94 | 0.999 | 0.001 |
| 5:30-4th |  | 113 | 94 | 0.999 | 0.001 |
| 5:24-4th |  | 116 | 94 | 0.999 | 0.001 |
| 5:22-4th |  | 116 | 94 | 0.999 | 0.001 |
| 5:09-4th |  | 116 | 96 | 0.999 | 0.001 |
| 4:55-4th |  | 116 | 96 | 0.999 | 0.001 |
| 4:53-4th |  | 116 | 96 | 0.999 | 0.001 |
| 4:46-4th |  | 119 | 96 | 0.999 | 0.001 |
| 4:27-4th |  | 119 | 96 | 0.999 | 0.001 |
| 4:23-4th |  | 119 | 96 | 0.999 | 0.001 |
| 4:14-4th |  | 121 | 96 | 0.999 | 0.001 |
| 3:47-4th |  | 121 | 99 | 0.999 | 0.001 |
| 3:41-4th |  | 121 | 99 | 0.999 | 0.001 |
| 3:31-4th |  | 121 | 99 | 0.999 | 0.001 |
| 3:25-4th |  | 121 | 99 | 0.999 | 0.001 |
| 3:22-4th |  | 121 | 99 | 0.999 | 0.001 |
| 3:20-4th |  | 121 | 99 | 0.999 | 0.001 |
| 3:15-4th |  | 121 | 99 | 0.999 | 0.001 |
| 3:13-4th |  | 121 | 99 | 0.999 | 0.001 |
| 3:00-4th |  | 121 | 102 | 0.999 | 0.001 |
| 2:42-4th |  | 121 | 102 | 0.999 | 0.001 |
| 2:32-4th |  | 121 | 102 | 0.999 | 0.001 |
| 2:30-4th |  | 121 | 102 | 0.999 | 0.001 |
| 2:22-4th |  | 123 | 102 | 0.999 | 0.001 |
| 2:08-4th |  | 123 | 102 | 0.999 | 0.001 |
| 2:01-4th |  | 123 | 102 | 0.999 | 0.001 |
| 2:00-4th |  | 123 | 103 | 0.999 | 0.001 |
| 1:53-4th |  | 123 | 103 | 0.999 | 0.001 |
| 1:42-4th |  | 123 | 106 | 0.999 | 0.001 |
| 1:27-4th |  | 125 | 106 | 0.999 | 0.001 |
| 1:16-4th |  | 125 | 106 | 0.999 | 0.001 |
| 1:13-4th |  | 125 | 106 | 0.999 | 0.001 |
| 1:01-4th |  | 127 | 106 | 0.999 | 0.001 |
| 53.1-4th |  | 127 | 106 | 0.999 | 0.001 |
| 51.1-4th |  | 127 | 106 | 0.999 | 0.001 |
| 45.0-4th |  | 127 | 106 | 0.999 | 0.001 |
| 34.0-4th |  | 127 | 106 | 0.999 | 0.001 |
| 30.1-4th |  | 127 | 108 | 0.999 | 0.001 |
| 5.2-4th |  | 127 | 108 | 0.999 | 0.001 |
| 0.0-4th |  | 127 | 108 | 1.0 | 0.0 |

Question

Which event most likely happened at the marked missing position?

Answer Choices

A. Player 14 (Team A) makes 13-foot two point shot (Player 5 (Team A) assists)
B. Player 17 (Team A) makes driving dunk
C. Player 2 (Team A) misses two point shot
D. Player 10 (Team B) loose ball foul

Response Format

Return exactly one JSON object:

{
  "answer": "<A|B|C|D>",
  "rationale": "<brief evidence-based justification in 1-3 sentences>",
  "evidence_event_ids": [],
  "evidence_series_times": []
}

Use only event IDs and time labels that are provided above and that support the answer. Use an empty array when the corresponding evidence type is unavailable or unused. Return only the JSON object.
