Task

Reconstruct the missing event in this basketball game. Use the available numerical time-series evidence around the marked row to select the most likely event.

Game

Team A versus Team B, season 22-23.

Time Series

| Game time | Marker | Team A score | Team B score | Team A win probability | Team B win probability |
| --- | --- | --- | --- | --- | --- |
| 12:00-1st |  | 0 | 0 | 0.156 | 0.844 |
| 11:40-1st |  | 0 | 2 | 0.143 | 0.857 |
| 11:20-1st |  | 0 | 2 | 0.136 | 0.864 |
| 11:18-1st |  | 0 | 2 | 0.133 | 0.867 |
| 11:06-1st |  | 0 | 6 | 0.101 | 0.899 |
| 10:59-1st |  | 2 | 6 | 0.112 | 0.888 |
| 10:42-1st |  | 2 | 8 | 0.103 | 0.897 |
| 10:31-1st |  | 2 | 8 | 0.095 | 0.905 |
| 10:18-1st |  | 2 | 11 | 0.078 | 0.922 |
| 10:07-1st |  | 2 | 11 | 0.071 | 0.929 |
| 9:50-1st |  | 2 | 14 | 0.059 | 0.941 |
| 9:32-1st |  | 4 | 14 | 0.065 | 0.935 |
| 9:23-1st |  | 4 | 17 | 0.054 | 0.946 |
| 9:04-1st |  | 4 | 17 | 0.053 | 0.947 |
| 8:56-1st |  | 6 | 17 | 0.059 | 0.941 |
| 8:46-1st |  | 6 | 20 | 0.048 | 0.952 |
| 8:37-1st |  | 6 | 20 | 0.045 | 0.955 |
| 8:35-1st |  | 6 | 20 | 0.048 | 0.952 |
| 8:34-1st |  | 8 | 20 | 0.054 | 0.946 |
| 8:22-1st |  | 8 | 20 | 0.059 | 0.941 |
| 8:20-1st |  | 8 | 20 | 0.061 | 0.939 |
| 8:10-1st |  | 8 | 20 | 0.056 | 0.944 |
| 8:08-1st |  | 8 | 20 | 0.054 | 0.946 |
| 8:05-1st |  | 8 | 20 | 0.061 | 0.939 |
| 7:54-1st |  | 8 | 20 | 0.056 | 0.944 |
| 7:50-1st |  | 8 | 20 | 0.055 | 0.945 |
| 7:42-1st |  | 8 | 20 | 0.06 | 0.94 |
| 7:40-1st |  | 8 | 20 | 0.061 | 0.939 |
| 7:29-1st |  | 10 | 20 | 0.068 | 0.932 |
| 7:11-1st |  | 10 | 23 | 0.055 | 0.945 |
| 6:55-1st |  | 12 | 23 | 0.062 | 0.938 |
| 6:39-1st |  | 12 | 23 | 0.069 | 0.931 |
| 6:24-1st |  | 14 | 23 | 0.077 | 0.923 |
| 6:12-1st |  | 14 | 23 | 0.084 | 0.916 |
| 6:10-1st |  | 14 | 23 | 0.086 | 0.914 |
| 5:58-1st |  | 17 | 23 | 0.105 | 0.895 |
| 5:41-1st |  | 17 | 23 | 0.117 | 0.883 |
| 5:35-1st |  | 19 | 23 | 0.129 | 0.871 |
| 5:23-1st |  | 19 | 23 | 0.139 | 0.861 |
| 5:20-1st |  | 19 | 23 | 0.129 | 0.871 |
| 5:18-1st |  | 19 | 25 | 0.118 | 0.882 |
| 5:04-1st |  | 22 | 25 | 0.143 | 0.857 |
| 4:43-1st |  | 22 | 25 | 0.155 | 0.845 |
| 4:40-1st |  | 22 | 25 | 0.158 | 0.842 |
| 4:32-1st |  | 25 | 25 | 0.191 | 0.809 |
| 4:14-1st |  | 25 | 25 | 0.206 | 0.794 |
| 4:10-1st |  | 25 | 25 | 0.211 | 0.789 |
| 4:07-1st |  | 27 | 25 | 0.23 | 0.77 |
| 3:54-1st |  | 27 | 25 | 0.252 | 0.748 |
| 3:41-1st |  | 27 | 25 | 0.238 | 0.762 |
| 3:39-1st |  | 27 | 25 | 0.233 | 0.767 |
| 3:35-1st |  | 27 | 25 | 0.254 | 0.746 |
| 3:22-1st |  | 27 | 25 | 0.24 | 0.76 |
| 3:17-1st |  | 27 | 25 | 0.256 | 0.744 |
| 3:14-1st |  | 27 | 25 | 0.24 | 0.76 |
| 3:12-1st |  | 27 | 25 | 0.235 | 0.765 |
| 2:59-1st |  | 27 | 28 | 0.2 | 0.8 |
| 2:45-1st |  | 27 | 28 | 0.188 | 0.812 |
| 2:43-1st |  | 27 | 28 | 0.184 | 0.816 |
| 2:33-1st |  | 27 | 30 | 0.167 | 0.833 |
| 2:14-1st |  | 30 | 30 | 0.203 | 0.797 |
| 1:53-1st |  | 30 | 30 | 0.22 | 0.78 |
| 1:51-1st |  | 30 | 30 | 0.225 | 0.775 |
| 1:40-1st |  | 30 | 30 | 0.211 | 0.789 |
| 1:37-1st |  | 30 | 30 | 0.206 | 0.794 |
| 1:34-1st |  | 30 | 30 | 0.222 | 0.778 |
| 1:33-1st |  | 30 | 30 | 0.207 | 0.793 |
| 1:26-1st |  | 30 | 33 | 0.172 | 0.828 |
| 1:15-1st |  | 33 | 33 | 0.208 | 0.792 |
| 52.1-1st |  | 33 | 36 | 0.175 | 0.825 |
| 35.8-1st |  | 33 | 36 | 0.164 | 0.836 |
| 32.4-1st |  | 33 | 36 | 0.16 | 0.84 |
| 20.0-1st |  | 33 | 36 | 0.139 | 0.861 |
| 11.8-1st |  | 33 | 38 | 0.148 | 0.852 |
| 0.8-1st |  | 35 | 38 | 0.163 | 0.837 |
| 0.0-1st |  | 35 | 38 | 0.171 | 0.829 |
| 12:00-2nd |  | 35 | 38 | 0.171 | 0.829 |
| 11:51-2nd |  | 35 | 38 | 0.179 | 0.821 |
| 11:41-2nd |  | 38 | 38 | 0.216 | 0.784 |
| 11:23-2nd |  | 38 | 38 | 0.234 | 0.766 |
| 11:17-2nd |  | 38 | 38 | 0.219 | 0.781 |
| 11:14-2nd |  | 38 | 38 | 0.241 | 0.759 |
| 11:10-2nd |  | 38 | 38 | 0.24 | 0.76 |
| 11:02-2nd |  | 38 | 38 | 0.22 | 0.78 |
| 10:58-2nd |  | 38 | 40 | 0.201 | 0.799 |
| 10:42-2nd |  | 40 | 40 | 0.222 | 0.778 |
| 10:23-2nd |  | 40 | 42 | 0.204 | 0.796 |
| 10:13-2nd |  | 43 | 42 | 0.248 | 0.752 |
| 9:59-2nd |  | 43 | 42 | 0.265 | 0.735 |
| 9:56-2nd |  | 43 | 42 | 0.25 | 0.75 |
| 9:55-2nd |  | 43 | 44 | 0.227 | 0.773 |
| 9:41-2nd |  | 45 | 44 | 0.251 | 0.749 |
| 9:24-2nd |  | 45 | 44 | 0.269 | 0.731 |
| 9:21-2nd |  | 45 | 44 | 0.275 | 0.725 |
| 9:12-2nd |  | 47 | 44 | 0.301 | 0.699 |
| 8:53-2nd |  | 47 | 44 | 0.324 | 0.676 |
| 8:51-2nd |  | 47 | 44 | 0.304 | 0.696 |
| 8:46-2nd |  | 47 | 47 | 0.257 | 0.743 |
| 8:37-2nd |  | 47 | 47 | 0.258 | 0.742 |
| 8:21-2nd |  | 49 | 47 | 0.284 | 0.716 |
| 8:04-2nd |  | 49 | 49 | 0.262 | 0.738 |
| 7:57-2nd |  | 49 | 49 | 0.244 | 0.756 |
| 7:55-2nd |  | 49 | 49 | 0.239 | 0.761 |
| 7:46-2nd |  | 49 | 51 | 0.287 | 0.713 |
| 7:32-2nd |  | 49 | 51 | 0.205 | 0.795 |
| 7:30-2nd |  | 49 | 51 | 0.266 | 0.734 |
| 7:18-2nd |  | 49 | 54 | 0.22 | 0.78 |
| 7:06-2nd |  | 49 | 54 | 0.151 | 0.849 |
| 7:03-2nd |  | 49 | 54 | 0.202 | 0.798 |
| 6:55-2nd |  | 49 | 57 | 0.165 | 0.835 |
| 6:35-2nd |  | 49 | 57 | 0.109 | 0.891 |
| 6:33-2nd |  | 49 | 57 | 0.119 | 0.881 |
| 6:25-2nd |  | 49 | 57 | 0.109 | 0.891 |
| 6:23-2nd |  | 49 | 57 | 0.105 | 0.895 |
| 6:14-2nd |  | 49 | 57 | 0.119 | 0.881 |
| 6:08-2nd |  | 49 | 57 | 0.15 | 0.85 |
| 6:04-2nd |  | 49 | 59 | 0.094 | 0.906 |
| 5:49-2nd |  | 51 | 59 | 0.106 | 0.894 |
| 5:31-2nd |  | 51 | 59 | 0.117 | 0.883 |
| 5:28-2nd |  | 51 | 59 | 0.121 | 0.879 |
| 5:19-2nd |  | 51 | 59 | 0.11 | 0.89 |
| 5:16-2nd |  | 51 | 59 | 0.107 | 0.893 |
| 5:09-2nd |  | 51 | 61 | 0.095 | 0.905 |
| 4:48-2nd |  | 51 | 61 | 0.087 | 0.913 |
| 4:45-2nd |  | 51 | 61 | 0.084 | 0.916 |
| 4:39-2nd |  | 51 | 61 | 0.095 | 0.905 |
| 4:26-2nd |  | 53 | 61 | 0.108 | 0.892 |
| 4:13-2nd |  | 53 | 61 | 0.12 | 0.88 |
| 4:09-2nd |  | 53 | 61 | 0.124 | 0.876 |
| 3:57-2nd |  | 55 | 61 | 0.14 | 0.86 |
| 3:38-2nd |  | 55 | 63 | 0.125 | 0.875 |
| 3:28-2nd |  | 55 | 63 | 0.114 | 0.886 |
| 3:27-2nd |  | 55 | 63 | 0.124 | 0.876 |
| 3:16-2nd |  | 55 | 63 | 0.111 | 0.889 |
| 3:08-2nd |  | 55 | 63 | 0.122 | 0.878 |
| 3:06-2nd |  | 55 | 63 | 0.122 | 0.878 |
| 3:03-2nd |  | 55 | 63 | 0.125 | 0.875 |
| 2:56-2nd |  | 58 | 63 | 0.159 | 0.841 |
| 2:34-2nd |  | 58 | 66 | 0.126 | 0.874 |
| 2:22-2nd |  | 58 | 66 | 0.153 | 0.847 |
| 2:12-2nd |  | 60 | 66 | 0.144 | 0.856 |
| 1:59-2nd |  | 60 | 66 | 0.159 | 0.841 |
| 1:56-2nd |  | 60 | 66 | 0.163 | 0.837 |
| 1:52-2nd |  | 60 | 66 | 0.145 | 0.855 |
| 1:39-2nd |  | 60 | 66 | 0.159 | 0.841 |
| 1:36-2nd |  | 60 | 66 | 0.145 | 0.855 |
| 1:35-2nd |  | 60 | 66 | 0.164 | 0.836 |
| 1:17-2nd |  | 60 | 66 | 0.151 | 0.849 |
| 1:15-2nd |  | 60 | 66 | 0.146 | 0.854 |
| 1:02-2nd |  | 60 | 68 | 0.127 | 0.873 |
| 53.0-2nd |  | 60 | 68 | 0.115 | 0.885 |
| 40.3-2nd |  | 60 | 68 | 0.127 | 0.873 |
| 32.3-2nd |  | 60 | 68 | 0.118 | 0.882 |
| 26.5-2nd |  | 60 | 68 | 0.115 | 0.885 |
| 10.3-2nd |  | 60 | 68 | 0.125 | 0.875 |
| 9.4-2nd |  | 60 | 68 | 0.128 | 0.872 |
| 3.6-2nd |  | 60 | 68 | 0.114 | 0.886 |
| 0.0-2nd |  | 60 | 68 | 0.122 | 0.878 |
| 12:00-3rd |  | 60 | 68 | 0.122 | 0.878 |
| 11:45-3rd |  | 63 | 68 | 0.168 | 0.832 |
| 11:23-3rd |  | 63 | 68 | 0.188 | 0.812 |
| 11:10-3rd |  | 65 | 68 | 0.213 | 0.787 |
| 11:00-3rd |  | 65 | 68 | 0.233 | 0.767 |
| 10:55-3rd |  | 65 | 68 | 0.241 | 0.759 |
| 10:48-3rd |  | 65 | 68 | 0.214 | 0.786 |
| 10:44-3rd |  | 65 | 70 | 0.191 | 0.809 |
| 10:27-3rd |  | 67 | 70 | 0.216 | 0.784 |
| 10:13-3rd |  | 67 | 70 | 0.238 | 0.762 |
| 10:10-3rd |  | 67 | 70 | 0.245 | 0.755 |
| 10:02-3rd |  | 67 | 70 | 0.224 | 0.776 |
| 9:57-3rd |  | 67 | 70 | 0.217 | 0.783 |
| 9:53-3rd |  | 67 | 72 | 0.194 | 0.806 |
| 9:36-3rd |  | 70 | 72 | 0.246 | 0.754 |
| 9:20-3rd |  | 70 | 72 | 0.271 | 0.729 |
| 9:15-3rd |  | 70 | 72 | 0.248 | 0.752 |
| 9:11-3rd |  | 70 | 75 | 0.196 | 0.804 |
| 9:00-3rd |  | 70 | 75 | 0.172 | 0.828 |
| 8:54-3rd |  | 70 | 78 | 0.132 | 0.868 |
| 8:53-3rd |  | 70 | 78 | 0.132 | 0.868 |
| 8:39-3rd |  | 70 | 78 | 0.119 | 0.881 |
| 8:35-3rd |  | 70 | 78 | 0.114 | 0.886 |
| 8:28-3rd |  | 70 | 78 | 0.133 | 0.867 |
| 8:23-3rd |  | 70 | 78 | 0.133 | 0.867 |
| 8:13-3rd |  | 73 | 78 | 0.175 | 0.825 |
| 7:50-3rd |  | 73 | 78 | 0.194 | 0.806 |
| 7:48-3rd |  | 73 | 78 | 0.2 | 0.8 |
| 7:38-3rd |  | 73 | 78 | 0.182 | 0.818 |
| 7:36-3rd |  | 73 | 78 | 0.201 | 0.799 |
| 7:28-3rd |  | 76 | 78 | 0.256 | 0.744 |
| 7:15-3rd |  | 76 | 78 | 0.29 | 0.71 |
| 7:00-3rd |  | 76 | 78 | 0.258 | 0.742 |
| 6:45-3rd |  | 76 | 78 | 0.294 | 0.706 |
| 6:41-3rd |  | 76 | 78 | 0.268 | 0.732 |
| 6:40-3rd |  | 76 | 78 | 0.259 | 0.741 |
| 6:35-3rd |  | 76 | 81 | 0.204 | 0.796 |
| 6:28-3rd |  | 76 | 81 | 0.184 | 0.816 |
| 6:27-3rd |  | 78 | 81 | 0.23 | 0.77 |
| 6:12-3rd |  | 78 | 84 | 0.179 | 0.821 |
| 6:05-3rd |  | 78 | 84 | 0.177 | 0.823 |
| 5:59-3rd |  | 81 | 84 | 0.231 | 0.769 |
| 5:41-3rd |  | 81 | 84 | 0.258 | 0.742 |
| 5:37-3rd |  | 81 | 84 | 0.266 | 0.734 |
| 5:28-3rd |  | 81 | 84 | 0.242 | 0.758 |
| 5:26-3rd |  | 81 | 85 | 0.205 | 0.795 |
| 5:15-3rd |  | 81 | 87 | 0.179 | 0.821 |
| 5:08-3rd |  | 81 | 87 | 0.222 | 0.778 |
| 5:02-3rd |  | 83 | 87 | 0.207 | 0.793 |
| 4:48-3rd |  | 83 | 90 | 0.154 | 0.846 |
| 4:38-3rd |  | 83 | 90 | 0.136 | 0.864 |
| 4:33-3rd |  | 83 | 90 | 0.13 | 0.87 |
| 4:29-3rd |  | 83 | 92 | 0.112 | 0.888 |
| 4:17-3rd |  | 83 | 92 | 0.112 | 0.888 |
| 4:10-3rd |  | 86 | 92 | 0.154 | 0.846 |
| 3:51-3rd |  | 86 | 92 | 0.173 | 0.827 |
| 3:49-3rd |  | 86 | 92 | 0.18 | 0.82 |
| 3:42-3rd |  | 86 | 92 | 0.16 | 0.84 |
| 3:39-3rd |  | 86 | 92 | 0.153 | 0.847 |
| 3:36-3rd |  | 86 | 92 | 0.12 | 0.88 |
| 3:24-3rd |  | 86 | 93 | 0.155 | 0.845 |
| 3:08-3rd |  | 86 | 93 | 0.136 | 0.864 |
| 3:06-3rd |  | 86 | 93 | 0.155 | 0.845 |
| 3:03-3rd |  | 89 | 93 | 0.21 | 0.79 |
| 2:46-3rd |  | 89 | 93 | 0.235 | 0.765 |
| 2:42-3rd |  | 89 | 93 | 0.243 | 0.757 |
| 2:33-3rd |  | 89 | 93 | 0.21 | 0.79 |
| 2:27-3rd |  | 89 | 95 | 0.182 | 0.818 |
| 2:15-3rd |  | 91 | 95 | 0.209 | 0.791 |
| 1:59-3rd |  | 91 | 95 | 0.236 | 0.764 |
| 1:55-3rd |  | 91 | 95 | 0.245 | 0.755 |
| 1:47-3rd |  | 94 | 95 | 0.318 | 0.682 |
| 1:23-3rd |  | 94 | 97 | 0.283 | 0.717 |
| 1:02-3rd |  | 94 | 97 | 0.256 | 0.744 |
| 1:00-3rd |  | 94 | 97 | 0.246 | 0.754 |
| 54.3-3rd |  | 94 | 97 | 0.285 | 0.715 |
| 44.1-3rd |  | 94 | 97 | 0.256 | 0.744 |
| 40.5-3rd |  | 94 | 97 | 0.247 | 0.753 |
| 35.8-3rd |  | 94 | 100 | 0.182 | 0.818 |
| 14.7-3rd |  | 94 | 100 | 0.155 | 0.845 |
| 13.1-3rd |  | 94 | 100 | 0.179 | 0.821 |
| 11.7-3rd |  | 94 | 100 | 0.155 | 0.845 |
| 10.7-3rd |  | 94 | 100 | 0.179 | 0.821 |
| 7.7-3rd |  | 96 | 100 | 0.209 | 0.791 |
| 0.6-3rd |  | 96 | 100 | 0.21 | 0.79 |
| 0.0-3rd |  | 96 | 102 | 0.164 | 0.836 |
| 12:00-4th |  | 96 | 102 | 0.164 | 0.836 |
| 11:46-4th |  | 96 | 102 | 0.175 | 0.825 |
| 11:35-4th |  | 98 | 102 | 0.206 | 0.794 |
| 11:21-4th |  | 98 | 102 | 0.198 | 0.802 |
| 11:13-4th |  | 98 | 102 | 0.245 | 0.755 |
| 10:58-4th |  | 100 | 102 | 0.288 | 0.712 |
| 10:36-4th |  | 100 | 102 | 0.339 | 0.661 |
| 10:25-4th |  | 100 | 102 | 0.289 | 0.711 |
| 10:24-4th |  | 100 | 102 | 0.275 | 0.725 |
| 10:07-4th |  | 100 | 105 | 0.203 | 0.797 |
| 9:47-4th |  | 100 | 105 | 0.176 | 0.824 |
| 9:43-4th |  | 100 | 107 | 0.131 | 0.869 |
| 9:36-4th |  | 102 | 107 | 0.161 | 0.839 |
| 9:16-4th |  | 102 | 109 | 0.125 | 0.875 |
| 9:10-4th |  | 102 | 109 | 0.134 | 0.866 |
| 9:01-4th |  | 105 | 109 | 0.192 | 0.808 |
| 8:47-4th |  | 105 | 112 | 0.127 | 0.873 |
| 8:37-4th |  | 105 | 112 | 0.099 | 0.901 |
| 8:22-4th |  | 105 | 112 | 0.119 | 0.881 |
| 8:19-4th |  | 105 | 112 | 0.125 | 0.875 |
| 8:05-4th |  | 108 | 112 | 0.19 | 0.81 |
| 7:38-4th |  | 108 | 114 | 0.153 | 0.847 |
| 7:18-4th |  | 108 | 114 | 0.124 | 0.876 |
| 7:17-4th |  | 108 | 114 | 0.124 | 0.876 |
| 7:10-4th |  | 108 | 114 | 0.114 | 0.886 |
| 7:09-4th |  | 108 | 116 | 0.09 | 0.91 |
| 6:52-4th |  | 110 | 116 | 0.111 | 0.889 |
| 6:27-4th |  | 110 | 116 | 0.133 | 0.867 |
| 6:26-4th |  | 110 | 116 | 0.142 | 0.858 |
| 6:17-4th |  | 113 | 116 | 0.228 | 0.772 |
| 6:02-4th |  | 113 | 118 | 0.184 | 0.816 |
| 5:47-4th |  | 113 | 118 | 0.149 | 0.851 |
| 5:44-4th |  | 113 | 118 | 0.138 | 0.862 |
| 5:36-4th |  | 113 | 118 | 0.17 | 0.83 |
| 5:32-4th |  | 113 | 118 | 0.18 | 0.82 |
| 5:23-4th |  | 115 | 118 | 0.223 | 0.777 |
| 5:08-4th | TARGET | 115 | 121 | 0.135 | 0.865 |
| 4:52-4th |  | 115 | 121 | 0.095 | 0.905 |
| 4:48-4th |  | 115 | 123 | 0.071 | 0.929 |
| 4:34-4th |  | 115 | 123 | 0.052 | 0.948 |
| 4:31-4th |  | 115 | 123 | 0.068 | 0.932 |
| 4:30-4th |  | 115 | 123 | 0.051 | 0.949 |
| 4:26-4th |  | 115 | 123 | 0.067 | 0.933 |
| 4:25-4th |  | 115 | 123 | 0.119 | 0.881 |
| 4:11-4th |  | 117 | 123 | 0.096 | 0.904 |
| 3:42-4th |  | 117 | 126 | 0.044 | 0.956 |
| 3:18-4th |  | 119 | 126 | 0.057 | 0.943 |
| 2:55-4th |  | 119 | 128 | 0.035 | 0.965 |
| 2:43-4th |  | 121 | 128 | 0.048 | 0.952 |
| 2:21-4th |  | 121 | 131 | 0.017 | 0.983 |
| 2:00-4th |  | 121 | 131 | 0.009 | 0.991 |
| 1:58-4th |  | 121 | 131 | 0.007 | 0.993 |
| 1:39-4th |  | 121 | 132 | 0.006 | 0.994 |
| 1:28-4th |  | 121 | 132 | 0.002 | 0.998 |
| 1:15-4th |  | 121 | 132 | 0.004 | 0.996 |
| 1:13-4th |  | 121 | 132 | 0.004 | 0.996 |
| 1:10-4th |  | 121 | 132 | 0.002 | 0.998 |
| 49.7-4th |  | 121 | 132 | 0.002 | 0.998 |
| 45.0-4th |  | 121 | 132 | 0.001 | 0.999 |
| 41.8-4th |  | 121 | 132 | 0.002 | 0.998 |
| 36.4-4th |  | 121 | 132 | 0.001 | 0.999 |
| 35.6-4th |  | 121 | 132 | 0.001 | 0.999 |
| 30.4-4th |  | 121 | 132 | 0.001 | 0.999 |
| 24.0-4th |  | 121 | 134 | 0.001 | 0.999 |
| 4.7-4th |  | 121 | 134 | 0.001 | 0.999 |
| 0.0-4th |  | 121 | 134 | 0.0 | 1.0 |

Question

Which event most likely happened at the marked missing position?

Answer Choices

A. Player 12 (Team B) makes 1-foot dunk (Player 5 (Team A) assists)
B. Player 5 (Team B) makes 26-foot three point jumper (Player 3 (Team B) assists)
C. Player 8 (Team B) blocks Player 19 (Team A)'s two point shot
D. Player 9 (Team A) makes alley oop dunk shot (Player 8 (Team B) assists)

Response Format

Return exactly one JSON object:

{
  "answer": "<A|B|C|D>",
  "rationale": "<brief evidence-based justification in 1-3 sentences>",
  "evidence_event_ids": [],
  "evidence_series_times": []
}

Use only event IDs and time labels that are provided above and that support the answer. Use an empty array when the corresponding evidence type is unavailable or unused. Return only the JSON object.
