Task

Reconstruct the missing event in this basketball game. Use the available numerical time-series evidence around the marked row to select the most likely event.

Game

Team A versus Team B, season 22-23.

Time Series

| Game time | Marker | Team A score | Team B score | Team A win probability | Team B win probability |
| --- | --- | --- | --- | --- | --- |
| 12:00-1st |  | 0 | 0 | 0.712 | 0.288 |
| 11:44-1st |  | 0 | 0 | 0.727 | 0.273 |
| 11:17-1st |  | 0 | 0 | 0.713 | 0.287 |
| 11:14-1st |  | 0 | 0 | 0.708 | 0.292 |
| 11:12-1st |  | 0 | 0 | 0.72 | 0.28 |
| 11:10-1st |  | 0 | 0 | 0.72 | 0.28 |
| 11:09-1st |  | 0 | 0 | 0.708 | 0.292 |
| 11:07-1st |  | 0 | 3 | 0.663 | 0.337 |
| 10:44-1st |  | 0 | 3 | 0.636 | 0.364 |
| 10:26-1st |  | 0 | 3 | 0.653 | 0.347 |
| 10:21-1st |  | 0 | 3 | 0.659 | 0.341 |
| 10:15-1st |  | 0 | 3 | 0.639 | 0.361 |
| 10:11-1st |  | 0 | 3 | 0.632 | 0.368 |
| 9:55-1st |  | 0 | 5 | 0.609 | 0.391 |
| 9:32-1st |  | 3 | 5 | 0.654 | 0.346 |
| 9:21-1st |  | 3 | 5 | 0.67 | 0.33 |
| 9:20-1st |  | 3 | 5 | 0.653 | 0.347 |
| 9:19-1st |  | 3 | 5 | 0.67 | 0.33 |
| 9:17-1st |  | 3 | 5 | 0.675 | 0.325 |
| 9:02-1st |  | 3 | 5 | 0.657 | 0.343 |
| 8:58-1st |  | 3 | 5 | 0.651 | 0.349 |
| 8:46-1st |  | 3 | 7 | 0.627 | 0.373 |
| 8:27-1st |  | 3 | 7 | 0.605 | 0.395 |
| 8:23-1st |  | 3 | 7 | 0.598 | 0.402 |
| 8:19-1st |  | 3 | 9 | 0.571 | 0.429 |
| 8:02-1st |  | 3 | 9 | 0.548 | 0.452 |
| 7:58-1st |  | 3 | 9 | 0.54 | 0.46 |
| 7:53-1st |  | 3 | 11 | 0.516 | 0.484 |
| 7:50-1st |  | 3 | 11 | 0.516 | 0.484 |
| 7:38-1st |  | 6 | 11 | 0.568 | 0.432 |
| 7:18-1st |  | 6 | 13 | 0.538 | 0.462 |
| 7:00-1st |  | 8 | 13 | 0.563 | 0.437 |
| 6:43-1st |  | 8 | 13 | 0.582 | 0.418 |
| 6:41-1st |  | 8 | 13 | 0.589 | 0.411 |
| 6:40-1st |  | 8 | 13 | 0.56 | 0.44 |
| 6:22-1st |  | 8 | 15 | 0.533 | 0.467 |
| 6:04-1st |  | 11 | 15 | 0.584 | 0.416 |
| 5:52-1st |  | 11 | 15 | 0.603 | 0.397 |
| 5:49-1st |  | 11 | 15 | 0.61 | 0.39 |
| 5:41-1st |  | 11 | 15 | 0.589 | 0.411 |
| 5:39-1st |  | 11 | 15 | 0.582 | 0.418 |
| 5:28-1st |  | 11 | 15 | 0.608 | 0.392 |
| 5:21-1st |  | 11 | 15 | 0.587 | 0.413 |
| 5:18-1st |  | 11 | 15 | 0.579 | 0.421 |
| 5:15-1st |  | 11 | 15 | 0.579 | 0.421 |
| 5:13-1st |  | 11 | 15 | 0.6 | 0.4 |
| 5:10-1st |  | 11 | 15 | 0.579 | 0.421 |
| 5:08-1st |  | 11 | 17 | 0.551 | 0.449 |
| 4:50-1st |  | 11 | 17 | 0.528 | 0.472 |
| 4:45-1st |  | 11 | 17 | 0.52 | 0.48 |
| 4:35-1st |  | 11 | 17 | 0.54 | 0.46 |
| 4:32-1st |  | 11 | 17 | 0.547 | 0.453 |
| 4:24-1st |  | 13 | 17 | 0.573 | 0.427 |
| 4:20-1st |  | 13 | 17 | 0.572 | 0.428 |
| 4:14-1st |  | 13 | 17 | 0.573 | 0.427 |
| 4:08-1st |  | 13 | 17 | 0.6 | 0.4 |
| 3:55-1st |  | 13 | 17 | 0.569 | 0.431 |
| 3:38-1st |  | 13 | 17 | 0.59 | 0.41 |
| 3:35-1st |  | 13 | 17 | 0.597 | 0.403 |
| 3:30-1st |  | 13 | 17 | 0.566 | 0.434 |
| 3:28-1st |  | 13 | 17 | 0.566 | 0.434 |
| 3:20-1st |  | 13 | 19 | 0.54 | 0.46 |
| 3:11-1st |  | 16 | 19 | 0.594 | 0.406 |
| 3:00-1st |  | 16 | 19 | 0.613 | 0.387 |
| 2:59-1st |  | 16 | 19 | 0.593 | 0.407 |
| 2:58-1st |  | 16 | 19 | 0.613 | 0.387 |
| 2:57-1st |  | 16 | 19 | 0.593 | 0.407 |
| 2:50-1st |  | 16 | 19 | 0.612 | 0.388 |
| 2:49-1st |  | 16 | 19 | 0.592 | 0.408 |
| 2:47-1st |  | 16 | 19 | 0.612 | 0.388 |
| 2:43-1st |  | 16 | 19 | 0.619 | 0.381 |
| 2:40-1st |  | 16 | 19 | 0.598 | 0.402 |
| 2:36-1st |  | 16 | 19 | 0.618 | 0.382 |
| 2:35-1st |  | 19 | 19 | 0.67 | 0.33 |
| 2:22-1st |  | 19 | 21 | 0.643 | 0.357 |
| 2:04-1st |  | 21 | 21 | 0.668 | 0.332 |
| 1:47-1st |  | 21 | 21 | 0.684 | 0.316 |
| 1:46-1st |  | 21 | 21 | 0.689 | 0.311 |
| 1:43-1st |  | 21 | 21 | 0.672 | 0.328 |
| 1:42-1st |  | 21 | 21 | 0.666 | 0.334 |
| 1:35-1st |  | 21 | 23 | 0.639 | 0.361 |
| 1:13-1st |  | 23 | 23 | 0.664 | 0.336 |
| 54.1-1st |  | 23 | 26 | 0.608 | 0.392 |
| 39.1-1st |  | 23 | 26 | 0.586 | 0.414 |
| 35.1-1st |  | 23 | 26 | 0.579 | 0.421 |
| 33.0-1st |  | 23 | 28 | 0.553 | 0.447 |
| 16.1-1st |  | 23 | 28 | 0.527 | 0.473 |
| 12.1-1st |  | 23 | 28 | 0.519 | 0.481 |
| 0.1-1st |  | 23 | 30 | 0.49 | 0.51 |
| 0.0-1st |  | 23 | 30 | 0.474 | 0.526 |
| 12:00-2nd |  | 23 | 30 | 0.474 | 0.526 |
| 11:45-2nd |  | 23 | 30 | 0.462 | 0.538 |
| 11:44-2nd |  | 23 | 30 | 0.485 | 0.515 |
| 11:43-2nd |  | 25 | 30 | 0.511 | 0.489 |
| 11:23-2nd |  | 25 | 30 | 0.542 | 0.458 |
| 11:16-2nd |  | 25 | 30 | 0.508 | 0.492 |
| 11:10-2nd |  | 25 | 32 | 0.48 | 0.52 |
| 10:54-2nd |  | 28 | 32 | 0.535 | 0.465 |
| 10:42-2nd |  | 28 | 32 | 0.557 | 0.443 |
| 10:40-2nd |  | 28 | 32 | 0.564 | 0.436 |
| 10:27-2nd |  | 28 | 32 | 0.54 | 0.46 |
| 10:24-2nd |  | 28 | 32 | 0.532 | 0.468 |
| 10:17-2nd |  | 28 | 32 | 0.533 | 0.467 |
| 10:08-2nd |  | 28 | 34 | 0.504 | 0.496 |
| 9:58-2nd |  | 28 | 34 | 0.502 | 0.498 |
| 9:45-2nd |  | 29 | 34 | 0.499 | 0.501 |
| 9:34-2nd |  | 29 | 36 | 0.467 | 0.533 |
| 9:20-2nd |  | 29 | 36 | 0.441 | 0.559 |
| 9:15-2nd |  | 29 | 36 | 0.432 | 0.568 |
| 9:09-2nd |  | 29 | 38 | 0.402 | 0.598 |
| 9:02-2nd |  | 29 | 38 | 0.37 | 0.63 |
| 8:53-2nd |  | 29 | 38 | 0.392 | 0.608 |
| 8:52-2nd |  | 29 | 38 | 0.399 | 0.601 |
| 8:44-2nd |  | 29 | 38 | 0.367 | 0.633 |
| 8:39-2nd |  | 29 | 40 | 0.336 | 0.664 |
| 8:20-2nd |  | 29 | 40 | 0.304 | 0.696 |
| 8:13-2nd |  | 29 | 43 | 0.249 | 0.751 |
| 8:11-2nd |  | 29 | 43 | 0.248 | 0.752 |
| 7:59-2nd |  | 31 | 43 | 0.274 | 0.726 |
| 7:46-2nd |  | 31 | 43 | 0.3 | 0.7 |
| 7:41-2nd |  | 33 | 43 | 0.326 | 0.674 |
| 7:24-2nd |  | 33 | 43 | 0.349 | 0.651 |
| 7:19-2nd |  | 33 | 43 | 0.356 | 0.644 |
| 7:13-2nd |  | 33 | 43 | 0.33 | 0.67 |
| 7:09-2nd |  | 33 | 43 | 0.321 | 0.679 |
| 7:06-2nd |  | 33 | 43 | 0.354 | 0.646 |
| 6:41-2nd |  | 33 | 43 | 0.325 | 0.675 |
| 6:37-2nd |  | 33 | 43 | 0.316 | 0.684 |
| 6:36-2nd |  | 33 | 44 | 0.318 | 0.682 |
| 6:21-2nd |  | 36 | 44 | 0.376 | 0.624 |
| 6:08-2nd |  | 36 | 44 | 0.398 | 0.602 |
| 6:05-2nd |  | 36 | 44 | 0.406 | 0.594 |
| 5:59-2nd |  | 38 | 44 | 0.439 | 0.561 |
| 5:33-2nd |  | 38 | 44 | 0.46 | 0.54 |
| 5:29-2nd |  | 38 | 44 | 0.468 | 0.532 |
| 5:23-2nd |  | 39 | 44 | 0.465 | 0.535 |
| 5:21-2nd |  | 39 | 44 | 0.464 | 0.536 |
| 5:01-2nd |  | 39 | 44 | 0.496 | 0.504 |
| 4:48-2nd |  | 41 | 44 | 0.524 | 0.476 |
| 4:37-2nd |  | 41 | 44 | 0.55 | 0.45 |
| 4:33-2nd |  | 41 | 44 | 0.558 | 0.442 |
| 4:25-2nd |  | 43 | 44 | 0.588 | 0.412 |
| 4:15-2nd |  | 43 | 44 | 0.611 | 0.389 |
| 4:11-2nd |  | 45 | 44 | 0.649 | 0.351 |
| 4:10-2nd |  | 45 | 44 | 0.649 | 0.351 |
| 3:52-2nd |  | 45 | 44 | 0.669 | 0.331 |
| 3:49-2nd |  | 45 | 44 | 0.676 | 0.324 |
| 3:38-2nd |  | 45 | 44 | 0.654 | 0.346 |
| 3:36-2nd |  | 45 | 44 | 0.647 | 0.353 |
| 3:26-2nd |  | 45 | 45 | 0.648 | 0.352 |
| 3:09-2nd |  | 47 | 45 | 0.675 | 0.325 |
| 2:52-2nd |  | 47 | 48 | 0.612 | 0.388 |
| 2:30-2nd |  | 50 | 48 | 0.673 | 0.327 |
| 2:09-2nd |  | 50 | 51 | 0.609 | 0.391 |
| 1:43-2nd |  | 50 | 51 | 0.582 | 0.418 |
| 1:39-2nd |  | 50 | 51 | 0.606 | 0.394 |
| 1:38-2nd |  | 52 | 51 | 0.637 | 0.363 |
| 1:14-2nd |  | 52 | 51 | 0.668 | 0.332 |
| 1:04-2nd |  | 54 | 51 | 0.7 | 0.3 |
| 52.1-2nd |  | 54 | 53 | 0.667 | 0.333 |
| 33.1-2nd |  | 54 | 53 | 0.64 | 0.36 |
| 31.1-2nd |  | 54 | 53 | 0.632 | 0.368 |
| 11.0-2nd |  | 54 | 55 | 0.599 | 0.401 |
| 0.0-2nd |  | 54 | 55 | 0.583 | 0.417 |
| 12:00-3rd |  | 54 | 55 | 0.583 | 0.417 |
| 11:47-3rd |  | 57 | 55 | 0.666 | 0.334 |
| 11:26-3rd |  | 57 | 55 | 0.695 | 0.305 |
| 11:22-3rd |  | 57 | 55 | 0.672 | 0.328 |
| 11:19-3rd |  | 57 | 55 | 0.665 | 0.335 |
| 11:10-3rd |  | 57 | 55 | 0.687 | 0.313 |
| 11:07-3rd |  | 57 | 55 | 0.694 | 0.306 |
| 10:52-3rd |  | 60 | 55 | 0.754 | 0.246 |
| 10:27-3rd |  | 60 | 58 | 0.693 | 0.307 |
| 10:08-3rd |  | 62 | 58 | 0.72 | 0.28 |
| 9:56-3rd |  | 62 | 58 | 0.745 | 0.255 |
| 9:52-3rd |  | 62 | 58 | 0.72 | 0.28 |
| 9:47-3rd |  | 62 | 60 | 0.691 | 0.309 |
| 9:34-3rd |  | 62 | 60 | 0.657 | 0.343 |
| 9:28-3rd |  | 62 | 62 | 0.625 | 0.375 |
| 9:05-3rd |  | 65 | 62 | 0.689 | 0.311 |
| 8:58-3rd |  | 65 | 62 | 0.688 | 0.312 |
| 8:52-3rd |  | 65 | 62 | 0.714 | 0.286 |
| 8:48-3rd |  | 65 | 62 | 0.722 | 0.278 |
| 8:39-3rd |  | 65 | 62 | 0.688 | 0.312 |
| 8:20-3rd |  | 65 | 62 | 0.713 | 0.287 |
| 8:16-3rd |  | 65 | 62 | 0.721 | 0.279 |
| 8:13-3rd |  | 65 | 62 | 0.721 | 0.279 |
| 8:09-3rd |  | 65 | 62 | 0.695 | 0.305 |
| 8:04-3rd |  | 65 | 62 | 0.721 | 0.279 |
| 7:57-3rd |  | 65 | 62 | 0.695 | 0.305 |
| 7:52-3rd |  | 65 | 62 | 0.686 | 0.314 |
| 7:49-3rd |  | 65 | 64 | 0.65 | 0.35 |
| 7:22-3rd |  | 65 | 64 | 0.621 | 0.379 |
| 7:20-3rd |  | 65 | 64 | 0.612 | 0.388 |
| 7:15-3rd |  | 65 | 66 | 0.577 | 0.423 |
| 7:02-3rd |  | 65 | 66 | 0.546 | 0.454 |
| 6:58-3rd |  | 68 | 66 | 0.648 | 0.352 |
| 6:47-3rd |  | 68 | 66 | 0.65 | 0.35 |
| 6:38-3rd |  | 68 | 68 | 0.614 | 0.386 |
| 6:19-3rd |  | 68 | 68 | 0.58 | 0.42 |
| 6:15-3rd |  | 68 | 68 | 0.612 | 0.388 |
| 6:09-3rd |  | 68 | 68 | 0.568 | 0.432 |
| 6:02-3rd |  | 68 | 71 | 0.49 | 0.51 |
| 5:45-3rd |  | 68 | 71 | 0.453 | 0.547 |
| 5:41-3rd |  | 68 | 71 | 0.441 | 0.559 |
| 5:36-3rd |  | 68 | 74 | 0.363 | 0.637 |
| 5:16-3rd |  | 68 | 74 | 0.329 | 0.671 |
| 5:13-3rd |  | 68 | 74 | 0.318 | 0.682 |
| 5:11-3rd |  | 68 | 76 | 0.277 | 0.723 |
| 5:01-3rd |  | 68 | 76 | 0.249 | 0.751 |
| 4:57-3rd |  | 68 | 76 | 0.274 | 0.726 |
| 4:51-3rd |  | 68 | 76 | 0.238 | 0.762 |
| 4:48-3rd |  | 68 | 76 | 0.273 | 0.727 |
| 4:45-3rd |  | 68 | 76 | 0.272 | 0.728 |
| 4:33-3rd |  | 71 | 76 | 0.348 | 0.652 |
| 4:18-3rd |  | 71 | 78 | 0.302 | 0.698 |
| 4:10-3rd |  | 71 | 78 | 0.302 | 0.698 |
| 4:04-3rd |  | 71 | 78 | 0.275 | 0.725 |
| 4:01-3rd |  | 71 | 78 | 0.266 | 0.734 |
| 3:47-3rd |  | 71 | 80 | 0.226 | 0.774 |
| 3:21-3rd |  | 71 | 80 | 0.193 | 0.807 |
| 3:17-3rd |  | 71 | 80 | 0.183 | 0.817 |
| 3:15-3rd |  | 71 | 81 | 0.185 | 0.815 |
| 3:11-3rd |  | 71 | 81 | 0.184 | 0.816 |
| 3:03-3rd |  | 71 | 81 | 0.162 | 0.838 |
| 3:01-3rd |  | 71 | 81 | 0.184 | 0.816 |
| 2:49-3rd |  | 71 | 81 | 0.152 | 0.848 |
| 2:41-3rd |  | 71 | 81 | 0.179 | 0.821 |
| 2:37-3rd |  | 73 | 81 | 0.209 | 0.791 |
| 2:23-3rd |  | 73 | 84 | 0.147 | 0.853 |
| 2:08-3rd |  | 73 | 84 | 0.116 | 0.884 |
| 2:04-3rd |  | 73 | 86 | 0.095 | 0.905 |
| 1:51-3rd |  | 76 | 86 | 0.139 | 0.861 |
| 1:28-3rd |  | 76 | 86 | 0.156 | 0.844 |
| 1:22-3rd |  | 76 | 86 | 0.161 | 0.839 |
| 1:10-3rd |  | 77 | 86 | 0.193 | 0.807 |
| 1:00-3rd |  | 77 | 86 | 0.163 | 0.837 |
| 59.0-3rd |  | 77 | 88 | 0.131 | 0.869 |
| 40.2-3rd |  | 79 | 88 | 0.149 | 0.851 |
| 34.1-3rd |  | 79 | 88 | 0.175 | 0.825 |
| 31.2-3rd |  | 79 | 88 | 0.184 | 0.816 |
| 10.1-3rd |  | 79 | 88 | 0.145 | 0.855 |
| 0.2-3rd |  | 79 | 88 | 0.17 | 0.83 |
| 0.0-3rd |  | 79 | 88 | 0.16 | 0.84 |
| 12:00-4th |  | 79 | 88 | 0.16 | 0.84 |
| 11:46-4th |  | 79 | 88 | 0.129 | 0.871 |
| 11:40-4th |  | 79 | 88 | 0.164 | 0.836 |
| 11:16-4th |  | 82 | 88 | 0.229 | 0.771 |
| 10:56-4th |  | 82 | 90 | 0.186 | 0.814 |
| 10:44-4th |  | 82 | 90 | 0.148 | 0.852 |
| 10:28-4th |  | 82 | 92 | 0.117 | 0.883 |
| 10:07-4th |  | 84 | 92 | 0.14 | 0.86 |
| 9:55-4th |  | 84 | 92 | 0.164 | 0.836 |
| 9:53-4th |  | 84 | 92 | 0.172 | 0.828 |
| 9:50-4th |  | 84 | 92 | 0.136 | 0.864 |
| 9:48-4th |  | 84 | 92 | 0.162 | 0.838 |
| 9:44-4th |  | 84 | 92 | 0.17 | 0.83 |
| 9:25-4th |  | 87 | 92 | 0.248 | 0.752 |
| 9:08-4th |  | 87 | 93 | 0.241 | 0.759 |
| 8:54-4th |  | 87 | 93 | 0.191 | 0.809 |
| 8:30-4th |  | 87 | 93 | 0.221 | 0.779 |
| 8:24-4th |  | 87 | 93 | 0.232 | 0.768 |
| 8:22-4th |  | 89 | 93 | 0.275 | 0.725 |
| 8:15-4th |  | 89 | 93 | 0.256 | 0.744 |
| 8:02-4th |  | 89 | 95 | 0.221 | 0.779 |
| 7:44-4th |  | 89 | 95 | 0.18 | 0.82 |
| 7:43-4th |  | 89 | 95 | 0.114 | 0.886 |
| 7:32-4th |  | 89 | 95 | 0.192 | 0.808 |
| 7:28-4th |  | 89 | 95 | 0.202 | 0.798 |
| 7:24-4th |  | 92 | 95 | 0.298 | 0.702 |
| 7:04-4th |  | 92 | 97 | 0.243 | 0.757 |
| 6:43-4th |  | 92 | 97 | 0.244 | 0.756 |
| 6:35-4th |  | 92 | 97 | 0.188 | 0.812 |
| 6:30-4th |  | 92 | 97 | 0.226 | 0.774 |
| 6:27-4th |  | 92 | 97 | 0.238 | 0.762 |
| 6:20-4th | TARGET | 95 | 97 | 0.346 | 0.654 |
| 5:58-4th |  | 95 | 99 | 0.283 | 0.717 |
| 5:37-4th |  | 95 | 99 | 0.232 | 0.768 |
| 5:33-4th |  | 95 | 99 | 0.216 | 0.784 |
| 5:20-4th |  | 95 | 102 | 0.126 | 0.874 |
| 4:58-4th |  | 95 | 102 | 0.095 | 0.905 |
| 4:54-4th |  | 95 | 102 | 0.086 | 0.914 |
| 4:34-4th |  | 95 | 102 | 0.104 | 0.896 |
| 4:32-4th |  | 95 | 102 | 0.095 | 0.905 |
| 4:20-4th |  | 95 | 105 | 0.037 | 0.963 |
| 4:02-4th |  | 95 | 105 | 0.038 | 0.962 |
| 3:49-4th |  | 95 | 105 | 0.02 | 0.98 |
| 3:27-4th |  | 95 | 105 | 0.025 | 0.975 |
| 3:24-4th |  | 95 | 105 | 0.027 | 0.973 |
| 3:14-4th |  | 95 | 105 | 0.017 | 0.983 |
| 3:12-4th |  | 95 | 105 | 0.014 | 0.986 |
| 2:56-4th |  | 95 | 107 | 0.008 | 0.992 |
| 2:45-4th |  | 95 | 107 | 0.005 | 0.995 |
| 2:43-4th |  | 95 | 107 | 0.004 | 0.996 |
| 2:28-4th |  | 95 | 107 | 0.003 | 0.997 |
| 2:25-4th |  | 95 | 107 | 0.005 | 0.995 |
| 2:20-4th |  | 95 | 107 | 0.005 | 0.995 |
| 2:15-4th |  | 98 | 107 | 0.014 | 0.986 |
| 1:49-4th |  | 98 | 109 | 0.006 | 0.994 |
| 1:44-4th |  | 98 | 109 | 0.003 | 0.997 |
| 1:25-4th |  | 98 | 110 | 0.002 | 0.998 |
| 1:18-4th |  | 98 | 110 | 0.001 | 0.999 |
| 1:14-4th |  | 98 | 110 | 0.001 | 0.999 |
| 59.1-4th |  | 98 | 113 | 0.001 | 0.999 |
| 50.0-4th |  | 98 | 113 | 0.001 | 0.999 |
| 47.1-4th |  | 98 | 113 | 0.001 | 0.999 |
| 22.2-4th |  | 98 | 113 | 0.001 | 0.999 |
| 0.0-4th |  | 98 | 113 | 0.0 | 1.0 |

Question

Which event most likely happened at the marked missing position?

Answer Choices

A. Player 1 (Team A) makes three point jumper (Player 4 (Team A) assists)
B. Player 6 (Team A) makes two point shot (Player 8 (Team B) assists)
C. Player 18 (Team B) bad pass (Player 9 (Team B) steals)
D. Player 8 (Team A) makes 23-foot three point jumper (Player 6 (Team B) assists)

Response Format

Return exactly one JSON object:

{
  "answer": "<A|B|C|D>",
  "rationale": "<brief evidence-based justification in 1-3 sentences>",
  "evidence_event_ids": [],
  "evidence_series_times": []
}

Use only event IDs and time labels that are provided above and that support the answer. Use an empty array when the corresponding evidence type is unavailable or unused. Return only the JSON object.
