Task

Reconstruct the missing event in this basketball game. Use the available numerical time-series evidence around the marked row to select the most likely event.

Game

Team A versus Team B, season 22-23.

Time Series

| Game time | Marker | Team A score | Team B score | Team A win probability | Team B win probability |
| --- | --- | --- | --- | --- | --- |
| 12:00-1st |  | 0 | 0 | 0.472 | 0.528 |
| 11:37-1st |  | 0 | 0 | 0.458 | 0.542 |
| 11:35-1st |  | 0 | 0 | 0.453 | 0.547 |
| 11:24-1st |  | 0 | 0 | 0.473 | 0.527 |
| 11:20-1st |  | 0 | 0 | 0.458 | 0.542 |
| 11:17-1st |  | 2 | 0 | 0.502 | 0.498 |
| 11:04-1st |  | 2 | 0 | 0.526 | 0.474 |
| 10:59-1st |  | 5 | 0 | 0.576 | 0.424 |
| 10:39-1st |  | 5 | 0 | 0.595 | 0.405 |
| 10:37-1st |  | 5 | 0 | 0.602 | 0.398 |
| 10:21-1st |  | 7 | 0 | 0.629 | 0.371 |
| 10:04-1st |  | 7 | 0 | 0.647 | 0.353 |
| 10:03-1st |  | 7 | 0 | 0.653 | 0.347 |
| 9:58-1st |  | 7 | 0 | 0.636 | 0.364 |
| 9:55-1st |  | 7 | 0 | 0.63 | 0.37 |
| 9:35-1st |  | 7 | 3 | 0.581 | 0.419 |
| 9:19-1st |  | 9 | 3 | 0.608 | 0.392 |
| 9:06-1st |  | 9 | 6 | 0.557 | 0.443 |
| 8:52-1st |  | 9 | 6 | 0.536 | 0.464 |
| 8:51-1st |  | 9 | 6 | 0.529 | 0.471 |
| 8:45-1st |  | 9 | 8 | 0.509 | 0.491 |
| 8:27-1st |  | 9 | 8 | 0.485 | 0.515 |
| 8:26-1st |  | 9 | 8 | 0.477 | 0.523 |
| 8:13-1st |  | 9 | 11 | 0.427 | 0.573 |
| 7:52-1st |  | 11 | 11 | 0.455 | 0.545 |
| 7:34-1st |  | 11 | 11 | 0.471 | 0.529 |
| 7:32-1st |  | 11 | 11 | 0.477 | 0.523 |
| 7:25-1st |  | 13 | 11 | 0.505 | 0.495 |
| 7:08-1st |  | 13 | 11 | 0.525 | 0.475 |
| 7:05-1st |  | 13 | 11 | 0.531 | 0.469 |
| 6:54-1st |  | 15 | 11 | 0.558 | 0.442 |
| 6:35-1st |  | 15 | 11 | 0.586 | 0.414 |
| 6:24-1st |  | 18 | 11 | 0.639 | 0.361 |
| 6:08-1st |  | 18 | 11 | 0.662 | 0.338 |
| 5:54-1st |  | 18 | 11 | 0.64 | 0.36 |
| 5:39-1st |  | 18 | 14 | 0.588 | 0.412 |
| 5:13-1st |  | 18 | 14 | 0.569 | 0.431 |
| 5:12-1st |  | 18 | 14 | 0.562 | 0.438 |
| 5:00-1st |  | 18 | 14 | 0.562 | 0.438 |
| 4:47-1st |  | 18 | 14 | 0.59 | 0.41 |
| 4:33-1st |  | 18 | 14 | 0.57 | 0.43 |
| 4:31-1st |  | 18 | 14 | 0.563 | 0.437 |
| 4:23-1st |  | 18 | 16 | 0.536 | 0.464 |
| 4:02-1st |  | 21 | 16 | 0.592 | 0.408 |
| 3:45-1st |  | 21 | 18 | 0.565 | 0.435 |
| 3:25-1st |  | 21 | 18 | 0.545 | 0.455 |
| 3:22-1st |  | 21 | 18 | 0.538 | 0.462 |
| 3:15-1st |  | 21 | 18 | 0.559 | 0.441 |
| 3:14-1st |  | 21 | 18 | 0.566 | 0.434 |
| 3:00-1st |  | 23 | 18 | 0.594 | 0.406 |
| 2:43-1st |  | 23 | 21 | 0.539 | 0.461 |
| 2:25-1st |  | 23 | 21 | 0.517 | 0.483 |
| 2:22-1st |  | 23 | 21 | 0.51 | 0.49 |
| 2:11-1st |  | 23 | 21 | 0.533 | 0.467 |
| 2:09-1st |  | 23 | 21 | 0.51 | 0.49 |
| 1:56-1st |  | 23 | 21 | 0.533 | 0.467 |
| 1:54-1st |  | 23 | 21 | 0.54 | 0.46 |
| 1:49-1st |  | 25 | 21 | 0.569 | 0.431 |
| 1:31-1st |  | 25 | 24 | 0.513 | 0.487 |
| 1:30-1st |  | 25 | 24 | 0.513 | 0.487 |
| 1:19-1st |  | 25 | 24 | 0.484 | 0.516 |
| 1:02-1st |  | 25 | 26 | 0.456 | 0.544 |
| 45.0-1st |  | 25 | 26 | 0.436 | 0.564 |
| 42.0-1st |  | 25 | 26 | 0.43 | 0.57 |
| 34.0-1st |  | 25 | 28 | 0.398 | 0.602 |
| 29.0-1st |  | 27 | 28 | 0.43 | 0.57 |
| 8.1-1st |  | 27 | 30 | 0.4 | 0.6 |
| 3.0-1st |  | 27 | 30 | 0.374 | 0.626 |
| 0.0-1st |  | 27 | 30 | 0.388 | 0.612 |
| 12:00-2nd |  | 27 | 30 | 0.388 | 0.612 |
| 11:45-2nd |  | 27 | 32 | 0.346 | 0.654 |
| 11:23-2nd |  | 27 | 32 | 0.324 | 0.676 |
| 11:20-2nd |  | 27 | 32 | 0.316 | 0.684 |
| 11:02-2nd |  | 27 | 35 | 0.269 | 0.731 |
| 10:45-2nd |  | 29 | 35 | 0.292 | 0.708 |
| 10:32-2nd |  | 29 | 35 | 0.293 | 0.707 |
| 10:25-2nd |  | 29 | 35 | 0.312 | 0.688 |
| 10:22-2nd |  | 29 | 35 | 0.319 | 0.681 |
| 10:13-2nd |  | 31 | 35 | 0.343 | 0.657 |
| 9:55-2nd |  | 31 | 35 | 0.373 | 0.627 |
| 9:41-2nd |  | 31 | 35 | 0.35 | 0.65 |
| 9:39-2nd |  | 31 | 35 | 0.343 | 0.657 |
| 9:34-2nd |  | 31 | 37 | 0.318 | 0.682 |
| 9:22-2nd |  | 33 | 37 | 0.342 | 0.658 |
| 9:11-2nd |  | 33 | 37 | 0.365 | 0.635 |
| 9:08-2nd |  | 33 | 37 | 0.342 | 0.658 |
| 9:02-2nd |  | 33 | 39 | 0.317 | 0.683 |
| 8:40-2nd |  | 33 | 39 | 0.296 | 0.704 |
| 8:37-2nd |  | 33 | 39 | 0.289 | 0.711 |
| 8:24-2nd |  | 33 | 39 | 0.309 | 0.691 |
| 8:21-2nd |  | 33 | 39 | 0.316 | 0.684 |
| 8:06-2nd |  | 33 | 39 | 0.315 | 0.685 |
| 7:53-2nd |  | 35 | 39 | 0.341 | 0.659 |
| 7:37-2nd |  | 35 | 39 | 0.363 | 0.637 |
| 7:35-2nd |  | 35 | 39 | 0.371 | 0.629 |
| 7:28-2nd |  | 35 | 39 | 0.348 | 0.652 |
| 7:26-2nd |  | 35 | 39 | 0.34 | 0.66 |
| 7:18-2nd |  | 35 | 39 | 0.363 | 0.637 |
| 7:15-2nd |  | 35 | 39 | 0.371 | 0.629 |
| 7:04-2nd |  | 35 | 39 | 0.369 | 0.631 |
| 6:51-2nd |  | 35 | 39 | 0.346 | 0.654 |
| 6:49-2nd |  | 35 | 39 | 0.339 | 0.661 |
| 6:35-2nd |  | 35 | 39 | 0.339 | 0.661 |
| 6:25-2nd |  | 35 | 42 | 0.284 | 0.716 |
| 6:06-2nd |  | 35 | 42 | 0.256 | 0.744 |
| 6:02-2nd |  | 35 | 44 | 0.234 | 0.766 |
| 5:34-2nd |  | 35 | 44 | 0.213 | 0.787 |
| 5:31-2nd |  | 35 | 44 | 0.206 | 0.794 |
| 5:23-2nd |  | 35 | 47 | 0.166 | 0.834 |
| 5:12-2nd |  | 35 | 47 | 0.164 | 0.836 |
| 5:04-2nd |  | 37 | 47 | 0.183 | 0.817 |
| 4:46-2nd |  | 37 | 47 | 0.2 | 0.8 |
| 4:42-2nd |  | 37 | 47 | 0.205 | 0.795 |
| 4:36-2nd |  | 37 | 47 | 0.182 | 0.818 |
| 4:24-2nd |  | 37 | 47 | 0.198 | 0.802 |
| 4:20-2nd |  | 37 | 47 | 0.204 | 0.796 |
| 4:11-2nd |  | 40 | 47 | 0.252 | 0.748 |
| 3:50-2nd |  | 40 | 49 | 0.226 | 0.774 |
| 3:44-2nd |  | 40 | 49 | 0.264 | 0.736 |
| 3:31-2nd |  | 42 | 49 | 0.248 | 0.752 |
| 3:30-2nd |  | 42 | 50 | 0.221 | 0.779 |
| 3:20-2nd |  | 42 | 50 | 0.248 | 0.752 |
| 3:15-2nd |  | 44 | 50 | 0.276 | 0.724 |
| 3:02-2nd |  | 44 | 52 | 0.248 | 0.752 |
| 2:51-2nd |  | 47 | 52 | 0.303 | 0.697 |
| 2:29-2nd |  | 47 | 52 | 0.325 | 0.675 |
| 2:25-2nd |  | 47 | 52 | 0.333 | 0.667 |
| 2:19-2nd |  | 47 | 52 | 0.309 | 0.691 |
| 2:17-2nd |  | 47 | 52 | 0.302 | 0.698 |
| 2:07-2nd |  | 47 | 55 | 0.244 | 0.756 |
| 1:52-2nd |  | 50 | 55 | 0.301 | 0.699 |
| 1:34-2nd |  | 50 | 55 | 0.3 | 0.7 |
| 1:31-2nd |  | 50 | 55 | 0.323 | 0.677 |
| 1:28-2nd |  | 50 | 55 | 0.3 | 0.7 |
| 1:27-2nd |  | 50 | 55 | 0.3 | 0.7 |
| 1:20-2nd |  | 50 | 57 | 0.271 | 0.729 |
| 1:06-2nd |  | 52 | 57 | 0.299 | 0.701 |
| 49.0-2nd |  | 52 | 57 | 0.321 | 0.679 |
| 46.1-2nd |  | 52 | 57 | 0.329 | 0.671 |
| 40.1-2nd |  | 52 | 57 | 0.305 | 0.695 |
| 38.0-2nd |  | 52 | 57 | 0.329 | 0.671 |
| 33.1-2nd |  | 55 | 57 | 0.397 | 0.603 |
| 9.1-2nd |  | 55 | 59 | 0.363 | 0.637 |
| 1.0-2nd |  | 55 | 59 | 0.328 | 0.672 |
| 0.0-2nd |  | 55 | 59 | 0.347 | 0.653 |
| 12:00-3rd |  | 55 | 59 | 0.347 | 0.653 |
| 11:48-3rd |  | 55 | 62 | 0.263 | 0.737 |
| 11:24-3rd |  | 57 | 62 | 0.296 | 0.704 |
| 11:00-3rd |  | 57 | 62 | 0.323 | 0.677 |
| 10:49-3rd |  | 59 | 62 | 0.357 | 0.643 |
| 10:35-3rd |  | 59 | 64 | 0.322 | 0.678 |
| 10:17-3rd |  | 62 | 64 | 0.391 | 0.609 |
| 10:01-3rd |  | 62 | 64 | 0.418 | 0.582 |
| 9:58-3rd |  | 62 | 64 | 0.391 | 0.609 |
| 9:55-3rd |  | 62 | 64 | 0.418 | 0.582 |
| 9:53-3rd |  | 62 | 64 | 0.427 | 0.573 |
| 9:47-3rd |  | 62 | 64 | 0.4 | 0.6 |
| 9:43-3rd |  | 62 | 64 | 0.39 | 0.61 |
| 9:30-3rd |  | 62 | 64 | 0.428 | 0.572 |
| 9:18-3rd |  | 64 | 64 | 0.46 | 0.54 |
| 9:03-3rd |  | 64 | 67 | 0.391 | 0.609 |
| 8:42-3rd |  | 64 | 67 | 0.362 | 0.638 |
| 8:40-3rd |  | 64 | 67 | 0.352 | 0.648 |
| 8:27-3rd |  | 64 | 69 | 0.317 | 0.683 |
| 8:08-3rd |  | 64 | 69 | 0.291 | 0.709 |
| 8:06-3rd |  | 64 | 69 | 0.282 | 0.718 |
| 7:55-3rd |  | 64 | 72 | 0.222 | 0.778 |
| 7:54-3rd |  | 64 | 72 | 0.222 | 0.778 |
| 7:30-3rd |  | 67 | 72 | 0.279 | 0.721 |
| 7:09-3rd |  | 67 | 72 | 0.304 | 0.696 |
| 7:07-3rd |  | 67 | 72 | 0.313 | 0.687 |
| 6:48-3rd |  | 67 | 72 | 0.285 | 0.715 |
| 6:45-3rd |  | 67 | 72 | 0.312 | 0.688 |
| 6:26-3rd |  | 69 | 72 | 0.347 | 0.653 |
| 6:00-3rd |  | 69 | 75 | 0.274 | 0.726 |
| 5:36-3rd |  | 69 | 75 | 0.272 | 0.728 |
| 5:29-3rd |  | 69 | 75 | 0.245 | 0.755 |
| 5:26-3rd |  | 69 | 75 | 0.235 | 0.765 |
| 5:14-3rd |  | 69 | 75 | 0.236 | 0.764 |
| 5:10-3rd |  | 69 | 78 | 0.177 | 0.823 |
| 4:44-3rd |  | 72 | 78 | 0.233 | 0.767 |
| 4:30-3rd |  | 72 | 78 | 0.259 | 0.741 |
| 4:28-3rd |  | 72 | 78 | 0.322 | 0.678 |
| 4:14-3rd |  | 72 | 78 | 0.239 | 0.761 |
| 4:11-3rd |  | 72 | 78 | 0.23 | 0.77 |
| 3:54-3rd |  | 72 | 78 | 0.264 | 0.736 |
| 3:45-3rd |  | 74 | 78 | 0.298 | 0.702 |
| 3:31-3rd |  | 74 | 78 | 0.327 | 0.673 |
| 3:28-3rd |  | 74 | 78 | 0.337 | 0.663 |
| 3:25-3rd |  | 74 | 78 | 0.306 | 0.694 |
| 3:24-3rd |  | 74 | 78 | 0.296 | 0.704 |
| 3:14-3rd |  | 74 | 78 | 0.296 | 0.704 |
| 3:08-3rd |  | 74 | 78 | 0.326 | 0.674 |
| 3:05-3rd |  | 74 | 78 | 0.336 | 0.664 |
| 2:48-3rd |  | 74 | 78 | 0.304 | 0.696 |
| 2:45-3rd |  | 75 | 78 | 0.333 | 0.667 |
| 2:28-3rd |  | 75 | 78 | 0.334 | 0.666 |
| 2:20-3rd |  | 75 | 80 | 0.296 | 0.704 |
| 1:59-3rd |  | 77 | 80 | 0.331 | 0.669 |
| 1:34-3rd |  | 77 | 80 | 0.364 | 0.636 |
| 1:30-3rd |  | 77 | 80 | 0.376 | 0.624 |
| 1:21-3rd |  | 79 | 80 | 0.416 | 0.584 |
| 1:00-3rd |  | 79 | 83 | 0.329 | 0.671 |
| 45.0-3rd |  | 79 | 83 | 0.293 | 0.707 |
| 42.1-3rd |  | 79 | 83 | 0.282 | 0.718 |
| 35.0-3rd |  | 79 | 83 | 0.327 | 0.673 |
| 27.0-3rd |  | 79 | 83 | 0.291 | 0.709 |
| 24.1-3rd |  | 79 | 83 | 0.326 | 0.674 |
| 23.1-3rd |  | 79 | 83 | 0.291 | 0.709 |
| 22.1-3rd |  | 79 | 83 | 0.326 | 0.674 |
| 21.1-3rd |  | 79 | 83 | 0.291 | 0.709 |
| 20.1-3rd |  | 79 | 83 | 0.326 | 0.674 |
| 19.1-3rd |  | 79 | 83 | 0.279 | 0.721 |
| 4.0-3rd |  | 79 | 86 | 0.2 | 0.8 |
| 0.0-3rd |  | 79 | 86 | 0.185 | 0.815 |
| 12:00-4th |  | 79 | 86 | 0.185 | 0.815 |
| 11:43-4th |  | 79 | 86 | 0.17 | 0.83 |
| 11:39-4th |  | 79 | 86 | 0.161 | 0.839 |
| 11:35-4th |  | 79 | 86 | 0.188 | 0.812 |
| 11:31-4th |  | 79 | 86 | 0.196 | 0.804 |
| 11:26-4th |  | 81 | 86 | 0.236 | 0.764 |
| 11:24-4th |  | 81 | 86 | 0.236 | 0.764 |
| 11:14-4th |  | 81 | 86 | 0.269 | 0.731 |
| 11:12-4th |  | 81 | 86 | 0.28 | 0.72 |
| 10:49-4th |  | 81 | 86 | 0.242 | 0.758 |
| 10:46-4th |  | 81 | 86 | 0.23 | 0.77 |
| 10:37-4th |  | 81 | 88 | 0.192 | 0.808 |
| 10:16-4th |  | 83 | 88 | 0.232 | 0.768 |
| 10:02-4th |  | 83 | 90 | 0.193 | 0.807 |
| 9:48-4th |  | 83 | 90 | 0.162 | 0.838 |
| 9:44-4th |  | 85 | 90 | 0.227 | 0.773 |
| 9:40-4th |  | 85 | 90 | 0.218 | 0.782 |
| 9:36-4th |  | 85 | 92 | 0.269 | 0.731 |
| 9:25-4th | TARGET | 85 | 92 | 0.154 | 0.846 |
| 9:20-4th |  | 85 | 92 | 0.144 | 0.856 |
| 9:03-4th |  | 85 | 92 | 0.175 | 0.825 |
| 8:53-4th |  | 85 | 92 | 0.149 | 0.851 |
| 8:50-4th |  | 85 | 92 | 0.139 | 0.861 |
| 8:33-4th |  | 85 | 92 | 0.175 | 0.825 |
| 8:29-4th |  | 85 | 92 | 0.145 | 0.855 |
| 8:26-4th |  | 85 | 92 | 0.135 | 0.865 |
| 8:20-4th |  | 85 | 95 | 0.083 | 0.917 |
| 8:18-4th |  | 85 | 95 | 0.083 | 0.917 |
| 8:05-4th |  | 85 | 95 | 0.065 | 0.935 |
| 8:02-4th |  | 85 | 95 | 0.059 | 0.941 |
| 7:40-4th |  | 85 | 95 | 0.071 | 0.929 |
| 7:37-4th |  | 85 | 95 | 0.076 | 0.924 |
| 7:27-4th |  | 85 | 95 | 0.059 | 0.941 |
| 7:25-4th |  | 85 | 95 | 0.053 | 0.947 |
| 7:02-4th |  | 85 | 95 | 0.064 | 0.936 |
| 7:00-4th |  | 85 | 95 | 0.069 | 0.931 |
| 6:49-4th |  | 87 | 95 | 0.093 | 0.907 |
| 6:34-4th |  | 87 | 95 | 0.112 | 0.888 |
| 6:32-4th |  | 87 | 95 | 0.119 | 0.881 |
| 6:20-4th |  | 87 | 95 | 0.093 | 0.907 |
| 6:18-4th |  | 87 | 95 | 0.085 | 0.915 |
| 6:10-4th |  | 87 | 95 | 0.078 | 0.922 |
| 6:04-4th |  | 87 | 95 | 0.072 | 0.928 |
| 5:51-4th |  | 87 | 98 | 0.038 | 0.962 |
| 5:37-4th |  | 88 | 98 | 0.037 | 0.963 |
| 5:36-4th |  | 88 | 98 | 0.037 | 0.963 |
| 5:16-4th |  | 88 | 98 | 0.045 | 0.955 |
| 5:12-4th |  | 88 | 98 | 0.049 | 0.951 |
| 4:50-4th |  | 91 | 98 | 0.087 | 0.913 |
| 4:29-4th |  | 91 | 98 | 0.105 | 0.895 |
| 4:25-4th |  | 91 | 98 | 0.112 | 0.888 |
| 4:15-4th |  | 94 | 98 | 0.196 | 0.804 |
| 3:47-4th |  | 94 | 98 | 0.249 | 0.751 |
| 3:43-4th |  | 95 | 98 | 0.243 | 0.757 |
| 3:41-4th |  | 95 | 98 | 0.242 | 0.758 |
| 3:18-4th |  | 95 | 98 | 0.235 | 0.765 |
| 3:16-4th |  | 95 | 100 | 0.178 | 0.822 |
| 2:51-4th |  | 95 | 100 | 0.13 | 0.87 |
| 2:47-4th |  | 95 | 100 | 0.115 | 0.885 |
| 2:31-4th |  | 95 | 100 | 0.145 | 0.855 |
| 2:29-4th |  | 95 | 100 | 0.157 | 0.843 |
| 2:27-4th |  | 97 | 100 | 0.215 | 0.785 |
| 2:09-4th |  | 97 | 103 | 0.104 | 0.896 |
| 1:48-4th |  | 97 | 103 | 0.069 | 0.931 |
| 1:46-4th |  | 97 | 103 | 0.059 | 0.941 |
| 1:23-4th |  | 97 | 103 | 0.077 | 0.923 |
| 1:22-4th |  | 97 | 103 | 0.085 | 0.915 |
| 59.1-4th |  | 97 | 103 | 0.05 | 0.95 |
| 57.0-4th |  | 97 | 103 | 0.04 | 0.96 |
| 36.1-4th |  | 97 | 105 | 0.015 | 0.985 |
| 35.2-4th |  | 97 | 105 | 0.015 | 0.985 |
| 25.1-4th |  | 99 | 105 | 0.019 | 0.981 |
| 15.0-4th |  | 99 | 105 | 0.01 | 0.99 |
| 14.0-4th |  | 99 | 106 | 0.01 | 0.99 |
| 7.1-4th |  | 99 | 106 | 0.002 | 0.998 |
| 5.1-4th |  | 99 | 106 | 0.001 | 0.999 |
| 0.0-4th |  | 99 | 106 | 0.0 | 1.0 |

Question

Which event most likely happened at the marked missing position?

Answer Choices

A. Player 7 (Team B) makes layup (Player 17 (Team B) assists)
B. Player 1 (Team A) misses two point shot
C. Player 2 (Team A) misses running pullup jump shot
D. Player 17 (Team B) makes 11-foot hook shot (Player 12 (Team B) assists)

Response Format

Return exactly one JSON object:

{
  "answer": "<A|B|C|D>",
  "rationale": "<brief evidence-based justification in 1-3 sentences>",
  "evidence_event_ids": [],
  "evidence_series_times": []
}

Use only event IDs and time labels that are provided above and that support the answer. Use an empty array when the corresponding evidence type is unavailable or unused. Return only the JSON object.
